Year Month Tmax Tmin PAR Prec CO2 O3
1200-1980 1 -2.48428463838344 -13.3135083620679 143.5 94.5371305701734 390 0
1200-1980 2 -0.618967882090536 -12.3024963515656 209.8 84.2618648949864 390 0
1200-1980 3 3.95467210535653 -7.60240023622821 301.6 101.180337046618 390 0
1200-1980 4 11.0451704030312 -1.10188426690706 391.2 107.664681465163 390 0
1200-1980 5 17.716305922814 4.66674361778658 461.6 121.194240433842 390 0
1200-1980 6 22.2719698005178 9.61306151822735 512.7 128.066934359175 390 0
1200-1980 7 24.7188559338577 12.0400195250106 503.7 121.663167313179 390 0
1200-1980 8 23.8161658002827 10.9582090237169 439.3 126.83365570543 390 0
1200-1980 9 19.7254204334814 6.96008448821862 346.6 114.865436516204 390 0
1200-1980 10 13.1353470405328 1.16769614076765 255.1 128.825752125312 390 0
1200-1980 11 6.72175763783739 -3.32502077795626 163.1 111.722275329765 390 0
1200-1980 12 0.23477819195802 -9.4541245109258 125 110.413320456072 390 0
1981 1 -6.71783714598184 -19.6320692321487 143.5 19.3733860405886 390 0
1981 2 2.92858654201699 -8.41149616929276 209.8 242.747647508626 390 0
1981 3 3.93243638144732 -6.42637009693553 301.6 30.0104369719583 390 0
1981 4 12.6984832488078 -0.18778829055114 391.2 91.1682794214232 390 0
1981 5 19.4125364400194 4.54360101539833 461.6 87.4487422098915 390 0
1981 6 22.6295857341419 9.29296208180144 512.7 102.841635865434 390 0
1981 7 24.6228748491447 12.1803115994538 503.7 144.449321682925 390 0
1981 8 23.4212363493913 9.82044276548383 439.3 95.2900361508002 390 0
1981 9 17.9458069171864 7.10044633811351 346.6 141.184107623057 390 0
1981 10 11.1917193392013 -0.980126848854295 255.1 157.164114320668 390 0
1981 11 6.32804095067528 -3.38430926699069 163.1 57.0758266593639 390 0
1981 12 -0.698095105872468 -9.62048816953818 125 116.69864625089 390 0
1982 1 -6.62330958030715 -19.6040656306912 143.5 107.96418379406 390 0
1982 2 -1.33947174565833 -13.5215925652265 209.8 102.618719380429 390 0
1982 3 3.00585668820921 -9.32018241606752 301.6 93.1685964398328 390 0
1982 4 9.3728721298128 -3.34399082530072 391.2 118.582003255436 390 0
1982 5 19.5029161198842 4.90477645323689 461.6 65.3421012951105 390 0
1982 6 19.6641704428995 8.91338920044669 512.7 206.62880822554 390 0
1982 7 25.3400007930154 10.5631339077197 503.7 62.1538216054514 390 0
1982 8 22.104194354048 8.50324643216256 439.3 106.133841621754 390 0
1982 9 19.9140053749928 6.87961760448559 346.6 66.9384748557287 390 0
1982 10 13.828206825476 -0.023289936171055 255.1 59.2250956425776 390 0
1982 11 8.49101173991983 -1.88846247088989 163.1 97.9313828441387 390 0
1982 12 3.24849646901786 -7.64744863115301 125 65.3972723777472 390 0
1983 1 -1.83848218055897 -12.5321948531729 143.5 123.933754430299 390 0
1983 2 -0.0172285008995419 -12.0549751784469 209.8 73.2517015272462 390 0
1983 3 3.76519869284512 -5.12136398420777 301.6 144.662664002269 390 0
1983 4 9.12793984312636 -0.767062274415127 391.2 198.837558439792 390 0
1983 5 15.0070609661096 4.17669372822129 461.6 190.102663370049 390 0
1983 6 23.7702385024568 8.95023161058323 512.7 82.2878774976471 390 0
1983 7 25.8651090995546 11.1987480233732 503.7 60.487084281566 390 0
1983 8 24.1751591231046 10.9104939864638 439.3 168.639667553498 390 0
1983 9 21.6370147167069 6.7691743101738 346.6 52.8751742694151 390 0
1983 10 13.1422706069235 0.830353436612109 255.1 94.0303215710061 390 0
1983 11 6.16367817957612 -2.89781488305882 163.1 195.454925315232 390 0
1983 12 -2.20280081572266 -11.7348280104545 125 200.493973437031 390 0
1984 1 -3.70970392695057 -15.6337180467123 143.5 58.0630378189973 390 0
1984 2 2.61879444239248 -7.71906930654457 209.8 119.062718676709 390 0
1984 3 -0.0715108163878423 -10.854878313561 301.6 124.137021903855 390 0
1984 4 10.2337876927342 -0.48158200150043 391.2 123.456651547573 390 0
1984 5 15.6270207867417 3.38733450492144 461.6 302.044731852808 390 0
1984 6 23.5370406012411 9.24976584934755 512.7 54.8018363270851 390 0
1984 7 24.1453376940821 11.5986861922022 503.7 160.895237764381 390 0
1984 8 24.7028814890858 12.4511225891171 439.3 110.522537217156 390 0
1984 9 18.5986690795592 4.72165196607613 346.6 60.5665813937016 390 0
1984 10 15.0012989303232 2.21254933005676 255.1 81.1040199672154 390 0
1984 11 6.52065779177009 -4.09772870687446 163.1 90.4382517426217 390 0
1984 12 2.35347916105098 -7.15604717523687 125 111.57948293531 390 0
1985 1 -5.21205673989186 -15.1872300316349 143.5 48.2542882112964 390 0
1985 2 -0.569874220415088 -11.5626587504079 209.8 63.7132804260087 390 0
1985 3 5.35328483253996 -7.3260389255987 301.6 90.0735569761728 390 0
1985 4 11.2048470430812 -0.45243005385862 391.2 57.8679074255509 390 0
1985 5 18.451701445653 4.74549215898624 461.6 92.4532976094156 390 0
1985 6 19.4663861157878 8.07834319065251 512.7 110.335794813708 390 0
1985 7 25.0233591407292 10.5480870666613 503.7 75.7921878342453 390 0
1985 8 22.8898762014944 9.82331792399447 439.3 126.466237630103 390 0
1985 9 20.0023044531644 7.22607875585301 346.6 165.676864264227 390 0
1985 10 14.0758822467815 1.13507653583315 255.1 88.5868996163155 390 0
1985 11 6.12753239310219 -2.48998011666475 163.1 161.143794815513 390 0
1985 12 -2.51379176291434 -12.1890225505758 125 64.4098678257116 390 0
1986 1 -1.63631810563945 -13.4353056095759 143.5 130.137020886058 390 0
1986 2 -2.4818978553929 -14.4190327225244 209.8 76.3793692795818 390 0
1986 3 5.44712518512728 -6.99747295352126 301.6 133.767861461812 390 0
1986 4 13.9608082143055 0.785958022353474 391.2 53.3524796813969 390 0
1986 5 19.4203613271576 5.94304583791657 461.6 94.144522496041 390 0
1986 6 21.0153572689932 7.7145315343752 512.7 167.745871986885 390 0
1986 7 23.2975956378445 11.6725985745056 503.7 182.212029622302 390 0
1986 8 22.3128259904964 10.2087933713043 439.3 145.937166312325 390 0
1986 9 18.0150598558439 5.56001896716713 346.6 97.6958066926019 390 0
1986 10 13.0409574026527 0.717506473117441 255.1 82.523665937992 390 0
1986 11 4.78503492354049 -5.31725186016909 163.1 150.00479327184 390 0
1986 12 0.232845428535995 -8.28662526257501 125 146.496335918044 390 0
1987 1 -2.78986188435276 -14.6828279336486 143.5 119.285935386962 390 0
1987 2 -2.28160426837054 -16.165685754774 209.8 8.12899849568587 390 0
1987 3 5.48389878973201 -7.25414817817247 301.6 69.9262632061851 390 0
1987 4 12.5132006692951 0.583651903201518 391.2 174.289235224481 390 0
1987 5 17.9610077471704 4.15422110083903 461.6 44.628532387569 390 0
1987 6 22.1884995976997 9.95005852019802 512.7 166.135001942132 390 0
1987 7 25.4046915605998 12.3933800513435 503.7 104.625686296006 390 0
1987 8 22.7138521196588 8.85926083617942 439.3 112.038149044283 390 0
1987 9 18.2502794805132 7.31812295267589 346.6 202.683362388549 390 0
1987 10 12.5130542263934 -0.846977822174941 255.1 181.767600141826 390 0
1987 11 6.83635675990062 -4.26322527251488 163.1 92.2573997976282 390 0
1987 12 0.841212288965282 -7.24457545707238 125 69.5464440984284 390 0
1988 1 -2.62555660037194 -15.3046419031651 143.5 56.0826793138547 390 0
1988 2 -0.551938583797464 -13.2198192774625 209.8 110.615770522482 390 0
1988 3 4.06590832947789 -8.28989946524354 301.6 60.6851328204173 390 0
1988 4 10.317878602848 -0.364041375330749 391.2 116.816215850394 390 0
1988 5 18.5641496654864 5.77667946968253 461.6 91.5641483315139 390 0
1988 6 22.3783802491358 7.21347023128803 512.7 46.5073884693565 390 0
1988 7 26.0256004220339 13.198123670757 503.7 168.857481171257 390 0
1988 8 25.0129457446641 12.2630381046558 439.3 159.514396382057 390 0
1988 9 18.8582456183353 5.14078364728201 346.6 60.6455083911568 390 0
1988 10 10.298408919268 -0.329203229741887 255.1 92.1636423170691 390 0
1988 11 6.87076867420507 -3.26904443861979 163.1 182.01509143007 390 0
1988 12 -0.893769054145246 -11.8786837302714 125 52.9843948531642 390 0
1989 1 0.280554478011196 -10.9115635655357 143.5 54.4226427723911 390 0
1989 2 -1.99070865032833 -12.8597104549519 209.8 62.6513372970811 390 0
1989 3 3.40638566640592 -8.9965957696006 301.6 75.9265527299658 390 0
1989 4 8.78775454610884 -3.16368622543907 391.2 94.6640887379142 390 0
1989 5 18.5382770045584 5.60246036069733 461.6 183.025666111872 390 0
1989 6 21.989824310176 10.2708956652237 512.7 170.094214198477 390 0
1989 7 24.5748241935412 11.5686092080059 503.7 112.662455082716 390 0
1989 8 23.0099175435525 10.3329069200387 439.3 149.083555184637 390 0
1989 9 19.9456022498296 7.17076730859612 346.6 120.572773552536 390 0
1989 10 14.3210836478705 1.41198203567463 255.1 154.832029789868 390 0
1989 11 5.78863274865849 -4.1441777525549 163.1 132.986919832542 390 0
1989 12 -7.78004309415074 -20.4759303800258 125 36.5668416826229 390 0
1990 1 1.98878283981974 -7.34835428175612 143.5 148.632596377724 390 0
1990 2 1.15377492592918 -12.2198701454326 209.8 105.217452291058 390 0
1990 3 5.62121745434953 -7.34263439033359 301.6 86.6370569985462 390 0
1990 4 10.9400919956003 -0.29150762660576 391.2 121.66625216898 390 0
1990 5 15.1853465509639 3.28474452041447 461.6 201.253906631363 390 0
1990 6 22.4125002734153 9.63121199946767 512.7 111.543949217368 390 0
1990 7 24.9176398813295 11.8444671242463 503.7 70.442428655253 390 0
1990 8 24.1150680661318 11.8235575936471 439.3 221.901002459947 390 0
1990 9 19.1017075376176 6.39983723939733 346.6 74.4346622073696 390 0
1990 10 14.8416573637322 3.30693513121841 255.1 180.090520993577 390 0
1990 11 7.63991021597448 -2.91836509199791 163.1 92.7388773330576 390 0
1990 12 2.70256998760012 -7.54797450306638 125 148.545601633072 390 0
1991 1 -2.59284256953996 -13.4399997519502 143.5 87.527098671809 390 0
1991 2 1.52410968909407 -9.97167650015611 209.8 48.4187841765306 390 0
1991 3 4.59285010671245 -5.34655599232511 301.6 112.711710372292 390 0
1991 4 13.3259098019608 0.383593300762156 391.2 99.5409709159528 390 0
1991 5 20.3983845288078 5.80028522236496 461.6 95.6393066653155 390 0
1991 6 23.572503462526 9.06672856765663 512.7 108.24918575459 390 0
1991 7 24.5634191022801 10.9850676373791 503.7 78.9280351235243 390 0
1991 8 24.3144852561386 11.7374237063187 439.3 161.114920678853 390 0
1991 9 18.7383164140834 5.2100256594383 346.6 134.965946919677 390 0
1991 10 14.7577501061097 1.65859226366368 255.1 125.676950444062 390 0
1991 11 6.43632097740104 -2.92876247267266 163.1 91.5174848739257 390 0
1991 12 0.773125934629039 -10.482910122508 125 101.048618666818 390 0
1992 1 -1.8728666592819 -12.8890170333806 143.5 75.8807905122238 390 0
1992 2 -1.09523475374296 -12.3975003017708 209.8 59.38937212977 390 0
1992 3 1.61465226112531 -9.93760874754975 301.6 101.725081138394 390 0
1992 4 8.77048779208998 -2.45940388022583 391.2 78.8866646066728 390 0
1992 5 18.2178834679682 3.05114345524661 461.6 78.3398501219698 390 0
1992 6 21.4337541781576 7.78629368582176 512.7 108.615797883008 390 0
1992 7 22.0680985774242 9.86264509147622 503.7 126.834000281672 390 0
1992 8 22.0741834629409 9.99485664815647 439.3 103.447652204834 390 0
1992 9 19.4308606703525 6.3211219908998 346.6 105.165986716123 390 0
1992 10 10.6017365574443 -0.947390242778991 255.1 69.731826619679 390 0
1992 11 4.6463274258721 -4.1005290186226 163.1 136.666772246266 390 0
1992 12 0.352278063762036 -9.19214283382736 125 81.7269691576272 390 0
1993 1 -1.09269364064576 -10.6044698302584 143.5 90.4822191713044 390 0
1993 2 -4.7748167046778 -18.9923313890793 209.8 94.6383574289506 390 0
1993 3 2.45588211475611 -10.5578505666064 301.6 128.027282848503 390 0
1993 4 11.0207690588121 -1.12141489444825 391.2 133.097631633479 390 0
1993 5 18.2303301241237 4.38272349176631 461.6 56.2492497543421 390 0
1993 6 21.5682479495984 8.24283047181921 512.7 123.641503450797 390 0
1993 7 25.0888494201627 11.6903288783426 503.7 71.8045263178579 390 0
1993 8 24.1871747883161 11.3244318854597 439.3 93.7561881243004 390 0
1993 9 17.7036531620741 7.13742447243324 346.6 136.016387750502 390 0
1993 10 11.6400641584057 -0.517532486546171 255.1 85.8907439291913 390 0
1993 11 6.35984205675183 -4.57526544077733 163.1 124.818545257666 390 0
1993 12 -0.893632932477054 -10.3226837637392 125 122.589799212553 390 0
1994 1 -7.12871944916531 -20.5195270001564 143.5 131.418094755445 390 0
1994 2 -3.81998442675651 -17.1586928527145 209.8 48.9258713267824 390 0
1994 3 2.2196974395754 -7.97106894315313 301.6 137.090594959672 390 0
1994 4 10.9411765137301 -1.37409830233045 391.2 102.393014588866 390 0
1994 5 16.3238460254017 2.95941505916349 461.6 127.748163242614 390 0
1994 6 23.3681563071234 10.5406211406876 512.7 114.313389553198 390 0
1994 7 25.1866350772798 13.6170948292688 503.7 123.356328355668 390 0
1994 8 22.4663981114008 9.80349029963182 439.3 144.809627397969 390 0
1994 9 17.8422120992105 6.5689692488933 346.6 139.785248655987 390 0
1994 10 13.7429373322556 0.35156611981445 255.1 22.5816119810828 390 0
1994 11 9.18084441652006 -2.36896134613294 163.1 99.6706806325928 390 0
1994 12 2.3261242165729 -8.16324617721698 125 100.794176604149 390 0
1995 1 0.266208629915997 -8.08198142778346 143.5 99.7948822781016 390 0
1995 2 -2.63769163439475 -14.6174349147175 209.8 76.7749455806393 390 0
1995 3 5.6272489870334 -5.59950131474941 301.6 59.5989534105054 390 0
1995 4 8.48016902535764 -3.31865248593 391.2 63.110669297663 390 0
1995 5 16.4549700096128 3.78672813701211 461.6 68.1036205501644 390 0
1995 6 24.3326166694646 8.79708601929655 512.7 41.5524482294389 390 0
1995 7 26.3540322618749 13.1669069070902 503.7 115.950177283968 390 0
1995 8 24.6541071046165 10.3369183162487 439.3 122.241123499441 390 0
1995 9 18.6137889171622 4.54649866402474 346.6 83.9155491754412 390 0
1995 10 15.6369851088825 2.73505373628263 255.1 263.482549880095 390 0
1995 11 4.00388979635844 -4.73295780366664 163.1 142.465923592975 390 0
1995 12 -3.3712918057273 -11.962990791855 125 70.8069458866479 390 0
1996 1 -2.86239043935259 -14.5766086318218 143.5 157.343502927041 390 0
1996 2 -1.99809767858877 -12.1246010758058 209.8 72.2908926139487 390 0
1996 3 2.48943760148915 -9.93378451786203 301.6 64.5241936295635 390 0
1996 4 9.76214308910886 -1.61236980177479 391.2 217.746483389082 390 0
1996 5 15.9636661677001 2.98461293772873 461.6 158.253114045778 390 0
1996 6 22.4248071907453 10.8308767543088 512.7 109.083123879426 390 0
1996 7 23.3218773864978 11.6647088093243 503.7 204.663828034304 390 0
1996 8 24.0954311741696 11.1855697315549 439.3 58.7039265203296 390 0
1996 9 19.4584928928549 8.07824142970123 346.6 126.970376941847 390 0
1996 10 12.7943513648672 0.619867809026007 255.1 154.580948953503 390 0
1996 11 3.62897321053633 -5.71147209245593 163.1 93.0664688475296 390 0
1996 12 1.82900974820454 -5.03310231205407 125 174.38637281761 390 0
1997 1 -3.07034907597799 -13.3184033184585 143.5 107.124315762929 390 0
1997 2 1.16607266962877 -10.3699879999586 209.8 77.31276587256 390 0
1997 3 1.93180196992388 -9.37257531213869 301.6 123.172875036973 390 0
1997 4 8.95149095494653 -3.46154848553892 391.2 116.897692306539 390 0
1997 5 13.9733380830713 2.47792107467015 461.6 121.020032442219 390 0
1997 6 23.123995249792 9.0364122783304 512.7 50.993975354763 390 0
1997 7 23.8384850711999 10.2811443447251 503.7 97.1780125556432 390 0
1997 8 22.7523372807325 10.0181192348748 439.3 135.685374625647 390 0
1997 9 18.7024773844933 6.21722047004786 346.6 89.747075625803 390 0
1997 10 12.5135872284612 -0.45107854337032 255.1 72.2103425916512 390 0
1997 11 4.26388645785749 -5.13724444276219 163.1 175.683725466308 390 0
1997 12 0.197496999350254 -9.12558123990072 125 85.55738918461 390 0
1998 1 -0.424033035110917 -9.38380837289059 143.5 165.409073572317 390 0
1998 2 2.31659073846072 -9.05238059261413 209.8 73.9460051349162 390 0
1998 3 4.84360582507021 -6.23268709247195 301.6 103.082611716247 390 0
1998 4 12.8430587286548 -1.13016617914904 391.2 73.0632521101398 390 0
1998 5 20.6489630506967 6.63844776822525 461.6 89.3036581397273 390 0
1998 6 21.1029851041118 11.0294053477211 512.7 278.370314140084 390 0
1998 7 24.3618649293732 11.7698564881317 503.7 108.507347479688 390 0
1998 8 24.269594705974 11.1929027567934 439.3 124.938283138746 390 0
1998 9 20.4606484754661 7.1374386776476 346.6 80.4042088654291 390 0
1998 10 13.0253169875065 2.19029337976241 255.1 98.2857266741108 390 0
1998 11 6.04086694141191 -2.41381974590201 163.1 84.9790321342731 390 0
1998 12 4.76783133615062 -7.03469770580154 125 60.9442510796783 390 0
1999 1 -1.61782803058274 -13.5177779434991 143.5 194.963067614989 390 0
1999 2 1.11089409289251 -11.3028243582388 209.8 52.2774239113829 390 0
1999 3 3.35374949344425 -7.08975571524042 301.6 155.4007439689 390 0
1999 4 11.4623408917523 -1.87519338440917 391.2 21.4839881403117 390 0
1999 5 19.2406513823298 5.28602282836535 461.6 124.015475150523 390 0
1999 6 24.9836619684082 10.4247734616331 512.7 55.0856478927489 390 0
1999 7 26.3109629830599 12.8380054019738 503.7 96.2850928486522 390 0
1999 8 23.3908075855651 10.1584322961976 439.3 84.0375915583878 390 0
1999 9 21.4924923676598 8.63175214248862 346.6 231.673086639869 390 0
1999 10 12.5478825258413 -0.579885972508104 255.1 114.142934074365 390 0
1999 11 9.86712064497756 -0.933108306659566 163.1 102.626988434513 390 0
1999 12 1.19232311816098 -7.88348069931939 125 51.7245422974732 390 0
2000 1 -3.17021824985078 -14.2915331926404 143.5 114.27927279631 390 0
2000 2 0.345075173422465 -11.6942671966899 209.8 100.040978185196 390 0
2000 3 7.2246861551568 -5.41202683880011 301.6 106.213992760062 390 0
2000 4 9.13173185119932 -0.937293064359246 391.2 149.039132176313 390 0
2000 5 17.1888240929963 5.36741624421358 461.6 151.072457269384 390 0
2000 6 21.4626389986684 9.20887697065289 512.7 138.567904580672 390 0
2000 7 22.5909790190649 10.1648751407131 503.7 159.116761270816 390 0
2000 8 22.5008583303816 10.3243443010507 439.3 135.374770632607 390 0
2000 9 19.191568167977 5.9783730490062 346.6 72.9714034513921 390 0
2000 10 13.4424016870952 0.564701245911543 255.1 87.3238284964941 390 0
2000 11 5.61404468503617 -2.76636300451243 163.1 80.7209285201625 390 0
2000 12 -2.65932690734282 -13.7459809336588 125 141.961524261358 390 0
2001 1 -1.80065891751702 -12.7253634847451 143.5 37.8252670459952 390 0
2001 2 -0.392684069720364 -12.1628049698633 209.8 93.1406851894032 390 0
2001 3 1.02507453166528 -8.87820289251576 301.6 198.087060174582 390 0
2001 4 10.5944635427035 -2.41406311053956 391.2 29.0587292596386 390 0
2001 5 18.883558461978 4.7993180183045 461.6 94.5022076812254 390 0
2001 6 23.0487443617448 9.78229966936213 512.7 129.340108441727 390 0
2001 7 23.2207341362336 9.82152575998008 503.7 109.107520223757 390 0
2001 8 26.2464619466977 11.4490905194333 439.3 51.2060562298156 390 0
2001 9 20.3917813882406 6.34739237702867 346.6 147.945331593278 390 0
2001 10 15.2104983509716 1.34834167949821 255.1 42.404066130901 390 0
2001 11 9.03932665779561 -2.16385621293359 163.1 60.9670307955876 390 0
2001 12 3.88238316921085 -5.90185047652333 125 62.7297153168484 390 0
2002 1 1.35061644618308 -8.02884241219569 143.5 63.3728263746793 390 0
2002 2 2.32938363578686 -10.2368048930322 209.8 82.7306416365407 390 0
2002 3 3.83723936521471 -6.54649249338115 301.6 118.189328210927 390 0
2002 4 11.8782873653355 0.00305440934777608 391.2 115.929150012333 390 0
2002 5 15.1902935013011 2.71238882178519 461.6 134.288231111484 390 0
2002 6 22.0478901650539 9.05785915608748 512.7 178.613381466611 390 0
2002 7 25.1055192420207 12.0320038042862 503.7 58.4530712968335 390 0
2002 8 25.7763327118029 11.589574949998 439.3 74.1370832037113 390 0
2002 9 22.1985576710491 8.37374332050875 346.6 123.255737937039 390 0
2002 10 11.3329236278771 0.666874497042767 255.1 118.012527089161 390 0
2002 11 4.9444560769698 -4.0685779126774 163.1 148.142405951086 390 0
2002 12 -0.476247341155678 -10.6933304560056 125 105.738978415613 390 0
2003 1 -6.29734082772463 -17.3437408690488 143.5 66.9692751838443 390 0
2003 2 -3.19712704388888 -15.1171756717271 209.8 73.7411298837032 390 0
2003 3 4.80321623208768 -9.19549794175117 301.6 70.2571346038361 390 0
2003 4 9.15597698436232 -2.79695805609864 391.2 86.7551345899746 390 0
2003 5 15.9516648843286 4.65979314844414 461.6 128.2072370342 390 0
2003 6 21.9916735679018 9.7474969267529 512.7 81.181402356277 390 0
2003 7 24.7335225265659 12.2487227335176 503.7 113.300996622774 390 0
2003 8 24.9533822234604 13.1948576679082 439.3 169.032549343825 390 0
2003 9 20.3254758008922 7.6768236166269 346.6 164.885587665192 390 0
2003 10 12.1752774803953 0.385251124279397 255.1 167.516740199614 390 0
2003 11 8.01668244353734 -2.48098667479331 163.1 123.997207452917 390 0
2003 12 0.306314021843647 -10.3494371608483 125 181.212007381735 390 0
2004 1 -7.55022891570334 -17.5997538761842 143.5 40.5012451757809 390 0
2004 2 -1.10036409605041 -14.7111395060015 209.8 42.2030958395806 390 0
2004 3 5.26940227460686 -5.77881611254687 301.6 58.2901411439036 390 0
2004 4 11.1397052963872 -0.872537399060401 391.2 123.988532798142 390 0
2004 5 19.3497013662089 5.99991703513258 461.6 158.701937493847 390 0
2004 6 21.3938307797203 8.12920016239212 512.7 82.0634663081159 390 0
2004 7 23.3021984661914 12.3019488851497 503.7 155.9574707038 390 0
2004 8 23.3890548854003 11.5684754353138 439.3 166.869632819106 390 0
2004 9 20.71823732455 7.71823479120697 346.6 128.659651249784 390 0
2004 10 13.1965585253725 1.27089342306629 255.1 48.6523675967392 390 0
2004 11 7.26977472928552 -3.83683347365327 163.1 98.4993576972638 390 0
2004 12 -0.0823602969889764 -10.35736708531 125 134.802872735034 390 0
2005 1 -3.67849851642512 -15.0556042357446 143.5 99.8663722256552 390 0
2005 2 0.772742542610288 -12.4232049369306 209.8 68.6217392160452 390 0
2005 3 1.9656004845777 -10.049716420074 301.6 102.625227928472 390 0
2005 4 13.3149462716819 -1.0080255627171 391.2 152.902548084718 390 0
2005 5 14.4031085825683 3.03357281243852 461.6 90.3246408435633 390 0
2005 6 24.7154827829481 12.3621468401561 512.7 125.644790043333 390 0
2005 7 25.8392804340267 13.7472982532976 503.7 101.994293792701 390 0
2005 8 25.1353378490485 12.6751122993864 439.3 99.9556580787983 390 0
2005 9 22.1449354653982 8.74234918562676 346.6 101.539610635662 390 0
2005 10 12.5701981420088 3.81815968599977 255.1 332.889139622987 390 0
2005 11 8.45140528000503 -3.06316291248156 163.1 159.614193638397 390 0
2005 12 -0.91287850123843 -9.99840258620116 125 101.592384135405 390 0
2006 1 2.23259999927428 -8.2196221183163 143.5 146.432617402278 390 0
2006 2 -0.684036090391187 -10.8932759738624 209.8 66.7210555032445 390 0
2006 3 3.75196155903227 -7.4024264916752 301.6 41.372989358401 390 0
2006 4 12.5819947606416 -0.607669862849657 391.2 89.9983253075187 390 0
2006 5 16.6055965935123 6.14222282309923 461.6 203.20174946092 390 0
2006 6 21.4495164899306 11.6485875125462 512.7 229.578108303444 390 0
2006 7 25.6463787761042 13.9700130478666 503.7 138.068452784584 390 0
2006 8 22.9680319336282 10.9813072390213 439.3 104.131409166402 390 0
2006 9 18.4868807877421 7.09524746421749 346.6 87.4096934501503 390 0
2006 10 12.1354689980822 0.92541476734508 255.1 194.799803004958 390 0
2006 11 9.54089510118549 -0.282559279693315 163.1 102.365346506216 390 0
2006 12 4.27409880925155 -4.81962339718109 125 106.458684516471 390 0
2007 1 -0.80385909786643 -10.9610885511663 143.5 110.736472089484 390 0
2007 2 -4.97323844904154 -15.3369851739947 209.8 68.4607646577461 390 0
2007 3 2.97020966489757 -10.1495990075671 301.6 114.001342723471 390 0
2007 4 8.31393470057369 -1.95575864842665 391.2 183.229335326868 390 0
2007 5 18.8147552358528 4.43873589309872 461.6 89.0418042121285 390 0
2007 6 22.5197740070628 10.0648189587178 512.7 88.6248673028597 390 0
2007 7 23.3041259504608 11.6646796191955 503.7 140.128935334959 390 0
2007 8 24.3550311305292 10.5027560601654 439.3 57.8502085678053 390 0
2007 9 21.4814207669795 7.44143415500817 346.6 88.3934296600028 390 0
2007 10 16.2246625300067 4.433147088709 255.1 146.556643857757 390 0
2007 11 5.26909532496409 -4.4682188689068 163.1 115.502630214506 390 0
2007 12 -1.18236495812912 -9.87250457426373 125 149.36147140122 390 0
2008 1 -0.341725540502782 -10.7912442123933 143.5 75.4774510005216 390 0
2008 2 -0.903853901241021 -11.2299313243917 209.8 210.775474176917 390 0
2008 3 2.47497094026176 -9.15950370596495 301.6 143.02138842687 390 0
2008 4 13.8882453384043 -0.124574165831824 391.2 108.942191330708 390 0
2008 5 16.2171626212038 2.54716522217166 461.6 34.3730467600674 390 0
2008 6 22.6834157794668 11.350629089388 512.7 166.392614487012 390 0
2008 7 24.6489784236418 12.8416284263331 503.7 175.032675973634 390 0
2008 8 22.5614248658229 10.4233852045848 439.3 143.905035812621 390 0
2008 9 20.3821929658776 8.00321746505403 346.6 119.526970572993 390 0
2008 10 12.4555218082415 0.243864758449725 255.1 130.852258657134 390 0
2008 11 5.74733923241301 -3.16168558711 163.1 91.0648579527582 390 0
2008 12 0.68652858206642 -9.79281877432987 125 200.341479716852 390 0
2009 1 -5.48752911104663 -16.6946937721808 143.5 91.868256358835 390 0
2009 2 -0.194740084967087 -12.026655892752 209.8 62.2005180750545 390 0
2009 3 4.58532340794165 -7.63897523636605 301.6 80.4444101443758 390 0
2009 4 12.290630045834 -0.408378040680348 391.2 72.4203891741281 390 0
2009 5 17.5660552586791 4.97131472328721 461.6 132.92453710808 390 0
2009 6 20.3017891978636 9.79750801683676 512.7 150.557077939101 390 0
2009 7 22.5338406077337 11.5181594578231 503.7 223.890502885667 390 0
2009 8 24.082170458538 12.2183172620473 439.3 150.243036586362 390 0
2009 9 19.3340377932312 5.82632428770439 346.6 57.4473654823468 390 0
2009 10 10.5489842039017 0.769000746504073 255.1 166.519252349852 390 0
2009 11 9.70803687214813 -1.19281199649263 163.1 105.393567440048 390 0
2009 12 -0.893425426042481 -10.2001430116666 125 124.298992651148 390 0
2010 1 -2.19521633827081 -11.0253147391874 143.5 75.000263560551 390 0
2010 2 -1.24152879715835 -8.9654334797366 209.8 127.732982533434 390 0
2010 3 7.34015709328999 -3.75384297607931 301.6 139.292129972072 390 0
2010 4 14.2783608492941 0.798269271203778 391.2 67.8692207437602 390 0
2010 5 20.2155882360259 5.70396780463218 461.6 75.1696083552452 390 0
2010 6 22.4251397656593 10.3844699130862 512.7 152.968822565337 390 0
2010 7 26.2554280519718 13.6750625469171 503.7 130.389667124697 390 0
2010 8 24.1687918950534 11.7974916880762 439.3 87.7020124604762 390 0
2010 9 20.9027244583092 8.7085500776471 346.6 59.5851539751422 390 0
2010 10 12.9302182061671 1.52355718175295 255.1 289.51537083885 390 0
2010 11 6.57137464948366 -3.03475488502319 163.1 99.0046603265079 390 0
2010 12 -1.8640500493313 -10.541963890007 125 135.63265228449 390 0
2011 1 -3.44123589381944 -14.0661227648069 143.5 72.9638441964983 390 0
2011 2 -1.4439677362881 -14.1706556271422 209.8 95.9385254500349 390 0
2011 3 3.12357912143655 -7.87574846892308 301.6 146.169236164928 390 0
2011 4 10.8063910023452 -0.238913763931139 391.2 154.781032780495 390 0
2011 5 18.5974821940756 7.20848085691573 461.6 149.687993579865 390 0
2011 6 21.8837806921452 10.3932440008781 512.7 191.316726113457 390 0
2011 7 26.1872052103094 13.0055517307749 503.7 94.0394247552148 390 0
2011 8 24.2100575577413 12.0698955730009 439.3 326.667610526124 390 0
2011 9 21.0773785744088 10.0234195159327 346.6 209.585824371089 390 0
2011 10 13.354712577725 3.3022581710472 255.1 141.7383887994 390 0
2011 11 10.4204674089367 -1.75815435078805 163.1 76.623426387633 390 0
2011 12 3.12652458155037 -6.78327481953353 125 109.992808279455 390 0
2012 1 -0.223303321112996 -9.87652804136975 143.5 104.759979696683 390 0
2012 2 2.33080811575369 -8.31276805944116 209.8 31.7380845202812 390 0
2012 3 10.1358409866737 -2.69496955267687 301.6 61.8717806867887 390 0
2012 4 11.8421899175185 -0.73411472277546 391.2 93.7022420252958 390 0
2012 5 19.7050740532353 7.65844458729052 461.6 149.487303213434 390 0
2012 6 22.204094188531 9.84239115911832 512.7 87.7261984801482 390 0
2012 7 26.1663032638861 12.8017686415471 503.7 87.3790458146515 390 0
2012 8 25.6599974702598 11.635970873063 439.3 102.247457709376 390 0
2012 9 20.2346016488819 6.75055389205495 346.6 148.879223426253 390 0
2012 10 14.1016314241365 4.149353244659 255.1 151.314836434269 390 0
2012 11 5.76112221628684 -4.44380170962503 163.1 17.3148721763773 390 0
2012 12 1.75248153153966 -6.20138781690081 125 145.888576543956 390 0
2013 1 -1.2954916663062 -12.0627592800217 143.5 43.5795954102153 390 0
2013 2 -1.33268338520578 -10.5599365859792 209.8 88.2344530869826 390 0
2013 3 2.85819065704651 -6.37241696187037 301.6 64.7857696476314 390 0
2013 4 10.558555531616 -1.41348523072352 391.2 67.3974859988416 390 0
2013 5 18.8268194774381 4.87345227128625 461.6 137.746397785064 390 0
2013 6 21.884521464517 10.4416141148682 512.7 214.805600783007 390 0
2013 7 25.8764936280647 14.8855024719686 503.7 161.94062047375 390 0
2013 8 23.2640616994834 10.4419933113256 439.3 91.9268398371001 390 0
2013 9 19.357443824242 6.86193306819606 346.6 108.557238635375 390 0
2013 10 14.2722438972052 2.63886386215157 255.1 55.0830516113165 390 0
2013 11 5.48428506557708 -5.431438273879 163.1 104.081716294741 390 0
2013 12 -0.67336506160984 -9.74556436193011 125 81.3295014916001 390 0
2014 1 -7.2416625 -20.030802 143.5 91.4908735 399 0
2014 2 -3.579369 -17.770102 209.8 105.378610475 399.92 0
2014 3 3.204044 -8.56147 301.6 113.4291829 400.9 0
2014 4 10.78888 -1.2090664 391.2 133.6713 402.36 0
2014 5 17.420834 3.3358877 461.6 166.4210696 402.9 0
2014 6 23.525637 9.834486 512.7 140.588022 402.35 0
2014 7 26.363802 13.038055 503.7 110.419427 400.83 0
2014 8 26.40303 11.218924 439.3 88.9388884 398.24 0
2014 9 19.982908 7.312341 346.6 121.89669 397.24 0
2014 10 13.720607 0.4265088 255.1 112.9175 397.1 0
2014 11 4.580536 -5.1800437 163.1 152.341746 398.53 0
2014 12 1.6442758 -7.588627 125 87.9094342 399.74 0
2015 1 -2.61872 -13.119978 143.5 124.2175456 401.63 0
2015 2 3.0259042 -8.101252 209.8 126.801043125 402.55 0
2015 3 5.620507 -5.9018188 301.6 193.811938 403.53 0
2015 4 10.854007 -1.2254004 391.2 140.539971 404.99 0
2015 5 21.551886 8.170784 461.6 135.33639 405.53 0
2015 6 24.235538 9.617338 512.7 113.014854 404.98 0
2015 7 26.66146 12.518517 503.7 167.9683106 403.46 0
2015 8 25.362694 12.185452 439.3 149.6278705 400.87 0
2015 9 21.952337 6.7935433 346.6 82.31679 399.87 0
2015 10 14.310984 0.799887 255.1 106.056735 399.73 0
2015 11 8.287694 -2.4081357 163.1 77.287875 401.16 0
2015 12 -3.4693825 -15.105347 125 127.4390346 402.37 0
2016 1 -3.6654575 -14.796165 143.5 151.063651 404.33 0
2016 2 -2.6043642 -14.326363 209.8 92.70004155 405.25 0
2016 3 5.992039 -5.5344524 301.6 95.2442543 406.23 0
2016 4 9.22313 -2.650973 391.2 128.16588 407.69 0
2016 5 18.271284 4.858298 461.6 153.164986 408.23 0
2016 6 24.668184 10.28782 512.7 158.136 407.68 0
2016 7 27.196606 12.627424 503.7 118.606031 406.16 0
2016 8 27.155666 10.895806 439.3 70.1800723 403.57 0
2016 9 20.900204 6.514748 346.6 114.911349 402.57 0
2016 10 13.230986 0.84822446 255.1 104.1481797 402.43 0
2016 11 6.796491 -3.0300436 163.1 218.819202 403.86 0
2016 12 5.0549145 -5.3351474 125 129.363062 405.07 0
2017 1 2.0674448 -8.059474 143.5 120.5576608 407.1 0
2017 2 -0.15318707 -12.362909 209.8 75.41157265 408.02 0
2017 3 8.26011 -4.4085994 301.6 108.6154688 409 0
2017 4 13.719422 0.8879632 391.2 122.941761 410.46 0
2017 5 17.11028 2.3784144 461.6 128.0945265 411 0
2017 6 23.564774 9.615885 512.7 128.28186 410.45 0
2017 7 26.020447 12.165179 503.7 164.7750533 408.93 0
2017 8 24.675482 11.158529 439.3 117.1673148 406.34 0
2017 9 20.150644 7.06539 346.6 95.415729 405.34 0
2017 10 13.868645 -0.00179476 255.1 74.028589 405.2 0
2017 11 8.512259 -2.2629123 163.1 119.265819 406.63 0
2017 12 -0.3436516 -10.709905 125 121.829659 407.84 0
2018 1 -4.007831 -15.940981 143.5 118.9304646 409.93 0
2018 2 4.2082753 -7.4481416 209.8 75.2193879 410.85 0
2018 3 6.543077 -6.4160867 301.6 58.028497 411.83 0
2018 4 9.485554 -2.8976433 391.2 119.2938 413.29 0
2018 5 16.179625 2.1345825 461.6 160.157129 413.83 0
2018 6 24.043766 9.543679 512.7 130.8951 413.28 0
2018 7 25.78669 12.466932 503.7 164.0875446 411.76 0
2018 8 26.234644 12.328649 439.3 137.908832 409.17 0
2018 9 19.617254 5.093443 346.6 99.811779 408.17 0
2018 10 15.883085 1.1471211 255.1 74.9634901 408.03 0
2018 11 8.870996 -2.427516 163.1 124.14618 409.46 0
2018 12 1.009257 -8.581776 125 47.484622 410.67 0
2019 1 -3.9356701 -14.34698 143.5 63.4326898 412.82 0
2019 2 4.4054284 -7.1342077 209.8 89.235422 413.74 0
2019 3 7.6511073 -4.576772 301.6 94.8253048 414.72 0
2019 4 12.3260975 -1.8014159 391.2 105.348294 416.18 0
2019 5 18.337898 3.852324 461.6 229.643598 416.72 0
2019 6 24.003498 10.11404 512.7 142.99314 416.17 0
2019 7 25.942001 12.6487255 503.7 161.7096307 414.65 0
2019 8 24.037952 11.910669 439.3 236.759989 412.06 0
2019 9 20.80635 7.8827925 346.6 69.38949 411.06 0
2019 10 17.807985 4.636272 255.1 67.1665065 410.92 0
2019 11 9.588185 -1.8896388 163.1 173.37219 412.35 0
2019 12 1.7823274 -8.180181 125 155.697469 413.56 0
2020 1 -3.8123233 -14.221747 143.5 41.8207918 415.78 0
2020 2 -1.814379 -16.10515 209.8 89.4967458 416.7 0
2020 3 6.3239965 -6.4047804 301.6 198.7340746 417.68 0
2020 4 12.573624 -2.636828 391.2 107.320812 419.14 0
2020 5 20.043905 3.7536707 461.6 95.0305806 419.68 0
2020 6 24.215975 10.519818 512.7 151.76916 419.13 0
2020 7 25.407652 13.560001 503.7 179.9730296 417.61 0
2020 8 27.001127 11.862562 439.3 74.4048298 415.02 0
2020 9 20.505909 6.766982 346.6 188.087439 414.02 0
2020 10 16.35507 -0.52130854 255.1 15.6971972 413.88 0
2020 11 9.203167 -0.93336684 163.1 161.244279 415.31 0
2020 12 4.875683 -4.8976893 125 62.8942198 416.52 0
2021 1 -0.9280245 -11.034556 143.5 37.8145006 418.8 0
2021 2 1.5013993 -8.802822 209.8 106.63660275 419.72 0
2021 3 7.467147 -4.8221693 301.6 79.7604177 420.7 0
2021 4 13.978148 -0.1801492 391.2 126.83991 422.16 0
2021 5 22.306122 6.967069 461.6 68.5686706 422.7 0
2021 6 25.310518 12.017971 512.7 152.36613 422.15 0
2021 7 27.283865 12.344384 503.7 95.8948017 420.63 0
2021 8 24.223188 12.077609 439.3 177.259302 418.04 0
2021 9 18.646788 6.4071345 346.6 100.846158 417.04 0
2021 10 15.755853 2.011372 255.1 90.8239054 416.9 0
2021 11 9.340792 -2.89338 163.1 161.106519 418.33 0
2021 12 3.235606 -6.639112 125 149.6388817 419.54 0
2022 1 -2.0910926 -13.155985 143.5 187.902315 421.86 0
2022 2 0.19929092 -12.476791 209.8 83.712753225 422.78 0
2022 3 7.3654704 -3.17712 301.6 134.5588976 423.76 0
2022 4 14.077026 -0.09868384 391.2 57.61005 425.22 0
2022 5 21.473274 5.2961645 461.6 59.4249168 425.76 0
2022 6 25.163385 11.440459 512.7 193.93023 425.21 0
2022 7 27.074867 11.847044 503.7 85.337544 423.69 0
2022 8 25.180298 11.208432 439.3 98.4613537 421.1 0
2022 9 21.592754 7.85173 346.6 109.407021 420.1 0
2022 10 15.652135 -0.120420575 255.1 88.3730423 419.96 0
2022 11 7.8203697 -2.9719288 163.1 134.29029 421.39 0
2022 12 0.5186381 -6.580946 125 175.3919085 422.6 0
2023 1 -0.7291776 -11.508475 143.5 146.100768 424.99 0
2023 2 0.9433484 -12.699924 209.8 75.6792075 425.91 0
2023 3 6.0797515 -6.760744 301.6 75.742796 426.89 0
2023 4 14.130584 1.4153128 391.2 132.64212 428.35 0
2023 5 21.420498 7.267586 461.6 198.6137636 428.89 0
2023 6 25.843855 10.538988 512.7 82.297956 428.34 0
2023 7 26.345985 12.498376 503.7 186.796297 426.82 0
2023 8 25.439241 11.6951885 439.3 96.403397 424.23 0
2023 9 22.712124 7.0729055 346.6 62.980692 423.23 0
2023 10 16.986599 3.8936908 255.1 53.2326513 423.09 0
2023 11 9.581608 -0.9664927 163.1 157.348851 424.52 0
2023 12 0.6942202 -8.53721 125 45.9405368 425.73 0
2024 1 -3.2463717 -13.617458 143.5 74.0849563 428.2 0
2024 2 2.0962894 -9.214939 209.8 85.4682845 429.12 0
2024 3 5.8860474 -5.185194 301.6 197.94213 430.1 0
2024 4 12.125483 -0.03696013 391.2 123.93447 431.56 0
2024 5 17.720016 6.220006 461.6 177.1347006 432.1 0
2024 6 25.000547 10.81931 512.7 131.776041 431.55 0
2024 7 27.356264 14.014139 503.7 135.2249853 430.03 0
2024 8 28.37812 13.449272 439.3 70.527852 427.44 0
2024 9 22.158316 6.1687984 346.6 133.52163 426.44 0
2024 10 17.704905 2.6843827 255.1 120.4808304 426.3 0
2024 11 9.298508 -1.5497521 163.1 196.735611 427.73 0
2024 12 6.381312 -3.809512 125 73.03631 428.94 0
2025 1 2.9706051 -7.0670266 143.5 31.7678638 431.47 0
2025 2 0.7335056 -11.385861 209.8 102.256657775 432.39 0
2025 3 7.2609143 -4.3569636 301.6 109.3297553 433.37 0
2025 4 10.297456 -1.6643754 391.2 227.778 434.83 0
2025 5 21.151178 5.596572 461.6 127.86322 435.37 0
2025 6 22.673283 7.953227 512.7 57.118218 434.82 0
2025 7 24.418242 10.080707 503.7 162.8257733 433.3 0
2025 8 26.241133 12.062001 439.3 153.9457055 430.71 0
2025 9 20.93321 7.821475 346.6 110.811375 429.71 0
2025 10 15.217174 1.4086632 255.1 173.6966425 429.57 0
2025 11 7.0961723 -3.557482 163.1 100.295535 431 0
2025 12 -0.014633209 -12.841335 125 114.6447022 432.21 0
2026 1 -1.51923 -12.479251 143.5 161.6017073 434.83 0
2026 2 2.2139897 -11.380998 209.8 29.846206925 435.75 0
2026 3 6.112386 -5.329387 301.6 112.1477793 436.73 0
2026 4 14.470624 0.36600783 391.2 122.68641 438.19 0
2026 5 19.73373 7.5804477 461.6 126.833896 438.73 0
2026 6 23.835194 12.7386055 512.7 220.201179 438.18 0
2026 7 26.692064 12.667794 503.7 92.2122683 436.66 0
2026 8 25.630304 14.617874 439.3 130.9749535 434.07 0
2026 9 21.2166 7.5627604 346.6 136.940175 433.07 0
2026 10 17.263979 3.8649461 255.1 117.196306 432.93 0
2026 11 9.759191 -2.3898067 163.1 111.084579 434.36 0
2026 12 3.0235775 -6.9959073 125 120.6247107 435.57 0
2027 1 -2.2226536 -14.145671 143.5 42.799158 438.24 0
2027 2 4.5665584 -7.757187 209.8 83.1297043 439.16 0
2027 3 8.490731 -5.4842234 301.6 45.9342407 440.14 0
2027 4 12.878705 -1.0048374 391.2 207.536832 441.6 0
2027 5 19.158293 4.6723604 461.6 163.100765 442.14 0
2027 6 24.733238 10.285317 512.7 177.529608 441.59 0
2027 7 27.649677 14.169159 503.7 134.1914763 440.07 0
2027 8 27.377405 12.775655 439.3 106.792582 437.48 0
2027 9 23.577158 9.710636 346.6 92.052891 436.48 0
2027 10 16.313038 2.0355844 255.1 108.7718545 436.34 0
2027 11 9.705941 -2.1072555 163.1 104.244627 437.77 0
2027 12 4.6414576 -5.235185 125 130.0737556 438.98 0
2028 1 0.45282847 -10.7428665 143.5 171.762878 441.72 0
2028 2 -1.2632877 -14.299076 209.8 97.74587575 442.64 0
2028 3 4.9715557 -7.5147576 301.6 94.460472 443.62 0
2028 4 14.678321 0.8022134 391.2 69.942999 445.08 0
2028 5 21.311485 4.784063 461.6 68.184469 445.62 0
2028 6 26.944551 10.423691 512.7 58.807434 445.07 0
2028 7 26.138401 11.836698 503.7 166.3735745 443.55 0
2028 8 27.10546 12.268311 439.3 85.4402222 440.96 0
2028 9 22.268692 7.925116 346.6 122.407752 439.96 0
2028 10 13.676592 0.8905305 255.1 135.254984 439.82 0
2028 11 8.335974 -2.71667 163.1 175.420059 441.25 0
2028 12 0.30831838 -9.9847355 125 144.191292 442.46 0
2029 1 -7.356274 -20.742565 143.5 159.390809 445.25 0
2029 2 -4.631029 -18.303823 209.8 71.738954 446.17 0
2029 3 6.403888 -5.095503 301.6 115.1220557 447.15 0
2029 4 14.184658 1.7981857 391.2 125.385705 448.61 0
2029 5 18.337822 7.9149556 461.6 247.944107 449.15 0
2029 6 25.162048 10.229865 512.7 133.347402 448.6 0
2029 7 26.840212 13.979201 503.7 169.6285435 447.08 0
2029 8 26.126463 12.034794 439.3 92.7665545 444.49 0
2029 9 23.810274 10.446432 346.6 83.75964 443.49 0
2029 10 20.194199 8.513142 255.1 178.4808632 443.35 0
2029 11 6.145679 -4.049056 163.1 133.26465 444.78 0
2029 12 1.5874207 -6.641853 125 115.5391514 445.99 0
2030 1 -3.3081272 -15.238285 143.5 118.8007668 448.83 0
2030 2 -0.06556041 -12.211786 209.8 135.12000425 449.75 0
2030 3 4.8672743 -6.05567 301.6 145.491029 450.73 0
2030 4 12.115857 -0.53732985 391.2 80.123541 452.19 0
2030 5 22.544037 5.972422 461.6 78.3447593 452.73 0
2030 6 25.107426 10.6915245 512.7 116.953131 452.18 0
2030 7 28.975395 13.695823 503.7 64.5226653 450.66 0
2030 8 25.577614 11.111341 439.3 130.5469706 448.07 0
2030 9 22.557095 9.3224535 346.6 79.00926 447.07 0
2030 10 15.358555 1.5073898 255.1 79.1636708 446.93 0
2030 11 9.439615 -1.6864302 163.1 187.026171 448.36 0
2030 12 -0.9923669 -8.221358 125 112.0020297 449.57 0
2031 1 -2.4253848 -14.770329 143.5 84.117012 452.47 0
2031 2 1.5477667 -11.781171 209.8 44.29497735 453.39 0
2031 3 8.193779 -3.178577 301.6 89.5680737 454.37 0
2031 4 9.52251 -2.4658148 391.2 187.953171 455.83 0
2031 5 19.049059 3.9085133 461.6 66.563913 456.37 0
2031 6 26.202002 9.582406 512.7 39.473679 455.82 0
2031 7 26.952782 13.366911 503.7 133.7275303 454.3 0
2031 8 25.34667 11.23456 439.3 68.634403 451.71 0
2031 9 22.41013 9.0091505 346.6 156.956748 450.71 0
2031 10 15.453371 1.006057 255.1 30.97337224 450.57 0
2031 11 8.586381 -3.0140784 163.1 164.240442 452 0
2031 12 1.8207842 -7.240942 125 108.0055004 453.21 0
2032 1 -5.7901273 -20.100412 143.5 28.03469066 456.18 0
2032 2 0.31465068 -11.79934 209.8 104.764108 457.1 0
2032 3 5.113107 -5.9173255 301.6 94.4977061 458.08 0
2032 4 13.112639 -0.32726318 391.2 103.12914 459.54 0
2032 5 21.116934 5.1808734 461.6 149.7592516 460.08 0
2032 6 24.905254 10.299589 512.7 74.698185 459.53 0
2032 7 26.58525 13.57708 503.7 132.0279894 458.01 0
2032 8 26.80023 14.438846 439.3 177.2520542 455.42 0
2032 9 21.549088 5.7990737 346.6 82.49979 454.42 0
2032 10 15.385452 2.1341183 255.1 62.6004793 454.28 0
2032 11 4.675318 -4.63663 163.1 157.207818 455.71 0
2032 12 -0.21414387 -9.316705 125 127.1779433 456.92 0
2033 1 -7.0968843 -20.05772 143.5 135.610864 459.96 0
2033 2 -0.35485297 -12.165303 209.8 78.53145745 460.88 0
2033 3 3.555083 -8.447343 301.6 80.3618456 461.86 0
2033 4 11.684456 -1.4138397 391.2 145.849155 463.32 0
2033 5 19.162207 7.95098 461.6 183.0878073 463.86 0
2033 6 24.075928 9.464606 512.7 118.487805 463.31 0
2033 7 27.25201 10.717329 503.7 56.1829058 461.79 0
2033 8 26.035994 10.560539 439.3 60.1723237 459.2 0
2033 9 21.817104 7.384173 346.6 151.473741 458.2 0
2033 10 15.662343 2.4472497 255.1 102.6868335 458.06 0
2033 11 7.9351707 -2.8477244 163.1 216.9771 459.49 0
2033 12 0.46358913 -9.068965 125 85.118374 460.7 0
2034 1 0.31207028 -12.339191 143.5 52.7369644 463.85 0
2034 2 1.1365426 -11.154706 209.8 113.62938175 464.77 0
2034 3 5.7705064 -5.411749 301.6 165.94362 465.75 0
2034 4 11.918821 0.31355682 391.2 125.92839 467.21 0
2034 5 19.133694 7.4350452 461.6 188.692257 467.75 0
2034 6 26.32849 10.590996 512.7 87.604815 467.2 0
2034 7 27.924738 13.360607 503.7 103.5673885 465.68 0
2034 8 25.852716 12.277886 439.3 196.255947 463.09 0
2034 9 20.482859 7.583732 346.6 135.81066 462.09 0
2034 10 18.135118 2.8292763 255.1 90.3378223 461.95 0
2034 11 9.078658 -0.5516942 163.1 129.75729 463.38 0
2034 12 2.8566546 -6.8920736 125 63.9337893 464.59 0
2035 1 2.832372 -7.7579484 143.5 85.8820683 467.85 0
2035 2 5.970122 -5.956539 209.8 84.30096625 468.77 0
2035 3 7.227598 -4.2400293 301.6 81.1430921 469.75 0
2035 4 11.905505 -1.8111397 391.2 170.011581 471.21 0
2035 5 21.387444 4.6565266 461.6 66.1600419 471.75 0
2035 6 26.791258 10.981158 512.7 64.225179 471.2 0
2035 7 32.91904 13.980215 503.7 58.3437825 469.68 0
2035 8 29.845442 11.510586 439.3 45.6950447 467.09 0
2035 9 26.130632 9.958328 346.6 104.232258 466.09 0
2035 10 14.694263 0.6833646 255.1 75.4855084 465.95 0
2035 11 8.0952 -1.8028842 163.1 198.117012 467.38 0
2035 12 5.0439935 -5.4625874 125 203.522719 468.59 0
2036 1 -2.3569317 -13.991059 143.5 91.6997732 471.96 0
2036 2 0.14281942 -11.089477 209.8 60.26354975 472.88 0
2036 3 3.8628623 -8.850986 301.6 117.4892312 473.86 0
2036 4 13.014867 0.16382082 391.2 134.08377 475.32 0
2036 5 22.287844 7.3267264 461.6 119.3962117 475.86 0
2036 6 23.11559 10.549746 512.7 201.05583 475.31 0
2036 7 26.806917 11.757817 503.7 90.7722408 473.79 0
2036 8 26.691853 11.937846 439.3 101.9540927 471.2 0
2036 9 20.97348 9.497945 346.6 211.50591 470.2 0
2036 10 17.649284 5.5067577 255.1 225.333296 470.06 0
2036 11 7.4823623 -3.2188838 163.1 155.16135 471.49 0
2036 12 4.8719482 -5.658556 125 55.3339894 472.7 0
2037 1 0.04075043 -11.466804 143.5 111.2592728 476.18 0
2037 2 2.33809 -7.9044514 209.8 137.9881985 477.1 0
2037 3 6.5590453 -6.0084057 301.6 86.0116917 478.08 0
2037 4 15.30592 0.29983464 391.2 48.716328 479.54 0
2037 5 19.662882 7.183806 461.6 212.1022945 480.08 0
2037 6 25.877956 10.679349 512.7 134.957871 479.53 0
2037 7 28.51336 14.927615 503.7 111.209927 478.01 0
2037 8 28.432192 12.023519 439.3 63.7101987 475.42 0
2037 9 23.149555 10.240046 346.6 113.56077 474.42 0
2037 10 15.603425 1.758146 255.1 64.002228 474.28 0
2037 11 6.0183077 -2.3370042 163.1 216.939825 475.71 0
2037 12 0.11059091 -9.757199 125 75.7030757 476.92 0
2038 1 -1.4272201 -12.727135 143.5 181.229751 480.51 0
2038 2 3.412355 -8.66705 209.8 25.118332125 481.43 0
2038 3 7.327303 -4.95482 301.6 136.4567796 482.41 0
2038 4 14.93966 0.9642474 391.2 108.201192 483.87 0
2038 5 19.361479 5.545109 461.6 188.7219767 484.41 0
2038 6 25.273 10.66791 512.7 91.15239 483.86 0
2038 7 29.202833 14.559019 503.7 105.8230167 482.34 0
2038 8 25.895706 12.849936 439.3 128.240955 479.75 0
2038 9 22.03613 7.323903 346.6 173.28003 478.75 0
2038 10 19.076464 4.484706 255.1 96.273104 478.61 0
2038 11 8.832928 -1.0427036 163.1 167.16099 480.04 0
2038 12 1.4480976 -7.4419265 125 79.547581 481.25 0
2039 1 -4.2973475 -14.082188 143.5 79.8963775 484.93 0
2039 2 6.91288 -4.3782253 209.8 120.210191 485.85 0
2039 3 5.867375 -6.393359 301.6 179.1267017 486.83 0
2039 4 15.486614 2.5169928 391.2 123.83295 488.29 0
2039 5 19.48675 3.5301754 461.6 79.144612 488.83 0
2039 6 26.089558 11.650426 512.7 89.435334 488.28 0
2039 7 28.167503 12.240026 503.7 75.94442 486.76 0
2039 8 26.962393 13.524348 439.3 119.7131836 484.17 0
2039 9 24.775225 9.347997 346.6 62.962791 483.17 0
2039 10 15.625831 2.1492183 255.1 102.5163025 483.03 0
2039 11 8.254381 -2.367927 163.1 69.191688 484.46 0
2039 12 -0.96948856 -13.930954 125 113.1127814 485.67 0
2040 1 0.67930293 -10.694463 143.5 98.7256349 489.44 0
2040 2 4.868567 -6.761814 209.8 72.617571375 490.36 0
2040 3 8.347372 -4.8844957 301.6 80.4858363 491.34 0
2040 4 13.2733 -0.52940124 391.2 109.778658 492.8 0
2040 5 20.070496 3.7544842 461.6 91.133149 493.34 0
2040 6 26.783539 10.440249 512.7 64.699401 492.79 0
2040 7 27.201653 12.119895 503.7 92.1191815 491.27 0
2040 8 27.889074 11.980052 439.3 97.1388348 488.68 0
2040 9 24.55787 11.089297 346.6 84.94749 487.68 0
2040 10 17.597729 4.1969886 255.1 240.064465 487.54 0
2040 11 8.623857 -2.3518562 163.1 83.44488 488.97 0
2040 12 -1.8374215 -10.627409 125 172.660018 490.18 0
2041 1 -2.879513 -12.115846 143.5 203.844096 494.03 0
2041 2 0.19487314 -11.31439 209.8 85.230032475 494.95 0
2041 3 8.59706 -2.7377322 301.6 136.1230646 495.93 0
2041 4 11.709732 -1.6756309 391.2 118.345428 497.39 0
2041 5 17.87869 1.811888 461.6 115.5922916 497.93 0
2041 6 26.072248 10.756082 512.7 125.765835 497.38 0
2041 7 28.063906 14.41081 503.7 165.6323025 495.86 0
2041 8 26.036087 12.175649 439.3 106.331581 493.27 0
2041 9 20.994268 9.928695 346.6 203.03763 492.27 0
2041 10 14.42429 1.5018625 255.1 81.8335303 492.13 0
2041 11 8.442423 -1.6435829 163.1 103.851105 493.56 0
2041 12 0.5289866 -10.091588 125 102.7644761 494.77 0
2042 1 -4.2760186 -17.385944 143.5 137.642573 498.73 0
2042 2 3.5369148 -8.152571 209.8 130.4286115 499.65 0
2042 3 4.238542 -7.3660226 301.6 140.414252 500.63 0
2042 4 15.918532 1.859872 391.2 66.70284 502.09 0
2042 5 22.763113 5.5948477 461.6 47.1263953 502.63 0
2042 6 26.662848 10.761235 512.7 179.415765 502.08 0
2042 7 26.616842 14.425203 503.7 165.756876 500.56 0
2042 8 26.457422 13.70395 439.3 158.0089685 497.97 0
2042 9 22.709188 9.104179 346.6 69.442662 496.97 0
2042 10 19.03023 4.4515667 255.1 98.5183627 496.83 0
2042 11 8.187781 -1.8603517 163.1 138.350631 498.26 0
2042 12 0.87476254 -6.413223 125 58.963581 499.47 0
2043 1 4.224864 -3.8130863 143.5 202.4552836 503.53 0
2043 2 5.7136693 -5.8517895 209.8 88.647853075 504.45 0
2043 3 7.9103413 -4.679747 301.6 58.0282397 505.43 0
2043 4 11.701416 0.09175487 391.2 235.282731 506.89 0
2043 5 21.786552 6.618622 461.6 110.056169 507.43 0
2043 6 27.322628 11.33005 512.7 69.462582 506.88 0
2043 7 27.738905 12.320796 503.7 138.662008 505.36 0
2043 8 25.688734 9.447098 439.3 47.0459503 502.77 0
2043 9 25.176386 7.4334326 346.6 55.599333 501.77 0
2043 10 14.987129 2.0021563 255.1 155.7580337 501.63 0
2043 11 6.048899 -3.004273 163.1 190.222992 503.06 0
2043 12 3.3780875 -5.907635 125 42.2805373 504.27 0
2044 1 2.6452756 -9.255665 143.5 69.1266458 508.43 0
2044 2 4.752979 -4.8598895 209.8 136.34417845 509.35 0
2044 3 4.639425 -7.4135466 301.6 89.9001364 510.33 0
2044 4 12.305722 0.6438885 391.2 226.856661 511.79 0
2044 5 22.133251 8.241209 461.6 182.388748 512.33 0
2044 6 26.76444 11.162486 512.7 73.068036 511.78 0
2044 7 28.508295 13.839848 503.7 141.2705836 510.26 0
2044 8 26.204962 11.857801 439.3 84.9427342 507.67 0
2044 9 20.956297 7.958924 346.6 175.929321 506.67 0
2044 10 15.80857 2.4560099 255.1 171.0528757 506.53 0
2044 11 8.299868 -3.0023541 163.1 92.916885 507.96 0
2044 12 6.096055 -3.887128 125 194.4035234 509.17 0
2045 1 6.1654177 -4.0548167 143.5 155.6214787 513.46 0
2045 2 0.20635548 -11.122812 209.8 116.25250725 514.38 0
2045 3 2.8896415 -8.094127 301.6 172.3858974 515.36 0
2045 4 12.59816 -1.6288098 391.2 117.64116 516.82 0
2045 5 21.795694 7.707593 461.6 161.4873545 517.36 0
2045 6 25.84558 11.133759 512.7 120.17205 516.81 0
2045 7 28.22961 13.578279 503.7 114.0027945 515.29 0
2045 8 26.639896 11.423977 439.3 137.6493434 512.7 0
2045 9 25.295115 10.950566 346.6 77.00319 511.7 0
2045 10 18.592247 1.8506842 255.1 33.0454885 511.56 0
2045 11 8.607605 -2.857387 163.1 61.244502 512.99 0
2045 12 5.0363564 -3.2093506 125 93.1218858 514.2 0
2046 1 1.1312798 -10.362302 143.5 96.9524194 518.61 0
2046 2 4.505713 -6.9620156 209.8 130.11863555 519.53 0
2046 3 8.157229 -4.248808 301.6 89.369745 520.51 0
2046 4 16.283342 0.4455222 391.2 69.390048 521.97 0
2046 5 21.165394 4.665473 461.6 55.3311188 522.51 0
2046 6 26.4158 10.616376 512.7 43.536369 521.96 0
2046 7 28.021772 14.381984 503.7 183.395473 520.44 0
2046 8 27.206718 13.065372 439.3 149.2120985 517.85 0
2046 9 22.462309 7.0627804 346.6 56.057742 516.85 0
2046 10 16.098898 1.7735451 255.1 63.8874102 516.71 0
2046 11 6.208265 -3.7569456 163.1 104.649225 518.14 0
2046 12 7.274108 -2.3499613 125 277.597219 519.35 0
2047 1 4.0711856 -6.054376 143.5 77.8372862 523.9 0
2047 2 5.3902044 -5.008574 209.8 120.531627975 524.82 0
2047 3 7.6250615 -4.793981 301.6 200.7975183 525.8 0
2047 4 12.656504 0.19406456 391.2 149.1423 527.26 0
2047 5 20.395914 5.61084 461.6 128.281813 527.8 0
2047 6 27.482096 13.254915 512.7 180.79026 527.25 0
2047 7 28.451426 15.199109 503.7 110.7469978 525.73 0
2047 8 27.902256 14.954211 439.3 155.534874 523.14 0
2047 9 22.48519 10.943971 346.6 163.827039 522.14 0
2047 10 19.321428 2.8907325 255.1 63.467974 522 0
2047 11 9.283063 -0.8351726 163.1 173.50986 523.43 0
2047 12 0.46306905 -6.291524 125 254.286335 524.64 0
2048 1 -5.021946 -16.771029 143.5 25.9316705 529.32 0
2048 2 1.6819714 -10.323354 209.8 78.10849845 530.24 0
2048 3 5.5636606 -7.2416997 301.6 65.0303213 531.22 0
2048 4 13.928557 0.61703867 391.2 133.929921 532.68 0
2048 5 21.914042 6.639955 461.6 76.472164 533.22 0
2048 6 25.516308 11.149331 512.7 93.04347 532.67 0
2048 7 27.67589 13.700349 503.7 114.6803646 531.15 0
2048 8 29.056818 15.22585 439.3 101.2537903 528.56 0
2048 9 23.113714 8.942736 346.6 123.12357 527.56 0
2048 10 16.649332 2.4832587 255.1 90.2126939 527.42 0
2048 11 9.066657 -1.272191 163.1 200.24124 528.85 0
2048 12 5.598287 -3.5486305 125 92.3049242 530.06 0
2049 1 -0.33245575 -10.754331 143.5 135.767848 534.88 0
2049 2 2.432094 -9.610911 209.8 110.9572086 535.8 0
2049 3 6.0476356 -7.1302733 301.6 90.4615092 536.78 0
2049 4 13.910716 1.1147363 391.2 116.699511 538.24 0
2049 5 16.594353 4.725969 461.6 96.39326 538.78 0
2049 6 25.155272 11.140584 512.7 149.66376 538.23 0
2049 7 26.55163 12.610444 503.7 180.0685065 536.71 0
2049 8 25.576002 12.939236 439.3 195.5075605 534.12 0
2049 9 22.934612 9.634331 346.6 151.42662 533.12 0
2049 10 16.199593 5.0514727 255.1 90.2592776 532.98 0
2049 11 10.083064 -0.24480554 163.1 162.557472 534.41 0
2049 12 7.4262824 -2.8901174 125 252.16981 535.62 0
2050 1 -0.4038493 -11.890989 143.5 73.7558727 540.54 0
2050 2 4.042459 -8.144886 209.8 89.7232995 541.46 0
2050 3 8.830679 -4.270011 301.6 112.6671285 542.44 0
2050 4 15.578165 1.2523248 391.2 95.12202 543.9 0
2050 5 23.973434 7.1427774 461.6 125.973243 544.44 0
2050 6 25.752583 11.345665 512.7 149.34846 543.89 0
2050 7 28.933296 14.01455 503.7 101.2011368 542.37 0
2050 8 28.772808 13.262567 439.3 164.012475 539.78 0
2050 9 21.776745 6.6632433 346.6 64.142562 538.78 0
2050 10 18.287212 4.87195 255.1 112.8874765 538.64 0
2050 11 11.24777 -0.7120891 163.1 186.223098 540.07 0
2050 12 3.0155034 -6.367416 125 65.6229607 541.28 0
2051 1 -1.4115707 -12.0839815 143.5 59.9754706 546.32 0
2051 2 -0.21971008 -12.0259495 209.8 89.473852 547.24 0
2051 3 7.7293243 -3.9915683 301.6 136.6674246 548.22 0
2051 4 12.601023 -0.20880912 391.2 94.73388 549.68 0
2051 5 22.756996 8.121677 461.6 175.7427293 550.22 0
2051 6 23.065035 9.136157 512.7 215.820852 549.67 0
2051 7 26.868574 12.971975 503.7 168.3999887 548.15 0
2051 8 25.885695 10.830693 439.3 117.761312 545.56 0
2051 9 24.235447 9.299966 346.6 103.127046 544.56 0
2051 10 16.882135 2.5626278 255.1 41.0948307 544.42 0
2051 11 10.620504 -1.6691202 163.1 185.381142 545.85 0
2051 12 0.5520721 -9.858861 125 59.7684216 547.06 0
2052 1 3.1260948 -9.448918 143.5 26.7580468 552.21 0
2052 2 1.7682263 -11.187399 209.8 114.247477625 553.13 0
2052 3 9.695774 -2.947674 301.6 69.0807782 554.11 0
2052 4 10.860425 -1.7240654 391.2 191.067882 555.57 0
2052 5 21.502047 7.6765575 461.6 268.840742 556.11 0
2052 6 27.064085 12.1268425 512.7 67.311402 555.56 0
2052 7 28.187603 14.314337 503.7 180.12643 554.04 0
2052 8 28.7958 15.451483 439.3 125.511157 551.45 0
2052 9 22.82812 8.901429 346.6 119.568693 550.45 0
2052 10 18.567623 2.3357112 255.1 67.515861 550.31 0
2052 11 11.159394 -0.15773569 163.1 148.110495 551.74 0
2052 12 0.44901493 -10.3124075 125 46.4284489 552.95 0
2053 1 -0.9137646 -11.65497 143.5 87.4946852 558.21 0
2053 2 6.3152337 -5.6292176 209.8 111.03742165 559.13 0
2053 3 7.4063253 -4.9089103 301.6 130.939133 560.11 0
2053 4 13.543254 0.19147635 391.2 149.80287 561.57 0
2053 5 19.86292 6.537933 461.6 164.9690947 562.11 0
2053 6 25.75406 10.535334 512.7 85.840431 561.56 0
2053 7 28.428885 14.713199 503.7 148.9087728 560.04 0
2053 8 28.08668 11.899883 439.3 69.9732527 557.45 0
2053 9 21.153803 10.014255 346.6 235.050975 556.45 0
2053 10 16.539047 2.6689441 255.1 78.578645 556.31 0
2053 11 8.180425 -2.642983 163.1 61.671009 557.74 0
2053 12 4.041639 -4.9903955 125 106.9946214 558.95 0
2054 1 5.1832952 -5.582068 143.5 177.3013225 564.31 0
2054 2 2.2410164 -10.087767 209.8 108.9168015 565.23 0
2054 3 6.135313 -6.752928 301.6 81.4104547 566.21 0
2054 4 13.329472 0.29099733 391.2 133.56309 567.67 0
2054 5 19.947886 5.81845 461.6 83.3146204 568.21 0
2054 6 27.544575 12.133368 512.7 188.37171 567.66 0
2054 7 28.113277 15.498527 503.7 165.2762365 566.14 0
2054 8 27.868446 14.023812 439.3 107.819426 563.55 0
2054 9 22.325567 7.6413755 346.6 87.942201 562.55 0
2054 10 18.972311 2.797609 255.1 87.1775583 562.41 0
2054 11 10.863809 -1.1381211 163.1 130.499598 563.84 0
2054 12 6.8203416 -3.5588214 125 108.340691 565.05 0
2055 1 4.026035 -6.0358953 143.5 169.1596034 570.52 0
2055 2 1.0960511 -11.510574 209.8 40.1579174 571.44 0
2055 3 6.6261683 -6.090816 301.6 69.7439612 572.42 0
2055 4 14.799815 1.1257429 391.2 128.34606 573.88 0
2055 5 24.257088 6.773802 461.6 45.6500048 574.42 0
2055 6 27.710892 13.642475 512.7 134.880954 573.87 0
2055 7 31.136248 14.937364 503.7 64.17961 572.35 0
2055 8 30.975636 15.93877 439.3 98.5871486 569.76 0
2055 9 25.467234 8.935174 346.6 78.06048 568.76 0
2055 10 16.43643 2.7517192 255.1 63.6393327 568.62 0
2055 11 12.5977745 0.04510362 163.1 67.22118 570.05 0
2055 12 5.1579795 -3.860022 125 107.915712 571.26 0
2056 1 1.334652 -9.152765 143.5 145.865943 576.84 0
2056 2 2.3424227 -8.692182 209.8 114.77977825 577.76 0
2056 3 7.207741 -5.520702 301.6 86.9644333 578.74 0
2056 4 14.713259 -0.2419803 391.2 75.04641 580.2 0
2056 5 22.140162 6.6979437 461.6 114.2674291 580.74 0
2056 6 26.19619 10.98822 512.7 92.837127 580.19 0
2056 7 29.161572 16.388256 503.7 155.146723 578.67 0
2056 8 28.701778 14.507909 439.3 103.1800931 576.08 0
2056 9 23.463537 9.83908 346.6 84.336855 575.08 0
2056 10 20.321877 3.0609207 255.1 31.1982667 574.94 0
2056 11 10.511264 0.23666617 163.1 270.83373 576.37 0
2056 12 5.449465 -3.7070353 125 93.612808 577.58 0
2057 1 -1.455174 -11.658457 143.5 140.0735403 583.3 0
2057 2 -2.2291842 -12.905021 209.8 144.439608625 584.22 0
2057 3 4.5829797 -8.252118 301.6 75.213471 585.2 0
2057 4 15.430856 0.6294322 391.2 106.234623 586.66 0
2057 5 19.23129 6.2592893 461.6 182.7023967 587.2 0
2057 6 27.352112 12.136577 512.7 90.049776 586.65 0
2057 7 30.199102 16.932621 503.7 149.9366057 585.13 0
2057 8 28.448153 13.154028 439.3 90.643101 582.54 0
2057 9 23.123144 10.128321 346.6 155.59506 581.54 0
2057 10 14.922478 3.7559366 255.1 173.6289106 581.4 0
2057 11 10.552742 -0.10881125 163.1 207.02607 582.83 0
2057 12 3.52562 -4.269769 125 90.8742742 584.04 0
2058 1 1.9827636 -7.3036575 143.5 115.2839563 589.91 0
2058 2 8.4401245 -2.547775 209.8 100.136608275 590.83 0
2058 3 6.547814 -6.2309623 301.6 78.2801615 591.81 0
2058 4 13.629922 -0.7386798 391.2 198.04797 593.27 0
2058 5 23.554743 9.086102 461.6 151.715426 593.81 0
2058 6 26.711285 12.694041 512.7 161.416482 593.26 0
2058 7 29.256166 15.084582 503.7 89.9938618 591.74 0
2058 8 29.505596 14.804913 439.3 89.4051904 589.15 0
2058 9 22.329308 9.439888 346.6 106.836318 588.15 0
2058 10 15.293653 -0.28587228 255.1 71.3375813 588.01 0
2058 11 11.082004 -0.057204194 163.1 71.794338 589.44 0
2058 12 3.0741012 -5.535098 125 85.7465115 590.65 0
2059 1 -0.5540893 -10.458864 143.5 24.95612375 596.65 0
2059 2 -0.9482112 -14.328236 209.8 112.82018875 597.57 0
2059 3 6.4196324 -6.0701303 301.6 103.8067457 598.55 0
2059 4 16.006449 3.1012702 391.2 205.948635 600.01 0
2059 5 19.89522 6.7832613 461.6 194.3138714 600.55 0
2059 6 26.821869 12.24726 512.7 181.891908 600 0
2059 7 29.774742 15.023993 503.7 138.9945326 598.48 0
2059 8 28.967596 14.902718 439.3 203.0602207 595.89 0
2059 9 23.601423 10.542131 346.6 110.579631 594.89 0
2059 10 14.530676 1.0872546 255.1 72.3969226 594.75 0
2059 11 9.894767 0.027242536 163.1 114.635352 596.18 0
2059 12 6.0521836 -2.9365847 125 44.7285422 597.39 0
2060 1 1.9498832 -8.730118 143.5 113.376021 603.52 0
2060 2 2.8005319 -8.081117 209.8 135.4840055 604.44 0
2060 3 9.361724 -2.9234076 301.6 95.169566 605.42 0
2060 4 15.795889 1.0886672 391.2 110.947974 606.88 0
2060 5 22.183466 6.9041314 461.6 106.1930265 607.42 0
2060 6 27.69001 12.107061 512.7 124.34418 606.87 0
2060 7 32.190968 15.20067 503.7 55.2345414 605.35 0
2060 8 29.309052 14.752592 439.3 124.613893 602.76 0
2060 9 23.744787 10.664812 346.6 174.558891 601.76 0
2060 10 18.89815 2.305444 255.1 59.1966204 601.62 0
2060 11 6.3649325 -2.8459606 163.1 72.522255 603.05 0
2060 12 1.4903417 -5.903161 125 109.525511 604.26 0
2061 1 0.007437726 -9.965637 143.5 163.7217074 610.52 0
2061 2 -2.085668 -15.3693 209.8 46.536001825 611.44 0
2061 3 4.1943765 -7.4751067 301.6 127.978416 612.42 0
2061 4 12.913247 -0.8760013 391.2 112.138416 613.88 0
2061 5 20.016638 6.5794783 461.6 108.9012857 614.42 0
2061 6 27.253609 12.450791 512.7 144.33099 613.87 0
2061 7 28.53221 13.891474 503.7 151.1039076 612.35 0
2061 8 28.693577 14.91041 439.3 185.894011 609.76 0
2061 9 23.63536 9.004334 346.6 109.012722 608.76 0
2061 10 16.74639 4.2360206 255.1 240.4143465 608.62 0
2061 11 7.2688875 -1.9549093 163.1 110.60748 610.05 0
2061 12 1.713252 -6.458277 125 70.9597626 611.26 0
2062 1 2.5538166 -7.662433 143.5 133.5051363 617.61 0
2062 2 1.5869318 -10.297801 209.8 134.60935725 618.53 0
2062 3 5.8386827 -7.6318717 301.6 120.120846 619.51 0
2062 4 14.6902895 2.2730062 391.2 213.62712 620.97 0
2062 5 24.192701 8.422255 461.6 88.4232282 621.51 0
2062 6 26.983221 11.856698 512.7 82.28487 620.96 0
2062 7 29.084757 14.226897 503.7 175.4185623 619.44 0
2062 8 28.76033 14.764753 439.3 212.00869 616.85 0
2062 9 25.618109 12.319152 346.6 158.53491 615.85 0
2062 10 16.967052 2.588878 255.1 45.7437116 615.71 0
2062 11 9.776512 0.30058405 163.1 241.90905 617.14 0
2062 12 3.6973977 -5.247469 125 188.001267 618.35 0
2063 1 8.209533 -1.1692895 143.5 200.2789224 624.76 0
2063 2 3.9756193 -5.4259033 209.8 194.395162775 625.68 0
2063 3 7.5909247 -4.373539 301.6 105.2661606 626.66 0
2063 4 15.689414 1.4144121 391.2 96.772506 628.12 0
2063 5 26.665316 11.494811 461.6 85.8043172 628.66 0
2063 6 27.691252 13.104003 512.7 121.89987 628.11 0
2063 7 29.541698 16.532717 503.7 127.6709487 626.59 0
2063 8 28.407825 15.375273 439.3 125.0783443 624 0
2063 9 27.715244 12.1447735 346.6 52.067238 623 0
2063 10 19.528395 3.2235734 255.1 40.1732627 622.86 0
2063 11 10.475368 0.058217313 163.1 172.194015 624.29 0
2063 12 7.0412836 -3.3314128 125 56.2786462 625.5 0
2064 1 0.86479676 -8.88443 143.5 81.3561303 631.99 0
2064 2 -2.387365 -15.600744 209.8 143.926518 632.91 0
2064 3 5.8583 -6.366815 301.6 125.694522 633.89 0
2064 4 14.317125 -0.0662261 391.2 111.099279 635.35 0
2064 5 24.316637 9.351707 461.6 134.5757616 635.89 0
2064 6 27.97921 12.351308 512.7 122.53347 635.34 0
2064 7 28.43654 15.072363 503.7 176.8244123 633.82 0
2064 8 29.142445 16.732954 439.3 128.661315 631.23 0
2064 9 22.812963 9.669062 346.6 103.527495 630.23 0
2064 10 20.808628 7.65323 255.1 63.3536863 630.09 0
2064 11 8.081185 -2.7828224 163.1 175.774425 631.52 0
2064 12 7.1397476 -2.5036657 125 184.6423085 632.73 0
2065 1 1.6144136 -7.5805316 143.5 192.4540946 639.29 0
2065 2 6.239742 -6.714589 209.8 44.823407725 640.21 0
2065 3 6.417492 -5.206167 301.6 104.2787486 641.19 0
2065 4 15.444957 2.2530968 391.2 119.073264 642.65 0
2065 5 23.051474 7.511625 461.6 120.1295012 643.19 0
2065 6 29.356321 14.468549 512.7 85.798632 642.64 0
2065 7 29.034693 14.452716 503.7 177.4923507 641.12 0
2065 8 27.981106 15.1162 439.3 240.8008483 638.53 0
2065 9 23.492916 8.922253 346.6 204.83784 637.53 0
2065 10 16.957243 2.9050653 255.1 17.5221765 637.39 0
2065 11 9.313742 -1.1317747 163.1 85.948578 638.82 0
2065 12 2.2799275 -6.82015 125 170.891189 640.03 0
2066 1 0.004540113 -8.316105 143.5 162.317302 646.65 0
2066 2 4.717097 -8.657756 209.8 19.63741685 647.57 0
2066 3 9.393929 -3.9634662 301.6 67.419823 648.55 0
2066 4 12.860754 0.36164504 391.2 212.248335 650.01 0
2066 5 23.161629 7.651654 461.6 84.4418548 650.55 0
2066 6 26.33707 10.922888 512.7 107.28825 650 0
2066 7 29.639515 15.680696 503.7 172.5850104 648.48 0
2066 8 28.237919 15.216611 439.3 151.4458438 645.89 0
2066 9 23.923643 10.671667 346.6 86.960622 644.89 0
2066 10 17.701908 4.850499 255.1 161.142247 644.75 0
2066 11 7.4823637 -1.6291958 163.1 170.35866 646.18 0
2066 12 1.0949383 -9.1383 125 105.0511415 647.39 0
2067 1 -1.2753946 -11.069471 143.5 127.327912 654.1 0
2067 2 4.815389 -8.1570635 209.8 26.305498825 655.02 0
2067 3 7.4556136 -5.139493 301.6 155.297104 656 0
2067 4 15.20453 3.059395 391.2 125.650578 657.46 0
2067 5 22.817688 8.2781105 461.6 174.8531967 658 0
2067 6 27.761528 12.676958 512.7 124.98495 657.45 0
2067 7 31.801863 16.623554 503.7 125.9029846 655.93 0
2067 8 27.478476 14.575979 439.3 169.238238 653.34 0
2067 9 24.454746 9.383146 346.6 49.742529 652.34 0
2067 10 20.110485 6.1533747 255.1 63.2261275 652.2 0
2067 11 9.029432 -1.750074 163.1 142.21902 653.63 0
2067 12 0.97387415 -9.046021 125 126.354419 654.84 0
2068 1 -0.5404593 -13.452447 143.5 75.594833 661.64 0
2068 2 0.9787159 -11.447009 209.8 28.1568436475 662.56 0
2068 3 7.9036336 -5.554883 301.6 169.9068584 663.54 0
2068 4 13.861529 1.8548901 391.2 215.81697 665 0
2068 5 25.08814 11.571575 461.6 128.575724 665.54 0
2068 6 27.68071 12.259505 512.7 128.414811 664.99 0
2068 7 30.189867 14.184013 503.7 74.9841702 663.47 0
2068 8 30.59814 13.942628 439.3 78.6800863 660.88 0
2068 9 26.351925 11.261555 346.6 81.070053 659.88 0
2068 10 19.784925 7.9178085 255.1 89.6531067 659.74 0
2068 11 9.8588295 -0.47712657 163.1 166.34241 661.17 0
2068 12 6.5713406 -2.366459 125 105.0214063 662.38 0
2069 1 1.9535515 -7.2729974 143.5 84.063041 669.3 0
2069 2 4.1149035 -7.9957924 209.8 124.6557805 670.22 0
2069 3 7.8153605 -3.8488026 301.6 132.9367823 671.2 0
2069 4 13.391187 0.67301744 391.2 152.578896 672.66 0
2069 5 24.015026 7.7564826 461.6 91.5214426 673.2 0
2069 6 28.079063 13.2626705 512.7 122.746239 672.65 0
2069 7 30.068832 14.269322 503.7 111.5786813 671.13 0
2069 8 29.617338 13.605472 439.3 81.8188208 668.54 0
2069 9 26.510303 10.910523 346.6 79.825314 667.54 0
2069 10 18.948502 5.213023 255.1 141.697776 667.4 0
2069 11 9.432845 -1.695546 163.1 146.30322 668.83 0
2069 12 7.818115 -2.296594 125 135.3449863 670.04 0
2070 1 4.4283924 -2.8057241 143.5 189.243282 677.08 0
2070 2 5.1768274 -6.286051 209.8 83.1661129 678 0
2070 3 8.848858 -3.276056 301.6 131.064807 678.98 0
2070 4 18.133993 2.465749 391.2 78.536655 680.44 0
2070 5 24.80411 10.99169 461.6 171.8889705 680.98 0
2070 6 27.522766 14.293158 512.7 200.22918 680.43 0
2070 7 30.045908 15.5154 503.7 111.3973375 678.91 0
2070 8 29.416681 16.880865 439.3 135.642949 676.32 0
2070 9 26.569921 11.71711 346.6 79.181448 675.32 0
2070 10 18.14042 6.3500347 255.1 188.1897377 675.18 0
2070 11 8.558169 -1.328974 163.1 167.279319 676.61 0
2070 12 7.8409824 -2.3313599 125 261.138265 677.82 0
2071 1 3.7107322 -6.8272247 143.5 220.3132707 684.95 0
2071 2 3.1710048 -8.593074 209.8 91.060945475 685.87 0
2071 3 11.047319 -0.94730943 301.6 107.6209547 686.85 0
2071 4 14.35721 1.6621735 391.2 186.015471 688.31 0
2071 5 24.359812 10.115463 461.6 89.1375054 688.85 0
2071 6 27.614008 11.649629 512.7 99.185358 688.3 0
2071 7 28.540462 15.248438 503.7 154.355572 686.78 0
2071 8 30.250269 18.12718 439.3 205.1757258 684.19 0
2071 9 24.690565 10.681807 346.6 166.5822 683.19 0
2071 10 18.216625 3.4738724 255.1 59.7659881 683.05 0
2071 11 10.623648 -0.8234737 163.1 220.950165 684.48 0
2071 12 8.940763 -1.5842516 125 178.5208656 685.69 0
2072 1 2.406062 -7.0621476 143.5 93.0886166 692.9 0
2072 2 7.4459486 -4.4325986 209.8 63.155578525 693.82 0
2072 3 8.771427 -3.6086016 301.6 110.9365163 694.8 0
2072 4 14.245262 1.7808019 391.2 159.7572 696.26 0
2072 5 23.953316 8.363713 461.6 112.0725392 696.8 0
2072 6 29.69559 15.789631 512.7 128.710011 696.25 0
2072 7 32.516308 17.7034 503.7 122.6986324 694.73 0
2072 8 27.904623 15.095136 439.3 164.9067165 692.14 0
2072 9 26.541399 12.187328 346.6 93.656151 691.14 0
2072 10 20.194246 3.4053411 255.1 73.1949649 691 0
2072 11 11.2993 0.37943855 163.1 152.965692 692.43 0
2072 12 -0.19448866 -11.2213545 125 113.6520946 693.64 0
2073 1 4.365193 -5.969834 143.5 31.647745 700.89 0
2073 2 1.4941865 -10.951828 209.8 116.634314475 701.81 0
2073 3 8.284765 -5.4183974 301.6 97.1074008 702.79 0
2073 4 15.267113 0.00841107 391.2 129.262905 704.25 0
2073 5 22.199991 6.5901856 461.6 93.1211759 704.79 0
2073 6 28.39264 14.83991 512.7 152.124609 704.24 0
2073 7 30.368942 16.458471 503.7 138.3014656 702.72 0
2073 8 28.843643 13.032321 439.3 104.7534857 700.13 0
2073 9 25.392052 8.9985485 346.6 85.05318 699.13 0
2073 10 19.835321 2.917107 255.1 32.9127527 698.99 0
2073 11 11.451051 -1.8514271 163.1 145.16418 700.42 0
2073 12 -0.76819754 -10.739871 125 102.3473525 701.63 0
2074 1 2.8994355 -8.069593 143.5 184.518944 708.93 0
2074 2 7.228431 -5.166424 209.8 80.07496965 709.85 0
2074 3 7.558692 -5.7080812 301.6 81.9944885 710.83 0
2074 4 14.928765 1.7537528 391.2 178.362579 712.29 0
2074 5 23.734674 6.5228844 461.6 66.2430785 712.83 0
2074 6 28.113739 13.622626 512.7 117.116196 712.28 0
2074 7 31.349586 15.873445 503.7 112.78017 710.76 0
2074 8 29.594244 16.0993 439.3 143.8560053 708.17 0
2074 9 26.472095 9.309369 346.6 87.00048 707.17 0
2074 10 16.298176 3.48384 255.1 190.454514 707.03 0
2074 11 12.613009 1.9037509 163.1 201.0399 708.46 0
2074 12 4.1523657 -4.1893826 125 36.7720388 709.67 0
2075 1 1.3526353 -7.012059 143.5 216.6595425 717.02 0
2075 2 4.687542 -7.2292066 209.8 113.06945545 717.94 0
2075 3 9.097159 -3.2405517 301.6 107.4597206 718.92 0
2075 4 15.829517 2.6025028 391.2 234.140139 720.38 0
2075 5 18.542534 7.5688443 461.6 278.842427 720.92 0
2075 6 28.680122 13.3280325 512.7 111.280197 720.37 0
2075 7 30.61636 16.715797 503.7 121.6034179 718.85 0
2075 8 32.250546 16.365705 439.3 99.5102759 716.26 0
2075 9 25.27847 11.573953 346.6 82.096008 715.26 0
2075 10 20.79674 3.1183953 255.1 45.1820381 715.12 0
2075 11 13.686615 1.2734662 163.1 58.066146 716.55 0
2075 12 8.400333 -2.1045048 125 116.375457 717.76 0
2076 1 7.2968044 -2.7218623 143.5 169.720939 725.14 0
2076 2 -1.637178 -14.872497 209.8 81.9002304 726.06 0
2076 3 7.486043 -4.8821864 301.6 158.366042 727.04 0
2076 4 15.0396385 1.8509606 391.2 187.97226 728.5 0
2076 5 22.312273 7.468351 461.6 127.6558424 729.04 0
2076 6 28.210325 13.246447 512.7 115.32453 728.49 0
2076 7 30.777672 17.398111 503.7 163.4387363 726.97 0
2076 8 28.816238 17.327118 439.3 191.3406025 724.38 0
2076 9 26.64739 12.8627825 346.6 90.417924 723.38 0
2076 10 19.737532 4.3254223 255.1 34.7546518 723.24 0
2076 11 9.621348 -0.39359763 163.1 137.40537 724.67 0
2076 12 2.5589464 -6.4082937 125 46.191736 725.88 0
2077 1 -3.2242205 -14.004321 143.5 32.7869671 733.31 0
2077 2 5.960233 -7.0305614 209.8 126.682285775 734.23 0
2077 3 8.410591 -3.9062662 301.6 165.6491107 735.21 0
2077 4 14.243616 0.01663352 391.2 103.334205 736.67 0
2077 5 23.781162 6.2533674 461.6 71.6975657 737.21 0
2077 6 29.556639 14.527443 512.7 98.381466 736.66 0
2077 7 30.959085 16.185444 503.7 100.9996895 735.14 0
2077 8 29.638668 16.811443 439.3 148.848019 732.55 0
2077 9 21.98584 10.1940155 346.6 165.64251 731.55 0
2077 10 16.430262 1.0176413 255.1 77.0937047 731.41 0
2077 11 12.38474 0.43136206 163.1 63.66252 732.84 0
2077 12 7.860607 -2.119271 125 154.4385373 734.05 0
2078 1 1.7041498 -7.5238504 143.5 128.9824347 741.52 0
2078 2 2.5457208 -10.134441 209.8 97.99081455 742.44 0
2078 3 7.554398 -4.646117 301.6 162.1160314 743.42 0
2078 4 18.659842 4.371553 391.2 104.014692 744.88 0
2078 5 25.739275 9.417034 461.6 119.439249 745.42 0
2078 6 29.724968 13.17622 512.7 70.18284 744.87 0
2078 7 30.664852 16.82342 503.7 176.9533413 743.35 0
2078 8 29.206165 14.738223 439.3 129.2387985 740.76 0
2078 9 25.238117 8.761257 346.6 41.643315 739.76 0
2078 10 17.982288 3.0162473 255.1 92.9592846 739.62 0
2078 11 11.761818 0.44356424 163.1 120.95475 741.05 0
2078 12 5.8466067 -2.4601939 125 180.4574046 742.26 0
2079 1 5.7907424 -4.0336695 143.5 171.013453 749.8 0
2079 2 6.731657 -4.6697135 209.8 103.000096075 750.72 0
2079 3 9.859561 -1.2347468 301.6 187.1720015 751.7 0
2079 4 19.181757 4.256112 391.2 126.119112 753.16 0
2079 5 23.248974 6.095874 461.6 51.3542125 753.7 0
2079 6 27.558117 13.339163 512.7 134.437179 753.15 0
2079 7 31.713095 16.584543 503.7 160.526835 751.63 0
2079 8 29.06727 13.391699 439.3 179.782857 749.04 0
2079 9 25.321518 9.965242 346.6 78.940236 748.04 0
2079 10 18.169033 4.9209304 255.1 109.4856233 747.9 0
2079 11 12.597652 1.6768656 163.1 146.838585 749.33 0
2079 12 4.057025 -3.6504092 125 94.3097686 750.54 0
2080 1 1.850256 -8.444117 143.5 67.5221912 758.18 0
2080 2 8.908588 -3.8587737 209.8 113.5044772 759.1 0
2080 3 8.026362 -4.96034 301.6 53.290922 760.08 0
2080 4 15.272358 0.51861143 391.2 113.809662 761.54 0
2080 5 24.68825 8.7323675 461.6 82.7453085 762.08 0
2080 6 28.247221 13.42222 512.7 127.5105 761.53 0
2080 7 31.193491 17.936178 503.7 166.5596644 760.01 0
2080 8 30.119837 16.08824 439.3 127.535581 757.42 0
2080 9 27.029285 12.304681 346.6 94.151388 756.42 0
2080 10 18.71834 3.0094335 255.1 63.862821 756.28 0
2080 11 10.191605 -0.7603507 163.1 101.072388 757.71 0
2080 12 6.2993517 -3.431417 125 73.3633755 758.92 0
2081 1 4.1485367 -6.3795433 143.5 112.4675412 766.64 0
2081 2 4.5782228 -9.5769205 209.8 71.835662225 767.56 0
2081 3 8.149492 -3.4905133 301.6 102.46399 768.54 0
2081 4 13.228157 0.43539196 391.2 208.4157 770 0
2081 5 24.147388 9.301764 461.6 183.883909 770.54 0
2081 6 28.760914 13.424515 512.7 115.555329 769.99 0
2081 7 30.379026 14.198881 503.7 91.387659 768.47 0
2081 8 30.558529 16.479239 439.3 126.4325917 765.88 0
2081 9 26.09735 10.73412 346.6 56.618637 764.88 0
2081 10 19.321411 5.9294553 255.1 61.5088329 764.74 0
2081 11 13.288 0.26778147 163.1 102.573789 766.17 0
2081 12 3.6897128 -7.5922494 125 255.721666 767.38 0
2082 1 4.11882 -7.173121 143.5 89.3895385 775.17 0
2082 2 2.249956 -9.3518 209.8 105.67542475 776.09 0
2082 3 7.9317145 -5.446236 301.6 97.8955696 777.07 0
2082 4 19.520922 4.414032 391.2 60.752457 778.53 0
2082 5 24.654533 7.9384303 461.6 98.1513537 779.07 0
2082 6 28.571554 13.668663 512.7 144.467268 778.52 0
2082 7 31.125137 17.82755 503.7 162.866033 777 0
2082 8 30.463621 16.275099 439.3 102.5940939 774.41 0
2082 9 24.209942 9.590771 346.6 77.398581 773.41 0
2082 10 18.30348 6.304923 255.1 181.422199 773.27 0
2082 11 10.079349 -0.7995261 163.1 90.447786 774.7 0
2082 12 7.283516 -2.4085572 125 140.883065 775.91 0
2083 1 1.817976 -7.4998436 143.5 135.6789245 783.75 0
2083 2 8.312466 -3.5907507 209.8 119.9807445 784.67 0
2083 3 7.289109 -5.1208086 301.6 114.246842 785.65 0
2083 4 17.237095 2.8151681 391.2 146.59437 787.11 0
2083 5 23.749792 8.736745 461.6 208.2140947 787.65 0
2083 6 29.368523 13.323674 512.7 101.61669 787.1 0
2083 7 31.397928 16.66687 503.7 101.4432871 785.58 0
2083 8 30.8502 16.907793 439.3 191.6856263 782.99 0
2083 9 26.966167 13.475704 346.6 121.594218 781.99 0
2083 10 19.077478 6.1403794 255.1 208.452959 781.85 0
2083 11 12.609416 1.3987372 163.1 124.25145 783.28 0
2083 12 3.6087563 -4.428601 125 40.3238049 784.49 0
2084 1 -3.6681945 -16.207018 143.5 60.4376961 792.37 0
2084 2 5.343893 -8.020464 209.8 75.8421535 793.29 0
2084 3 8.566413 -3.9449422 301.6 128.3730925 794.27 0
2084 4 14.20091 0.2133709 391.2 135.44067 795.73 0
2084 5 19.047918 5.3927817 461.6 159.9813993 796.27 0
2084 6 29.568819 12.701176 512.7 35.354973 795.72 0
2084 7 31.72565 16.535763 503.7 112.1732117 794.2 0
2084 8 29.281553 13.954044 439.3 123.4477164 791.61 0
2084 9 25.74423 12.144257 346.6 178.4766 790.61 0
2084 10 16.934248 4.3366566 255.1 124.7312776 790.47 0
2084 11 15.063938 1.9499514 163.1 55.187277 791.9 0
2084 12 7.1879883 -1.4884781 125 121.6344675 793.11 0
2085 1 -2.3219967 -14.436553 143.5 84.839498 801.02 0
2085 2 3.9012065 -9.598552 209.8 116.28539025 801.94 0
2085 3 9.194858 -1.7777642 301.6 166.061513 802.92 0
2085 4 13.933281 0.6884144 391.2 126.769365 804.38 0
2085 5 24.943432 9.603494 461.6 175.530711 804.92 0
2085 6 30.869444 12.800078 512.7 41.058468 804.37 0
2085 7 30.786587 15.087259 503.7 130.4361363 802.85 0
2085 8 30.733276 19.20554 439.3 229.5493456 800.26 0
2085 9 26.828941 13.929024 346.6 150.73683 799.26 0
2085 10 16.651323 2.7672966 255.1 66.730972 799.12 0
2085 11 11.432954 -0.32896453 163.1 79.133298 800.55 0
2085 12 8.865372 -1.0745331 125 62.0127875 801.76 0
2086 1 4.2587676 -7.3876452 143.5 253.546117 809.71 0
2086 2 4.0193806 -7.7267156 209.8 78.1337822 810.63 0
2086 3 8.885976 -3.3640215 301.6 96.6959099 811.61 0
2086 4 14.712998 1.086383 391.2 195.77841 813.07 0
2086 5 24.520643 6.760462 461.6 64.5163754 813.61 0
2086 6 28.50402 11.0645275 512.7 108.121389 813.06 0
2086 7 31.208313 15.628926 503.7 132.915476 811.54 0
2086 8 30.061743 17.349318 439.3 156.448599 808.95 0
2086 9 27.865995 13.994567 346.6 82.532214 807.95 0
2086 10 21.695425 6.8274026 255.1 49.6390445 807.81 0
2086 11 9.654944 0.11799636 163.1 201.418548 809.24 0
2086 12 5.091596 -2.1050286 125 168.063493 810.45 0
2087 1 -1.2295327 -9.659012 143.5 204.621886 818.42 0
2087 2 3.707757 -6.6196866 209.8 92.7070532 819.34 0
2087 3 7.5408163 -5.43193 301.6 67.3279762 820.32 0
2087 4 16.58164 3.5479152 391.2 144.06867 821.78 0
2087 5 24.547476 10.51173 461.6 172.2913815 822.32 0
2087 6 29.219978 15.219624 512.7 120.04704 821.77 0
2087 7 31.066479 16.229177 503.7 99.5437125 820.25 0
2087 8 31.690943 17.615242 439.3 110.2861487 817.66 0
2087 9 28.499437 14.589232 346.6 93.047634 816.66 0
2087 10 21.26016 6.8896813 255.1 129.5394334 816.52 0
2087 11 12.978335 0.8856408 163.1 93.202506 817.95 0
2087 12 3.5601685 -4.469821 125 155.74896 819.16 0
2088 1 4.36287 -6.5469747 143.5 98.5640164 827.16 0
2088 2 5.076358 -6.5911756 209.8 40.91839045 828.08 0
2088 3 9.169632 -4.3999195 301.6 123.2204368 829.06 0
2088 4 14.138752 0.74955755 391.2 115.61802 830.52 0
2088 5 23.7467 8.807837 461.6 121.4538677 831.06 0
2088 6 29.72002 13.249704 512.7 104.25642 830.51 0
2088 7 30.021162 15.545543 503.7 115.2622935 828.99 0
2088 8 31.23344 17.762037 439.3 209.265066 826.4 0
2088 9 27.882524 12.065857 346.6 41.489316 825.4 0
2088 10 20.985394 4.7968373 255.1 103.131792 825.26 0
2088 11 10.836255 -0.7486487 163.1 89.016336 826.69 0
2088 12 8.197896 -1.5096672 125 128.679295 827.9 0
2089 1 5.153821 -6.5761952 143.5 174.044571 835.96 0
2089 2 6.808039 -5.3414235 209.8 99.73371525 836.88 0
2089 3 8.892698 -3.362247 301.6 119.6282591 837.86 0
2089 4 17.426315 4.286236 391.2 144.63141 839.32 0
2089 5 23.993689 7.6079397 461.6 157.077744 839.86 0
2089 6 28.962765 13.621078 512.7 155.228835 839.31 0
2089 7 30.37928 17.321424 503.7 193.6828323 837.79 0
2089 8 31.786268 19.083176 439.3 87.9617932 835.2 0
2089 9 25.552322 12.256932 346.6 80.399016 834.2 0
2089 10 20.531551 7.030429 255.1 79.4163394 834.06 0
2089 11 12.44566 0.57805526 163.1 111.802074 835.49 0
2089 12 2.540581 -7.748674 125 76.8569422 836.7 0
2090 1 1.4224124 -7.8848066 143.5 212.318628 844.8 0
2090 2 0.52787524 -11.66394 209.8 106.8678629 845.72 0
2090 3 9.8312435 -3.302385 301.6 125.8294743 846.7 0
2090 4 15.387705 3.0213132 391.2 191.94957 848.16 0
2090 5 22.157871 8.968928 461.6 157.6297548 848.7 0
2090 6 31.166569 15.894759 512.7 110.471649 848.15 0
2090 7 35.213654 17.303513 503.7 58.1840829 846.63 0
2090 8 29.966282 16.922583 439.3 126.1116177 844.04 0
2090 9 24.204422 12.448235 346.6 118.331751 843.04 0
2090 10 17.917553 4.409629 255.1 167.6987315 842.9 0
2090 11 13.275001 1.9444027 163.1 156.142029 844.33 0
2090 12 5.628214 -3.4176302 125 171.296576 845.54 0
2091 1 2.8161619 -6.2710643 143.5 66.63574 853.73 0
2091 2 7.5277004 -5.694758 209.8 82.51519335 854.65 0
2091 3 11.806728 -0.5072243 301.6 106.9450493 855.63 0
2091 4 13.765743 -0.21581186 391.2 68.708475 857.09 0
2091 5 26.645218 7.985008 461.6 97.0433455 857.63 0
2091 6 29.766344 11.695197 512.7 51.641661 857.08 0
2091 7 31.73774 18.50506 503.7 156.1293424 855.56 0
2091 8 32.113426 18.210997 439.3 106.6657672 852.97 0
2091 9 25.341602 12.054046 346.6 70.871037 851.97 0
2091 10 21.912033 6.657924 255.1 60.3618236 851.83 0
2091 11 13.000972 2.0972443 163.1 131.761695 853.26 0
2091 12 3.070475 -7.8294663 125 50.9531934 854.47 0
2092 1 0.24724714 -9.922305 143.5 140.248464 862.73 0
2092 2 6.378329 -5.5719557 209.8 104.4405325 863.65 0
2092 3 9.820577 -3.1258328 301.6 206.029317 864.63 0
2092 4 16.677498 4.0444274 391.2 215.366235 866.09 0
2092 5 21.954931 8.793064 461.6 149.1069093 866.63 0
2092 6 29.478405 14.60735 512.7 122.24082 866.08 0
2092 7 32.06128 17.865791 503.7 137.874174 864.56 0
2092 8 34.079807 17.274729 439.3 63.9990164 861.97 0
2092 9 23.278437 9.767403 346.6 83.204061 860.97 0
2092 10 22.013138 6.7831655 255.1 106.8089004 860.83 0
2092 11 12.956272 1.6992571 163.1 101.882559 862.26 0
2092 12 7.0735927 -1.1840843 125 104.8130274 863.47 0
2093 1 2.8592079 -7.3392997 143.5 304.9989405 871.78 0
2093 2 9.765631 -2.159491 209.8 80.52962515 872.7 0
2093 3 9.233312 -2.9063487 301.6 179.353476 873.68 0
2093 4 16.760252 3.9571528 391.2 230.0043 875.14 0
2093 5 26.596943 10.253422 461.6 95.1379863 875.68 0
2093 6 26.590244 15.1027975 512.7 174.26532 875.13 0
2093 7 32.5456 17.406298 503.7 102.9965173 873.61 0
2093 8 31.910065 17.506247 439.3 261.061664 871.02 0
2093 9 27.648308 13.187061 346.6 134.16552 870.02 0
2093 10 21.099922 4.859109 255.1 63.7267248 869.88 0
2093 11 13.33443 0.9134105 163.1 62.70975 871.31 0
2093 12 6.6653347 -2.000046 125 197.5846163 872.52 0
2094 1 2.857159 -7.0738263 143.5 178.6980864 880.86 0
2094 2 5.7817883 -5.9519763 209.8 109.99411525 881.78 0
2094 3 10.62031 -2.5389216 301.6 63.947296 882.76 0
2094 4 15.433718 0.39954135 391.2 74.357808 884.22 0
2094 5 23.622564 8.258642 461.6 99.8625568 884.76 0
2094 6 29.597961 14.231413 512.7 153.0348 884.21 0
2094 7 30.587536 17.050512 503.7 177.339127 882.69 0
2094 8 32.37165 19.83134 439.3 161.3362977 880.1 0
2094 9 24.982391 9.712582 346.6 79.742526 879.1 0
2094 10 20.266088 4.912549 255.1 71.807966 878.96 0
2094 11 10.6011095 0.3293233 163.1 130.173168 880.39 0
2094 12 7.1954904 -0.9252534 125 160.4044594 881.6 0
2095 1 4.673042 -6.4225583 143.5 28.37770194 889.98 0
2095 2 7.8109636 -4.4302673 209.8 90.864037325 890.9 0
2095 3 8.637305 -4.1275024 301.6 137.9198525 891.88 0
2095 4 13.908824 0.017940346 391.2 106.445373 893.34 0
2095 5 25.442976 8.215258 461.6 165.1791786 893.88 0
2095 6 27.88891 12.892528 512.7 130.59045 893.33 0
2095 7 30.911428 19.163977 503.7 188.898903 891.81 0
2095 8 31.705656 18.594711 439.3 153.7847163 889.22 0
2095 9 27.51582 12.708396 346.6 90.586566 888.22 0
2095 10 17.29792 4.1877747 255.1 212.552461 888.08 0
2095 11 12.73988 1.2288057 163.1 85.86639 889.51 0
2095 12 7.2747703 -2.6135478 125 210.9285632 890.72 0
2096 1 3.2902303 -6.901764 143.5 209.520289 899.12 0
2096 2 2.3578122 -10.247155 209.8 143.462972225 900.04 0
2096 3 10.504292 -2.242884 301.6 163.105663 901.02 0
2096 4 16.194473 1.0673409 391.2 127.512 902.48 0
2096 5 26.351053 9.109212 461.6 88.8245263 903.02 0
2096 6 30.694002 14.3531475 512.7 118.886475 902.47 0
2096 7 33.713104 18.541908 503.7 151.341876 900.95 0
2096 8 33.081173 17.476557 439.3 122.1821755 898.36 0
2096 9 24.042677 12.19253 346.6 230.982171 897.36 0
2096 10 17.249687 4.4066544 255.1 96.4718667 897.22 0
2096 11 12.946669 1.4457202 163.1 153.39378 898.65 0
2096 12 6.3916497 -1.9060947 125 48.498973 899.86 0
2097 1 3.172289 -7.4572663 143.5 104.4419264 908.29 0
2097 2 5.769136 -5.5963016 209.8 118.842368375 909.21 0
2097 3 9.357007 -3.5229688 301.6 170.8677003 910.19 0
2097 4 15.274059 0.7809095 391.2 79.8549 911.65 0
2097 5 26.466095 9.322517 461.6 95.2411357 912.19 0
2097 6 30.950935 13.775705 512.7 102.138804 911.64 0
2097 7 32.11613 18.03066 503.7 102.3626975 910.12 0
2097 8 31.2315 17.515038 439.3 133.4244836 907.53 0
2097 9 25.640053 11.789669 346.6 188.565432 906.53 0
2097 10 18.96617 6.7138896 255.1 138.547494 906.39 0
2097 11 13.07517 1.0411131 163.1 160.43415 907.82 0
2097 12 5.9015293 -2.1794603 125 261.29435 909.03 0
2098 1 5.072533 -6.077576 143.5 66.8728032 917.47 0
2098 2 9.331303 -1.8039732 209.8 195.4172732 918.39 0
2098 3 12.3823 -1.212973 301.6 46.4522848 919.37 0
2098 4 18.395744 4.579243 391.2 125.77605 920.83 0
2098 5 25.380272 9.638381 461.6 159.6114236 921.37 0
2098 6 30.926968 14.438367 512.7 127.022709 920.82 0
2098 7 33.546356 18.596073 503.7 110.9006183 919.3 0
2098 8 32.208256 19.373446 439.3 124.052576 916.71 0
2098 9 28.565378 13.3941 346.6 102.462831 915.71 0
2098 10 19.10349 5.395321 255.1 83.295047 915.57 0
2098 11 12.512738 0.72414696 163.1 164.587971 917 0
2098 12 7.3928485 -1.0409309 125 47.5802105 918.21 0
2099 1 -0.42344874 -10.797957 143.5 156.2391413 926.67 0
2099 2 7.87221 -2.7863965 209.8 124.992110875 927.59 0
2099 3 10.458803 -2.2719936 301.6 96.6689554 928.57 0
2099 4 17.212013 3.9184136 391.2 121.224102 930.03 0
2099 5 22.590008 7.0868917 461.6 85.308838 930.57 0
2099 6 29.856094 16.118523 512.7 155.65356 930.02 0
2099 7 32.252533 18.16781 503.7 179.6054316 928.5 0
2099 8 33.108994 17.420591 439.3 106.7801045 925.91 0
2099 9 27.17516 11.664657 346.6 82.882269 924.91 0
2099 10 23.766785 9.078983 255.1 66.0452148 924.77 0
2099 11 14.650941 1.50246 163.1 45.313389 926.2 0
2099 12 5.2824354 -4.094387 125 142.3731823 927.41 0
2100-2200 1 -0.42344874 -10.797957 143.5 156.2391413 926.67 0
2100-2200 2 7.87221 -2.7863965 209.8 124.992110875 927.59 0
2100-2200 3 10.458803 -2.2719936 301.6 96.6689554 928.57 0
2100-2200 4 17.212013 3.9184136 391.2 121.224102 930.03 0
2100-2200 5 22.590008 7.0868917 461.6 85.308838 930.57 0
2100-2200 6 29.856094 16.118523 512.7 155.65356 930.02 0
2100-2200 7 32.252533 18.16781 503.7 179.6054316 928.5 0
2100-2200 8 33.108994 17.420591 439.3 106.7801045 925.91 0
2100-2200 9 27.17516 11.664657 346.6 82.882269 924.91 0
2100-2200 10 23.766785 9.078983 255.1 66.0452148 924.77 0
2100-2200 11 14.650941 1.50246 163.1 45.313389 926.2 0
2100-2200 12 5.2824354 -4.094387 125 142.3731823 927.41 0
