Year Month Tmax Tmin PAR Prec CO2 O3
1200-1980 1 -2.48428463838344 -13.3135083620679 143.5 94.5371305701734 390 0
1200-1980 2 -0.618967882090536 -12.3024963515656 209.8 84.2618648949864 390 0
1200-1980 3 3.95467210535653 -7.60240023622821 301.6 101.180337046618 390 0
1200-1980 4 11.0451704030312 -1.10188426690706 391.2 107.664681465163 390 0
1200-1980 5 17.716305922814 4.66674361778658 461.6 121.194240433842 390 0
1200-1980 6 22.2719698005178 9.61306151822735 512.7 128.066934359175 390 0
1200-1980 7 24.7188559338577 12.0400195250106 503.7 121.663167313179 390 0
1200-1980 8 23.8161658002827 10.9582090237169 439.3 126.83365570543 390 0
1200-1980 9 19.7254204334814 6.96008448821862 346.6 114.865436516204 390 0
1200-1980 10 13.1353470405328 1.16769614076765 255.1 128.825752125312 390 0
1200-1980 11 6.72175763783739 -3.32502077795626 163.1 111.722275329765 390 0
1200-1980 12 0.23477819195802 -9.4541245109258 125 110.413320456072 390 0
1981 1 -6.71783714598184 -19.6320692321487 143.5 19.3733860405886 390 0
1981 2 2.92858654201699 -8.41149616929276 209.8 242.747647508626 390 0
1981 3 3.93243638144732 -6.42637009693553 301.6 30.0104369719583 390 0
1981 4 12.6984832488078 -0.18778829055114 391.2 91.1682794214232 390 0
1981 5 19.4125364400194 4.54360101539833 461.6 87.4487422098915 390 0
1981 6 22.6295857341419 9.29296208180144 512.7 102.841635865434 390 0
1981 7 24.6228748491447 12.1803115994538 503.7 144.449321682925 390 0
1981 8 23.4212363493913 9.82044276548383 439.3 95.2900361508002 390 0
1981 9 17.9458069171864 7.10044633811351 346.6 141.184107623057 390 0
1981 10 11.1917193392013 -0.980126848854295 255.1 157.164114320668 390 0
1981 11 6.32804095067528 -3.38430926699069 163.1 57.0758266593639 390 0
1981 12 -0.698095105872468 -9.62048816953818 125 116.69864625089 390 0
1982 1 -6.62330958030715 -19.6040656306912 143.5 107.96418379406 390 0
1982 2 -1.33947174565833 -13.5215925652265 209.8 102.618719380429 390 0
1982 3 3.00585668820921 -9.32018241606752 301.6 93.1685964398328 390 0
1982 4 9.3728721298128 -3.34399082530072 391.2 118.582003255436 390 0
1982 5 19.5029161198842 4.90477645323689 461.6 65.3421012951105 390 0
1982 6 19.6641704428995 8.91338920044669 512.7 206.62880822554 390 0
1982 7 25.3400007930154 10.5631339077197 503.7 62.1538216054514 390 0
1982 8 22.104194354048 8.50324643216256 439.3 106.133841621754 390 0
1982 9 19.9140053749928 6.87961760448559 346.6 66.9384748557287 390 0
1982 10 13.828206825476 -0.023289936171055 255.1 59.2250956425776 390 0
1982 11 8.49101173991983 -1.88846247088989 163.1 97.9313828441387 390 0
1982 12 3.24849646901786 -7.64744863115301 125 65.3972723777472 390 0
1983 1 -1.83848218055897 -12.5321948531729 143.5 123.933754430299 390 0
1983 2 -0.0172285008995419 -12.0549751784469 209.8 73.2517015272462 390 0
1983 3 3.76519869284512 -5.12136398420777 301.6 144.662664002269 390 0
1983 4 9.12793984312636 -0.767062274415127 391.2 198.837558439792 390 0
1983 5 15.0070609661096 4.17669372822129 461.6 190.102663370049 390 0
1983 6 23.7702385024568 8.95023161058323 512.7 82.2878774976471 390 0
1983 7 25.8651090995546 11.1987480233732 503.7 60.487084281566 390 0
1983 8 24.1751591231046 10.9104939864638 439.3 168.639667553498 390 0
1983 9 21.6370147167069 6.7691743101738 346.6 52.8751742694151 390 0
1983 10 13.1422706069235 0.830353436612109 255.1 94.0303215710061 390 0
1983 11 6.16367817957612 -2.89781488305882 163.1 195.454925315232 390 0
1983 12 -2.20280081572266 -11.7348280104545 125 200.493973437031 390 0
1984 1 -3.70970392695057 -15.6337180467123 143.5 58.0630378189973 390 0
1984 2 2.61879444239248 -7.71906930654457 209.8 119.062718676709 390 0
1984 3 -0.0715108163878423 -10.854878313561 301.6 124.137021903855 390 0
1984 4 10.2337876927342 -0.48158200150043 391.2 123.456651547573 390 0
1984 5 15.6270207867417 3.38733450492144 461.6 302.044731852808 390 0
1984 6 23.5370406012411 9.24976584934755 512.7 54.8018363270851 390 0
1984 7 24.1453376940821 11.5986861922022 503.7 160.895237764381 390 0
1984 8 24.7028814890858 12.4511225891171 439.3 110.522537217156 390 0
1984 9 18.5986690795592 4.72165196607613 346.6 60.5665813937016 390 0
1984 10 15.0012989303232 2.21254933005676 255.1 81.1040199672154 390 0
1984 11 6.52065779177009 -4.09772870687446 163.1 90.4382517426217 390 0
1984 12 2.35347916105098 -7.15604717523687 125 111.57948293531 390 0
1985 1 -5.21205673989186 -15.1872300316349 143.5 48.2542882112964 390 0
1985 2 -0.569874220415088 -11.5626587504079 209.8 63.7132804260087 390 0
1985 3 5.35328483253996 -7.3260389255987 301.6 90.0735569761728 390 0
1985 4 11.2048470430812 -0.45243005385862 391.2 57.8679074255509 390 0
1985 5 18.451701445653 4.74549215898624 461.6 92.4532976094156 390 0
1985 6 19.4663861157878 8.07834319065251 512.7 110.335794813708 390 0
1985 7 25.0233591407292 10.5480870666613 503.7 75.7921878342453 390 0
1985 8 22.8898762014944 9.82331792399447 439.3 126.466237630103 390 0
1985 9 20.0023044531644 7.22607875585301 346.6 165.676864264227 390 0
1985 10 14.0758822467815 1.13507653583315 255.1 88.5868996163155 390 0
1985 11 6.12753239310219 -2.48998011666475 163.1 161.143794815513 390 0
1985 12 -2.51379176291434 -12.1890225505758 125 64.4098678257116 390 0
1986 1 -1.63631810563945 -13.4353056095759 143.5 130.137020886058 390 0
1986 2 -2.4818978553929 -14.4190327225244 209.8 76.3793692795818 390 0
1986 3 5.44712518512728 -6.99747295352126 301.6 133.767861461812 390 0
1986 4 13.9608082143055 0.785958022353474 391.2 53.3524796813969 390 0
1986 5 19.4203613271576 5.94304583791657 461.6 94.144522496041 390 0
1986 6 21.0153572689932 7.7145315343752 512.7 167.745871986885 390 0
1986 7 23.2975956378445 11.6725985745056 503.7 182.212029622302 390 0
1986 8 22.3128259904964 10.2087933713043 439.3 145.937166312325 390 0
1986 9 18.0150598558439 5.56001896716713 346.6 97.6958066926019 390 0
1986 10 13.0409574026527 0.717506473117441 255.1 82.523665937992 390 0
1986 11 4.78503492354049 -5.31725186016909 163.1 150.00479327184 390 0
1986 12 0.232845428535995 -8.28662526257501 125 146.496335918044 390 0
1987 1 -2.78986188435276 -14.6828279336486 143.5 119.285935386962 390 0
1987 2 -2.28160426837054 -16.165685754774 209.8 8.12899849568587 390 0
1987 3 5.48389878973201 -7.25414817817247 301.6 69.9262632061851 390 0
1987 4 12.5132006692951 0.583651903201518 391.2 174.289235224481 390 0
1987 5 17.9610077471704 4.15422110083903 461.6 44.628532387569 390 0
1987 6 22.1884995976997 9.95005852019802 512.7 166.135001942132 390 0
1987 7 25.4046915605998 12.3933800513435 503.7 104.625686296006 390 0
1987 8 22.7138521196588 8.85926083617942 439.3 112.038149044283 390 0
1987 9 18.2502794805132 7.31812295267589 346.6 202.683362388549 390 0
1987 10 12.5130542263934 -0.846977822174941 255.1 181.767600141826 390 0
1987 11 6.83635675990062 -4.26322527251488 163.1 92.2573997976282 390 0
1987 12 0.841212288965282 -7.24457545707238 125 69.5464440984284 390 0
1988 1 -2.62555660037194 -15.3046419031651 143.5 56.0826793138547 390 0
1988 2 -0.551938583797464 -13.2198192774625 209.8 110.615770522482 390 0
1988 3 4.06590832947789 -8.28989946524354 301.6 60.6851328204173 390 0
1988 4 10.317878602848 -0.364041375330749 391.2 116.816215850394 390 0
1988 5 18.5641496654864 5.77667946968253 461.6 91.5641483315139 390 0
1988 6 22.3783802491358 7.21347023128803 512.7 46.5073884693565 390 0
1988 7 26.0256004220339 13.198123670757 503.7 168.857481171257 390 0
1988 8 25.0129457446641 12.2630381046558 439.3 159.514396382057 390 0
1988 9 18.8582456183353 5.14078364728201 346.6 60.6455083911568 390 0
1988 10 10.298408919268 -0.329203229741887 255.1 92.1636423170691 390 0
1988 11 6.87076867420507 -3.26904443861979 163.1 182.01509143007 390 0
1988 12 -0.893769054145246 -11.8786837302714 125 52.9843948531642 390 0
1989 1 0.280554478011196 -10.9115635655357 143.5 54.4226427723911 390 0
1989 2 -1.99070865032833 -12.8597104549519 209.8 62.6513372970811 390 0
1989 3 3.40638566640592 -8.9965957696006 301.6 75.9265527299658 390 0
1989 4 8.78775454610884 -3.16368622543907 391.2 94.6640887379142 390 0
1989 5 18.5382770045584 5.60246036069733 461.6 183.025666111872 390 0
1989 6 21.989824310176 10.2708956652237 512.7 170.094214198477 390 0
1989 7 24.5748241935412 11.5686092080059 503.7 112.662455082716 390 0
1989 8 23.0099175435525 10.3329069200387 439.3 149.083555184637 390 0
1989 9 19.9456022498296 7.17076730859612 346.6 120.572773552536 390 0
1989 10 14.3210836478705 1.41198203567463 255.1 154.832029789868 390 0
1989 11 5.78863274865849 -4.1441777525549 163.1 132.986919832542 390 0
1989 12 -7.78004309415074 -20.4759303800258 125 36.5668416826229 390 0
1990 1 1.98878283981974 -7.34835428175612 143.5 148.632596377724 390 0
1990 2 1.15377492592918 -12.2198701454326 209.8 105.217452291058 390 0
1990 3 5.62121745434953 -7.34263439033359 301.6 86.6370569985462 390 0
1990 4 10.9400919956003 -0.29150762660576 391.2 121.66625216898 390 0
1990 5 15.1853465509639 3.28474452041447 461.6 201.253906631363 390 0
1990 6 22.4125002734153 9.63121199946767 512.7 111.543949217368 390 0
1990 7 24.9176398813295 11.8444671242463 503.7 70.442428655253 390 0
1990 8 24.1150680661318 11.8235575936471 439.3 221.901002459947 390 0
1990 9 19.1017075376176 6.39983723939733 346.6 74.4346622073696 390 0
1990 10 14.8416573637322 3.30693513121841 255.1 180.090520993577 390 0
1990 11 7.63991021597448 -2.91836509199791 163.1 92.7388773330576 390 0
1990 12 2.70256998760012 -7.54797450306638 125 148.545601633072 390 0
1991 1 -2.59284256953996 -13.4399997519502 143.5 87.527098671809 390 0
1991 2 1.52410968909407 -9.97167650015611 209.8 48.4187841765306 390 0
1991 3 4.59285010671245 -5.34655599232511 301.6 112.711710372292 390 0
1991 4 13.3259098019608 0.383593300762156 391.2 99.5409709159528 390 0
1991 5 20.3983845288078 5.80028522236496 461.6 95.6393066653155 390 0
1991 6 23.572503462526 9.06672856765663 512.7 108.24918575459 390 0
1991 7 24.5634191022801 10.9850676373791 503.7 78.9280351235243 390 0
1991 8 24.3144852561386 11.7374237063187 439.3 161.114920678853 390 0
1991 9 18.7383164140834 5.2100256594383 346.6 134.965946919677 390 0
1991 10 14.7577501061097 1.65859226366368 255.1 125.676950444062 390 0
1991 11 6.43632097740104 -2.92876247267266 163.1 91.5174848739257 390 0
1991 12 0.773125934629039 -10.482910122508 125 101.048618666818 390 0
1992 1 -1.8728666592819 -12.8890170333806 143.5 75.8807905122238 390 0
1992 2 -1.09523475374296 -12.3975003017708 209.8 59.38937212977 390 0
1992 3 1.61465226112531 -9.93760874754975 301.6 101.725081138394 390 0
1992 4 8.77048779208998 -2.45940388022583 391.2 78.8866646066728 390 0
1992 5 18.2178834679682 3.05114345524661 461.6 78.3398501219698 390 0
1992 6 21.4337541781576 7.78629368582176 512.7 108.615797883008 390 0
1992 7 22.0680985774242 9.86264509147622 503.7 126.834000281672 390 0
1992 8 22.0741834629409 9.99485664815647 439.3 103.447652204834 390 0
1992 9 19.4308606703525 6.3211219908998 346.6 105.165986716123 390 0
1992 10 10.6017365574443 -0.947390242778991 255.1 69.731826619679 390 0
1992 11 4.6463274258721 -4.1005290186226 163.1 136.666772246266 390 0
1992 12 0.352278063762036 -9.19214283382736 125 81.7269691576272 390 0
1993 1 -1.09269364064576 -10.6044698302584 143.5 90.4822191713044 390 0
1993 2 -4.7748167046778 -18.9923313890793 209.8 94.6383574289506 390 0
1993 3 2.45588211475611 -10.5578505666064 301.6 128.027282848503 390 0
1993 4 11.0207690588121 -1.12141489444825 391.2 133.097631633479 390 0
1993 5 18.2303301241237 4.38272349176631 461.6 56.2492497543421 390 0
1993 6 21.5682479495984 8.24283047181921 512.7 123.641503450797 390 0
1993 7 25.0888494201627 11.6903288783426 503.7 71.8045263178579 390 0
1993 8 24.1871747883161 11.3244318854597 439.3 93.7561881243004 390 0
1993 9 17.7036531620741 7.13742447243324 346.6 136.016387750502 390 0
1993 10 11.6400641584057 -0.517532486546171 255.1 85.8907439291913 390 0
1993 11 6.35984205675183 -4.57526544077733 163.1 124.818545257666 390 0
1993 12 -0.893632932477054 -10.3226837637392 125 122.589799212553 390 0
1994 1 -7.12871944916531 -20.5195270001564 143.5 131.418094755445 390 0
1994 2 -3.81998442675651 -17.1586928527145 209.8 48.9258713267824 390 0
1994 3 2.2196974395754 -7.97106894315313 301.6 137.090594959672 390 0
1994 4 10.9411765137301 -1.37409830233045 391.2 102.393014588866 390 0
1994 5 16.3238460254017 2.95941505916349 461.6 127.748163242614 390 0
1994 6 23.3681563071234 10.5406211406876 512.7 114.313389553198 390 0
1994 7 25.1866350772798 13.6170948292688 503.7 123.356328355668 390 0
1994 8 22.4663981114008 9.80349029963182 439.3 144.809627397969 390 0
1994 9 17.8422120992105 6.5689692488933 346.6 139.785248655987 390 0
1994 10 13.7429373322556 0.35156611981445 255.1 22.5816119810828 390 0
1994 11 9.18084441652006 -2.36896134613294 163.1 99.6706806325928 390 0
1994 12 2.3261242165729 -8.16324617721698 125 100.794176604149 390 0
1995 1 0.266208629915997 -8.08198142778346 143.5 99.7948822781016 390 0
1995 2 -2.63769163439475 -14.6174349147175 209.8 76.7749455806393 390 0
1995 3 5.6272489870334 -5.59950131474941 301.6 59.5989534105054 390 0
1995 4 8.48016902535764 -3.31865248593 391.2 63.110669297663 390 0
1995 5 16.4549700096128 3.78672813701211 461.6 68.1036205501644 390 0
1995 6 24.3326166694646 8.79708601929655 512.7 41.5524482294389 390 0
1995 7 26.3540322618749 13.1669069070902 503.7 115.950177283968 390 0
1995 8 24.6541071046165 10.3369183162487 439.3 122.241123499441 390 0
1995 9 18.6137889171622 4.54649866402474 346.6 83.9155491754412 390 0
1995 10 15.6369851088825 2.73505373628263 255.1 263.482549880095 390 0
1995 11 4.00388979635844 -4.73295780366664 163.1 142.465923592975 390 0
1995 12 -3.3712918057273 -11.962990791855 125 70.8069458866479 390 0
1996 1 -2.86239043935259 -14.5766086318218 143.5 157.343502927041 390 0
1996 2 -1.99809767858877 -12.1246010758058 209.8 72.2908926139487 390 0
1996 3 2.48943760148915 -9.93378451786203 301.6 64.5241936295635 390 0
1996 4 9.76214308910886 -1.61236980177479 391.2 217.746483389082 390 0
1996 5 15.9636661677001 2.98461293772873 461.6 158.253114045778 390 0
1996 6 22.4248071907453 10.8308767543088 512.7 109.083123879426 390 0
1996 7 23.3218773864978 11.6647088093243 503.7 204.663828034304 390 0
1996 8 24.0954311741696 11.1855697315549 439.3 58.7039265203296 390 0
1996 9 19.4584928928549 8.07824142970123 346.6 126.970376941847 390 0
1996 10 12.7943513648672 0.619867809026007 255.1 154.580948953503 390 0
1996 11 3.62897321053633 -5.71147209245593 163.1 93.0664688475296 390 0
1996 12 1.82900974820454 -5.03310231205407 125 174.38637281761 390 0
1997 1 -3.07034907597799 -13.3184033184585 143.5 107.124315762929 390 0
1997 2 1.16607266962877 -10.3699879999586 209.8 77.31276587256 390 0
1997 3 1.93180196992388 -9.37257531213869 301.6 123.172875036973 390 0
1997 4 8.95149095494653 -3.46154848553892 391.2 116.897692306539 390 0
1997 5 13.9733380830713 2.47792107467015 461.6 121.020032442219 390 0
1997 6 23.123995249792 9.0364122783304 512.7 50.993975354763 390 0
1997 7 23.8384850711999 10.2811443447251 503.7 97.1780125556432 390 0
1997 8 22.7523372807325 10.0181192348748 439.3 135.685374625647 390 0
1997 9 18.7024773844933 6.21722047004786 346.6 89.747075625803 390 0
1997 10 12.5135872284612 -0.45107854337032 255.1 72.2103425916512 390 0
1997 11 4.26388645785749 -5.13724444276219 163.1 175.683725466308 390 0
1997 12 0.197496999350254 -9.12558123990072 125 85.55738918461 390 0
1998 1 -0.424033035110917 -9.38380837289059 143.5 165.409073572317 390 0
1998 2 2.31659073846072 -9.05238059261413 209.8 73.9460051349162 390 0
1998 3 4.84360582507021 -6.23268709247195 301.6 103.082611716247 390 0
1998 4 12.8430587286548 -1.13016617914904 391.2 73.0632521101398 390 0
1998 5 20.6489630506967 6.63844776822525 461.6 89.3036581397273 390 0
1998 6 21.1029851041118 11.0294053477211 512.7 278.370314140084 390 0
1998 7 24.3618649293732 11.7698564881317 503.7 108.507347479688 390 0
1998 8 24.269594705974 11.1929027567934 439.3 124.938283138746 390 0
1998 9 20.4606484754661 7.1374386776476 346.6 80.4042088654291 390 0
1998 10 13.0253169875065 2.19029337976241 255.1 98.2857266741108 390 0
1998 11 6.04086694141191 -2.41381974590201 163.1 84.9790321342731 390 0
1998 12 4.76783133615062 -7.03469770580154 125 60.9442510796783 390 0
1999 1 -1.61782803058274 -13.5177779434991 143.5 194.963067614989 390 0
1999 2 1.11089409289251 -11.3028243582388 209.8 52.2774239113829 390 0
1999 3 3.35374949344425 -7.08975571524042 301.6 155.4007439689 390 0
1999 4 11.4623408917523 -1.87519338440917 391.2 21.4839881403117 390 0
1999 5 19.2406513823298 5.28602282836535 461.6 124.015475150523 390 0
1999 6 24.9836619684082 10.4247734616331 512.7 55.0856478927489 390 0
1999 7 26.3109629830599 12.8380054019738 503.7 96.2850928486522 390 0
1999 8 23.3908075855651 10.1584322961976 439.3 84.0375915583878 390 0
1999 9 21.4924923676598 8.63175214248862 346.6 231.673086639869 390 0
1999 10 12.5478825258413 -0.579885972508104 255.1 114.142934074365 390 0
1999 11 9.86712064497756 -0.933108306659566 163.1 102.626988434513 390 0
1999 12 1.19232311816098 -7.88348069931939 125 51.7245422974732 390 0
2000 1 -3.17021824985078 -14.2915331926404 143.5 114.27927279631 390 0
2000 2 0.345075173422465 -11.6942671966899 209.8 100.040978185196 390 0
2000 3 7.2246861551568 -5.41202683880011 301.6 106.213992760062 390 0
2000 4 9.13173185119932 -0.937293064359246 391.2 149.039132176313 390 0
2000 5 17.1888240929963 5.36741624421358 461.6 151.072457269384 390 0
2000 6 21.4626389986684 9.20887697065289 512.7 138.567904580672 390 0
2000 7 22.5909790190649 10.1648751407131 503.7 159.116761270816 390 0
2000 8 22.5008583303816 10.3243443010507 439.3 135.374770632607 390 0
2000 9 19.191568167977 5.9783730490062 346.6 72.9714034513921 390 0
2000 10 13.4424016870952 0.564701245911543 255.1 87.3238284964941 390 0
2000 11 5.61404468503617 -2.76636300451243 163.1 80.7209285201625 390 0
2000 12 -2.65932690734282 -13.7459809336588 125 141.961524261358 390 0
2001 1 -1.80065891751702 -12.7253634847451 143.5 37.8252670459952 390 0
2001 2 -0.392684069720364 -12.1628049698633 209.8 93.1406851894032 390 0
2001 3 1.02507453166528 -8.87820289251576 301.6 198.087060174582 390 0
2001 4 10.5944635427035 -2.41406311053956 391.2 29.0587292596386 390 0
2001 5 18.883558461978 4.7993180183045 461.6 94.5022076812254 390 0
2001 6 23.0487443617448 9.78229966936213 512.7 129.340108441727 390 0
2001 7 23.2207341362336 9.82152575998008 503.7 109.107520223757 390 0
2001 8 26.2464619466977 11.4490905194333 439.3 51.2060562298156 390 0
2001 9 20.3917813882406 6.34739237702867 346.6 147.945331593278 390 0
2001 10 15.2104983509716 1.34834167949821 255.1 42.404066130901 390 0
2001 11 9.03932665779561 -2.16385621293359 163.1 60.9670307955876 390 0
2001 12 3.88238316921085 -5.90185047652333 125 62.7297153168484 390 0
2002 1 1.35061644618308 -8.02884241219569 143.5 63.3728263746793 390 0
2002 2 2.32938363578686 -10.2368048930322 209.8 82.7306416365407 390 0
2002 3 3.83723936521471 -6.54649249338115 301.6 118.189328210927 390 0
2002 4 11.8782873653355 0.00305440934777608 391.2 115.929150012333 390 0
2002 5 15.1902935013011 2.71238882178519 461.6 134.288231111484 390 0
2002 6 22.0478901650539 9.05785915608748 512.7 178.613381466611 390 0
2002 7 25.1055192420207 12.0320038042862 503.7 58.4530712968335 390 0
2002 8 25.7763327118029 11.589574949998 439.3 74.1370832037113 390 0
2002 9 22.1985576710491 8.37374332050875 346.6 123.255737937039 390 0
2002 10 11.3329236278771 0.666874497042767 255.1 118.012527089161 390 0
2002 11 4.9444560769698 -4.0685779126774 163.1 148.142405951086 390 0
2002 12 -0.476247341155678 -10.6933304560056 125 105.738978415613 390 0
2003 1 -6.29734082772463 -17.3437408690488 143.5 66.9692751838443 390 0
2003 2 -3.19712704388888 -15.1171756717271 209.8 73.7411298837032 390 0
2003 3 4.80321623208768 -9.19549794175117 301.6 70.2571346038361 390 0
2003 4 9.15597698436232 -2.79695805609864 391.2 86.7551345899746 390 0
2003 5 15.9516648843286 4.65979314844414 461.6 128.2072370342 390 0
2003 6 21.9916735679018 9.7474969267529 512.7 81.181402356277 390 0
2003 7 24.7335225265659 12.2487227335176 503.7 113.300996622774 390 0
2003 8 24.9533822234604 13.1948576679082 439.3 169.032549343825 390 0
2003 9 20.3254758008922 7.6768236166269 346.6 164.885587665192 390 0
2003 10 12.1752774803953 0.385251124279397 255.1 167.516740199614 390 0
2003 11 8.01668244353734 -2.48098667479331 163.1 123.997207452917 390 0
2003 12 0.306314021843647 -10.3494371608483 125 181.212007381735 390 0
2004 1 -7.55022891570334 -17.5997538761842 143.5 40.5012451757809 390 0
2004 2 -1.10036409605041 -14.7111395060015 209.8 42.2030958395806 390 0
2004 3 5.26940227460686 -5.77881611254687 301.6 58.2901411439036 390 0
2004 4 11.1397052963872 -0.872537399060401 391.2 123.988532798142 390 0
2004 5 19.3497013662089 5.99991703513258 461.6 158.701937493847 390 0
2004 6 21.3938307797203 8.12920016239212 512.7 82.0634663081159 390 0
2004 7 23.3021984661914 12.3019488851497 503.7 155.9574707038 390 0
2004 8 23.3890548854003 11.5684754353138 439.3 166.869632819106 390 0
2004 9 20.71823732455 7.71823479120697 346.6 128.659651249784 390 0
2004 10 13.1965585253725 1.27089342306629 255.1 48.6523675967392 390 0
2004 11 7.26977472928552 -3.83683347365327 163.1 98.4993576972638 390 0
2004 12 -0.0823602969889764 -10.35736708531 125 134.802872735034 390 0
2005 1 -3.67849851642512 -15.0556042357446 143.5 99.8663722256552 390 0
2005 2 0.772742542610288 -12.4232049369306 209.8 68.6217392160452 390 0
2005 3 1.9656004845777 -10.049716420074 301.6 102.625227928472 390 0
2005 4 13.3149462716819 -1.0080255627171 391.2 152.902548084718 390 0
2005 5 14.4031085825683 3.03357281243852 461.6 90.3246408435633 390 0
2005 6 24.7154827829481 12.3621468401561 512.7 125.644790043333 390 0
2005 7 25.8392804340267 13.7472982532976 503.7 101.994293792701 390 0
2005 8 25.1353378490485 12.6751122993864 439.3 99.9556580787983 390 0
2005 9 22.1449354653982 8.74234918562676 346.6 101.539610635662 390 0
2005 10 12.5701981420088 3.81815968599977 255.1 332.889139622987 390 0
2005 11 8.45140528000503 -3.06316291248156 163.1 159.614193638397 390 0
2005 12 -0.91287850123843 -9.99840258620116 125 101.592384135405 390 0
2006 1 2.23259999927428 -8.2196221183163 143.5 146.432617402278 390 0
2006 2 -0.684036090391187 -10.8932759738624 209.8 66.7210555032445 390 0
2006 3 3.75196155903227 -7.4024264916752 301.6 41.372989358401 390 0
2006 4 12.5819947606416 -0.607669862849657 391.2 89.9983253075187 390 0
2006 5 16.6055965935123 6.14222282309923 461.6 203.20174946092 390 0
2006 6 21.4495164899306 11.6485875125462 512.7 229.578108303444 390 0
2006 7 25.6463787761042 13.9700130478666 503.7 138.068452784584 390 0
2006 8 22.9680319336282 10.9813072390213 439.3 104.131409166402 390 0
2006 9 18.4868807877421 7.09524746421749 346.6 87.4096934501503 390 0
2006 10 12.1354689980822 0.92541476734508 255.1 194.799803004958 390 0
2006 11 9.54089510118549 -0.282559279693315 163.1 102.365346506216 390 0
2006 12 4.27409880925155 -4.81962339718109 125 106.458684516471 390 0
2007 1 -0.80385909786643 -10.9610885511663 143.5 110.736472089484 390 0
2007 2 -4.97323844904154 -15.3369851739947 209.8 68.4607646577461 390 0
2007 3 2.97020966489757 -10.1495990075671 301.6 114.001342723471 390 0
2007 4 8.31393470057369 -1.95575864842665 391.2 183.229335326868 390 0
2007 5 18.8147552358528 4.43873589309872 461.6 89.0418042121285 390 0
2007 6 22.5197740070628 10.0648189587178 512.7 88.6248673028597 390 0
2007 7 23.3041259504608 11.6646796191955 503.7 140.128935334959 390 0
2007 8 24.3550311305292 10.5027560601654 439.3 57.8502085678053 390 0
2007 9 21.4814207669795 7.44143415500817 346.6 88.3934296600028 390 0
2007 10 16.2246625300067 4.433147088709 255.1 146.556643857757 390 0
2007 11 5.26909532496409 -4.4682188689068 163.1 115.502630214506 390 0
2007 12 -1.18236495812912 -9.87250457426373 125 149.36147140122 390 0
2008 1 -0.341725540502782 -10.7912442123933 143.5 75.4774510005216 390 0
2008 2 -0.903853901241021 -11.2299313243917 209.8 210.775474176917 390 0
2008 3 2.47497094026176 -9.15950370596495 301.6 143.02138842687 390 0
2008 4 13.8882453384043 -0.124574165831824 391.2 108.942191330708 390 0
2008 5 16.2171626212038 2.54716522217166 461.6 34.3730467600674 390 0
2008 6 22.6834157794668 11.350629089388 512.7 166.392614487012 390 0
2008 7 24.6489784236418 12.8416284263331 503.7 175.032675973634 390 0
2008 8 22.5614248658229 10.4233852045848 439.3 143.905035812621 390 0
2008 9 20.3821929658776 8.00321746505403 346.6 119.526970572993 390 0
2008 10 12.4555218082415 0.243864758449725 255.1 130.852258657134 390 0
2008 11 5.74733923241301 -3.16168558711 163.1 91.0648579527582 390 0
2008 12 0.68652858206642 -9.79281877432987 125 200.341479716852 390 0
2009 1 -5.48752911104663 -16.6946937721808 143.5 91.868256358835 390 0
2009 2 -0.194740084967087 -12.026655892752 209.8 62.2005180750545 390 0
2009 3 4.58532340794165 -7.63897523636605 301.6 80.4444101443758 390 0
2009 4 12.290630045834 -0.408378040680348 391.2 72.4203891741281 390 0
2009 5 17.5660552586791 4.97131472328721 461.6 132.92453710808 390 0
2009 6 20.3017891978636 9.79750801683676 512.7 150.557077939101 390 0
2009 7 22.5338406077337 11.5181594578231 503.7 223.890502885667 390 0
2009 8 24.082170458538 12.2183172620473 439.3 150.243036586362 390 0
2009 9 19.3340377932312 5.82632428770439 346.6 57.4473654823468 390 0
2009 10 10.5489842039017 0.769000746504073 255.1 166.519252349852 390 0
2009 11 9.70803687214813 -1.19281199649263 163.1 105.393567440048 390 0
2009 12 -0.893425426042481 -10.2001430116666 125 124.298992651148 390 0
2010 1 -2.19521633827081 -11.0253147391874 143.5 75.000263560551 390 0
2010 2 -1.24152879715835 -8.9654334797366 209.8 127.732982533434 390 0
2010 3 7.34015709328999 -3.75384297607931 301.6 139.292129972072 390 0
2010 4 14.2783608492941 0.798269271203778 391.2 67.8692207437602 390 0
2010 5 20.2155882360259 5.70396780463218 461.6 75.1696083552452 390 0
2010 6 22.4251397656593 10.3844699130862 512.7 152.968822565337 390 0
2010 7 26.2554280519718 13.6750625469171 503.7 130.389667124697 390 0
2010 8 24.1687918950534 11.7974916880762 439.3 87.7020124604762 390 0
2010 9 20.9027244583092 8.7085500776471 346.6 59.5851539751422 390 0
2010 10 12.9302182061671 1.52355718175295 255.1 289.51537083885 390 0
2010 11 6.57137464948366 -3.03475488502319 163.1 99.0046603265079 390 0
2010 12 -1.8640500493313 -10.541963890007 125 135.63265228449 390 0
2011 1 -3.44123589381944 -14.0661227648069 143.5 72.9638441964983 390 0
2011 2 -1.4439677362881 -14.1706556271422 209.8 95.9385254500349 390 0
2011 3 3.12357912143655 -7.87574846892308 301.6 146.169236164928 390 0
2011 4 10.8063910023452 -0.238913763931139 391.2 154.781032780495 390 0
2011 5 18.5974821940756 7.20848085691573 461.6 149.687993579865 390 0
2011 6 21.8837806921452 10.3932440008781 512.7 191.316726113457 390 0
2011 7 26.1872052103094 13.0055517307749 503.7 94.0394247552148 390 0
2011 8 24.2100575577413 12.0698955730009 439.3 326.667610526124 390 0
2011 9 21.0773785744088 10.0234195159327 346.6 209.585824371089 390 0
2011 10 13.354712577725 3.3022581710472 255.1 141.7383887994 390 0
2011 11 10.4204674089367 -1.75815435078805 163.1 76.623426387633 390 0
2011 12 3.12652458155037 -6.78327481953353 125 109.992808279455 390 0
2012 1 -0.223303321112996 -9.87652804136975 143.5 104.759979696683 390 0
2012 2 2.33080811575369 -8.31276805944116 209.8 31.7380845202812 390 0
2012 3 10.1358409866737 -2.69496955267687 301.6 61.8717806867887 390 0
2012 4 11.8421899175185 -0.73411472277546 391.2 93.7022420252958 390 0
2012 5 19.7050740532353 7.65844458729052 461.6 149.487303213434 390 0
2012 6 22.204094188531 9.84239115911832 512.7 87.7261984801482 390 0
2012 7 26.1663032638861 12.8017686415471 503.7 87.3790458146515 390 0
2012 8 25.6599974702598 11.635970873063 439.3 102.247457709376 390 0
2012 9 20.2346016488819 6.75055389205495 346.6 148.879223426253 390 0
2012 10 14.1016314241365 4.149353244659 255.1 151.314836434269 390 0
2012 11 5.76112221628684 -4.44380170962503 163.1 17.3148721763773 390 0
2012 12 1.75248153153966 -6.20138781690081 125 145.888576543956 390 0
2013 1 -1.2954916663062 -12.0627592800217 143.5 43.5795954102153 390 0
2013 2 -1.33268338520578 -10.5599365859792 209.8 88.2344530869826 390 0
2013 3 2.85819065704651 -6.37241696187037 301.6 64.7857696476314 390 0
2013 4 10.558555531616 -1.41348523072352 391.2 67.3974859988416 390 0
2013 5 18.8268194774381 4.87345227128625 461.6 137.746397785064 390 0
2013 6 21.884521464517 10.4416141148682 512.7 214.805600783007 390 0
2013 7 25.8764936280647 14.8855024719686 503.7 161.94062047375 390 0
2013 8 23.2640616994834 10.4419933113256 439.3 91.9268398371001 390 0
2013 9 19.357443824242 6.86193306819606 346.6 108.557238635375 390 0
2013 10 14.2722438972052 2.63886386215157 255.1 55.0830516113165 390 0
2013 11 5.48428506557708 -5.431438273879 163.1 104.081716294741 390 0
2013 12 -0.67336506160984 -9.74556436193011 125 81.3295014916001 390 0
2014 1 0.34355128 -9.325785 143.5 111.0610774 399 0
2014 2 -2.0038958 -13.73381 209.8 48.806030575 399.92 0
2014 3 5.850726 -4.9232316 301.6 71.9777003 400.9 0
2014 4 9.696728 -2.1010284 391.2 37.89531 402.36 0
2014 5 18.054663 6.660617 461.6 161.855402 402.9 0
2014 6 24.181528 10.727269 512.7 90.81627 402.35 0
2014 7 25.940943 13.508493 503.7 167.205413 400.83 0
2014 8 26.601917 12.885425 439.3 71.3114855 398.24 0
2014 9 20.822523 6.066642 346.6 53.728206 397.24 0
2014 10 16.41038 1.1252037 255.1 22.25919536 397.1 0
2014 11 7.433559 -1.7826715 163.1 147.235365 398.53 0
2014 12 4.5130067 -3.864273 125 108.777481 399.74 0
2015 1 0.4210502 -8.993431 143.5 58.8184266 401.63 0
2015 2 -1.9747657 -11.965465 209.8 62.63365695 402.55 0
2015 3 6.788891 -3.401969 301.6 145.1853442 403.53 0
2015 4 14.685522 1.9346143 391.2 117.464661 404.99 0
2015 5 21.576275 5.574894 461.6 49.4661947 405.53 0
2015 6 24.553179 10.1131315 512.7 149.524212 404.98 0
2015 7 29.333984 14.2488365 503.7 42.1356929 403.46 0
2015 8 26.278563 12.231753 439.3 58.3625592 400.87 0
2015 9 20.96071 7.4227242 346.6 112.909584 399.87 0
2015 10 15.506988 1.6591048 255.1 56.0397509 399.73 0
2015 11 7.9639306 -3.4392157 163.1 114.707979 401.16 0
2015 12 3.2074728 -5.2493763 125 153.5605026 402.37 0
2016 1 -1.0552418 -10.484962 143.5 201.960815 404.33 0
2016 2 1.776837 -9.351309 209.8 79.533468 405.25 0
2016 3 6.0318823 -5.324636 301.6 72.800338 406.23 0
2016 4 13.378218 1.2291213 391.2 127.69116 407.69 0
2016 5 20.126818 5.4145226 461.6 45.3677498 408.23 0
2016 6 24.583729 10.840144 512.7 102.251544 407.68 0
2016 7 27.191982 14.455503 503.7 133.9065987 406.16 0
2016 8 26.927824 14.035479 439.3 131.970286 403.57 0
2016 9 21.144115 8.921827 346.6 121.609968 402.57 0
2016 10 15.422126 2.406219 255.1 105.1310595 402.43 0
2016 11 8.509358 -2.0833352 163.1 116.130267 403.86 0
2016 12 5.378002 -4.9112864 125 32.1290231 405.07 0
2017 1 3.270082 -4.9666758 143.5 105.800675 407.1 0
2017 2 1.4524475 -10.421566 209.8 25.0726979225 408.02 0
2017 3 8.504026 -2.1647072 301.6 90.7154333 409 0
2017 4 10.321599 -2.1670613 391.2 137.764305 410.46 0
2017 5 22.102335 9.144991 461.6 157.9360813 411 0
2017 6 23.739769 10.741432 512.7 83.863572 410.45 0
2017 7 26.130733 12.832583 503.7 104.34972 408.93 0
2017 8 26.107555 11.917992 439.3 55.196244 406.34 0
2017 9 22.35561 7.998263 346.6 53.560239 405.34 0
2017 10 17.8414 5.3618803 255.1 197.9908527 405.2 0
2017 11 8.996301 -0.9377934 163.1 67.03002 406.63 0
2017 12 -0.5835657 -11.423227 125 97.3269955 407.84 0
2018 1 -2.3525822 -12.464579 143.5 40.349941 409.93 0
2018 2 -1.9774691 -13.235414 209.8 63.6653413 410.85 0
2018 3 4.402685 -6.410855 301.6 70.0666309 411.83 0
2018 4 13.797028 1.7119279 391.2 129.48021 413.29 0
2018 5 20.970245 7.118625 461.6 95.209866 413.83 0
2018 6 26.552889 12.185784 512.7 103.57557 413.28 0
2018 7 26.104225 12.779245 503.7 164.2860655 411.76 0
2018 8 26.607208 13.055955 439.3 49.230232 409.17 0
2018 9 21.018684 6.6851587 346.6 66.7968 408.17 0
2018 10 13.7553835 0.71970475 255.1 94.9235469 408.03 0
2018 11 5.696033 -3.659734 163.1 77.712822 409.46 0
2018 12 0.25183442 -9.38151 125 107.0927643 410.67 0
2019 1 -3.979845 -13.671663 143.5 84.8090033 412.82 0
2019 2 0.332881 -9.865485 209.8 60.822009875 413.74 0
2019 3 8.812798 -1.2781482 301.6 128.0745253 414.72 0
2019 4 10.415826 -0.79722655 391.2 91.452972 416.18 0
2019 5 20.393517 4.8148074 461.6 61.1665154 416.72 0
2019 6 26.442675 13.01185 512.7 91.18695 416.17 0
2019 7 28.777615 15.29785 503.7 106.3158175 414.65 0
2019 8 26.230825 12.456248 439.3 161.953517 412.06 0
2019 9 21.070839 7.044346 346.6 94.765068 411.06 0
2019 10 15.812792 2.3814695 255.1 72.9809874 410.92 0
2019 11 8.716126 -2.9709923 163.1 103.679988 412.35 0
2019 12 -1.6230655 -9.96653 125 62.091109 413.56 0
2020 1 -1.5836504 -11.62693 143.5 50.0671204 415.78 0
2020 2 1.3440968 -7.333196 209.8 62.054218375 416.7 0
2020 3 5.89576 -4.5679636 301.6 121.1796541 417.68 0
2020 4 13.9523535 2.6403694 391.2 98.821485 419.14 0
2020 5 17.91005 5.0151772 461.6 54.6458576 419.68 0
2020 6 26.74935 11.802778 512.7 68.51409 419.13 0
2020 7 27.034836 12.716833 503.7 88.9253166 417.61 0
2020 8 25.347542 14.438895 439.3 144.637599 415.02 0
2020 9 22.847555 10.01893 346.6 73.249332 414.02 0
2020 10 15.980372 3.508951 255.1 97.4611418 413.88 0
2020 11 9.924384 0.7375071 163.1 112.028898 415.31 0
2020 12 0.25823796 -7.716484 125 116.8611805 416.52 0
2021 1 -0.32239616 -9.39049 143.5 57.1535592 418.8 0
2021 2 1.292 -9.173184 209.8 90.0722435 419.72 0
2021 3 0.47622728 -9.430644 301.6 106.6328483 420.7 0
2021 4 14.535561 2.406931 391.2 99.062799 422.16 0
2021 5 19.772835 5.954995 461.6 76.9512876 422.7 0
2021 6 25.215227 12.4356985 512.7 101.706618 422.15 0
2021 7 27.359188 13.40767 503.7 88.7038774 420.63 0
2021 8 27.066936 15.384902 439.3 124.417849 418.04 0
2021 9 21.014397 7.808878 346.6 112.262142 417.04 0
2021 10 15.951632 1.5725144 255.1 133.576706 416.9 0
2021 11 8.689015 -0.7636111 163.1 120.00162 418.33 0
2021 12 -0.6305802 -8.255942 125 53.8233563 419.54 0
2022 1 -4.3567677 -17.676077 143.5 120.6358862 421.86 0
2022 2 -1.5361876 -13.930433 209.8 50.405048375 422.78 0
2022 3 4.8512444 -4.9290104 301.6 93.6680252 423.76 0
2022 4 10.389833 -1.442004 391.2 92.536425 425.22 0
2022 5 21.623999 6.863783 461.6 64.9917108 425.76 0
2022 6 26.178652 13.793766 512.7 124.76553 425.21 0
2022 7 27.273382 13.335379 503.7 87.6450445 423.69 0
2022 8 25.167885 11.037687 439.3 79.3803453 421.1 0
2022 9 21.768858 8.107537 346.6 75.262242 420.1 0
2022 10 14.823551 2.3893514 255.1 105.2787683 419.96 0
2022 11 6.8313184 -1.1518294 163.1 104.520786 421.39 0
2022 12 0.9759704 -7.1770954 125 28.02928953 422.6 0
2023 1 -4.769001 -16.714163 143.5 60.644928 424.99 0
2023 2 1.0256553 -8.451375 209.8 87.2078743 425.91 0
2023 3 7.662956 -2.3785846 301.6 143.957769 426.89 0
2023 4 13.507274 2.091659 391.2 91.0752 428.35 0
2023 5 20.59716 8.019126 461.6 143.6275043 428.89 0
2023 6 24.819534 10.389681 512.7 49.291314 428.34 0
2023 7 29.230383 14.080815 503.7 74.811773 426.82 0
2023 8 26.166145 13.384234 439.3 163.300715 424.23 0
2023 9 20.894054 6.842864 346.6 111.324879 423.23 0
2023 10 14.74688 1.6172794 255.1 133.419908 423.09 0
2023 11 9.453257 -0.16398048 163.1 88.429836 424.52 0
2023 12 -0.35966924 -9.601462 125 106.572575 425.73 0
2024 1 -1.1631001 -10.332447 143.5 22.8489747 428.2 0
2024 2 -0.29399323 -11.502079 209.8 64.36561925 429.12 0
2024 3 4.2439837 -6.6728683 301.6 70.8194008 430.1 0
2024 4 10.695135 -0.3324549 391.2 189.11457 431.56 0
2024 5 21.167263 6.4913287 461.6 66.9413101 432.1 0
2024 6 25.542725 13.3038845 512.7 227.491608 431.55 0
2024 7 27.073534 14.547573 503.7 104.1971442 430.03 0
2024 8 27.278227 14.966211 439.3 77.7934584 427.44 0
2024 9 21.353893 9.843369 346.6 185.81199 426.44 0
2024 10 16.932524 4.3766537 255.1 129.752701 426.3 0
2024 11 6.4176383 -2.068827 163.1 102.667545 427.73 0
2024 12 5.0533376 -4.513125 125 156.7923115 428.94 0
2025 1 1.0746676 -9.694214 143.5 79.0368653 431.47 0
2025 2 3.6754696 -9.021629 209.8 23.6536071975 432.39 0
2025 3 4.9087806 -6.1924634 301.6 64.9625987 433.37 0
2025 4 12.518651 1.0260605 391.2 132.117405 434.83 0
2025 5 18.39476 4.8256903 461.6 43.8098634 435.37 0
2025 6 24.784662 10.187663 512.7 91.672461 434.82 0
2025 7 28.603596 15.700228 503.7 100.6449379 433.3 0
2025 8 27.74374 15.282696 439.3 110.5839533 430.71 0
2025 9 21.47691 7.892239 346.6 131.708721 429.71 0
2025 10 15.405295 1.2871754 255.1 57.7897536 429.57 0
2025 11 9.119455 -1.8305693 163.1 50.793429 431 0
2025 12 -0.21997783 -10.056335 125 35.1060523 432.21 0
2026 1 1.7320241 -8.250141 143.5 92.0767332 434.83 0
2026 2 0.77131534 -9.272313 209.8 101.13195465 435.75 0
2026 3 5.112565 -5.3458247 301.6 117.844888 436.73 0
2026 4 15.25204 2.6829348 391.2 92.953548 438.19 0
2026 5 16.915436 4.689527 461.6 139.722301 438.73 0
2026 6 25.3749 11.601078 512.7 105.31869 438.18 0
2026 7 27.359314 13.403358 503.7 106.0218352 436.66 0
2026 8 26.826021 12.442286 439.3 81.421221 434.07 0
2026 9 21.52302 8.230342 346.6 116.601333 433.07 0
2026 10 15.540684 3.7908192 255.1 85.5712778 432.93 0
2026 11 8.846514 -1.6959281 163.1 61.169916 434.36 0
2026 12 1.0110031 -8.344061 125 53.1527829 435.57 0
2027 1 2.5473075 -5.1028886 143.5 81.1128795 438.24 0
2027 2 0.68817616 -10.481533 209.8 94.271930875 439.16 0
2027 3 7.115493 -3.9262438 301.6 109.2733322 440.14 0
2027 4 14.761755 1.9310491 391.2 75.466038 441.6 0
2027 5 19.866304 4.902911 461.6 93.6144262 442.14 0
2027 6 27.24266 12.936425 512.7 88.669938 441.59 0
2027 7 27.962572 16.100388 503.7 154.2281155 440.07 0
2027 8 26.88917 12.660065 439.3 65.6320282 437.48 0
2027 9 23.010218 8.8778 346.6 79.146165 436.48 0
2027 10 14.917866 3.4252455 255.1 137.328326 436.34 0
2027 11 9.46323 -0.24073291 163.1 139.914495 437.77 0
2027 12 6.0516963 -3.1947284 125 34.9659602 438.98 0
2028 1 0.36642635 -8.691116 143.5 78.059674 441.72 0
2028 2 2.7422292 -7.89978 209.8 62.4177648 442.64 0
2028 3 5.3105817 -5.354442 301.6 111.8818892 443.62 0
2028 4 12.596887 -1.5910295 391.2 27.6808101 445.08 0
2028 5 23.112663 7.2979374 461.6 49.8395866 445.62 0
2028 6 27.35993 12.066561 512.7 50.95725 445.07 0
2028 7 29.48067 13.798235 503.7 74.547653 443.55 0
2028 8 26.706537 12.304493 439.3 94.1808706 440.96 0
2028 9 22.044334 9.144165 346.6 73.092285 439.96 0
2028 10 18.98619 5.4036074 255.1 127.098822 439.82 0
2028 11 9.415837 -1.0854641 163.1 79.470498 441.25 0
2028 12 4.51092 -3.2702036 125 49.7402471 442.46 0
2029 1 -3.158297 -14.5987015 143.5 99.1877457 445.25 0
2029 2 2.1776793 -7.525229 209.8 80.58360525 446.17 0
2029 3 6.161322 -4.1505365 301.6 74.9882653 447.15 0
2029 4 18.977488 4.2836633 391.2 36.999288 448.61 0
2029 5 21.325182 6.050845 461.6 76.7618404 449.15 0
2029 6 25.944075 12.115578 512.7 143.571495 448.6 0
2029 7 27.33637 13.825529 503.7 209.152815 447.08 0
2029 8 29.193111 16.14951 439.3 125.4688544 444.49 0
2029 9 22.075144 9.297456 346.6 118.324299 443.49 0
2029 10 16.972496 2.7484612 255.1 16.86025365 443.35 0
2029 11 10.92911 0.35608435 163.1 111.731793 444.78 0
2029 12 1.7405385 -4.955159 125 151.65541 445.99 0
2030 1 0.67392933 -9.220907 143.5 83.205209 448.83 0
2030 2 6.452864 -3.7914715 209.8 60.11771195 449.75 0
2030 3 5.417753 -4.1993604 301.6 135.0217493 450.73 0
2030 4 11.8561945 -0.3533784 391.2 85.039458 452.19 0
2030 5 18.400782 5.3144193 461.6 65.6605792 452.73 0
2030 6 24.686724 11.985381 512.7 167.439822 452.18 0
2030 7 26.975992 15.703944 503.7 171.3304063 450.66 0
2030 8 25.761423 12.645168 439.3 120.245621 448.07 0
2030 9 20.636608 6.286434 346.6 52.823547 447.07 0
2030 10 14.321923 0.5697024 255.1 17.3888486 446.93 0
2030 11 6.448476 -2.8424098 163.1 144.53223 448.36 0
2030 12 0.8477528 -6.9149904 125 56.3118689 449.57 0
2031 1 -4.3898544 -15.462087 143.5 84.3096677 452.47 0
2031 2 0.93367636 -10.486171 209.8 53.3387572 453.39 0
2031 3 9.244865 -0.4470458 301.6 122.5446275 454.37 0
2031 4 13.719599 1.0341892 391.2 105.871812 455.83 0
2031 5 21.190172 6.373251 461.6 100.840179 456.37 0
2031 6 26.00019 13.567176 512.7 170.580612 455.82 0
2031 7 28.42007 15.6726 503.7 84.268106 454.3 0
2031 8 25.562157 12.873923 439.3 153.1364536 451.71 0
2031 9 23.408863 9.707085 346.6 163.30596 450.71 0
2031 10 15.101854 2.3658166 255.1 61.1982191 450.57 0
2031 11 8.581734 -2.3832374 163.1 124.72053 452 0
2031 12 3.4446542 -4.2265997 125 187.8184755 453.21 0
2032 1 0.51020896 -8.768246 143.5 27.3621035 456.18 0
2032 2 2.6919017 -7.696513 209.8 72.5266996 457.1 0
2032 3 3.726707 -6.7512355 301.6 70.9858243 458.08 0
2032 4 14.139308 2.1549096 391.2 135.23073 459.54 0
2032 5 21.770561 6.8146567 461.6 59.8261281 460.08 0
2032 6 27.72238 12.227292 512.7 48.634392 459.53 0
2032 7 30.570396 16.134293 503.7 108.4059491 458.01 0
2032 8 28.099762 12.550403 439.3 51.4652886 455.42 0
2032 9 23.58739 9.570359 346.6 90.074178 454.42 0
2032 10 18.28533 5.986151 255.1 124.814463 454.28 0
2032 11 8.586154 -1.8586748 163.1 57.844587 455.71 0
2032 12 3.58786 -4.7684345 125 41.5749339 456.92 0
2033 1 3.3240457 -5.432863 143.5 87.5254961 459.96 0
2033 2 1.9733156 -9.161531 209.8 59.8551395 460.88 0
2033 3 4.9769115 -5.438218 301.6 67.4802606 461.86 0
2033 4 12.315649 0.92395604 391.2 82.215186 463.32 0
2033 5 23.764072 10.446378 461.6 150.965629 463.86 0
2033 6 25.682741 12.205924 512.7 90.684621 463.31 0
2033 7 28.864553 14.023453 503.7 61.8674099 461.79 0
2033 8 27.129807 14.542663 439.3 92.83477 459.2 0
2033 9 23.484335 10.500735 346.6 71.63274 458.2 0
2033 10 15.581649 1.4736284 255.1 48.958517 458.06 0
2033 11 8.443803 -2.007157 163.1 52.024422 459.49 0
2033 12 4.40724 -2.8318825 125 111.129265 460.7 0
2034 1 -4.397756 -15.779284 143.5 45.2914526 463.85 0
2034 2 0.43828228 -10.789156 209.8 45.80479295 464.77 0
2034 3 5.124523 -4.589448 301.6 134.889091 465.75 0
2034 4 12.370439 -0.34452593 391.2 77.361159 467.21 0
2034 5 22.245777 5.7977834 461.6 43.392932 467.75 0
2034 6 28.166729 13.0438175 512.7 119.512254 467.2 0
2034 7 30.253355 17.047617 503.7 203.238356 465.68 0
2034 8 28.015654 12.201254 439.3 57.4634631 463.09 0
2034 9 20.881678 7.199311 346.6 69.565302 462.09 0
2034 10 14.910256 1.5126556 255.1 66.6858267 461.95 0
2034 11 8.34563 -0.81771815 163.1 129.20031 463.38 0
2034 12 1.0535814 -9.864665 125 131.555568 464.59 0
2035 1 -1.4506084 -9.692408 143.5 153.219794 467.85 0
2035 2 1.9249455 -7.726697 209.8 54.4419875 468.77 0
2035 3 5.5989466 -4.848198 301.6 54.5442613 469.75 0
2035 4 15.758128 2.399576 391.2 40.437165 471.21 0
2035 5 24.035612 9.298536 461.6 130.4956036 471.75 0
2035 6 26.818111 12.335423 512.7 97.60584 471.2 0
2035 7 28.135424 14.297912 503.7 168.9356563 469.68 0
2035 8 28.212166 15.532329 439.3 126.371283 467.09 0
2035 9 20.869167 7.161686 346.6 55.514574 466.09 0
2035 10 16.133871 4.48915 255.1 147.468147 465.95 0
2035 11 5.309509 -2.6849442 163.1 157.481331 467.38 0
2035 12 3.9104197 -3.7419567 125 78.5815745 468.59 0
2036 1 -1.1304213 -10.3726225 143.5 66.1922044 471.96 0
2036 2 1.1061468 -9.9906 209.8 65.0659989 472.88 0
2036 3 3.9126296 -6.4332814 301.6 69.25989 473.86 0
2036 4 10.380911 -0.985082 391.2 138.147198 475.32 0
2036 5 22.304758 7.4078784 461.6 58.9181257 475.86 0
2036 6 24.895746 13.335484 512.7 136.918302 475.31 0
2036 7 27.87061 15.503161 503.7 168.677014 473.79 0
2036 8 26.03732 12.875722 439.3 130.627335 471.2 0
2036 9 21.896645 11.776941 346.6 125.11209 470.2 0
2036 10 15.196965 1.9180905 255.1 63.0022393 470.06 0
2036 11 10.461243 0.2501955 163.1 56.541015 471.49 0
2036 12 1.1833516 -9.980752 125 27.85970186 472.7 0
2037 1 1.4490148 -7.7713976 143.5 79.827914 476.18 0
2037 2 -1.1212196 -11.246929 209.8 64.703390375 477.1 0
2037 3 4.2274227 -5.6704736 301.6 129.1556937 478.08 0
2037 4 12.915232 -0.34537926 391.2 34.22634 479.54 0
2037 5 20.056955 6.1392493 461.6 45.5687786 480.08 0
2037 6 24.809166 11.728266 512.7 87.27717 479.53 0
2037 7 27.176798 15.224463 503.7 190.122008 478.01 0
2037 8 29.464605 14.833211 439.3 48.205 475.42 0
2037 9 23.454792 9.555675 346.6 151.603275 474.42 0
2037 10 15.847584 1.8759338 255.1 58.9079515 474.28 0
2037 11 9.309983 0.17419577 163.1 140.43366 475.71 0
2037 12 6.734095 -2.4931974 125 34.460964 476.92 0
2038 1 -1.8764051 -11.592096 143.5 43.3784116 480.51 0
2038 2 3.8006728 -6.8101497 209.8 52.02612095 481.43 0
2038 3 4.105322 -5.964259 301.6 84.8297423 482.41 0
2038 4 15.704393 2.2723956 391.2 78.010761 483.87 0
2038 5 20.854557 6.5022388 461.6 81.417625 484.41 0
2038 6 27.844297 13.336313 512.7 77.638572 483.86 0
2038 7 30.54282 15.614347 503.7 69.62569 482.34 0
2038 8 27.830364 13.611592 439.3 87.400253 479.75 0
2038 9 22.292238 9.152039 346.6 86.480118 478.75 0
2038 10 15.819866 1.7633479 255.1 66.9941496 478.61 0
2038 11 8.116619 -2.2333984 163.1 53.551023 480.04 0
2038 12 5.3433766 -3.6141953 125 92.266478 481.25 0
2039 1 -0.81305206 -8.671582 143.5 98.476088 484.93 0
2039 2 0.22131321 -10.452945 209.8 63.980749725 485.85 0
2039 3 3.1861057 -6.391968 301.6 142.720094 486.83 0
2039 4 17.03732 2.7745326 391.2 54.362214 488.29 0
2039 5 19.864765 7.8327017 461.6 126.1184904 488.83 0
2039 6 26.486586 12.289871 512.7 109.971987 488.28 0
2039 7 29.169466 14.427191 503.7 98.0159302 486.76 0
2039 8 26.799688 11.824548 439.3 115.74811 484.17 0
2039 9 21.73613 9.575416 346.6 120.057792 483.17 0
2039 10 18.073051 4.92802 255.1 40.9904599 483.03 0
2039 11 8.77141 0.10275769 163.1 185.043138 484.46 0
2039 12 5.108427 -3.0159469 125 145.9013977 485.67 0
2040 1 1.0616091 -6.044717 143.5 123.1822417 489.44 0
2040 2 7.0556617 -3.2072878 209.8 79.031796025 490.36 0
2040 3 6.380598 -1.1976838 301.6 182.4641276 491.34 0
2040 4 11.635266 0.7572056 391.2 95.70273 492.8 0
2040 5 24.380344 9.631968 461.6 60.6063826 493.34 0
2040 6 26.793922 13.048813 512.7 104.570538 492.79 0
2040 7 29.486202 13.52144 503.7 51.3476312 491.27 0
2040 8 28.276127 15.682222 439.3 125.3039468 488.68 0
2040 9 24.490913 11.093466 346.6 127.0101 487.68 0
2040 10 16.213623 2.7035847 255.1 73.632657 487.54 0
2040 11 7.424361 -1.8806043 163.1 60.700737 488.97 0
2040 12 0.48495585 -10.251397 125 64.8661763 490.18 0
2041 1 -0.013968706 -9.089678 143.5 96.4000118 494.03 0
2041 2 6.41031 -3.8422213 209.8 72.194796 494.95 0
2041 3 8.330595 -3.1357942 301.6 74.3044022 495.93 0
2041 4 12.311858 -0.15187779 391.2 77.839809 497.39 0
2041 5 21.801975 7.4097624 461.6 124.7776195 497.93 0
2041 6 26.635157 12.319843 512.7 135.61329 497.38 0
2041 7 28.012302 14.757833 503.7 112.0583567 495.86 0
2041 8 28.15904 13.135945 439.3 65.1155186 493.27 0
2041 9 21.524183 8.181952 346.6 112.22388 492.27 0
2041 10 19.291687 5.932125 255.1 109.3912562 492.13 0
2041 11 9.356222 -0.6878648 163.1 108.242862 493.56 0
2041 12 6.81918 -2.5160384 125 154.869211 494.77 0
2042 1 0.94457066 -8.257824 143.5 34.5523923 498.73 0
2042 2 1.9735402 -9.071168 209.8 39.63815695 499.65 0
2042 3 6.5111656 -3.6131227 301.6 100.9557439 500.63 0
2042 4 15.919353 3.6911204 391.2 89.561592 502.09 0
2042 5 21.385572 7.619959 461.6 152.8494184 502.63 0
2042 6 28.895304 13.293243 512.7 90.751812 502.08 0
2042 7 28.512987 15.239617 503.7 120.2659818 500.56 0
2042 8 27.760834 13.82276 439.3 88.9912815 497.97 0
2042 9 22.364594 10.791136 346.6 124.45251 496.97 0
2042 10 15.581085 2.6936564 255.1 73.397119 496.83 0
2042 11 8.919058 -0.30143332 163.1 174.42546 498.26 0
2042 12 2.2873435 -9.426019 125 73.1611935 499.47 0
2043 1 0.090224385 -9.29067 143.5 72.655444 503.53 0
2043 2 1.4752997 -9.522233 209.8 76.53278125 504.45 0
2043 3 4.625618 -5.9262943 301.6 85.0730303 505.43 0
2043 4 11.116009 -0.8636356 391.2 109.751208 506.89 0
2043 5 21.413198 7.8438206 461.6 152.33028 507.43 0
2043 6 25.167473 11.082725 512.7 54.413832 506.88 0
2043 7 27.277521 13.988621 503.7 102.0399906 505.36 0
2043 8 27.1096 14.061182 439.3 95.2625784 502.77 0
2043 9 22.342804 9.010879 346.6 74.813904 501.77 0
2043 10 13.93182 1.9922612 255.1 62.1959572 501.63 0
2043 11 9.288425 -0.5020051 163.1 142.114161 503.06 0
2043 12 5.4931617 -3.083816 125 90.9959957 504.27 0
2044 1 3.6340861 -4.445918 143.5 64.5819187 508.43 0
2044 2 3.3569708 -7.2967224 209.8 76.78013825 509.35 0
2044 3 9.058197 -2.4488158 301.6 95.7732507 510.33 0
2044 4 12.589155 0.66226745 391.2 94.3407 511.79 0
2044 5 22.263037 6.570553 461.6 73.7554883 512.33 0
2044 6 28.38525 13.279733 512.7 114.480486 511.78 0
2044 7 27.667055 13.871521 503.7 98.2145038 510.26 0
2044 8 27.644331 14.472126 439.3 80.0858433 507.67 0
2044 9 24.761639 9.981692 346.6 87.448689 506.67 0
2044 10 14.902388 3.0454025 255.1 117.6994515 506.53 0
2044 11 7.929185 -0.49785757 163.1 118.27026 507.96 0
2044 12 4.206404 -4.3133955 125 131.13713 509.17 0
2045 1 2.6540904 -6.1442122 143.5 85.9364361 513.46 0
2045 2 5.0321856 -6.520286 209.8 66.789110475 514.38 0
2045 3 9.231583 -1.7056599 301.6 59.1244524 515.36 0
2045 4 12.172796 -0.11581104 391.2 65.804958 516.82 0
2045 5 21.804754 7.0234966 461.6 55.2660188 517.36 0
2045 6 26.605444 12.382308 512.7 116.583666 516.81 0
2045 7 30.678818 15.992262 503.7 82.0911775 515.29 0
2045 8 28.06211 15.422165 439.3 143.6918665 512.7 0
2045 9 23.22426 11.665164 346.6 170.56695 511.7 0
2045 10 13.64691 2.2396383 255.1 144.9594317 511.56 0
2045 11 9.92879 1.7466979 163.1 108.64344 512.99 0
2045 12 7.246021 -1.9762497 125 77.5226982 514.2 0
2046 1 2.3292174 -7.6739445 143.5 130.041838 518.61 0
2046 2 2.5021622 -7.7073784 209.8 46.605768025 519.53 0
2046 3 6.3948255 -4.053603 301.6 143.577368 520.51 0
2046 4 16.978874 5.312791 391.2 202.838145 521.97 0
2046 5 23.504608 8.890587 461.6 170.6820537 522.51 0
2046 6 28.220417 14.462708 512.7 104.365089 521.96 0
2046 7 29.058863 15.208085 503.7 144.290647 520.44 0
2046 8 28.751911 16.449194 439.3 157.599536 517.85 0
2046 9 22.99541 10.321242 346.6 165.95178 516.85 0
2046 10 19.326057 4.941077 255.1 53.3042241 516.71 0
2046 11 6.6984444 -2.0022333 163.1 71.809608 518.14 0
2046 12 3.4501936 -4.3372083 125 121.0094176 519.35 0
2047 1 5.494153 -3.0844765 143.5 73.8510086 523.9 0
2047 2 1.0021052 -9.637549 209.8 101.61256625 524.82 0
2047 3 5.225793 -4.440031 301.6 83.012079 525.8 0
2047 4 16.013279 4.438906 391.2 168.971415 527.26 0
2047 5 21.420586 6.573915 461.6 98.5519667 527.8 0
2047 6 27.969954 12.041899 512.7 54.576081 527.25 0
2047 7 29.297642 16.058449 503.7 147.406829 525.73 0
2047 8 28.859406 15.017556 439.3 66.3913267 523.14 0
2047 9 22.556633 8.871384 346.6 70.306098 522.14 0
2047 10 17.394375 6.6222663 255.1 122.8040603 522 0
2047 11 11.4722805 0.5936754 163.1 134.78316 523.43 0
2047 12 0.14996733 -9.8199625 125 46.7074582 524.64 0
2048 1 0.7831346 -8.256074 143.5 102.4911801 529.32 0
2048 2 3.9739034 -7.243197 209.8 96.448316525 530.24 0
2048 3 6.045307 -4.5767136 301.6 68.0639565 531.22 0
2048 4 19.578173 4.0532393 391.2 29.247081 532.68 0
2048 5 21.170937 7.925412 461.6 96.9242373 533.22 0
2048 6 26.495583 15.505884 512.7 210.44679 532.67 0
2048 7 31.101437 18.113567 503.7 130.679167 531.15 0
2048 8 28.876503 13.529425 439.3 67.532322 528.56 0
2048 9 23.014063 9.829601 346.6 78.104925 527.56 0
2048 10 16.30927 3.7802544 255.1 164.4321406 527.42 0
2048 11 11.415758 2.1114998 163.1 94.200039 528.85 0
2048 12 -0.3845732 -9.963168 125 84.1248209 530.06 0
2049 1 -1.8081409 -13.223549 143.5 74.9481916 534.88 0
2049 2 5.915829 -4.6614666 209.8 89.679814275 535.8 0
2049 3 5.8309712 -4.9629183 301.6 111.3158292 536.78 0
2049 4 14.030471 0.86602384 391.2 61.89357 538.24 0
2049 5 22.34813 7.6498876 461.6 140.1152694 538.78 0
2049 6 26.607681 13.611675 512.7 134.730591 538.23 0
2049 7 29.183317 15.698683 503.7 166.0119037 536.71 0
2049 8 28.775642 16.201788 439.3 131.692619 534.12 0
2049 9 23.1726 10.030305 346.6 57.520554 533.12 0
2049 10 16.306221 3.329116 255.1 105.2750793 532.98 0
2049 11 9.128029 -0.37695646 163.1 123.478731 534.41 0
2049 12 3.6808205 -4.6181107 125 34.4532946 535.62 0
2050 1 -0.7712952 -12.233096 143.5 51.6398744 540.54 0
2050 2 -0.41501188 -10.427232 209.8 70.0441235 541.46 0
2050 3 4.315453 -6.878066 301.6 99.9355153 542.44 0
2050 4 16.333221 4.7405825 391.2 121.53468 543.9 0
2050 5 22.512602 9.234422 461.6 148.421738 544.44 0
2050 6 25.685001 11.886596 512.7 121.43541 543.89 0
2050 7 29.494867 15.577623 503.7 95.848869 542.37 0
2050 8 28.065517 16.63075 439.3 146.930266 539.78 0
2050 9 24.56936 10.122784 346.6 75.96579 538.78 0
2050 10 16.856583 3.2701154 255.1 53.0992428 538.64 0
2050 11 7.0895057 -1.7049009 163.1 62.09787 540.07 0
2050 12 6.6851606 -2.1023126 125 108.4488097 541.28 0
2051 1 6.5862575 -1.6571398 143.5 102.4167553 546.32 0
2051 2 1.7309188 -7.665766 209.8 65.8737342 547.24 0
2051 3 5.2170386 -5.986443 301.6 54.1875877 548.22 0
2051 4 15.495635 3.7643242 391.2 142.439691 549.68 0
2051 5 22.697632 8.515223 461.6 160.9319244 550.22 0
2051 6 26.784576 13.756869 512.7 117.16569 549.67 0
2051 7 30.57925 16.529257 503.7 116.891142 548.15 0
2051 8 28.736153 15.197894 439.3 163.914298 545.56 0
2051 9 25.28474 12.285744 346.6 75.130848 544.56 0
2051 10 17.452106 6.991892 255.1 167.569353 544.42 0
2051 11 8.051198 -0.9645699 163.1 54.258048 545.85 0
2051 12 6.5529814 -2.081244 125 72.438041 547.06 0
2052 1 1.148069 -8.52821 143.5 70.5859553 552.21 0
2052 2 1.4308374 -9.214986 209.8 47.556832525 553.13 0
2052 3 7.5199966 -4.295465 301.6 77.2807308 554.11 0
2052 4 19.897552 5.7047505 391.2 34.159821 555.57 0
2052 5 23.535156 9.11843 461.6 119.3024894 556.11 0
2052 6 28.725742 14.058877 512.7 88.681119 555.56 0
2052 7 29.76938 16.410686 503.7 85.0368068 554.04 0
2052 8 27.79876 14.117078 439.3 62.0590395 551.45 0
2052 9 23.584991 7.6349893 346.6 40.657617 550.45 0
2052 10 15.807733 3.8067827 255.1 155.8595556 550.31 0
2052 11 6.904855 -1.4568177 163.1 94.816512 551.74 0
2052 12 1.0754606 -7.3476276 125 91.7628768 552.95 0
2053 1 1.2658323 -7.85731 143.5 95.4893992 558.21 0
2053 2 2.0200138 -8.479735 209.8 84.806779675 559.13 0
2053 3 5.7734327 -4.7967863 301.6 121.2962916 560.11 0
2053 4 17.277895 4.938458 391.2 96.295539 561.57 0
2053 5 23.5661 8.009715 461.6 66.0891542 562.11 0
2053 6 24.975952 11.711111 512.7 48.045732 561.56 0
2053 7 30.868204 17.19511 503.7 100.6130017 560.04 0
2053 8 26.919867 14.1077175 439.3 142.188785 557.45 0
2053 9 24.576845 9.966463 346.6 52.278717 556.45 0
2053 10 16.82651 3.6220026 255.1 22.39053864 556.31 0
2053 11 11.555527 1.8053012 163.1 85.468032 557.74 0
2053 12 1.8374146 -8.191118 125 60.7785535 558.95 0
2054 1 2.7817736 -5.541856 143.5 88.2969683 564.31 0
2054 2 2.1215308 -8.964408 209.8 99.645272975 565.23 0
2054 3 9.152035 -2.4697332 301.6 138.4028697 566.21 0
2054 4 13.527609 3.0000005 391.2 150.404892 567.67 0
2054 5 22.639694 7.051705 461.6 72.894237 568.21 0
2054 6 28.688532 14.28994 512.7 77.20431 567.66 0
2054 7 30.16589 17.318611 503.7 105.7024856 566.14 0
2054 8 28.63303 15.154961 439.3 109.2821424 563.55 0
2054 9 24.44193 11.199924 346.6 103.99731 562.55 0
2054 10 17.279648 5.319818 255.1 99.261349 562.41 0
2054 11 8.964645 0.21518707 163.1 51.543393 563.84 0
2054 12 4.996491 -3.6008434 125 137.6598834 565.05 0
2055 1 4.5108867 -4.9442124 143.5 78.0089208 570.52 0
2055 2 3.5522225 -6.785218 209.8 63.50394905 571.44 0
2055 3 7.0846214 -4.0498576 301.6 88.5111876 572.42 0
2055 4 14.454373 2.3197331 391.2 27.985707 573.88 0
2055 5 23.335098 8.328703 461.6 116.2366607 574.42 0
2055 6 27.802105 13.766544 512.7 113.442663 573.87 0
2055 7 30.431883 16.94727 503.7 79.928416 572.35 0
2055 8 27.45955 14.585207 439.3 165.2973134 569.76 0
2055 9 22.583824 8.236623 346.6 45.569025 568.76 0
2055 10 19.453846 8.132638 255.1 91.0623512 568.62 0
2055 11 11.68058 1.5375547 163.1 61.319655 570.05 0
2055 12 2.7331195 -7.935859 125 62.9210844 571.26 0
2056 1 0.8398844 -8.186041 143.5 48.7675105 576.84 0
2056 2 6.30975 -3.431056 209.8 68.496393575 577.76 0
2056 3 7.194048 -2.7318702 301.6 121.9126026 578.74 0
2056 4 14.711891 4.7875915 391.2 200.61612 580.2 0
2056 5 22.895529 7.9329987 461.6 42.9369003 580.74 0
2056 6 28.74964 12.215872 512.7 38.345649 580.19 0
2056 7 30.256378 14.418095 503.7 101.4752977 578.67 0
2056 8 27.563904 13.87803 439.3 123.958367 576.08 0
2056 9 26.033728 13.804821 346.6 125.531601 575.08 0
2056 10 16.978045 4.2061276 255.1 62.4779146 574.94 0
2056 11 11.10446 2.0434341 163.1 190.17429 576.37 0
2056 12 4.317964 -3.7832189 125 228.3735156 577.58 0
2057 1 4.2766743 -4.5247664 143.5 60.8122009 583.3 0
2057 2 8.2070675 -3.1231527 209.8 47.3696 584.22 0
2057 3 7.9655237 -2.929501 301.6 74.7216064 585.2 0
2057 4 17.639572 3.353396 391.2 42.883194 586.66 0
2057 5 22.071793 7.930436 461.6 126.673657 587.2 0
2057 6 26.823423 12.985628 512.7 44.566854 586.65 0
2057 7 30.327164 15.916657 503.7 100.9916047 585.13 0
2057 8 30.18171 16.2308 439.3 94.8505233 582.54 0
2057 9 25.028063 10.479214 346.6 48.061989 581.54 0
2057 10 19.051197 6.420707 255.1 60.0672492 581.4 0
2057 11 10.242753 0.53319454 163.1 85.0881 582.83 0
2057 12 4.5282845 -3.4309554 125 107.590739 584.04 0
2058 1 4.106411 -4.7615185 143.5 89.9972532 589.91 0
2058 2 2.4544568 -10.261829 209.8 45.352776 590.83 0
2058 3 7.910735 -2.2966592 301.6 69.7574648 591.81 0
2058 4 16.771933 3.1784167 391.2 74.736363 593.27 0
2058 5 23.957619 9.316423 461.6 89.8055523 593.81 0
2058 6 27.747398 12.810783 512.7 43.70118 593.26 0
2058 7 29.275105 16.528402 503.7 115.3068963 591.74 0
2058 8 28.518082 16.290789 439.3 89.391631 589.15 0
2058 9 23.688648 10.921754 346.6 122.326041 588.15 0
2058 10 18.649479 6.977417 255.1 100.5111543 588.01 0
2058 11 7.9835987 -0.9364655 163.1 117.53751 589.44 0
2058 12 2.356689 -5.2392435 125 62.1849801 590.65 0
2059 1 2.2179642 -6.239053 143.5 64.0416972 596.65 0
2059 2 2.8638606 -7.42422 209.8 73.43707845 597.57 0
2059 3 9.892437 -1.8641634 301.6 128.266189 598.55 0
2059 4 13.094847 0.48290446 391.2 113.30445 600.01 0
2059 5 20.322426 7.9348674 461.6 158.8678173 600.55 0
2059 6 27.816397 13.309798 512.7 74.152752 600 0
2059 7 32.20731 16.82298 503.7 79.9493255 598.48 0
2059 8 27.807108 13.449321 439.3 53.9048367 595.89 0
2059 9 24.079437 8.3206415 346.6 55.399395 594.89 0
2059 10 16.041687 4.443228 255.1 246.646137 594.75 0
2059 11 9.792501 -0.5726471 163.1 136.05306 596.18 0
2059 12 3.9188035 -4.277814 125 97.2237004 597.39 0
2060 1 -0.8671051 -11.859085 143.5 18.31959446 603.52 0
2060 2 2.879281 -8.119219 209.8 57.45371435 604.44 0
2060 3 7.84225 -2.3660922 301.6 120.6258267 605.42 0
2060 4 18.25015 5.0556293 391.2 43.262118 606.88 0
2060 5 26.104555 11.580226 461.6 73.7124882 607.42 0
2060 6 27.259996 13.219166 512.7 107.22291 606.87 0
2060 7 30.140663 15.943812 503.7 99.507644 605.35 0
2060 8 30.4195 16.559208 439.3 115.8085755 602.76 0
2060 9 24.99515 10.471727 346.6 52.163289 601.76 0
2060 10 18.024206 4.889839 255.1 122.548022 601.62 0
2060 11 10.145346 0.03889227 163.1 87.96339 603.05 0
2060 12 2.7424371 -6.0982146 125 53.8094156 604.26 0
2061 1 2.860682 -6.856128 143.5 54.5293751 610.52 0
2061 2 7.6207857 -3.10785 209.8 96.2708811 611.44 0
2061 3 10.326353 -2.4879591 301.6 73.4142248 612.42 0
2061 4 17.646385 4.4825706 391.2 49.569678 613.88 0
2061 5 20.884443 6.9352107 461.6 75.0145254 614.42 0
2061 6 29.648651 14.716137 512.7 93.659655 613.87 0
2061 7 30.501537 14.768417 503.7 79.8569517 612.35 0
2061 8 30.129898 15.458192 439.3 55.4773458 609.76 0
2061 9 23.395113 9.538611 346.6 108.589431 608.76 0
2061 10 20.462011 8.834152 255.1 86.499765 608.62 0
2061 11 7.147617 -0.41974568 163.1 180.324441 610.05 0
2061 12 1.2367629 -4.0819893 125 83.0111118 611.26 0
2062 1 4.858233 -4.093687 143.5 37.5562303 617.61 0
2062 2 7.047944 -2.846733 209.8 73.924987025 618.53 0
2062 3 6.665407 -3.9250124 301.6 115.0438148 619.51 0
2062 4 17.188995 4.8171983 391.2 94.970991 620.97 0
2062 5 24.003574 9.2458 461.6 67.4539633 621.51 0
2062 6 29.340698 15.492636 512.7 114.387996 620.96 0
2062 7 30.106817 14.1120615 503.7 46.9662772 619.44 0
2062 8 28.751457 13.8674345 439.3 83.591996 616.85 0
2062 9 23.767612 8.829433 346.6 84.122121 615.85 0
2062 10 17.676836 4.57254 255.1 98.1827598 615.71 0
2062 11 12.156451 2.3603425 163.1 117.479532 617.14 0
2062 12 6.9678993 -1.843193 125 156.6345587 618.35 0
2063 1 6.6142907 -1.5812454 143.5 123.7701102 624.76 0
2063 2 0.831651 -10.079242 209.8 90.7016422 625.68 0
2063 3 6.5483675 -4.3046255 301.6 152.2427515 626.66 0
2063 4 17.520739 1.1840451 391.2 28.553553 628.12 0
2063 5 23.92119 8.96349 461.6 69.345946 628.66 0
2063 6 29.378513 13.469486 512.7 72.058188 628.11 0
2063 7 30.37018 17.456354 503.7 105.6968157 626.59 0
2063 8 29.56813 16.668175 439.3 164.7495682 624 0
2063 9 22.360203 8.331766 346.6 69.195429 623 0
2063 10 18.393913 6.0624285 255.1 103.619794 622.86 0
2063 11 10.56371 0.8009939 163.1 61.101237 624.29 0
2063 12 6.258135 -2.1352262 125 137.6512654 625.5 0
2064 1 1.5490783 -7.4191833 143.5 98.4999952 631.99 0
2064 2 4.514716 -5.7013097 209.8 107.53573245 632.91 0
2064 3 5.89401 -5.755551 301.6 53.2382685 633.89 0
2064 4 19.247795 7.2715244 391.2 123.50997 635.35 0
2064 5 26.314264 11.155424 461.6 79.3583043 635.89 0
2064 6 26.37458 13.573666 512.7 100.893351 635.34 0
2064 7 29.890564 15.766637 503.7 84.2511552 633.82 0
2064 8 29.15682 14.439919 439.3 95.3962938 631.23 0
2064 9 24.209234 10.556288 346.6 168.42495 630.23 0
2064 10 19.181992 5.0409317 255.1 70.6236296 630.09 0
2064 11 10.077677 -1.0383139 163.1 78.856194 631.52 0
2064 12 0.7258198 -9.649528 125 87.8497313 632.73 0
2065 1 6.506309 -3.1882572 143.5 86.3382178 639.29 0
2065 2 5.000113 -5.5113697 209.8 95.412671525 640.21 0
2065 3 7.5479093 -3.8803158 301.6 133.1762077 641.19 0
2065 4 14.517692 3.4450061 391.2 213.121719 642.65 0
2065 5 20.446022 5.349438 461.6 94.2909454 643.19 0
2065 6 27.696064 12.505543 512.7 95.814456 642.64 0
2065 7 30.642136 15.664162 503.7 88.367577 641.12 0
2065 8 29.649883 14.98093 439.3 101.5136664 638.53 0
2065 9 23.769913 11.274908 346.6 93.834084 637.53 0
2065 10 18.370934 4.779879 255.1 68.5309684 637.39 0
2065 11 11.257087 1.0570617 163.1 179.033175 638.82 0
2065 12 2.5815582 -6.87617 125 151.8544734 640.03 0
2066 1 5.162674 -2.941248 143.5 216.5946037 646.65 0
2066 2 3.6680386 -6.4807568 209.8 66.096194475 647.57 0
2066 3 6.6210933 -5.5442433 301.6 62.021669 648.55 0
2066 4 17.451984 4.0006022 391.2 83.552142 650.01 0
2066 5 25.280571 11.041286 461.6 98.5154797 650.55 0
2066 6 28.206738 13.680061 512.7 49.117995 650 0
2066 7 30.907879 16.571114 503.7 99.4688413 648.48 0
2066 8 30.424793 17.108389 439.3 62.2302587 645.89 0
2066 9 25.564747 11.77923 346.6 132.88476 644.89 0
2066 10 18.120602 4.5902805 255.1 104.362988 644.75 0
2066 11 10.927151 1.150393 163.1 85.908159 646.18 0
2066 12 4.0908246 -2.1986008 125 109.7777239 647.39 0
2067 1 0.19845378 -10.418904 143.5 185.7125215 654.1 0
2067 2 -0.30283028 -11.519041 209.8 43.125594025 655.02 0
2067 3 6.6522727 -5.373092 301.6 52.759985 656 0
2067 4 18.389147 4.710755 391.2 99.31779 657.46 0
2067 5 22.281181 7.529592 461.6 62.5223562 658 0
2067 6 27.210484 14.061754 512.7 107.48901 657.45 0
2067 7 29.196459 16.323004 503.7 137.4366307 655.93 0
2067 8 29.163736 14.6123295 439.3 51.4708686 653.34 0
2067 9 24.062098 10.243998 346.6 79.15284 652.34 0
2067 10 17.493393 3.9468608 255.1 78.4302046 652.2 0
2067 11 9.367394 -0.8592063 163.1 87.294939 653.63 0
2067 12 1.426241 -6.57895 125 73.9672307 654.84 0
2068 1 1.2482461 -6.806276 143.5 97.146653 661.64 0
2068 2 1.0735722 -9.940078 209.8 69.80638845 662.56 0
2068 3 6.126736 -4.917282 301.6 131.1548 663.54 0
2068 4 15.058723 3.3603573 391.2 100.431432 665 0
2068 5 23.912857 10.417923 461.6 134.3500723 665.54 0
2068 6 27.666712 14.459105 512.7 88.032726 664.99 0
2068 7 30.0079 19.218254 503.7 246.355946 663.47 0
2068 8 31.725666 16.851364 439.3 89.2752508 660.88 0
2068 9 23.77671 10.911821 346.6 108.31701 659.88 0
2068 10 22.759151 7.3478804 255.1 22.29734024 659.74 0
2068 11 8.641304 -1.2157335 163.1 33.640581 661.17 0
2068 12 2.831503 -4.543736 125 114.4406974 662.38 0
2069 1 2.7069721 -7.1506286 143.5 48.3200348 669.3 0
2069 2 5.7482314 -4.7875295 209.8 46.5104384 670.22 0
2069 3 7.5035086 -3.2099764 301.6 73.510982 671.2 0
2069 4 14.4817095 2.8334618 391.2 96.471039 672.66 0
2069 5 24.2157 8.042066 461.6 64.9584168 673.2 0
2069 6 28.533577 13.964914 512.7 124.52178 672.65 0
2069 7 30.958675 17.83137 503.7 110.9032347 671.13 0
2069 8 30.432772 15.893028 439.3 85.6792012 668.54 0
2069 9 24.161108 9.772664 346.6 48.365592 667.54 0
2069 10 18.385853 5.4620514 255.1 139.296516 667.4 0
2069 11 10.572437 0.89347935 163.1 175.51563 668.83 0
2069 12 4.7655444 -2.5290594 125 37.6992178 670.04 0
2070 1 0.34259403 -7.738137 143.5 96.4894127 677.08 0
2070 2 2.3363085 -9.498278 209.8 176.8221062 678 0
2070 3 5.8888226 -4.726467 301.6 92.2235275 678.98 0
2070 4 18.665531 7.6021075 391.2 84.798468 680.44 0
2070 5 22.330456 8.15467 461.6 71.5960748 680.98 0
2070 6 27.90554 13.985529 512.7 109.059912 680.43 0
2070 7 30.39078 17.386332 503.7 154.5796307 678.91 0
2070 8 32.832554 18.858881 439.3 132.5488328 676.32 0
2070 9 26.597084 12.917444 346.6 137.09115 675.32 0
2070 10 18.632236 6.093948 255.1 236.875681 675.18 0
2070 11 10.508911 -0.61092234 163.1 43.769832 676.61 0
2070 12 5.1199317 -3.0965214 125 69.8495038 677.82 0
2071 1 -3.1643896 -14.192928 143.5 57.4501269 684.95 0
2071 2 2.751526 -8.415838 209.8 90.94388595 685.87 0
2071 3 7.29099 -1.1534219 301.6 140.734048 686.85 0
2071 4 13.1854725 -0.011108756 391.2 42.57189 688.31 0
2071 5 24.691055 9.693897 461.6 71.1134203 688.85 0
2071 6 27.821436 13.466795 512.7 148.52292 688.3 0
2071 7 32.59845 17.51351 503.7 128.923141 686.78 0
2071 8 32.02172 17.805155 439.3 130.041807 684.19 0
2071 9 24.194103 10.099275 346.6 71.043321 683.19 0
2071 10 19.525318 5.4268713 255.1 89.8642291 683.05 0
2071 11 12.143023 3.0777464 163.1 147.156615 684.48 0
2071 12 1.8068217 -6.266157 125 78.7890234 685.69 0
2072 1 2.6588898 -6.105493 143.5 44.9198494 692.9 0
2072 2 3.8253987 -8.035494 209.8 29.235803525 693.82 0
2072 3 7.3218546 -3.2187722 301.6 69.9122478 694.8 0
2072 4 14.021651 1.5940721 391.2 173.769465 696.26 0
2072 5 21.9824 6.9429245 461.6 121.7410672 696.8 0
2072 6 31.250053 14.29456 512.7 58.677339 696.25 0
2072 7 31.919807 16.757767 503.7 61.317473 694.73 0
2072 8 29.98733 14.790104 439.3 94.0763696 692.14 0
2072 9 25.449265 11.524181 346.6 120.067965 691.14 0
2072 10 19.242329 7.901918 255.1 106.8379753 691 0
2072 11 10.707807 -0.55773354 163.1 51.331863 692.43 0
2072 12 1.8728716 -7.880276 125 66.3826994 693.64 0
2073 1 -0.5759623 -12.204653 143.5 27.44023807 700.89 0
2073 2 1.9409808 -9.446754 209.8 122.61349195 701.81 0
2073 3 7.143423 -3.4197903 301.6 123.6366955 702.79 0
2073 4 13.523745 2.7399101 391.2 105.949509 704.25 0
2073 5 25.548073 8.282569 461.6 38.3704267 704.79 0
2073 6 28.37294 13.489767 512.7 104.415051 704.24 0
2073 7 31.889233 17.325043 503.7 64.5669674 702.72 0
2073 8 30.247334 15.927395 439.3 64.176138 700.13 0
2073 9 25.768906 12.884736 346.6 94.163841 699.13 0
2073 10 17.936813 4.1848326 255.1 58.1463001 698.99 0
2073 11 9.393096 0.8698311 163.1 179.180832 700.42 0
2073 12 7.723573 -1.5519223 125 34.0422253 701.63 0
2074 1 4.064888 -4.589663 143.5 190.4045327 708.93 0
2074 2 7.7928667 -4.216202 209.8 24.2987177 709.85 0
2074 3 8.282429 0.009676456 301.6 135.5837297 710.83 0
2074 4 14.776298 2.9230616 391.2 96.324657 712.29 0
2074 5 24.695816 8.731208 461.6 90.6378806 712.83 0
2074 6 27.841345 12.371228 512.7 147.74208 712.28 0
2074 7 31.425587 18.08491 503.7 97.7824723 710.76 0
2074 8 30.49598 16.26127 439.3 112.8556426 708.17 0
2074 9 24.187298 11.100517 346.6 76.25574 707.17 0
2074 10 20.312748 8.752889 255.1 85.738064 707.03 0
2074 11 12.795233 4.231366 163.1 164.739432 708.46 0
2074 12 9.112752 -0.46223545 125 90.5280073 709.67 0
2075 1 -1.2410629 -11.686787 143.5 123.2307629 717.02 0
2075 2 8.742093 -1.5788975 209.8 71.005632025 717.94 0
2075 3 4.9211836 -4.994505 301.6 89.6245557 718.92 0
2075 4 15.548272 2.991822 391.2 88.373481 720.38 0
2075 5 22.491673 8.9903345 461.6 150.5223383 720.92 0
2075 6 26.804506 13.566212 512.7 57.96729 720.37 0
2075 7 29.160017 17.970064 503.7 220.819355 718.85 0
2075 8 29.717686 15.197742 439.3 70.7364355 716.26 0
2075 9 24.736671 10.57458 346.6 130.99077 715.26 0
2075 10 17.190893 4.098319 255.1 111.3010918 715.12 0
2075 11 11.602699 0.84236336 163.1 78.897108 716.55 0
2075 12 2.315919 -8.7312 125 98.6534762 717.76 0
2076 1 2.6215563 -6.9325495 143.5 120.1963217 725.14 0
2076 2 5.776073 -4.7608852 209.8 96.28287605 726.06 0
2076 3 7.393219 -3.753199 301.6 63.8508054 727.04 0
2076 4 19.005146 5.463621 391.2 83.659086 728.5 0
2076 5 20.916561 8.861461 461.6 136.173142 729.04 0
2076 6 28.33312 14.599209 512.7 126.811551 728.49 0
2076 7 31.150944 18.1662 503.7 155.2571016 726.97 0
2076 8 29.207722 15.029157 439.3 140.8723576 724.38 0
2076 9 26.119558 13.200958 346.6 74.35335 723.38 0
2076 10 17.624323 4.69036 255.1 59.1301905 723.24 0
2076 11 9.095896 0.5602107 163.1 113.849388 724.67 0
2076 12 2.7780704 -5.634189 125 50.8186906 725.88 0
2077 1 2.7209272 -5.5584426 143.5 86.6017271 733.31 0
2077 2 5.5845895 -4.4821415 209.8 93.83601925 734.23 0
2077 3 9.536289 -1.8050737 301.6 121.3762034 735.21 0
2077 4 16.198647 3.112496 391.2 83.054718 736.67 0
2077 5 24.94457 10.581858 461.6 115.5869782 737.21 0
2077 6 27.760414 14.240769 512.7 119.55129 736.66 0
2077 7 31.830967 16.501238 503.7 79.4417935 735.14 0
2077 8 31.196688 17.719355 439.3 150.256473 732.55 0
2077 9 26.537273 12.65455 346.6 87.45924 731.55 0
2077 10 18.043474 5.8052936 255.1 251.589521 731.41 0
2077 11 14.158347 3.023337 163.1 146.01816 732.84 0
2077 12 7.108891 -1.0264015 125 97.413408 734.05 0
2078 1 7.67821 -0.12805557 143.5 291.596943 741.52 0
2078 2 5.195815 -5.472618 209.8 69.5818518 742.44 0
2078 3 7.0142355 -3.972105 301.6 133.190725 743.42 0
2078 4 16.722208 5.1297345 391.2 183.196062 744.88 0
2078 5 25.471382 11.257603 461.6 192.2434837 745.42 0
2078 6 29.449545 14.317313 512.7 39.951954 744.87 0
2078 7 32.06358 18.588062 503.7 116.6358012 743.35 0
2078 8 32.135334 16.031387 439.3 67.085488 740.76 0
2078 9 25.418709 13.354207 346.6 160.71825 739.76 0
2078 10 18.65203 7.8753347 255.1 236.9466462 739.62 0
2078 11 11.635156 1.7398396 163.1 76.680516 741.05 0
2078 12 6.585039 -2.5297084 125 90.588882 742.26 0
2079 1 4.247521 -4.8745637 143.5 131.6322465 749.8 0
2079 2 9.669602 -0.8707304 209.8 107.32388005 750.72 0
2079 3 11.91662 0.76486826 301.6 69.3341474 751.7 0
2079 4 18.768833 5.480948 391.2 65.547231 753.16 0
2079 5 24.753092 10.064764 461.6 110.583913 753.7 0
2079 6 29.08495 14.3028755 512.7 145.83105 753.15 0
2079 7 31.27151 16.907879 503.7 113.6624424 751.63 0
2079 8 31.315807 17.002876 439.3 112.28045 749.04 0
2079 9 24.836784 10.68465 346.6 76.322694 748.04 0
2079 10 17.206266 4.890799 255.1 182.719115 747.9 0
2079 11 13.755629 4.5544195 163.1 132.824178 749.33 0
2079 12 5.05562 -2.5060582 125 34.9700026 750.54 0
2080 1 5.1446095 -4.897591 143.5 53.6998771 758.18 0
2080 2 8.659032 -3.4056835 209.8 63.1173139 759.1 0
2080 3 9.251482 -1.5211802 301.6 69.2814412 760.08 0
2080 4 17.588428 4.150308 391.2 84.026592 761.54 0
2080 5 22.886662 9.0581455 461.6 115.1913376 762.08 0
2080 6 29.80542 16.079798 512.7 217.96608 761.53 0
2080 7 31.151777 18.238684 503.7 213.1349634 760.01 0
2080 8 29.986073 16.359772 439.3 91.0313264 757.42 0
2080 9 24.588001 10.587343 346.6 56.716998 756.42 0
2080 10 18.458332 6.518086 255.1 143.858166 756.28 0
2080 11 11.158152 0.6626289 163.1 173.58087 757.71 0
2080 12 5.0876164 -3.7582607 125 101.1933093 758.92 0
2081 1 2.0812883 -6.9052887 143.5 81.2894555 766.64 0
2081 2 5.6196523 -3.4250565 209.8 144.37843325 767.56 0
2081 3 8.0314865 -2.0861921 301.6 134.4589846 768.54 0
2081 4 15.664177 5.169851 391.2 112.879365 770 0
2081 5 23.73915 8.493441 461.6 127.181747 770.54 0
2081 6 28.338963 14.803831 512.7 91.270974 769.99 0
2081 7 31.81012 17.303974 503.7 163.246155 768.47 0
2081 8 30.252522 16.3244 439.3 90.8907693 765.88 0
2081 9 29.627098 13.510866 346.6 42.870045 764.88 0
2081 10 18.853458 6.630347 255.1 253.405439 764.74 0
2081 11 9.715893 0.5377822 163.1 134.636508 766.17 0
2081 12 4.4344196 -3.482225 125 89.0175354 767.38 0
2082 1 -0.02165711 -11.203623 143.5 23.304932 775.17 0
2082 2 4.461563 -6.6507034 209.8 78.2577545 776.09 0
2082 3 5.711688 -3.2866392 301.6 139.949903 777.07 0
2082 4 15.818862 3.1815197 391.2 57.162477 778.53 0
2082 5 24.903913 10.561277 461.6 135.421547 779.07 0
2082 6 28.265064 14.50484 512.7 120.006708 778.52 0
2082 7 29.87408 16.55505 503.7 157.7953103 777 0
2082 8 32.66432 18.441906 439.3 88.063746 774.41 0
2082 9 24.381804 10.853462 346.6 122.731062 773.41 0
2082 10 19.27353 5.9047947 255.1 132.9541826 773.27 0
2082 11 10.853149 1.6813002 163.1 170.67876 774.7 0
2082 12 5.6980085 -2.0748897 125 54.6611406 775.91 0
2083 1 3.1720605 -5.7587047 143.5 77.22193 783.75 0
2083 2 5.2206154 -4.7396755 209.8 80.7837565 784.67 0
2083 3 8.62467 -2.2371593 301.6 72.9739504 785.65 0
2083 4 14.697218 3.0354967 391.2 85.969728 787.11 0
2083 5 22.9048 6.7735233 461.6 55.2690692 787.65 0
2083 6 29.074553 14.226141 512.7 89.97576 787.1 0
2083 7 32.4424 17.18637 503.7 131.346876 785.58 0
2083 8 29.351648 16.87841 439.3 167.9561307 782.99 0
2083 9 21.95196 10.322851 346.6 167.719302 781.99 0
2083 10 18.103004 4.7543397 255.1 64.5645494 781.85 0
2083 11 9.038376 0.9222431 163.1 228.37854 783.28 0
2083 12 2.6351507 -8.217101 125 157.8257027 784.49 0
2084 1 5.4670873 -4.468307 143.5 104.1191699 792.37 0
2084 2 8.984268 -1.1647081 209.8 27.300367775 793.29 0
2084 3 11.761223 1.0582166 301.6 84.9265181 794.27 0
2084 4 16.100704 4.5556335 391.2 121.51905 795.73 0
2084 5 25.864052 10.0986595 461.6 92.6733251 796.27 0
2084 6 26.6707 12.57836 512.7 94.019967 795.72 0
2084 7 32.425922 18.958515 503.7 124.8492667 794.2 0
2084 8 32.442047 17.92963 439.3 76.3307916 791.61 0
2084 9 24.699799 9.891729 346.6 42.888036 790.61 0
2084 10 18.671547 4.774328 255.1 64.4511576 790.47 0
2084 11 11.921873 2.2987266 163.1 122.628321 791.9 0
2084 12 2.9371612 -5.087206 125 86.0754029 793.11 0
2085 1 -0.22715974 -12.12151 143.5 77.9311387 801.02 0
2085 2 5.842374 -3.6833029 209.8 96.1742209 801.94 0
2085 3 8.147228 -2.0813203 301.6 165.6143876 802.92 0
2085 4 17.105522 4.8632107 391.2 104.162463 804.38 0
2085 5 23.505638 8.126907 461.6 71.531446 804.92 0
2085 6 30.284775 14.873568 512.7 99.199626 804.37 0
2085 7 33.367203 16.678501 503.7 94.2866519 802.85 0
2085 8 31.999784 16.13037 439.3 69.0295724 800.26 0
2085 9 26.72736 12.254651 346.6 88.000194 799.26 0
2085 10 21.701221 7.9053464 255.1 107.0898472 799.12 0
2085 11 11.338533 2.2681165 163.1 122.382231 800.55 0
2085 12 5.8659534 -2.3367567 125 137.052085 801.76 0
2086 1 2.5832162 -5.8514676 143.5 29.5727848 809.71 0
2086 2 3.5988414 -6.3307595 209.8 84.2943614 810.63 0
2086 3 9.300621 -1.5411549 301.6 119.7070332 811.61 0
2086 4 15.368809 4.587506 391.2 215.269161 813.07 0
2086 5 25.690935 7.9628477 461.6 65.4945649 813.61 0
2086 6 29.048296 14.26221 512.7 87.85623 813.06 0
2086 7 33.081295 16.4633 503.7 107.694341 811.54 0
2086 8 31.462008 15.074495 439.3 65.7376328 808.95 0
2086 9 27.009274 11.207268 346.6 35.43633 807.95 0
2086 10 20.627035 6.137354 255.1 62.8683286 807.81 0
2086 11 15.256017 4.879893 163.1 73.567035 809.24 0
2086 12 6.8598633 -1.243916 125 87.4729232 810.45 0
2087 1 5.790446 -3.843113 143.5 47.9323085 818.42 0
2087 2 6.5792613 -4.1853976 209.8 89.20735845 819.34 0
2087 3 9.636244 -1.3655167 301.6 73.2997542 820.32 0
2087 4 16.680407 3.9940937 391.2 96.854889 821.78 0
2087 5 25.258665 9.710315 461.6 110.8152753 822.32 0
2087 6 27.961508 14.686365 512.7 220.820475 821.77 0
2087 7 34.766483 17.555788 503.7 62.0326151 820.25 0
2087 8 31.475628 17.351044 439.3 139.539897 817.66 0
2087 9 24.86465 11.202711 346.6 78.219366 816.66 0
2087 10 19.388622 5.5706286 255.1 117.859489 816.52 0
2087 11 11.268198 1.3619511 163.1 82.305579 817.95 0
2087 12 6.743685 -0.8138609 125 106.472259 819.16 0
2088 1 2.2257853 -10.223932 143.5 160.4072835 827.16 0
2088 2 4.0991373 -6.1250005 209.8 70.21098495 828.08 0
2088 3 10.05987 -0.8388934 301.6 47.6857903 829.06 0
2088 4 17.486332 3.1653426 391.2 27.6808101 830.52 0
2088 5 21.660378 8.510259 461.6 73.870458 831.06 0
2088 6 32.80949 14.922473 512.7 90.455676 830.51 0
2088 7 31.419434 16.972715 503.7 126.232713 828.99 0
2088 8 30.744337 17.098104 439.3 117.2293055 826.4 0
2088 9 26.123493 11.953681 346.6 78.37656 825.4 0
2088 10 22.292603 9.127885 255.1 69.7150692 825.26 0
2088 11 15.1720495 4.5951853 163.1 135.208182 826.69 0
2088 12 7.061001 -2.2964783 125 130.0330774 827.9 0
2089 1 1.3888365 -9.801008 143.5 262.954865 835.96 0
2089 2 7.198277 -2.5835953 209.8 100.99234315 836.88 0
2089 3 9.306051 -1.978848 301.6 101.121194 837.86 0
2089 4 17.186844 2.3982534 391.2 29.846289 839.32 0
2089 5 25.01664 9.129669 461.6 68.422642 839.86 0
2089 6 30.065477 14.396881 512.7 73.130271 839.31 0
2089 7 33.077473 18.931267 503.7 164.5856526 837.79 0
2089 8 31.492373 17.539734 439.3 79.0318743 835.2 0
2089 9 25.490124 12.112553 346.6 158.39337 834.2 0
2089 10 21.05931 6.495708 255.1 81.2751025 834.06 0
2089 11 12.304902 1.6203537 163.1 64.453989 835.49 0
2089 12 4.568676 -2.8210592 125 107.686498 836.7 0
2090 1 8.461741 1.0639868 143.5 188.093585 844.8 0
2090 2 6.4643254 -1.8167152 209.8 83.0735885 845.72 0
2090 3 9.578583 -1.8910189 301.6 58.5217628 846.7 0
2090 4 14.695187 1.5845208 391.2 88.788057 848.16 0
2090 5 24.738213 10.373783 461.6 128.774961 848.7 0
2090 6 28.884628 16.222406 512.7 89.585946 848.15 0
2090 7 35.528366 18.072575 503.7 63.4804205 846.63 0
2090 8 32.746468 16.850761 439.3 89.8392865 844.04 0
2090 9 26.465906 10.181725 346.6 30.584805 843.04 0
2090 10 21.241472 7.2214723 255.1 38.3159845 842.9 0
2090 11 15.089433 2.43648 163.1 76.901901 844.33 0
2090 12 7.0106897 -0.58886147 125 225.7960144 845.54 0
2091 1 1.3871497 -8.861567 143.5 79.3655428 853.73 0
2091 2 4.1883974 -5.3860507 209.8 60.140698975 854.65 0
2091 3 8.549535 -1.976265 301.6 76.5889007 855.63 0
2091 4 13.062825 -0.3591912 391.2 86.08653 857.09 0
2091 5 23.766388 10.578495 461.6 152.082063 857.63 0
2091 6 29.301914 14.792349 512.7 112.007595 857.08 0
2091 7 32.975407 18.881386 503.7 119.6882162 855.56 0
2091 8 31.637672 17.59432 439.3 100.810264 852.97 0
2091 9 25.40795 13.187845 346.6 116.857089 851.97 0
2091 10 20.8289 9.141209 255.1 109.3299692 851.83 0
2091 11 14.13948 2.4764285 163.1 73.440057 853.26 0
2091 12 9.719347 0.569458 125 87.0108248 854.47 0
2092 1 6.999063 -1.6512995 143.5 180.3679727 862.73 0
2092 2 3.7379043 -6.4174085 209.8 72.957882175 863.65 0
2092 3 9.814235 -0.42840767 301.6 141.609147 864.63 0
2092 4 15.192785 3.0844436 391.2 70.56528 866.09 0
2092 5 26.192585 10.964071 461.6 69.1276936 866.63 0
2092 6 30.001204 16.377443 512.7 178.04385 866.08 0
2092 7 32.785046 19.248312 503.7 97.3611327 864.56 0
2092 8 31.753056 19.116325 439.3 160.5667196 861.97 0
2092 9 27.9312 13.198231 346.6 47.890677 860.97 0
2092 10 19.510874 5.6392717 255.1 57.4546715 860.83 0
2092 11 10.605101 1.8247972 163.1 118.597554 862.26 0
2092 12 6.993666 -0.35414505 125 192.346258 863.47 0
2093 1 4.757866 -3.2732487 143.5 85.656348 871.78 0
2093 2 3.2723975 -6.809569 209.8 111.4926817 872.7 0
2093 3 11.9588585 2.1560988 301.6 128.385198 873.68 0
2093 4 13.690212 1.9052514 391.2 102.3669 875.14 0
2093 5 23.413239 8.924881 461.6 68.4964623 875.68 0
2093 6 32.03285 16.529102 512.7 89.46273 875.13 0
2093 7 31.677952 17.799896 503.7 162.344241 873.61 0
2093 8 32.84413 17.49206 439.3 55.0946291 871.02 0
2093 9 26.08419 12.389185 346.6 55.66695 870.02 0
2093 10 19.837696 5.8846703 255.1 166.63027 869.88 0
2093 11 12.362886 1.745925 163.1 58.555095 871.31 0
2093 12 3.156861 -7.724567 125 77.6591633 872.52 0
2094 1 2.9033194 -5.988956 143.5 83.3672367 880.86 0
2094 2 3.8277924 -4.4831204 209.8 86.05325725 881.78 0
2094 3 6.1406837 -2.8750403 301.6 137.4661055 882.76 0
2094 4 13.713797 3.1956317 391.2 115.252884 884.22 0
2094 5 28.346336 13.219027 461.6 69.435784 884.76 0
2094 6 29.685724 15.252251 512.7 119.873142 884.21 0
2094 7 33.061367 18.414095 503.7 128.1205293 882.69 0
2094 8 33.66884 17.100395 439.3 54.5917812 880.1 0
2094 9 27.989597 12.279996 346.6 62.36742 879.1 0
2094 10 19.674622 5.2290335 255.1 146.184964 878.96 0
2094 11 10.388405 1.4977083 163.1 176.425281 880.39 0
2094 12 5.056449 -2.3795261 125 53.833732 881.6 0
2095 1 7.850037 0.42641544 143.5 151.7107636 889.98 0
2095 2 4.879196 -3.8303823 209.8 109.8328021 890.9 0
2095 3 10.964241 -1.0554857 301.6 69.1641248 891.88 0
2095 4 17.834 4.2630343 391.2 114.069414 893.34 0
2095 5 25.888233 11.464796 461.6 75.0111495 893.88 0
2095 6 29.79953 13.745506 512.7 46.829127 893.33 0
2095 7 31.775997 19.110323 503.7 103.6997244 891.81 0
2095 8 32.866528 17.90645 439.3 105.5648952 889.22 0
2095 9 25.859322 12.640122 346.6 127.33206 888.22 0
2095 10 16.753857 3.9996467 255.1 64.9731666 888.08 0
2095 11 11.998506 1.8736172 163.1 70.762068 889.51 0
2095 12 7.309625 -0.9931073 125 105.6445714 890.72 0
2096 1 3.1604486 -4.992262 143.5 92.1466444 899.12 0
2096 2 3.2339268 -7.2079706 209.8 55.70250815 900.04 0
2096 3 9.248194 -1.407681 301.6 75.1675693 901.02 0
2096 4 14.037999 1.9982219 391.2 70.059186 902.48 0
2096 5 26.380636 12.226873 461.6 96.4667951 903.02 0
2096 6 31.566566 15.368 512.7 84.76365 902.47 0
2096 7 34.606915 19.346518 503.7 121.1094484 900.95 0
2096 8 30.79163 16.9005 439.3 146.6831402 898.36 0
2096 9 24.858536 11.619581 346.6 81.116295 897.36 0
2096 10 19.221037 5.867662 255.1 100.4695492 897.22 0
2096 11 8.758753 0.416492 163.1 75.009456 898.65 0
2096 12 6.3913026 -0.6727171 125 202.3154302 899.86 0
2097 1 4.8637342 -4.0397663 143.5 71.6787487 908.29 0
2097 2 7.21949 -3.872622 209.8 47.505536175 909.21 0
2097 3 8.01001 -2.8375552 301.6 126.66693 910.19 0
2097 4 15.623319 2.520459 391.2 132.88557 911.65 0
2097 5 26.060184 12.106005 461.6 94.6351632 912.19 0
2097 6 29.786858 14.234036 512.7 84.480165 911.64 0
2097 7 36.654575 17.788551 503.7 64.257048 910.12 0
2097 8 31.995998 17.01764 439.3 168.7173543 907.53 0
2097 9 25.928223 13.859859 346.6 154.50525 906.53 0
2097 10 20.415607 5.986704 255.1 54.556652 906.39 0
2097 11 11.853629 2.1277018 163.1 64.128786 907.82 0
2097 12 8.364744 -0.91226864 125 82.3782964 909.03 0
2098 1 1.6484929 -7.831935 143.5 55.5486055 917.47 0
2098 2 2.454413 -8.018511 209.8 23.008181425 918.39 0
2098 3 7.055855 -3.7394521 301.6 52.1315065 919.37 0
2098 4 16.29784 2.544357 391.2 104.949618 920.83 0
2098 5 24.873154 10.582899 461.6 152.4381104 921.37 0
2098 6 29.459002 16.292728 512.7 105.83274 920.82 0
2098 7 32.52758 18.06369 503.7 118.7933671 919.3 0
2098 8 34.127068 19.477192 439.3 126.4145714 916.71 0
2098 9 28.295435 13.348361 346.6 62.6082 915.71 0
2098 10 19.260124 8.388113 255.1 153.015194 915.57 0
2098 11 11.189957 2.2323537 163.1 89.46468 917 0
2098 12 7.388283 -1.0219903 125 78.2183134 918.21 0
2099 1 1.4068733 -8.703466 143.5 27.9544856 926.67 0
2099 2 4.8952694 -5.2420907 209.8 106.41993655 927.59 0
2099 3 10.097864 -1.4547992 301.6 141.5577366 928.57 0
2099 4 12.8944 1.4815431 391.2 204.67797 930.03 0
2099 5 26.686495 10.577736 461.6 97.217767 930.57 0
2099 6 30.94214 15.460857 512.7 53.822487 930.02 0
2099 7 33.12236 17.33138 503.7 212.3154505 928.5 0
2099 8 33.88572 18.26679 439.3 77.5117304 925.91 0
2099 9 25.476154 13.762424 346.6 173.563485 924.91 0
2099 10 17.635422 5.1774845 255.1 138.124809 924.77 0
2099 11 12.972697 4.3820252 163.1 150.16395 926.2 0
2099 12 3.4393864 -5.2429056 125 239.898057 927.41 0
2100-2200 1 1.4068733 -8.703466 143.5 27.9544856 926.67 0
2100-2200 2 4.8952694 -5.2420907 209.8 106.41993655 927.59 0
2100-2200 3 10.097864 -1.4547992 301.6 141.5577366 928.57 0
2100-2200 4 12.8944 1.4815431 391.2 204.67797 930.03 0
2100-2200 5 26.686495 10.577736 461.6 97.217767 930.57 0
2100-2200 6 30.94214 15.460857 512.7 53.822487 930.02 0
2100-2200 7 33.12236 17.33138 503.7 212.3154505 928.5 0
2100-2200 8 33.88572 18.26679 439.3 77.5117304 925.91 0
2100-2200 9 25.476154 13.762424 346.6 173.563485 924.91 0
2100-2200 10 17.635422 5.1774845 255.1 138.124809 924.77 0
2100-2200 11 12.972697 4.3820252 163.1 150.16395 926.2 0
2100-2200 12 3.4393864 -5.2429056 125 239.898057 927.41 0
