Year Month Tmax Tmin PAR Prec CO2 O3
1200-1980 1 -2.48428463838344 -13.3135083620679 143.5 94.5371305701734 390 0
1200-1980 2 -0.618967882090536 -12.3024963515656 209.8 84.2618648949864 390 0
1200-1980 3 3.95467210535653 -7.60240023622821 301.6 101.180337046618 390 0
1200-1980 4 11.0451704030312 -1.10188426690706 391.2 107.664681465163 390 0
1200-1980 5 17.716305922814 4.66674361778658 461.6 121.194240433842 390 0
1200-1980 6 22.2719698005178 9.61306151822735 512.7 128.066934359175 390 0
1200-1980 7 24.7188559338577 12.0400195250106 503.7 121.663167313179 390 0
1200-1980 8 23.8161658002827 10.9582090237169 439.3 126.83365570543 390 0
1200-1980 9 19.7254204334814 6.96008448821862 346.6 114.865436516204 390 0
1200-1980 10 13.1353470405328 1.16769614076765 255.1 128.825752125312 390 0
1200-1980 11 6.72175763783739 -3.32502077795626 163.1 111.722275329765 390 0
1200-1980 12 0.23477819195802 -9.4541245109258 125 110.413320456072 390 0
1981 1 -6.71783714598184 -19.6320692321487 143.5 19.3733860405886 390 0
1981 2 2.92858654201699 -8.41149616929276 209.8 242.747647508626 390 0
1981 3 3.93243638144732 -6.42637009693553 301.6 30.0104369719583 390 0
1981 4 12.6984832488078 -0.18778829055114 391.2 91.1682794214232 390 0
1981 5 19.4125364400194 4.54360101539833 461.6 87.4487422098915 390 0
1981 6 22.6295857341419 9.29296208180144 512.7 102.841635865434 390 0
1981 7 24.6228748491447 12.1803115994538 503.7 144.449321682925 390 0
1981 8 23.4212363493913 9.82044276548383 439.3 95.2900361508002 390 0
1981 9 17.9458069171864 7.10044633811351 346.6 141.184107623057 390 0
1981 10 11.1917193392013 -0.980126848854295 255.1 157.164114320668 390 0
1981 11 6.32804095067528 -3.38430926699069 163.1 57.0758266593639 390 0
1981 12 -0.698095105872468 -9.62048816953818 125 116.69864625089 390 0
1982 1 -6.62330958030715 -19.6040656306912 143.5 107.96418379406 390 0
1982 2 -1.33947174565833 -13.5215925652265 209.8 102.618719380429 390 0
1982 3 3.00585668820921 -9.32018241606752 301.6 93.1685964398328 390 0
1982 4 9.3728721298128 -3.34399082530072 391.2 118.582003255436 390 0
1982 5 19.5029161198842 4.90477645323689 461.6 65.3421012951105 390 0
1982 6 19.6641704428995 8.91338920044669 512.7 206.62880822554 390 0
1982 7 25.3400007930154 10.5631339077197 503.7 62.1538216054514 390 0
1982 8 22.104194354048 8.50324643216256 439.3 106.133841621754 390 0
1982 9 19.9140053749928 6.87961760448559 346.6 66.9384748557287 390 0
1982 10 13.828206825476 -0.023289936171055 255.1 59.2250956425776 390 0
1982 11 8.49101173991983 -1.88846247088989 163.1 97.9313828441387 390 0
1982 12 3.24849646901786 -7.64744863115301 125 65.3972723777472 390 0
1983 1 -1.83848218055897 -12.5321948531729 143.5 123.933754430299 390 0
1983 2 -0.0172285008995419 -12.0549751784469 209.8 73.2517015272462 390 0
1983 3 3.76519869284512 -5.12136398420777 301.6 144.662664002269 390 0
1983 4 9.12793984312636 -0.767062274415127 391.2 198.837558439792 390 0
1983 5 15.0070609661096 4.17669372822129 461.6 190.102663370049 390 0
1983 6 23.7702385024568 8.95023161058323 512.7 82.2878774976471 390 0
1983 7 25.8651090995546 11.1987480233732 503.7 60.487084281566 390 0
1983 8 24.1751591231046 10.9104939864638 439.3 168.639667553498 390 0
1983 9 21.6370147167069 6.7691743101738 346.6 52.8751742694151 390 0
1983 10 13.1422706069235 0.830353436612109 255.1 94.0303215710061 390 0
1983 11 6.16367817957612 -2.89781488305882 163.1 195.454925315232 390 0
1983 12 -2.20280081572266 -11.7348280104545 125 200.493973437031 390 0
1984 1 -3.70970392695057 -15.6337180467123 143.5 58.0630378189973 390 0
1984 2 2.61879444239248 -7.71906930654457 209.8 119.062718676709 390 0
1984 3 -0.0715108163878423 -10.854878313561 301.6 124.137021903855 390 0
1984 4 10.2337876927342 -0.48158200150043 391.2 123.456651547573 390 0
1984 5 15.6270207867417 3.38733450492144 461.6 302.044731852808 390 0
1984 6 23.5370406012411 9.24976584934755 512.7 54.8018363270851 390 0
1984 7 24.1453376940821 11.5986861922022 503.7 160.895237764381 390 0
1984 8 24.7028814890858 12.4511225891171 439.3 110.522537217156 390 0
1984 9 18.5986690795592 4.72165196607613 346.6 60.5665813937016 390 0
1984 10 15.0012989303232 2.21254933005676 255.1 81.1040199672154 390 0
1984 11 6.52065779177009 -4.09772870687446 163.1 90.4382517426217 390 0
1984 12 2.35347916105098 -7.15604717523687 125 111.57948293531 390 0
1985 1 -5.21205673989186 -15.1872300316349 143.5 48.2542882112964 390 0
1985 2 -0.569874220415088 -11.5626587504079 209.8 63.7132804260087 390 0
1985 3 5.35328483253996 -7.3260389255987 301.6 90.0735569761728 390 0
1985 4 11.2048470430812 -0.45243005385862 391.2 57.8679074255509 390 0
1985 5 18.451701445653 4.74549215898624 461.6 92.4532976094156 390 0
1985 6 19.4663861157878 8.07834319065251 512.7 110.335794813708 390 0
1985 7 25.0233591407292 10.5480870666613 503.7 75.7921878342453 390 0
1985 8 22.8898762014944 9.82331792399447 439.3 126.466237630103 390 0
1985 9 20.0023044531644 7.22607875585301 346.6 165.676864264227 390 0
1985 10 14.0758822467815 1.13507653583315 255.1 88.5868996163155 390 0
1985 11 6.12753239310219 -2.48998011666475 163.1 161.143794815513 390 0
1985 12 -2.51379176291434 -12.1890225505758 125 64.4098678257116 390 0
1986 1 -1.63631810563945 -13.4353056095759 143.5 130.137020886058 390 0
1986 2 -2.4818978553929 -14.4190327225244 209.8 76.3793692795818 390 0
1986 3 5.44712518512728 -6.99747295352126 301.6 133.767861461812 390 0
1986 4 13.9608082143055 0.785958022353474 391.2 53.3524796813969 390 0
1986 5 19.4203613271576 5.94304583791657 461.6 94.144522496041 390 0
1986 6 21.0153572689932 7.7145315343752 512.7 167.745871986885 390 0
1986 7 23.2975956378445 11.6725985745056 503.7 182.212029622302 390 0
1986 8 22.3128259904964 10.2087933713043 439.3 145.937166312325 390 0
1986 9 18.0150598558439 5.56001896716713 346.6 97.6958066926019 390 0
1986 10 13.0409574026527 0.717506473117441 255.1 82.523665937992 390 0
1986 11 4.78503492354049 -5.31725186016909 163.1 150.00479327184 390 0
1986 12 0.232845428535995 -8.28662526257501 125 146.496335918044 390 0
1987 1 -2.78986188435276 -14.6828279336486 143.5 119.285935386962 390 0
1987 2 -2.28160426837054 -16.165685754774 209.8 8.12899849568587 390 0
1987 3 5.48389878973201 -7.25414817817247 301.6 69.9262632061851 390 0
1987 4 12.5132006692951 0.583651903201518 391.2 174.289235224481 390 0
1987 5 17.9610077471704 4.15422110083903 461.6 44.628532387569 390 0
1987 6 22.1884995976997 9.95005852019802 512.7 166.135001942132 390 0
1987 7 25.4046915605998 12.3933800513435 503.7 104.625686296006 390 0
1987 8 22.7138521196588 8.85926083617942 439.3 112.038149044283 390 0
1987 9 18.2502794805132 7.31812295267589 346.6 202.683362388549 390 0
1987 10 12.5130542263934 -0.846977822174941 255.1 181.767600141826 390 0
1987 11 6.83635675990062 -4.26322527251488 163.1 92.2573997976282 390 0
1987 12 0.841212288965282 -7.24457545707238 125 69.5464440984284 390 0
1988 1 -2.62555660037194 -15.3046419031651 143.5 56.0826793138547 390 0
1988 2 -0.551938583797464 -13.2198192774625 209.8 110.615770522482 390 0
1988 3 4.06590832947789 -8.28989946524354 301.6 60.6851328204173 390 0
1988 4 10.317878602848 -0.364041375330749 391.2 116.816215850394 390 0
1988 5 18.5641496654864 5.77667946968253 461.6 91.5641483315139 390 0
1988 6 22.3783802491358 7.21347023128803 512.7 46.5073884693565 390 0
1988 7 26.0256004220339 13.198123670757 503.7 168.857481171257 390 0
1988 8 25.0129457446641 12.2630381046558 439.3 159.514396382057 390 0
1988 9 18.8582456183353 5.14078364728201 346.6 60.6455083911568 390 0
1988 10 10.298408919268 -0.329203229741887 255.1 92.1636423170691 390 0
1988 11 6.87076867420507 -3.26904443861979 163.1 182.01509143007 390 0
1988 12 -0.893769054145246 -11.8786837302714 125 52.9843948531642 390 0
1989 1 0.280554478011196 -10.9115635655357 143.5 54.4226427723911 390 0
1989 2 -1.99070865032833 -12.8597104549519 209.8 62.6513372970811 390 0
1989 3 3.40638566640592 -8.9965957696006 301.6 75.9265527299658 390 0
1989 4 8.78775454610884 -3.16368622543907 391.2 94.6640887379142 390 0
1989 5 18.5382770045584 5.60246036069733 461.6 183.025666111872 390 0
1989 6 21.989824310176 10.2708956652237 512.7 170.094214198477 390 0
1989 7 24.5748241935412 11.5686092080059 503.7 112.662455082716 390 0
1989 8 23.0099175435525 10.3329069200387 439.3 149.083555184637 390 0
1989 9 19.9456022498296 7.17076730859612 346.6 120.572773552536 390 0
1989 10 14.3210836478705 1.41198203567463 255.1 154.832029789868 390 0
1989 11 5.78863274865849 -4.1441777525549 163.1 132.986919832542 390 0
1989 12 -7.78004309415074 -20.4759303800258 125 36.5668416826229 390 0
1990 1 1.98878283981974 -7.34835428175612 143.5 148.632596377724 390 0
1990 2 1.15377492592918 -12.2198701454326 209.8 105.217452291058 390 0
1990 3 5.62121745434953 -7.34263439033359 301.6 86.6370569985462 390 0
1990 4 10.9400919956003 -0.29150762660576 391.2 121.66625216898 390 0
1990 5 15.1853465509639 3.28474452041447 461.6 201.253906631363 390 0
1990 6 22.4125002734153 9.63121199946767 512.7 111.543949217368 390 0
1990 7 24.9176398813295 11.8444671242463 503.7 70.442428655253 390 0
1990 8 24.1150680661318 11.8235575936471 439.3 221.901002459947 390 0
1990 9 19.1017075376176 6.39983723939733 346.6 74.4346622073696 390 0
1990 10 14.8416573637322 3.30693513121841 255.1 180.090520993577 390 0
1990 11 7.63991021597448 -2.91836509199791 163.1 92.7388773330576 390 0
1990 12 2.70256998760012 -7.54797450306638 125 148.545601633072 390 0
1991 1 -2.59284256953996 -13.4399997519502 143.5 87.527098671809 390 0
1991 2 1.52410968909407 -9.97167650015611 209.8 48.4187841765306 390 0
1991 3 4.59285010671245 -5.34655599232511 301.6 112.711710372292 390 0
1991 4 13.3259098019608 0.383593300762156 391.2 99.5409709159528 390 0
1991 5 20.3983845288078 5.80028522236496 461.6 95.6393066653155 390 0
1991 6 23.572503462526 9.06672856765663 512.7 108.24918575459 390 0
1991 7 24.5634191022801 10.9850676373791 503.7 78.9280351235243 390 0
1991 8 24.3144852561386 11.7374237063187 439.3 161.114920678853 390 0
1991 9 18.7383164140834 5.2100256594383 346.6 134.965946919677 390 0
1991 10 14.7577501061097 1.65859226366368 255.1 125.676950444062 390 0
1991 11 6.43632097740104 -2.92876247267266 163.1 91.5174848739257 390 0
1991 12 0.773125934629039 -10.482910122508 125 101.048618666818 390 0
1992 1 -1.8728666592819 -12.8890170333806 143.5 75.8807905122238 390 0
1992 2 -1.09523475374296 -12.3975003017708 209.8 59.38937212977 390 0
1992 3 1.61465226112531 -9.93760874754975 301.6 101.725081138394 390 0
1992 4 8.77048779208998 -2.45940388022583 391.2 78.8866646066728 390 0
1992 5 18.2178834679682 3.05114345524661 461.6 78.3398501219698 390 0
1992 6 21.4337541781576 7.78629368582176 512.7 108.615797883008 390 0
1992 7 22.0680985774242 9.86264509147622 503.7 126.834000281672 390 0
1992 8 22.0741834629409 9.99485664815647 439.3 103.447652204834 390 0
1992 9 19.4308606703525 6.3211219908998 346.6 105.165986716123 390 0
1992 10 10.6017365574443 -0.947390242778991 255.1 69.731826619679 390 0
1992 11 4.6463274258721 -4.1005290186226 163.1 136.666772246266 390 0
1992 12 0.352278063762036 -9.19214283382736 125 81.7269691576272 390 0
1993 1 -1.09269364064576 -10.6044698302584 143.5 90.4822191713044 390 0
1993 2 -4.7748167046778 -18.9923313890793 209.8 94.6383574289506 390 0
1993 3 2.45588211475611 -10.5578505666064 301.6 128.027282848503 390 0
1993 4 11.0207690588121 -1.12141489444825 391.2 133.097631633479 390 0
1993 5 18.2303301241237 4.38272349176631 461.6 56.2492497543421 390 0
1993 6 21.5682479495984 8.24283047181921 512.7 123.641503450797 390 0
1993 7 25.0888494201627 11.6903288783426 503.7 71.8045263178579 390 0
1993 8 24.1871747883161 11.3244318854597 439.3 93.7561881243004 390 0
1993 9 17.7036531620741 7.13742447243324 346.6 136.016387750502 390 0
1993 10 11.6400641584057 -0.517532486546171 255.1 85.8907439291913 390 0
1993 11 6.35984205675183 -4.57526544077733 163.1 124.818545257666 390 0
1993 12 -0.893632932477054 -10.3226837637392 125 122.589799212553 390 0
1994 1 -7.12871944916531 -20.5195270001564 143.5 131.418094755445 390 0
1994 2 -3.81998442675651 -17.1586928527145 209.8 48.9258713267824 390 0
1994 3 2.2196974395754 -7.97106894315313 301.6 137.090594959672 390 0
1994 4 10.9411765137301 -1.37409830233045 391.2 102.393014588866 390 0
1994 5 16.3238460254017 2.95941505916349 461.6 127.748163242614 390 0
1994 6 23.3681563071234 10.5406211406876 512.7 114.313389553198 390 0
1994 7 25.1866350772798 13.6170948292688 503.7 123.356328355668 390 0
1994 8 22.4663981114008 9.80349029963182 439.3 144.809627397969 390 0
1994 9 17.8422120992105 6.5689692488933 346.6 139.785248655987 390 0
1994 10 13.7429373322556 0.35156611981445 255.1 22.5816119810828 390 0
1994 11 9.18084441652006 -2.36896134613294 163.1 99.6706806325928 390 0
1994 12 2.3261242165729 -8.16324617721698 125 100.794176604149 390 0
1995 1 0.266208629915997 -8.08198142778346 143.5 99.7948822781016 390 0
1995 2 -2.63769163439475 -14.6174349147175 209.8 76.7749455806393 390 0
1995 3 5.6272489870334 -5.59950131474941 301.6 59.5989534105054 390 0
1995 4 8.48016902535764 -3.31865248593 391.2 63.110669297663 390 0
1995 5 16.4549700096128 3.78672813701211 461.6 68.1036205501644 390 0
1995 6 24.3326166694646 8.79708601929655 512.7 41.5524482294389 390 0
1995 7 26.3540322618749 13.1669069070902 503.7 115.950177283968 390 0
1995 8 24.6541071046165 10.3369183162487 439.3 122.241123499441 390 0
1995 9 18.6137889171622 4.54649866402474 346.6 83.9155491754412 390 0
1995 10 15.6369851088825 2.73505373628263 255.1 263.482549880095 390 0
1995 11 4.00388979635844 -4.73295780366664 163.1 142.465923592975 390 0
1995 12 -3.3712918057273 -11.962990791855 125 70.8069458866479 390 0
1996 1 -2.86239043935259 -14.5766086318218 143.5 157.343502927041 390 0
1996 2 -1.99809767858877 -12.1246010758058 209.8 72.2908926139487 390 0
1996 3 2.48943760148915 -9.93378451786203 301.6 64.5241936295635 390 0
1996 4 9.76214308910886 -1.61236980177479 391.2 217.746483389082 390 0
1996 5 15.9636661677001 2.98461293772873 461.6 158.253114045778 390 0
1996 6 22.4248071907453 10.8308767543088 512.7 109.083123879426 390 0
1996 7 23.3218773864978 11.6647088093243 503.7 204.663828034304 390 0
1996 8 24.0954311741696 11.1855697315549 439.3 58.7039265203296 390 0
1996 9 19.4584928928549 8.07824142970123 346.6 126.970376941847 390 0
1996 10 12.7943513648672 0.619867809026007 255.1 154.580948953503 390 0
1996 11 3.62897321053633 -5.71147209245593 163.1 93.0664688475296 390 0
1996 12 1.82900974820454 -5.03310231205407 125 174.38637281761 390 0
1997 1 -3.07034907597799 -13.3184033184585 143.5 107.124315762929 390 0
1997 2 1.16607266962877 -10.3699879999586 209.8 77.31276587256 390 0
1997 3 1.93180196992388 -9.37257531213869 301.6 123.172875036973 390 0
1997 4 8.95149095494653 -3.46154848553892 391.2 116.897692306539 390 0
1997 5 13.9733380830713 2.47792107467015 461.6 121.020032442219 390 0
1997 6 23.123995249792 9.0364122783304 512.7 50.993975354763 390 0
1997 7 23.8384850711999 10.2811443447251 503.7 97.1780125556432 390 0
1997 8 22.7523372807325 10.0181192348748 439.3 135.685374625647 390 0
1997 9 18.7024773844933 6.21722047004786 346.6 89.747075625803 390 0
1997 10 12.5135872284612 -0.45107854337032 255.1 72.2103425916512 390 0
1997 11 4.26388645785749 -5.13724444276219 163.1 175.683725466308 390 0
1997 12 0.197496999350254 -9.12558123990072 125 85.55738918461 390 0
1998 1 -0.424033035110917 -9.38380837289059 143.5 165.409073572317 390 0
1998 2 2.31659073846072 -9.05238059261413 209.8 73.9460051349162 390 0
1998 3 4.84360582507021 -6.23268709247195 301.6 103.082611716247 390 0
1998 4 12.8430587286548 -1.13016617914904 391.2 73.0632521101398 390 0
1998 5 20.6489630506967 6.63844776822525 461.6 89.3036581397273 390 0
1998 6 21.1029851041118 11.0294053477211 512.7 278.370314140084 390 0
1998 7 24.3618649293732 11.7698564881317 503.7 108.507347479688 390 0
1998 8 24.269594705974 11.1929027567934 439.3 124.938283138746 390 0
1998 9 20.4606484754661 7.1374386776476 346.6 80.4042088654291 390 0
1998 10 13.0253169875065 2.19029337976241 255.1 98.2857266741108 390 0
1998 11 6.04086694141191 -2.41381974590201 163.1 84.9790321342731 390 0
1998 12 4.76783133615062 -7.03469770580154 125 60.9442510796783 390 0
1999 1 -1.61782803058274 -13.5177779434991 143.5 194.963067614989 390 0
1999 2 1.11089409289251 -11.3028243582388 209.8 52.2774239113829 390 0
1999 3 3.35374949344425 -7.08975571524042 301.6 155.4007439689 390 0
1999 4 11.4623408917523 -1.87519338440917 391.2 21.4839881403117 390 0
1999 5 19.2406513823298 5.28602282836535 461.6 124.015475150523 390 0
1999 6 24.9836619684082 10.4247734616331 512.7 55.0856478927489 390 0
1999 7 26.3109629830599 12.8380054019738 503.7 96.2850928486522 390 0
1999 8 23.3908075855651 10.1584322961976 439.3 84.0375915583878 390 0
1999 9 21.4924923676598 8.63175214248862 346.6 231.673086639869 390 0
1999 10 12.5478825258413 -0.579885972508104 255.1 114.142934074365 390 0
1999 11 9.86712064497756 -0.933108306659566 163.1 102.626988434513 390 0
1999 12 1.19232311816098 -7.88348069931939 125 51.7245422974732 390 0
2000 1 -3.17021824985078 -14.2915331926404 143.5 114.27927279631 390 0
2000 2 0.345075173422465 -11.6942671966899 209.8 100.040978185196 390 0
2000 3 7.2246861551568 -5.41202683880011 301.6 106.213992760062 390 0
2000 4 9.13173185119932 -0.937293064359246 391.2 149.039132176313 390 0
2000 5 17.1888240929963 5.36741624421358 461.6 151.072457269384 390 0
2000 6 21.4626389986684 9.20887697065289 512.7 138.567904580672 390 0
2000 7 22.5909790190649 10.1648751407131 503.7 159.116761270816 390 0
2000 8 22.5008583303816 10.3243443010507 439.3 135.374770632607 390 0
2000 9 19.191568167977 5.9783730490062 346.6 72.9714034513921 390 0
2000 10 13.4424016870952 0.564701245911543 255.1 87.3238284964941 390 0
2000 11 5.61404468503617 -2.76636300451243 163.1 80.7209285201625 390 0
2000 12 -2.65932690734282 -13.7459809336588 125 141.961524261358 390 0
2001 1 -1.80065891751702 -12.7253634847451 143.5 37.8252670459952 390 0
2001 2 -0.392684069720364 -12.1628049698633 209.8 93.1406851894032 390 0
2001 3 1.02507453166528 -8.87820289251576 301.6 198.087060174582 390 0
2001 4 10.5944635427035 -2.41406311053956 391.2 29.0587292596386 390 0
2001 5 18.883558461978 4.7993180183045 461.6 94.5022076812254 390 0
2001 6 23.0487443617448 9.78229966936213 512.7 129.340108441727 390 0
2001 7 23.2207341362336 9.82152575998008 503.7 109.107520223757 390 0
2001 8 26.2464619466977 11.4490905194333 439.3 51.2060562298156 390 0
2001 9 20.3917813882406 6.34739237702867 346.6 147.945331593278 390 0
2001 10 15.2104983509716 1.34834167949821 255.1 42.404066130901 390 0
2001 11 9.03932665779561 -2.16385621293359 163.1 60.9670307955876 390 0
2001 12 3.88238316921085 -5.90185047652333 125 62.7297153168484 390 0
2002 1 1.35061644618308 -8.02884241219569 143.5 63.3728263746793 390 0
2002 2 2.32938363578686 -10.2368048930322 209.8 82.7306416365407 390 0
2002 3 3.83723936521471 -6.54649249338115 301.6 118.189328210927 390 0
2002 4 11.8782873653355 0.00305440934777608 391.2 115.929150012333 390 0
2002 5 15.1902935013011 2.71238882178519 461.6 134.288231111484 390 0
2002 6 22.0478901650539 9.05785915608748 512.7 178.613381466611 390 0
2002 7 25.1055192420207 12.0320038042862 503.7 58.4530712968335 390 0
2002 8 25.7763327118029 11.589574949998 439.3 74.1370832037113 390 0
2002 9 22.1985576710491 8.37374332050875 346.6 123.255737937039 390 0
2002 10 11.3329236278771 0.666874497042767 255.1 118.012527089161 390 0
2002 11 4.9444560769698 -4.0685779126774 163.1 148.142405951086 390 0
2002 12 -0.476247341155678 -10.6933304560056 125 105.738978415613 390 0
2003 1 -6.29734082772463 -17.3437408690488 143.5 66.9692751838443 390 0
2003 2 -3.19712704388888 -15.1171756717271 209.8 73.7411298837032 390 0
2003 3 4.80321623208768 -9.19549794175117 301.6 70.2571346038361 390 0
2003 4 9.15597698436232 -2.79695805609864 391.2 86.7551345899746 390 0
2003 5 15.9516648843286 4.65979314844414 461.6 128.2072370342 390 0
2003 6 21.9916735679018 9.7474969267529 512.7 81.181402356277 390 0
2003 7 24.7335225265659 12.2487227335176 503.7 113.300996622774 390 0
2003 8 24.9533822234604 13.1948576679082 439.3 169.032549343825 390 0
2003 9 20.3254758008922 7.6768236166269 346.6 164.885587665192 390 0
2003 10 12.1752774803953 0.385251124279397 255.1 167.516740199614 390 0
2003 11 8.01668244353734 -2.48098667479331 163.1 123.997207452917 390 0
2003 12 0.306314021843647 -10.3494371608483 125 181.212007381735 390 0
2004 1 -7.55022891570334 -17.5997538761842 143.5 40.5012451757809 390 0
2004 2 -1.10036409605041 -14.7111395060015 209.8 42.2030958395806 390 0
2004 3 5.26940227460686 -5.77881611254687 301.6 58.2901411439036 390 0
2004 4 11.1397052963872 -0.872537399060401 391.2 123.988532798142 390 0
2004 5 19.3497013662089 5.99991703513258 461.6 158.701937493847 390 0
2004 6 21.3938307797203 8.12920016239212 512.7 82.0634663081159 390 0
2004 7 23.3021984661914 12.3019488851497 503.7 155.9574707038 390 0
2004 8 23.3890548854003 11.5684754353138 439.3 166.869632819106 390 0
2004 9 20.71823732455 7.71823479120697 346.6 128.659651249784 390 0
2004 10 13.1965585253725 1.27089342306629 255.1 48.6523675967392 390 0
2004 11 7.26977472928552 -3.83683347365327 163.1 98.4993576972638 390 0
2004 12 -0.0823602969889764 -10.35736708531 125 134.802872735034 390 0
2005 1 -3.67849851642512 -15.0556042357446 143.5 99.8663722256552 390 0
2005 2 0.772742542610288 -12.4232049369306 209.8 68.6217392160452 390 0
2005 3 1.9656004845777 -10.049716420074 301.6 102.625227928472 390 0
2005 4 13.3149462716819 -1.0080255627171 391.2 152.902548084718 390 0
2005 5 14.4031085825683 3.03357281243852 461.6 90.3246408435633 390 0
2005 6 24.7154827829481 12.3621468401561 512.7 125.644790043333 390 0
2005 7 25.8392804340267 13.7472982532976 503.7 101.994293792701 390 0
2005 8 25.1353378490485 12.6751122993864 439.3 99.9556580787983 390 0
2005 9 22.1449354653982 8.74234918562676 346.6 101.539610635662 390 0
2005 10 12.5701981420088 3.81815968599977 255.1 332.889139622987 390 0
2005 11 8.45140528000503 -3.06316291248156 163.1 159.614193638397 390 0
2005 12 -0.91287850123843 -9.99840258620116 125 101.592384135405 390 0
2006 1 2.23259999927428 -8.2196221183163 143.5 146.432617402278 390 0
2006 2 -0.684036090391187 -10.8932759738624 209.8 66.7210555032445 390 0
2006 3 3.75196155903227 -7.4024264916752 301.6 41.372989358401 390 0
2006 4 12.5819947606416 -0.607669862849657 391.2 89.9983253075187 390 0
2006 5 16.6055965935123 6.14222282309923 461.6 203.20174946092 390 0
2006 6 21.4495164899306 11.6485875125462 512.7 229.578108303444 390 0
2006 7 25.6463787761042 13.9700130478666 503.7 138.068452784584 390 0
2006 8 22.9680319336282 10.9813072390213 439.3 104.131409166402 390 0
2006 9 18.4868807877421 7.09524746421749 346.6 87.4096934501503 390 0
2006 10 12.1354689980822 0.92541476734508 255.1 194.799803004958 390 0
2006 11 9.54089510118549 -0.282559279693315 163.1 102.365346506216 390 0
2006 12 4.27409880925155 -4.81962339718109 125 106.458684516471 390 0
2007 1 -0.80385909786643 -10.9610885511663 143.5 110.736472089484 390 0
2007 2 -4.97323844904154 -15.3369851739947 209.8 68.4607646577461 390 0
2007 3 2.97020966489757 -10.1495990075671 301.6 114.001342723471 390 0
2007 4 8.31393470057369 -1.95575864842665 391.2 183.229335326868 390 0
2007 5 18.8147552358528 4.43873589309872 461.6 89.0418042121285 390 0
2007 6 22.5197740070628 10.0648189587178 512.7 88.6248673028597 390 0
2007 7 23.3041259504608 11.6646796191955 503.7 140.128935334959 390 0
2007 8 24.3550311305292 10.5027560601654 439.3 57.8502085678053 390 0
2007 9 21.4814207669795 7.44143415500817 346.6 88.3934296600028 390 0
2007 10 16.2246625300067 4.433147088709 255.1 146.556643857757 390 0
2007 11 5.26909532496409 -4.4682188689068 163.1 115.502630214506 390 0
2007 12 -1.18236495812912 -9.87250457426373 125 149.36147140122 390 0
2008 1 -0.341725540502782 -10.7912442123933 143.5 75.4774510005216 390 0
2008 2 -0.903853901241021 -11.2299313243917 209.8 210.775474176917 390 0
2008 3 2.47497094026176 -9.15950370596495 301.6 143.02138842687 390 0
2008 4 13.8882453384043 -0.124574165831824 391.2 108.942191330708 390 0
2008 5 16.2171626212038 2.54716522217166 461.6 34.3730467600674 390 0
2008 6 22.6834157794668 11.350629089388 512.7 166.392614487012 390 0
2008 7 24.6489784236418 12.8416284263331 503.7 175.032675973634 390 0
2008 8 22.5614248658229 10.4233852045848 439.3 143.905035812621 390 0
2008 9 20.3821929658776 8.00321746505403 346.6 119.526970572993 390 0
2008 10 12.4555218082415 0.243864758449725 255.1 130.852258657134 390 0
2008 11 5.74733923241301 -3.16168558711 163.1 91.0648579527582 390 0
2008 12 0.68652858206642 -9.79281877432987 125 200.341479716852 390 0
2009 1 -5.48752911104663 -16.6946937721808 143.5 91.868256358835 390 0
2009 2 -0.194740084967087 -12.026655892752 209.8 62.2005180750545 390 0
2009 3 4.58532340794165 -7.63897523636605 301.6 80.4444101443758 390 0
2009 4 12.290630045834 -0.408378040680348 391.2 72.4203891741281 390 0
2009 5 17.5660552586791 4.97131472328721 461.6 132.92453710808 390 0
2009 6 20.3017891978636 9.79750801683676 512.7 150.557077939101 390 0
2009 7 22.5338406077337 11.5181594578231 503.7 223.890502885667 390 0
2009 8 24.082170458538 12.2183172620473 439.3 150.243036586362 390 0
2009 9 19.3340377932312 5.82632428770439 346.6 57.4473654823468 390 0
2009 10 10.5489842039017 0.769000746504073 255.1 166.519252349852 390 0
2009 11 9.70803687214813 -1.19281199649263 163.1 105.393567440048 390 0
2009 12 -0.893425426042481 -10.2001430116666 125 124.298992651148 390 0
2010 1 -2.19521633827081 -11.0253147391874 143.5 75.000263560551 390 0
2010 2 -1.24152879715835 -8.9654334797366 209.8 127.732982533434 390 0
2010 3 7.34015709328999 -3.75384297607931 301.6 139.292129972072 390 0
2010 4 14.2783608492941 0.798269271203778 391.2 67.8692207437602 390 0
2010 5 20.2155882360259 5.70396780463218 461.6 75.1696083552452 390 0
2010 6 22.4251397656593 10.3844699130862 512.7 152.968822565337 390 0
2010 7 26.2554280519718 13.6750625469171 503.7 130.389667124697 390 0
2010 8 24.1687918950534 11.7974916880762 439.3 87.7020124604762 390 0
2010 9 20.9027244583092 8.7085500776471 346.6 59.5851539751422 390 0
2010 10 12.9302182061671 1.52355718175295 255.1 289.51537083885 390 0
2010 11 6.57137464948366 -3.03475488502319 163.1 99.0046603265079 390 0
2010 12 -1.8640500493313 -10.541963890007 125 135.63265228449 390 0
2011 1 -3.44123589381944 -14.0661227648069 143.5 72.9638441964983 390 0
2011 2 -1.4439677362881 -14.1706556271422 209.8 95.9385254500349 390 0
2011 3 3.12357912143655 -7.87574846892308 301.6 146.169236164928 390 0
2011 4 10.8063910023452 -0.238913763931139 391.2 154.781032780495 390 0
2011 5 18.5974821940756 7.20848085691573 461.6 149.687993579865 390 0
2011 6 21.8837806921452 10.3932440008781 512.7 191.316726113457 390 0
2011 7 26.1872052103094 13.0055517307749 503.7 94.0394247552148 390 0
2011 8 24.2100575577413 12.0698955730009 439.3 326.667610526124 390 0
2011 9 21.0773785744088 10.0234195159327 346.6 209.585824371089 390 0
2011 10 13.354712577725 3.3022581710472 255.1 141.7383887994 390 0
2011 11 10.4204674089367 -1.75815435078805 163.1 76.623426387633 390 0
2011 12 3.12652458155037 -6.78327481953353 125 109.992808279455 390 0
2012 1 -0.223303321112996 -9.87652804136975 143.5 104.759979696683 390 0
2012 2 2.33080811575369 -8.31276805944116 209.8 31.7380845202812 390 0
2012 3 10.1358409866737 -2.69496955267687 301.6 61.8717806867887 390 0
2012 4 11.8421899175185 -0.73411472277546 391.2 93.7022420252958 390 0
2012 5 19.7050740532353 7.65844458729052 461.6 149.487303213434 390 0
2012 6 22.204094188531 9.84239115911832 512.7 87.7261984801482 390 0
2012 7 26.1663032638861 12.8017686415471 503.7 87.3790458146515 390 0
2012 8 25.6599974702598 11.635970873063 439.3 102.247457709376 390 0
2012 9 20.2346016488819 6.75055389205495 346.6 148.879223426253 390 0
2012 10 14.1016314241365 4.149353244659 255.1 151.314836434269 390 0
2012 11 5.76112221628684 -4.44380170962503 163.1 17.3148721763773 390 0
2012 12 1.75248153153966 -6.20138781690081 125 145.888576543956 390 0
2013 1 -1.2954916663062 -12.0627592800217 143.5 43.5795954102153 390 0
2013 2 -1.33268338520578 -10.5599365859792 209.8 88.2344530869826 390 0
2013 3 2.85819065704651 -6.37241696187037 301.6 64.7857696476314 390 0
2013 4 10.558555531616 -1.41348523072352 391.2 67.3974859988416 390 0
2013 5 18.8268194774381 4.87345227128625 461.6 137.746397785064 390 0
2013 6 21.884521464517 10.4416141148682 512.7 214.805600783007 390 0
2013 7 25.8764936280647 14.8855024719686 503.7 161.94062047375 390 0
2013 8 23.2640616994834 10.4419933113256 439.3 91.9268398371001 390 0
2013 9 19.357443824242 6.86193306819606 346.6 108.557238635375 390 0
2013 10 14.2722438972052 2.63886386215157 255.1 55.0830516113165 390 0
2013 11 5.48428506557708 -5.431438273879 163.1 104.081716294741 390 0
2013 12 -0.67336506160984 -9.74556436193011 125 81.3295014916001 390 0
2014 1 -3.7827106 -15.473692 143.5 32.696165 399 0
2014 2 4.6208267 -7.0158 209.8 107.85985035 399.92 0
2014 3 5.068747 -6.686973 301.6 128.2740816 400.9 0
2014 4 13.621893 0.6074049 391.2 91.725948 402.36 0
2014 5 21.155863 6.183269 461.6 49.9786836 402.9 0
2014 6 24.793861 10.284944 512.7 47.992305 402.35 0
2014 7 26.497381 11.939864 503.7 86.679875 400.83 0
2014 8 25.201555 11.062775 439.3 97.488738 398.24 0
2014 9 19.350824 3.8005319 346.6 64.530144 397.24 0
2014 10 17.00626 3.8660355 255.1 64.0301745 397.1 0
2014 11 7.5823226 -3.674319 163.1 112.644081 398.53 0
2014 12 2.543301 -6.4705606 125 41.8953251 399.74 0
2015 1 -0.72439605 -11.394738 143.5 150.8100276 401.63 0
2015 2 4.0906587 -8.838055 209.8 127.5154715 402.55 0
2015 3 9.032735 -1.9507775 301.6 129.9876066 403.53 0
2015 4 12.153101 -0.5943246 391.2 138.29379 404.99 0
2015 5 17.201836 4.301547 461.6 232.2000285 405.53 0
2015 6 24.170105 10.050628 512.7 54.002589 404.98 0
2015 7 27.520094 13.683488 503.7 114.5946062 403.46 0
2015 8 25.12017 11.281486 439.3 122.761147 400.87 0
2015 9 20.553484 8.225796 346.6 175.948635 399.87 0
2015 10 14.509163 1.591888 255.1 173.2431156 399.73 0
2015 11 7.6079426 -2.581663 163.1 78.9243 401.16 0
2015 12 1.1132133 -9.019546 125 89.3063903 402.37 0
2016 1 -4.4512844 -16.888187 143.5 73.579988 404.33 0
2016 2 -1.9706099 -12.716775 209.8 61.142935525 405.25 0
2016 3 5.3346934 -5.343234 301.6 79.3814396 406.23 0
2016 4 16.466347 1.8833764 391.2 65.438862 407.69 0
2016 5 19.795948 4.58275 461.6 79.206178 408.23 0
2016 6 26.360918 11.919328 512.7 66.076962 407.68 0
2016 7 27.127026 12.859369 503.7 89.3465291 406.16 0
2016 8 25.100626 10.715701 439.3 114.429122 403.57 0
2016 9 20.18499 7.5354905 346.6 117.96246 402.57 0
2016 10 12.484047 0.07120592 255.1 45.862454 402.43 0
2016 11 9.360219 -1.4218793 163.1 153.215619 403.86 0
2016 12 2.9738095 -5.9840255 125 45.0608994 405.07 0
2017 1 -0.44912586 -10.822127 143.5 128.0292064 407.1 0
2017 2 2.1197257 -10.751565 209.8 89.5988413 408.02 0
2017 3 9.498164 -3.1652434 301.6 26.1172892 409 0
2017 4 16.459759 3.95829 391.2 109.235259 410.46 0
2017 5 18.1231 4.3871093 461.6 118.9173733 411 0
2017 6 24.009148 9.814376 512.7 91.189092 410.45 0
2017 7 27.23198 13.069211 503.7 117.3633836 408.93 0
2017 8 26.122034 13.026543 439.3 122.7951292 406.34 0
2017 9 21.480438 7.278347 346.6 42.94842 405.34 0
2017 10 17.488739 3.1287706 255.1 69.9642782 405.2 0
2017 11 9.780152 -1.6700553 163.1 40.382349 406.63 0
2017 12 2.5144176 -6.84953 125 46.6755902 407.84 0
2018 1 -0.5934136 -11.943892 143.5 54.3724469 409.93 0
2018 2 6.4819474 -6.403709 209.8 102.699702525 410.85 0
2018 3 5.8865943 -5.5959473 301.6 91.9208435 411.83 0
2018 4 13.2206135 -0.5020299 391.2 91.333674 413.29 0
2018 5 18.824196 5.43347 461.6 183.3296414 413.83 0
2018 6 24.389303 10.173652 512.7 50.63067 413.28 0
2018 7 27.223995 12.497125 503.7 80.4315553 411.76 0
2018 8 26.633013 11.453819 439.3 50.5054542 409.17 0
2018 9 23.974298 9.788204 346.6 134.224776 408.17 0
2018 10 14.957612 0.41419595 255.1 75.9925599 408.03 0
2018 11 7.916448 -3.3681943 163.1 59.831259 409.46 0
2018 12 4.0419126 -5.2876444 125 116.3758476 410.67 0
2019 1 1.0447068 -9.68589 143.5 81.7706375 412.82 0
2019 2 7.5428157 -4.5731177 209.8 115.23894245 413.74 0
2019 3 4.2279434 -7.76302 301.6 105.743852 414.72 0
2019 4 15.580774 2.1188045 391.2 130.346202 416.18 0
2019 5 20.909636 6.804357 461.6 176.778585 416.72 0
2019 6 24.76226 11.18822 512.7 78.065199 416.17 0
2019 7 25.015629 11.025011 503.7 81.1778896 414.65 0
2019 8 25.237894 10.664714 439.3 105.822003 412.06 0
2019 9 22.392353 8.60344 346.6 121.0395 411.06 0
2019 10 15.756786 2.9023442 255.1 171.876369 410.92 0
2019 11 8.120478 -3.2657504 163.1 43.985388 412.35 0
2019 12 3.1794176 -7.120528 125 125.6863845 413.56 0
2020 1 -3.5199378 -14.996199 143.5 95.5665768 415.78 0
2020 2 1.5838227 -10.242988 209.8 136.806571625 416.7 0
2020 3 5.177047 -5.9922905 301.6 133.5329247 417.68 0
2020 4 14.809364 -0.919845 391.2 67.466427 419.14 0
2020 5 22.041054 7.1908007 461.6 87.2245574 419.68 0
2020 6 26.740253 13.034862 512.7 99.50736 419.13 0
2020 7 27.251797 13.030699 503.7 90.7896039 417.61 0
2020 8 25.252869 11.228816 439.3 68.7625942 415.02 0
2020 9 22.961067 8.963014 346.6 109.70925 414.02 0
2020 10 15.183725 1.0602056 255.1 71.312865 413.88 0
2020 11 7.838024 -3.6090207 163.1 190.005528 415.31 0
2020 12 -1.8352311 -12.35255 125 74.7316814 416.52 0
2021 1 -6.5361676 -19.055769 143.5 41.666604 418.8 0
2021 2 -2.0752635 -13.776364 209.8 108.212458375 419.72 0
2021 3 4.9798665 -7.6063123 301.6 28.20969 420.7 0
2021 4 13.266118 1.3456663 391.2 215.1468 422.16 0
2021 5 20.949514 6.8454347 461.6 66.5167372 422.7 0
2021 6 24.083683 10.438264 512.7 104.6913 422.15 0
2021 7 26.256714 11.896478 503.7 108.6683517 420.63 0
2021 8 24.382977 11.675027 439.3 119.3734484 418.04 0
2021 9 20.418585 8.427829 346.6 134.996895 417.04 0
2021 10 11.292912 -0.56911206 255.1 161.5034838 416.9 0
2021 11 5.957342 -3.1086235 163.1 150.130062 418.33 0
2021 12 -1.2778734 -13.059222 125 75.9340009 419.54 0
2022 1 -6.7005577 -18.335716 143.5 32.6909787 421.86 0
2022 2 -0.27743235 -12.432101 209.8 61.747833 422.78 0
2022 3 6.4735966 -5.4970794 301.6 86.9834363 423.76 0
2022 4 15.800874 1.6453699 391.2 56.83056 425.22 0
2022 5 18.347237 4.8543563 461.6 110.3584965 425.76 0
2022 6 22.32555 9.509108 512.7 193.83582 425.21 0
2022 7 25.787645 11.773438 503.7 98.9046816 423.69 0
2022 8 24.67173 10.5885935 439.3 110.2277013 421.1 0
2022 9 21.778772 7.2744737 346.6 67.014936 420.1 0
2022 10 12.724392 -0.7747434 255.1 118.470034 419.96 0
2022 11 7.395134 -2.1481147 163.1 115.062345 421.39 0
2022 12 3.2840836 -6.634458 125 185.696324 422.6 0
2023 1 -0.89546144 -11.14882 143.5 175.514436 424.99 0
2023 2 -4.897985 -18.212864 209.8 46.8046 425.91 0
2023 3 5.107273 -5.532059 301.6 83.1002027 426.89 0
2023 4 15.493526 1.8717619 391.2 161.219358 428.35 0
2023 5 20.979153 6.259874 461.6 61.0504762 428.89 0
2023 6 24.40882 10.500797 512.7 124.675455 428.34 0
2023 7 25.668386 11.110147 503.7 79.4232493 426.82 0
2023 8 27.038555 13.179209 439.3 69.134061 424.23 0
2023 9 21.976547 8.6012 346.6 237.31965 423.23 0
2023 10 14.30387 2.444814 255.1 127.9756353 423.09 0
2023 11 4.897715 -3.4846733 163.1 170.194818 424.52 0
2023 12 0.797469 -8.388592 125 97.525473 425.73 0
2024 1 -1.089836 -13.074326 143.5 120.0590785 428.2 0
2024 2 1.4310136 -9.585542 209.8 94.72257205 429.12 0
2024 3 4.1940627 -6.5245123 301.6 40.260816 430.1 0
2024 4 10.611252 -2.1337569 391.2 99.27987 431.56 0
2024 5 18.284576 4.2774334 461.6 176.2377776 432.1 0
2024 6 21.972712 7.696486 512.7 112.914783 431.55 0
2024 7 26.675623 12.506365 503.7 88.6869731 430.03 0
2024 8 25.94408 13.785001 439.3 164.685392 427.44 0
2024 9 20.379095 7.9703765 346.6 101.437254 426.44 0
2024 10 12.962106 0.048261344 255.1 78.0906802 426.3 0
2024 11 9.932706 -0.63589364 163.1 154.29435 427.73 0
2024 12 -0.82040054 -10.5882225 125 146.7151446 428.94 0
2025 1 -1.8550768 -12.943988 143.5 78.7519195 431.47 0
2025 2 2.0031385 -9.661692 209.8 99.288806 432.39 0
2025 3 4.580027 -6.6607494 301.6 76.0325871 433.37 0
2025 4 10.693044 -2.1520433 391.2 148.56297 434.83 0
2025 5 21.524538 5.8775716 461.6 40.0653951 435.37 0
2025 6 24.050495 9.827146 512.7 90.678006 434.82 0
2025 7 26.92865 12.686173 503.7 100.6170131 433.3 0
2025 8 24.372255 11.172745 439.3 273.695249 430.71 0
2025 9 19.921438 5.6839147 346.6 120.89256 429.71 0
2025 10 12.965389 0.26539174 255.1 242.7981287 429.57 0
2025 11 8.083928 -2.621803 163.1 163.35939 431 0
2025 12 -1.029713 -10.961357 125 80.0083557 432.21 0
2026 1 -1.9305016 -13.04075 143.5 113.707349 434.83 0
2026 2 1.7005193 -9.955094 209.8 130.566090125 435.75 0
2026 3 6.2132607 -5.3794065 301.6 93.7568588 436.73 0
2026 4 15.048117 2.0999339 391.2 115.1844 438.19 0
2026 5 20.581964 6.6749883 461.6 39.2945243 438.73 0
2026 6 23.989807 9.875007 512.7 103.753131 438.18 0
2026 7 26.202745 11.694246 503.7 91.0085972 436.66 0
2026 8 25.79568 11.791838 439.3 61.346117 434.07 0
2026 9 22.511093 8.291046 346.6 193.20993 433.07 0
2026 10 13.138156 0.86372685 255.1 82.3247997 432.93 0
2026 11 6.139308 -3.7535295 163.1 81.192921 434.36 0
2026 12 0.48201472 -7.664501 125 187.989673 435.57 0
2027 1 -3.014477 -13.594519 143.5 31.7621846 438.24 0
2027 2 -0.94259894 -13.6330385 209.8 88.222148175 439.16 0
2027 3 4.598059 -6.2268953 301.6 104.692332 440.14 0
2027 4 15.93622 2.004746 391.2 71.851386 441.6 0
2027 5 18.957167 4.1682725 461.6 56.0189964 442.14 0
2027 6 22.182163 8.0369835 512.7 202.90893 441.59 0
2027 7 26.94789 12.815323 503.7 96.7636542 440.07 0
2027 8 26.919666 12.578153 439.3 86.9253795 437.48 0
2027 9 21.682938 8.331426 346.6 198.81705 436.48 0
2027 10 15.252568 2.7304282 255.1 92.9715296 436.34 0
2027 11 7.8687043 -2.3170726 163.1 113.872098 437.77 0
2027 12 -3.12677 -14.61746 125 105.1041794 438.98 0
2028 1 -2.2052846 -14.994932 143.5 120.697601 441.72 0
2028 2 2.0725102 -11.258847 209.8 129.3708524 442.64 0
2028 3 4.5463676 -6.2354183 301.6 137.762047 443.62 0
2028 4 13.976045 1.6833348 391.2 206.329824 445.08 0
2028 5 20.95862 6.5067377 461.6 113.4595164 445.62 0
2028 6 26.497478 12.081816 512.7 34.250274 445.07 0
2028 7 27.6152 13.099343 503.7 111.277383 443.55 0
2028 8 26.335333 11.914667 439.3 69.8551086 440.96 0
2028 9 22.341284 8.011479 346.6 76.81539 439.96 0
2028 10 17.39843 2.965622 255.1 59.8824644 439.82 0
2028 11 10.694389 -0.029565267 163.1 67.416924 441.25 0
2028 12 1.3458319 -9.382055 125 103.733037 442.46 0
2029 1 -5.8517995 -19.504025 143.5 108.8163054 445.25 0
2029 2 -2.1417043 -14.351994 209.8 195.155539775 446.17 0
2029 3 4.824689 -5.8294706 301.6 122.7207912 447.15 0
2029 4 15.267347 1.7602175 391.2 82.13832 448.61 0
2029 5 19.984436 5.671634 461.6 93.5019427 449.15 0
2029 6 24.412432 10.519622 512.7 58.007919 448.6 0
2029 7 28.010172 15.155646 503.7 153.279903 447.08 0
2029 8 27.042929 12.988263 439.3 94.775153 444.49 0
2029 9 22.738785 7.8612247 346.6 58.765974 443.49 0
2029 10 17.129791 2.947681 255.1 54.8271363 443.35 0
2029 11 10.110432 -0.019720785 163.1 70.594389 444.78 0
2029 12 3.9626107 -6.4334555 125 107.4447383 445.99 0
2030 1 -0.89957 -11.2656145 143.5 43.5951202 448.83 0
2030 2 2.0389888 -10.579367 209.8 118.645550625 449.75 0
2030 3 3.9438415 -8.390957 301.6 92.3604576 450.73 0
2030 4 16.393633 2.671233 391.2 91.88481 452.19 0
2030 5 19.990246 5.5663576 461.6 81.5442445 452.73 0
2030 6 25.962406 12.367362 512.7 113.983668 452.18 0
2030 7 27.826773 13.5589695 503.7 90.115605 450.66 0
2030 8 26.800375 13.114041 439.3 114.3863668 448.07 0
2030 9 26.27378 12.723625 346.6 55.124676 447.07 0
2030 10 15.734751 1.1728321 255.1 35.3339178 446.93 0
2030 11 8.951456 -2.4038749 163.1 148.71804 448.36 0
2030 12 0.7361601 -8.288743 125 90.3316936 449.57 0
2031 1 -0.7518845 -10.962906 143.5 123.0471344 452.47 0
2031 2 -0.3351642 -12.410666 209.8 81.061857975 453.39 0
2031 3 6.56675 -4.7993574 301.6 59.0306092 454.37 0
2031 4 13.867388 1.9787508 391.2 218.580624 455.83 0
2031 5 18.306051 4.1759686 461.6 101.599493 456.37 0
2031 6 24.229292 10.128065 512.7 103.537401 455.82 0
2031 7 26.758797 12.328149 503.7 97.5992406 454.3 0
2031 8 26.883142 13.905777 439.3 166.469752 451.71 0
2031 9 20.304722 7.536335 346.6 168.570828 450.71 0
2031 10 12.779214 0.979135 255.1 105.7281412 450.57 0
2031 11 6.5286756 -3.8425682 163.1 199.28238 452 0
2031 12 0.34030038 -8.763995 125 171.400085 453.21 0
2032 1 -3.1858582 -14.125442 143.5 123.0607186 456.18 0
2032 2 -0.6595901 -13.249462 209.8 94.071757025 457.1 0
2032 3 5.143231 -5.8354735 301.6 122.5182341 458.08 0
2032 4 15.153195 1.4261976 391.2 74.722365 459.54 0
2032 5 20.16274 5.29613 461.6 164.010677 460.08 0
2032 6 21.955416 8.001361 512.7 91.829139 459.53 0
2032 7 25.781181 11.221186 503.7 73.6002465 458.01 0
2032 8 25.535551 10.919433 439.3 103.911411 455.42 0
2032 9 20.01144 6.7247267 346.6 168.38676 454.42 0
2032 10 16.883238 3.7317314 255.1 100.7930962 454.28 0
2032 11 7.537767 -2.3144958 163.1 150.86595 455.71 0
2032 12 3.361555 -5.6635523 125 130.525345 456.92 0
2033 1 -3.5751982 -15.274519 143.5 58.8788828 459.96 0
2033 2 -1.8351847 -14.16755 209.8 71.59077145 460.88 0
2033 3 4.885836 -6.104183 301.6 68.589577 461.86 0
2033 4 14.560114 2.055739 391.2 94.001685 463.32 0
2033 5 19.544165 5.4467716 461.6 153.0542974 463.86 0
2033 6 24.174715 10.300757 512.7 106.016049 463.31 0
2033 7 26.693422 12.766719 503.7 98.34719 461.79 0
2033 8 25.811892 12.095986 439.3 145.0732823 459.2 0
2033 9 20.969143 8.297891 346.6 222.475662 458.2 0
2033 10 13.026253 1.6459405 255.1 281.991965 458.06 0
2033 11 8.662593 -1.2147759 163.1 191.591649 459.49 0
2033 12 1.6692227 -7.685222 125 68.359092 460.7 0
2034 1 -3.2386293 -14.999385 143.5 83.330046 463.85 0
2034 2 2.7356486 -8.974999 209.8 101.169919825 464.77 0
2034 3 5.403287 -5.2029276 301.6 111.2999913 465.75 0
2034 4 13.280109 1.630997 391.2 156.990252 467.21 0
2034 5 19.581888 4.98765 461.6 104.1784884 467.75 0
2034 6 25.32159 12.236498 512.7 110.617068 467.2 0
2034 7 27.454851 12.906552 503.7 84.2558238 465.68 0
2034 8 26.16021 12.027198 439.3 74.6122353 463.09 0
2034 9 20.13713 4.5682116 346.6 33.567525 462.09 0
2034 10 16.663288 1.5443019 255.1 146.5021963 461.95 0
2034 11 8.714886 -0.59389895 163.1 130.055595 463.38 0
2034 12 1.2155677 -8.106171 125 104.2618443 464.59 0
2035 1 -2.4881454 -13.276968 143.5 88.9343717 467.85 0
2035 2 4.6136713 -8.063364 209.8 111.1055889 468.77 0
2035 3 5.6275 -6.2954454 301.6 47.7882298 469.75 0
2035 4 14.287712 1.2212499 391.2 105.05541 471.21 0
2035 5 20.465092 5.780714 461.6 74.6444753 471.75 0
2035 6 24.247063 9.884985 512.7 62.831589 471.2 0
2035 7 27.241213 12.918274 503.7 66.3521923 469.68 0
2035 8 27.185867 12.586759 439.3 70.6740418 467.09 0
2035 9 21.902176 8.209975 346.6 76.373778 466.09 0
2035 10 17.053907 2.5440006 255.1 88.0147567 465.95 0
2035 11 9.30452 -1.3786898 163.1 150.020844 467.38 0
2035 12 -1.5589473 -12.775006 125 38.7190775 468.59 0
2036 1 2.1909688 -8.259332 143.5 148.3866274 471.96 0
2036 2 -1.3777193 -13.506656 209.8 94.861728725 472.88 0
2036 3 4.5219254 -6.296204 301.6 110.5177652 473.86 0
2036 4 13.181473 -2.1190653 391.2 118.740006 475.32 0
2036 5 20.656605 4.8716474 461.6 194.133532 475.86 0
2036 6 25.57201 10.71021 512.7 36.745176 475.31 0
2036 7 27.657885 13.575394 503.7 122.8457367 473.79 0
2036 8 26.557848 12.012581 439.3 101.3949798 471.2 0
2036 9 20.629984 6.161019 346.6 80.190168 470.2 0
2036 10 15.724883 1.9936827 255.1 64.9973962 470.06 0
2036 11 8.876488 -2.0703676 163.1 91.967655 471.49 0
2036 12 3.2905412 -6.101387 125 100.2393804 472.7 0
2037 1 2.0969675 -8.804666 143.5 132.292407 476.18 0
2037 2 0.11777161 -11.302651 209.8 64.0479141 477.1 0
2037 3 5.926487 -5.8274055 301.6 54.0253523 478.08 0
2037 4 9.76184 -0.2404461 391.2 89.901093 479.54 0
2037 5 17.51722 4.4446387 461.6 218.099849 480.08 0
2037 6 23.195906 9.518207 512.7 58.624965 479.53 0
2037 7 27.003399 13.096652 503.7 88.0182318 478.01 0
2037 8 25.863968 10.23015 439.3 46.1203895 475.42 0
2037 9 23.093266 9.105812 346.6 147.50913 474.42 0
2037 10 18.1695 5.7263865 255.1 59.2360338 474.28 0
2037 11 7.3662653 -3.7562041 163.1 91.589154 475.71 0
2037 12 2.335174 -7.141759 125 119.725224 476.92 0
2038 1 -0.94398636 -11.852588 143.5 225.0899243 480.51 0
2038 2 2.4393716 -9.419806 209.8 97.52083625 481.43 0
2038 3 9.383336 -1.4002376 301.6 103.3489997 482.41 0
2038 4 14.6223755 1.1200596 391.2 70.289676 483.87 0
2038 5 22.493425 7.668937 461.6 141.6979 484.41 0
2038 6 24.99316 10.775997 512.7 100.90092 483.86 0
2038 7 27.22131 12.695059 503.7 63.184138 482.34 0
2038 8 29.1551 15.1857815 439.3 94.7300883 479.75 0
2038 9 25.275301 10.819952 346.6 60.78075 478.75 0
2038 10 16.645857 4.386419 255.1 163.759236 478.61 0
2038 11 9.033798 -1.4109826 163.1 145.69458 480.04 0
2038 12 1.1335671 -10.265694 125 153.1616876 481.25 0
2039 1 -1.7516621 -11.991487 143.5 39.9925823 484.93 0
2039 2 0.7225431 -9.590229 209.8 72.845972625 485.85 0
2039 3 7.1272464 -5.698874 301.6 55.3165333 486.83 0
2039 4 12.993843 1.3545898 391.2 206.00097 488.29 0
2039 5 21.020739 6.2895646 461.6 46.9882934 488.83 0
2039 6 24.897615 10.478113 512.7 52.978695 488.28 0
2039 7 27.931496 12.990028 503.7 58.3193576 486.76 0
2039 8 28.608463 14.917895 439.3 152.037547 484.17 0
2039 9 24.76216 9.38317 346.6 41.500791 483.17 0
2039 10 15.007221 1.090577 255.1 103.9480158 483.03 0
2039 11 10.477833 0.31100884 163.1 210.005565 484.46 0
2039 12 2.1697123 -5.786946 125 104.889926 485.67 0
2040 1 -2.495457 -12.580569 143.5 96.8512075 489.44 0
2040 2 0.35390106 -12.516723 209.8 17.1270520725 490.36 0
2040 3 5.4131336 -7.1837764 301.6 135.7248386 491.34 0
2040 4 11.828736 0.30781394 391.2 73.419528 492.8 0
2040 5 22.5882 6.746895 461.6 59.8729908 493.34 0
2040 6 27.309772 12.718941 512.7 46.563714 492.79 0
2040 7 28.445705 14.233351 503.7 99.9016788 491.27 0
2040 8 28.17935 14.411428 439.3 152.914134 488.68 0
2040 9 24.886805 10.26079 346.6 62.85567 487.68 0
2040 10 17.573404 5.36506 255.1 159.6086863 487.54 0
2040 11 5.7500463 -3.6595967 163.1 67.708596 488.97 0
2040 12 -0.57357377 -9.558272 125 70.2572933 490.18 0
2041 1 0.80446124 -10.530906 143.5 148.2940645 494.03 0
2041 2 1.4007918 -11.3297205 209.8 86.300221575 494.95 0
2041 3 5.669748 -5.848533 301.6 128.7025977 495.93 0
2041 4 12.566245 -0.4562308 391.2 98.788806 497.39 0
2041 5 20.51566 6.432374 461.6 136.55903 497.93 0
2041 6 24.661173 10.322849 512.7 92.811483 497.38 0
2041 7 28.24936 13.536975 503.7 61.6844603 495.86 0
2041 8 28.456089 14.230108 439.3 103.7155995 493.27 0
2041 9 23.989595 9.384379 346.6 90.72138 492.27 0
2041 10 15.641925 1.9728062 255.1 146.7627575 492.13 0
2041 11 8.683895 -1.8395746 163.1 156.72447 493.56 0
2041 12 1.5059953 -7.353913 125 103.3716886 494.77 0
2042 1 1.4655848 -9.473727 143.5 115.3433492 498.73 0
2042 2 -0.1655149 -10.408059 209.8 104.3140177 499.65 0
2042 3 2.862469 -9.761983 301.6 154.8648493 500.63 0
2042 4 14.732601 -0.77973974 391.2 80.53281 502.09 0
2042 5 20.91224 6.0700965 461.6 135.30415 502.63 0
2042 6 24.079636 10.537995 512.7 111.738 502.08 0
2042 7 26.336374 11.92073 503.7 107.2463879 500.56 0
2042 8 27.31751 12.549808 439.3 57.8930518 497.97 0
2042 9 25.627775 13.143649 346.6 90.871818 496.97 0
2042 10 14.287865 1.431354 255.1 93.4869263 496.83 0
2042 11 10.622077 0.3017963 163.1 75.134175 498.26 0
2042 12 1.5278484 -6.4402156 125 167.6376956 499.47 0
2043 1 0.48822433 -8.494243 143.5 217.793352 503.53 0
2043 2 0.35705093 -11.093141 209.8 108.713345 504.45 0
2043 3 4.532775 -5.880881 301.6 181.001343 505.43 0
2043 4 13.7717705 2.2999334 391.2 163.98228 506.89 0
2043 5 17.939299 5.657843 461.6 98.7111269 507.43 0
2043 6 26.177649 12.588762 512.7 103.381098 506.88 0
2043 7 28.954378 15.628104 503.7 103.5839735 505.36 0
2043 8 28.155096 13.710567 439.3 88.858338 502.77 0
2043 9 23.674957 8.530138 346.6 61.50981 501.77 0
2043 10 12.659062 0.38400513 255.1 103.8614173 501.63 0
2043 11 8.439144 -3.227411 163.1 107.539851 503.06 0
2043 12 -0.12115688 -9.468708 125 35.5657916 504.27 0
2044 1 -0.76377004 -10.514216 143.5 91.7848124 508.43 0
2044 2 3.1599112 -9.740803 209.8 107.465421025 509.35 0
2044 3 6.635428 -3.2490628 301.6 136.765211 510.33 0
2044 4 16.298435 3.2800183 391.2 83.857878 511.79 0
2044 5 18.108126 4.727515 461.6 157.243501 512.33 0
2044 6 24.086199 11.005981 512.7 110.957952 511.78 0
2044 7 28.653946 14.372655 503.7 48.7948277 510.26 0
2044 8 28.151001 13.734876 439.3 124.956102 507.67 0
2044 9 24.910416 10.163097 346.6 75.766662 506.67 0
2044 10 15.518164 1.9679981 255.1 65.3310027 506.53 0
2044 11 10.792426 0.7908346 163.1 169.993815 507.96 0
2044 12 -0.8711194 -12.623731 125 190.749975 509.17 0
2045 1 -2.120693 -12.596721 143.5 80.7891992 513.46 0
2045 2 4.395414 -8.839171 209.8 72.106280275 514.38 0
2045 3 8.11433 -2.837273 301.6 108.2031564 515.36 0
2045 4 15.201952 1.972232 391.2 113.788161 516.82 0
2045 5 20.02422 6.4240456 461.6 103.1144258 517.36 0
2045 6 25.924725 12.430566 512.7 92.20824 516.81 0
2045 7 28.395065 14.118038 503.7 98.5319469 515.29 0
2045 8 27.126997 12.918613 439.3 176.701488 512.7 0
2045 9 24.33676 8.424072 346.6 22.8503001 511.7 0
2045 10 16.772488 4.1323166 255.1 248.875471 511.56 0
2045 11 7.9709034 -1.7010797 163.1 190.763841 512.99 0
2045 12 0.6786083 -8.104128 125 135.2191604 514.2 0
2046 1 -5.2845764 -17.765408 143.5 42.972448 518.61 0
2046 2 -3.0240505 -18.003609 209.8 78.36848885 519.53 0
2046 3 3.6418884 -8.274631 301.6 137.664676 520.51 0
2046 4 14.744075 1.8386624 391.2 83.66289 521.97 0
2046 5 22.50164 7.112712 461.6 69.4360475 522.51 0
2046 6 25.751091 11.455369 512.7 129.878241 521.96 0
2046 7 27.957977 13.866892 503.7 96.1379936 520.44 0
2046 8 26.454542 12.03519 439.3 186.609181 517.85 0
2046 9 19.620735 7.178532 346.6 238.11873 516.85 0
2046 10 13.701516 0.9533211 255.1 150.00373 516.71 0
2046 11 8.327875 0.036432616 163.1 135.65682 518.14 0
2046 12 1.2377107 -8.4166765 125 64.5326814 519.35 0
2047 1 0.2692407 -9.00247 143.5 121.3996766 523.9 0
2047 2 -3.2386885 -14.548733 209.8 87.646769125 524.82 0
2047 3 5.8013935 -5.738198 301.6 49.2376286 525.8 0
2047 4 10.810401 -1.2131565 391.2 93.43824 527.26 0
2047 5 19.452637 5.415543 461.6 82.304225 527.8 0
2047 6 27.769934 14.016265 512.7 113.682753 527.25 0
2047 7 27.488771 13.013057 503.7 97.209056 525.73 0
2047 8 29.361837 15.271401 439.3 83.5728473 523.14 0
2047 9 24.77993 9.804229 346.6 70.265271 522.14 0
2047 10 15.891355 2.877964 255.1 121.6472395 522 0
2047 11 8.471929 -2.3405979 163.1 72.397485 523.43 0
2047 12 4.1660476 -5.963849 125 74.7751992 524.64 0
2048 1 1.9080694 -6.503132 143.5 117.883576 529.32 0
2048 2 -2.4734704 -15.132614 209.8 26.354201825 530.24 0
2048 3 7.124493 -4.222783 301.6 151.822965 531.22 0
2048 4 13.739765 1.4238918 391.2 176.395812 532.68 0
2048 5 18.91327 5.7265706 461.6 241.205327 533.22 0
2048 6 25.734695 11.286917 512.7 64.959456 532.67 0
2048 7 28.10995 13.900706 503.7 106.9628557 531.15 0
2048 8 27.338734 13.443649 439.3 85.5812257 528.56 0
2048 9 24.061426 10.789097 346.6 200.8269 527.56 0
2048 10 17.742458 4.246197 255.1 149.1579663 527.42 0
2048 11 9.239628 -1.4249011 163.1 63.99441 528.85 0
2048 12 1.3978009 -8.289969 125 98.171172 530.06 0
2049 1 -2.7259772 -13.633493 143.5 91.3117152 534.88 0
2049 2 1.1934041 -11.121638 209.8 90.990312 535.8 0
2049 3 8.585455 -2.9145114 301.6 139.094179 536.78 0
2049 4 14.240529 1.6303899 391.2 88.325115 538.24 0
2049 5 20.961256 7.127591 461.6 116.2316263 538.78 0
2049 6 27.537664 14.178144 512.7 86.749455 538.23 0
2049 7 28.662554 14.2736635 503.7 61.4273587 536.71 0
2049 8 28.35547 15.718733 439.3 276.503756 534.12 0
2049 9 23.445091 12.507617 346.6 210.11424 533.12 0
2049 10 13.382552 1.1265001 255.1 59.6403792 532.98 0
2049 11 8.604812 -1.8958077 163.1 127.195815 534.41 0
2049 12 0.9201507 -8.705919 125 186.3978416 535.62 0
2050 1 -2.45549 -12.530997 143.5 111.1990212 540.54 0
2050 2 -0.8040007 -14.457047 209.8 90.836408825 541.46 0
2050 3 5.0977774 -5.8166904 301.6 109.5305826 542.44 0
2050 4 12.510722 1.2109715 391.2 213.77967 543.9 0
2050 5 20.662624 7.016257 461.6 112.484957 544.44 0
2050 6 26.968248 12.834292 512.7 64.451415 543.89 0
2050 7 28.673328 14.19845 503.7 77.1989497 542.37 0
2050 8 27.394148 13.500915 439.3 117.4977376 539.78 0
2050 9 22.931414 9.375507 346.6 59.669487 538.78 0
2050 10 16.315554 1.8924402 255.1 103.4232137 538.64 0
2050 11 9.779992 -0.9200252 163.1 217.551069 540.07 0
2050 12 -1.7282333 -12.667936 125 109.5856758 541.28 0
2051 1 -2.7851772 -12.904375 143.5 81.0030558 546.32 0
2051 2 2.496851 -9.6393175 209.8 141.47071725 547.24 0
2051 3 5.241576 -5.724899 301.6 129.98672 548.22 0
2051 4 14.038706 1.4411834 391.2 110.793165 549.68 0
2051 5 20.185497 5.0159764 461.6 99.6293283 550.22 0
2051 6 23.983286 10.730625 512.7 197.317758 549.67 0
2051 7 27.41583 13.426223 503.7 107.5953456 548.15 0
2051 8 27.006813 13.577986 439.3 57.2371321 545.56 0
2051 9 22.688478 6.936827 346.6 35.110158 544.56 0
2051 10 15.882641 1.5726417 255.1 84.411202 544.42 0
2051 11 6.9129524 -3.38197 163.1 120.42612 545.85 0
2051 12 2.6100457 -5.437883 125 102.2922097 547.06 0
2052 1 -2.7284768 -12.658466 143.5 32.8798772 552.21 0
2052 2 -2.4879634 -15.282694 209.8 115.3937468 553.13 0
2052 3 5.0917053 -6.791587 301.6 84.16252 554.11 0
2052 4 12.69406 -1.4906436 391.2 85.250316 555.57 0
2052 5 21.197708 6.793946 461.6 137.0696093 556.11 0
2052 6 26.07079 11.611498 512.7 38.033331 555.56 0
2052 7 29.409773 15.226201 503.7 103.3250832 554.04 0
2052 8 27.554058 13.130119 439.3 43.42821 551.45 0
2052 9 23.279945 8.864182 346.6 43.738668 550.45 0
2052 10 17.89282 4.2516127 255.1 151.923684 550.31 0
2052 11 11.587515 0.16500355 163.1 100.74504 551.74 0
2052 12 1.0642205 -9.257524 125 120.9962054 552.95 0
2053 1 -2.2830086 -11.000968 143.5 31.7454105 558.21 0
2053 2 2.6139207 -10.070242 209.8 107.2650805 559.13 0
2053 3 6.7628903 -4.282618 301.6 105.0230617 560.11 0
2053 4 13.284511 2.2792037 391.2 218.37138 561.57 0
2053 5 18.828663 5.2376614 461.6 235.4301076 562.11 0
2053 6 25.790655 12.001895 512.7 194.01162 561.56 0
2053 7 29.034723 14.932748 503.7 95.4811222 560.04 0
2053 8 27.464678 12.607215 439.3 131.2938598 557.45 0
2053 9 21.916136 8.278886 346.6 82.046892 556.45 0
2053 10 17.362312 4.477001 255.1 207.3701507 556.31 0
2053 11 7.509377 -2.304458 163.1 98.556648 557.74 0
2053 12 2.7000375 -5.7304125 125 194.4763393 558.95 0
2054 1 -3.5707395 -14.849722 143.5 44.2437332 564.31 0
2054 2 0.5902993 -10.982467 209.8 94.1795223 565.23 0
2054 3 4.7555637 -6.482351 301.6 126.4014894 566.21 0
2054 4 12.549433 -0.13046774 391.2 193.597671 567.67 0
2054 5 19.700823 6.081901 461.6 151.125031 568.21 0
2054 6 24.729116 11.630746 512.7 257.15868 567.66 0
2054 7 29.184702 15.008341 503.7 97.8146503 566.14 0
2054 8 28.767464 15.812908 439.3 79.3435762 563.55 0
2054 9 22.608643 9.593221 346.6 133.545498 562.55 0
2054 10 14.183516 1.3872892 255.1 58.9776457 562.41 0
2054 11 9.772683 0.25991946 163.1 104.068479 563.84 0
2054 12 1.7228957 -5.675856 125 58.3374461 565.05 0
2055 1 -3.5542457 -14.492967 143.5 44.8452913 570.52 0
2055 2 2.5324714 -9.245988 209.8 43.3439411 571.44 0
2055 3 4.528265 -6.782755 301.6 99.6864675 572.42 0
2055 4 15.932975 2.4984422 391.2 70.082382 573.88 0
2055 5 22.997423 7.3858314 461.6 47.2749318 574.42 0
2055 6 24.113377 10.717761 512.7 174.90744 573.87 0
2055 7 29.162397 15.316119 503.7 97.070486 572.35 0
2055 8 28.725025 13.893818 439.3 100.0152566 569.76 0
2055 9 22.208069 7.165809 346.6 67.105665 568.76 0
2055 10 16.21419 2.6602533 255.1 108.7225056 568.62 0
2055 11 8.701489 -0.9774656 163.1 164.73798 570.05 0
2055 12 3.649675 -4.273051 125 182.0051788 571.26 0
2056 1 -0.092349365 -8.864114 143.5 35.1425982 576.84 0
2056 2 -0.69725055 -12.731541 209.8 90.819577475 577.76 0
2056 3 5.682881 -5.1811433 301.6 115.1842355 578.74 0
2056 4 16.41363 2.9600122 391.2 110.608035 580.2 0
2056 5 22.509539 7.9070363 461.6 54.0392651 580.74 0
2056 6 26.532053 12.729525 512.7 122.24667 580.19 0
2056 7 29.054678 14.458846 503.7 80.9054523 578.67 0
2056 8 29.059593 15.351875 439.3 118.341477 576.08 0
2056 9 24.809458 9.421531 346.6 115.293339 575.08 0
2056 10 20.309717 6.9973974 255.1 63.8347505 574.94 0
2056 11 7.766492 -3.319313 163.1 121.325811 576.37 0
2056 12 0.6458537 -9.481668 125 43.4287959 577.58 0
2057 1 0.843393 -7.8920846 143.5 88.9591097 583.3 0
2057 2 0.73089224 -11.258229 209.8 85.4208245 584.22 0
2057 3 9.083694 -0.71701425 301.6 142.490136 585.2 0
2057 4 15.994011 3.0430129 391.2 95.535585 586.66 0
2057 5 19.81982 4.557085 461.6 84.7913023 587.2 0
2057 6 25.845102 12.325755 512.7 256.99551 586.65 0
2057 7 27.951857 13.052171 503.7 78.5735176 585.13 0
2057 8 29.673733 15.576288 439.3 85.3847663 582.54 0
2057 9 25.25852 10.497995 346.6 54.738372 581.54 0
2057 10 18.967157 4.608395 255.1 63.3742858 581.4 0
2057 11 9.212758 -1.8594729 163.1 84.700734 582.83 0
2057 12 3.0188813 -7.05052 125 99.0690033 584.04 0
2058 1 -2.0291967 -11.093252 143.5 60.339051 589.91 0
2058 2 4.23987 -7.9225097 209.8 77.03772175 590.83 0
2058 3 5.7338114 -6.727979 301.6 91.4655062 591.81 0
2058 4 14.559735 1.6099936 391.2 77.48859 593.27 0
2058 5 21.974718 6.844984 461.6 69.3885152 593.81 0
2058 6 27.247995 12.398301 512.7 47.60325 593.26 0
2058 7 28.462214 14.077429 503.7 88.848697 591.74 0
2058 8 29.567482 16.251886 439.3 202.3525186 589.15 0
2058 9 25.454514 11.140522 346.6 73.262301 588.15 0
2058 10 18.077456 3.9164789 255.1 79.4313496 588.01 0
2058 11 7.9826903 -3.2263148 163.1 81.738726 589.44 0
2058 12 2.1908998 -8.30161 125 211.6217356 590.65 0
2059 1 -0.99028575 -11.750285 143.5 267.599471 596.65 0
2059 2 2.7545447 -8.868747 209.8 113.9715853 597.57 0
2059 3 8.926301 -3.6596794 301.6 120.0270028 598.55 0
2059 4 11.97622 1.5333655 391.2 229.710375 600.01 0
2059 5 21.68101 6.716806 461.6 162.0382493 600.55 0
2059 6 27.877972 13.972164 512.7 95.877522 600 0
2059 7 27.36668 12.973094 503.7 124.2094763 598.48 0
2059 8 28.680918 15.486912 439.3 133.612449 595.89 0
2059 9 25.869 13.435349 346.6 129.25308 594.89 0
2059 10 18.970707 4.842491 255.1 79.6718755 594.75 0
2059 11 9.107856 -0.5762015 163.1 188.786115 596.18 0
2059 12 2.741712 -4.8606806 125 68.3167925 597.39 0
2060 1 -1.2740909 -10.581828 143.5 83.3173422 603.52 0
2060 2 3.0699952 -7.3368945 209.8 83.74180835 604.44 0
2060 3 4.640921 -6.745043 301.6 129.781314 605.42 0
2060 4 14.100951 2.3029978 391.2 93.200892 606.88 0
2060 5 22.094269 7.0483236 461.6 83.7209994 607.42 0
2060 6 28.280876 13.567372 512.7 43.24485 606.87 0
2060 7 28.839096 14.019698 503.7 114.3292493 605.35 0
2060 8 27.897419 13.348016 439.3 161.0496314 602.76 0
2060 9 24.454386 11.209623 346.6 97.554702 601.76 0
2060 10 17.829256 3.6040773 255.1 52.0263576 601.62 0
2060 11 10.148161 -0.6339314 163.1 97.08426 603.05 0
2060 12 3.6922667 -5.9016237 125 188.4744975 604.26 0
2061 1 -0.90119356 -9.609786 143.5 118.562197 610.52 0
2061 2 1.3971502 -10.643518 209.8 69.2153363 611.44 0
2061 3 7.9697595 -4.138628 301.6 63.6973957 612.42 0
2061 4 11.956895 0.73001283 391.2 212.816919 613.88 0
2061 5 19.788174 5.523007 461.6 68.7085364 614.42 0
2061 6 25.047636 11.221182 512.7 120.74283 613.87 0
2061 7 29.04975 13.650834 503.7 82.4673873 612.35 0
2061 8 29.402132 14.910464 439.3 114.3649768 609.76 0
2061 9 25.639551 11.477506 346.6 151.828752 608.76 0
2061 10 17.517628 4.2355027 255.1 44.4848419 608.62 0
2061 11 10.45781 0.28626546 163.1 67.29669 610.05 0
2061 12 2.1130133 -6.7046247 125 190.5091763 611.26 0
2062 1 -0.15418126 -9.971561 143.5 84.8717597 617.61 0
2062 2 0.9773824 -10.811388 209.8 48.2430787 618.53 0
2062 3 5.744892 -6.0572815 301.6 234.900795 619.51 0
2062 4 15.07418 2.3836725 391.2 76.849443 620.97 0
2062 5 23.164303 7.878783 461.6 72.037521 621.51 0
2062 6 26.159546 11.735545 512.7 93.48477 620.96 0
2062 7 27.10834 12.491222 503.7 91.719452 619.44 0
2062 8 28.052492 13.31109 439.3 127.748086 616.85 0
2062 9 24.344559 9.297975 346.6 55.355778 615.85 0
2062 10 17.346968 3.9431934 255.1 60.7922338 615.71 0
2062 11 8.954891 -1.7278451 163.1 95.77041 617.14 0
2062 12 3.4786212 -6.481127 125 96.0588506 618.35 0
2063 1 -1.1204879 -11.46284 143.5 131.9300604 624.76 0
2063 2 -0.055849038 -10.7814245 209.8 102.7278819 625.68 0
2063 3 4.3601084 -5.753495 301.6 142.6441347 626.66 0
2063 4 14.913427 2.4369137 391.2 87.58002 628.12 0
2063 5 21.340702 6.8206325 461.6 71.952178 628.66 0
2063 6 25.792126 11.72061 512.7 145.185942 628.11 0
2063 7 29.972664 16.32705 503.7 99.5073402 626.59 0
2063 8 27.968924 14.308466 439.3 109.8393488 624 0
2063 9 22.859995 7.393082 346.6 127.513089 623 0
2063 10 18.199018 4.587288 255.1 86.7519934 622.86 0
2063 11 9.153919 0.21051006 163.1 139.07325 624.29 0
2063 12 1.4966815 -6.184599 125 95.3523637 625.5 0
2064 1 1.199953 -9.377105 143.5 145.428657 631.99 0
2064 2 0.59468055 -10.155943 209.8 16.2038595875 632.91 0
2064 3 9.194556 -2.6781774 301.6 80.2745217 633.89 0
2064 4 12.27021 1.0140536 391.2 91.46772 635.35 0
2064 5 23.864956 8.158362 461.6 78.5163257 635.89 0
2064 6 25.931507 11.755406 512.7 114.196995 635.34 0
2064 7 30.41084 16.553009 503.7 75.6732537 633.82 0
2064 8 29.65038 15.915577 439.3 99.4309903 631.23 0
2064 9 27.020094 13.350448 346.6 78.930243 630.23 0
2064 10 18.856716 3.6082497 255.1 18.8322427 630.09 0
2064 11 12.069941 1.1519699 163.1 76.007094 631.52 0
2064 12 2.6109865 -6.486624 125 182.599269 632.73 0
2065 1 0.035336345 -11.091265 143.5 143.069929 639.29 0
2065 2 0.8707828 -11.195199 209.8 85.9096625 640.21 0
2065 3 11.076393 -2.2728996 301.6 37.5663177 641.19 0
2065 4 12.65444 0.54290384 391.2 169.08873 642.65 0
2065 5 22.364662 8.03996 461.6 103.6626143 643.19 0
2065 6 27.764185 13.034645 512.7 103.283421 642.64 0
2065 7 30.133589 15.101576 503.7 61.4043691 641.12 0
2065 8 30.84348 16.648563 439.3 64.8510762 638.53 0
2065 9 24.918972 10.660666 346.6 79.116189 637.53 0
2065 10 18.166386 4.289625 255.1 79.4194952 637.39 0
2065 11 10.805612 0.61756074 163.1 122.465115 638.82 0
2065 12 4.042669 -4.3347135 125 140.308139 640.03 0
2066 1 -0.6985899 -11.450522 143.5 103.5652805 646.65 0
2066 2 2.5499961 -8.829587 209.8 102.644163025 647.57 0
2066 3 7.7418365 -4.1360984 301.6 160.3562265 648.55 0
2066 4 13.536293 0.16916926 391.2 155.346522 650.01 0
2066 5 20.36801 4.9859266 461.6 115.0513385 650.55 0
2066 6 25.988976 12.558349 512.7 146.12232 650 0
2066 7 27.81245 13.365001 503.7 103.0457267 648.48 0
2066 8 26.91056 12.7326145 439.3 149.9768127 645.89 0
2066 9 23.653687 9.638216 346.6 30.356955 644.89 0
2066 10 15.94353 3.5998418 255.1 146.481169 644.75 0
2066 11 9.442071 -2.2456298 163.1 92.995626 646.18 0
2066 12 3.4959943 -5.4698424 125 110.217958 647.39 0
2067 1 2.7324612 -8.053068 143.5 99.245105 654.1 0
2067 2 0.60077834 -10.435793 209.8 80.529111 655.02 0
2067 3 7.994681 -3.7924051 301.6 105.5389606 656 0
2067 4 12.69237 0.64475906 391.2 212.052498 657.46 0
2067 5 18.196983 4.048271 461.6 163.135795 658 0
2067 6 26.035458 12.273485 512.7 105.205365 657.45 0
2067 7 30.22623 15.57777 503.7 95.271742 655.93 0
2067 8 29.026918 14.586455 439.3 97.6978454 653.34 0
2067 9 24.492958 10.830698 346.6 73.901382 652.34 0
2067 10 17.863577 5.145068 255.1 254.2365645 652.2 0
2067 11 11.419329 1.012754 163.1 133.977915 653.63 0
2067 12 3.6655009 -4.001643 125 165.897802 654.84 0
2068 1 -3.9480631 -13.012381 143.5 37.7481575 661.64 0
2068 2 0.49365562 -10.796232 209.8 100.601930975 662.56 0
2068 3 6.425764 -4.8377924 301.6 117.1120232 663.54 0
2068 4 18.257711 4.782371 391.2 99.937848 665 0
2068 5 23.18095 8.908486 461.6 118.016535 665.54 0
2068 6 25.37344 11.49117 512.7 126.29931 664.99 0
2068 7 29.98419 15.951498 503.7 149.9048834 663.47 0
2068 8 27.983715 13.83628 439.3 153.775531 660.88 0
2068 9 22.755075 7.475235 346.6 178.410372 659.88 0
2068 10 17.673086 4.959132 255.1 168.7489154 659.74 0
2068 11 7.6800885 -1.9960343 163.1 82.893282 661.17 0
2068 12 1.066128 -7.196111 125 130.395889 662.38 0
2069 1 1.9180474 -6.9204745 143.5 54.8806144 669.3 0
2069 2 3.804729 -6.302284 209.8 111.3677489 670.22 0
2069 3 6.5735426 -3.5851815 301.6 140.3805178 671.2 0
2069 4 17.409874 4.505318 391.2 156.51972 672.66 0
2069 5 22.912043 8.119731 461.6 68.2740435 673.2 0
2069 6 23.917547 9.64112 512.7 79.975326 672.65 0
2069 7 29.807713 14.449791 503.7 95.0884297 671.13 0
2069 8 29.609663 15.564228 439.3 150.6157754 668.54 0
2069 9 24.505627 10.910706 346.6 129.0489 667.54 0
2069 10 17.521368 3.3680596 255.1 15.3153888 667.4 0
2069 11 11.805683 1.461296 163.1 156.830205 668.83 0
2069 12 4.576161 -3.806898 125 40.7366722 670.04 0
2070 1 -0.2113356 -9.410001 143.5 86.0462815 677.08 0
2070 2 2.4051375 -9.540828 209.8 119.00004575 678 0
2070 3 6.5472383 -4.0613585 301.6 80.8498135 678.98 0
2070 4 13.075344 2.3258066 391.2 118.38957 680.44 0
2070 5 22.599007 7.5709567 461.6 87.3329768 680.98 0
2070 6 25.99494 11.824941 512.7 135.47577 680.43 0
2070 7 30.048525 15.381403 503.7 68.9813178 678.91 0
2070 8 30.02427 15.6404505 439.3 70.325298 676.32 0
2070 9 23.59313 8.334913 346.6 53.928315 675.32 0
2070 10 21.333136 7.2546325 255.1 79.6620392 675.18 0
2070 11 8.893689 -1.5861164 163.1 194.953965 676.61 0
2070 12 -0.5556562 -10.576191 125 81.1068097 677.82 0
2071 1 -3.8029206 -17.58231 143.5 105.435619 684.95 0
2071 2 3.5620046 -7.416192 209.8 78.256971975 685.87 0
2071 3 7.816073 -2.7014246 301.6 136.272683 686.85 0
2071 4 16.426228 4.5419416 391.2 215.87862 688.31 0
2071 5 18.342781 5.6078987 461.6 211.4473234 688.85 0
2071 6 25.86559 11.564449 512.7 96.257244 688.3 0
2071 7 30.044468 16.426666 503.7 176.887984 686.78 0
2071 8 29.160614 15.089651 439.3 152.378578 684.19 0
2071 9 23.72356 9.965777 346.6 154.803699 683.19 0
2071 10 14.994522 2.6022737 255.1 93.2224157 683.05 0
2071 11 7.233842 -1.9009162 163.1 160.10742 684.48 0
2071 12 5.025097 -3.334868 125 200.039559 685.69 0
2072 1 1.3558636 -9.146077 143.5 181.56421 692.9 0
2072 2 0.29152906 -12.756678 209.8 90.01065285 693.82 0
2072 3 6.9049363 -4.5193505 301.6 142.3050815 694.8 0
2072 4 18.82984 4.7726183 391.2 54.34749 696.26 0
2072 5 23.894104 8.605092 461.6 83.857263 696.8 0
2072 6 27.860016 13.693926 512.7 70.176681 696.25 0
2072 7 29.63117 16.196896 503.7 149.6282983 694.73 0
2072 8 29.794577 15.444241 439.3 79.924045 692.14 0
2072 9 29.32497 15.647075 346.6 35.841951 691.14 0
2072 10 17.914118 3.5143044 255.1 78.14418 691 0
2072 11 11.341213 1.041052 163.1 116.54961 692.43 0
2072 12 2.729221 -5.5298448 125 114.981666 693.64 0
2073 1 -1.1092691 -9.575459 143.5 22.5325825 700.89 0
2073 2 1.8085428 -7.743451 209.8 109.084196875 701.81 0
2073 3 4.556949 -6.782802 301.6 141.6987866 702.79 0
2073 4 15.697976 1.9348583 391.2 126.956562 704.25 0
2073 5 24.337803 8.87169 461.6 81.6848512 704.79 0
2073 6 26.337181 12.066022 512.7 102.812742 704.24 0
2073 7 31.521627 16.894012 503.7 108.7653662 702.72 0
2073 8 31.720413 17.57538 439.3 68.5990785 700.13 0
2073 9 27.80682 12.391037 346.6 21.023739 699.13 0
2073 10 20.568687 6.744936 255.1 169.1293877 698.99 0
2073 11 9.914237 -1.0887768 163.1 192.97158 700.42 0
2073 12 5.6801143 -3.4716344 125 157.6001746 701.63 0
2074 1 -1.354733 -11.367716 143.5 150.865344 708.93 0
2074 2 -0.3335857 -11.474865 209.8 63.42269075 709.85 0
2074 3 6.47622 -4.177124 301.6 181.7778155 710.83 0
2074 4 13.941791 0.9552305 391.2 211.97232 712.29 0
2074 5 21.84003 6.7821493 461.6 50.329523 712.83 0
2074 6 26.79867 12.667064 512.7 120.68268 712.28 0
2074 7 29.5989 14.933906 503.7 139.052515 710.76 0
2074 8 27.448835 13.07055 439.3 149.2525256 708.17 0
2074 9 24.410975 10.403689 346.6 116.669325 707.17 0
2074 10 17.730297 3.9615395 255.1 70.314541 707.03 0
2074 11 8.839934 -1.7146103 163.1 99.324396 708.46 0
2074 12 -0.19516075 -10.282796 125 59.6457701 709.67 0
2075 1 -1.6944661 -12.174042 143.5 67.7929204 717.02 0
2075 2 1.2920554 -10.074973 209.8 66.53614585 717.94 0
2075 3 5.289093 -5.5861073 301.6 123.6021522 718.92 0
2075 4 14.709139 1.6372213 391.2 172.4973 720.38 0
2075 5 22.674446 7.7648573 461.6 64.7517863 720.92 0
2075 6 27.101995 12.956263 512.7 64.157016 720.37 0
2075 7 30.980156 16.393105 503.7 89.7017922 718.85 0
2075 8 30.6958 15.885259 439.3 45.3048446 716.26 0
2075 9 27.694536 14.990744 346.6 105.301014 715.26 0
2075 10 18.671934 5.1778708 255.1 186.2211664 715.12 0
2075 11 7.845519 -2.5516732 163.1 131.96388 716.55 0
2075 12 3.2980914 -4.953938 125 82.1698183 717.76 0
2076 1 1.7464906 -7.3187013 143.5 82.4173781 725.14 0
2076 2 -0.1352556 -10.9218025 209.8 69.146798975 726.06 0
2076 3 6.4492607 -2.9843931 301.6 126.9918224 727.04 0
2076 4 17.680984 4.2252493 391.2 66.619791 728.5 0
2076 5 24.41806 9.543875 461.6 178.8149502 729.04 0
2076 6 27.48191 13.928878 512.7 83.160039 728.49 0
2076 7 31.682474 17.196966 503.7 51.268699 726.97 0
2076 8 30.788551 16.559746 439.3 83.3265864 724.38 0
2076 9 25.982077 11.864567 346.6 68.974965 723.38 0
2076 10 17.97995 4.4624214 255.1 126.3235306 723.24 0
2076 11 11.496954 1.5332342 163.1 139.123965 724.67 0
2076 12 3.68268 -5.1420164 125 192.9549957 725.88 0
2077 1 -1.8994197 -12.244957 143.5 69.4453878 733.31 0
2077 2 1.2148371 -9.295707 209.8 90.2976446 734.23 0
2077 3 7.8045406 -3.778316 301.6 95.2428655 735.21 0
2077 4 11.564661 -0.59441656 391.2 191.19351 736.67 0
2077 5 23.007597 8.511034 461.6 123.9579237 737.21 0
2077 6 28.159786 14.677437 512.7 102.50943 736.66 0
2077 7 30.9187 16.36304 503.7 77.8000738 735.14 0
2077 8 31.015846 17.360958 439.3 187.519806 732.55 0
2077 9 26.317978 11.835828 346.6 38.97891 731.55 0
2077 10 18.642616 5.870653 255.1 107.498266 731.41 0
2077 11 7.0678225 -2.8996575 163.1 66.245178 732.84 0
2077 12 4.033781 -5.6768064 125 135.0761605 734.05 0
2078 1 0.24752882 -8.030801 143.5 60.2928207 741.52 0
2078 2 1.3220149 -9.377835 209.8 139.825140625 742.44 0
2078 3 5.7603736 -4.371172 301.6 135.931869 743.42 0
2078 4 15.4619465 3.8114884 391.2 209.142822 744.88 0
2078 5 23.131083 6.844578 461.6 48.6100677 745.42 0
2078 6 28.049435 14.390042 512.7 87.064899 744.87 0
2078 7 30.538904 15.758552 503.7 62.4903115 743.35 0
2078 8 30.102402 16.125004 439.3 128.1768904 740.76 0
2078 9 24.000908 8.36001 346.6 61.054467 739.76 0
2078 10 18.177776 3.8792205 255.1 189.9544964 739.62 0
2078 11 10.335649 -0.47453767 163.1 100.292001 741.05 0
2078 12 3.514523 -4.80095 125 186.787121 742.26 0
2079 1 -0.39411977 -10.014334 143.5 117.614837 749.8 0
2079 2 4.6410933 -6.570499 209.8 115.25381325 750.72 0
2079 3 6.523214 -4.737796 301.6 103.432926 751.7 0
2079 4 16.498203 4.020082 391.2 188.591982 753.16 0
2079 5 20.199802 6.7447395 461.6 219.250073 753.7 0
2079 6 25.655363 11.744728 512.7 63.789174 753.15 0
2079 7 28.747293 15.090619 503.7 192.2148955 751.63 0
2079 8 29.771812 16.461353 439.3 153.7439637 749.04 0
2079 9 25.568878 11.23476 346.6 69.30951 748.04 0
2079 10 19.656576 5.3662925 255.1 93.868868 747.9 0
2079 11 12.48632 2.136771 163.1 186.3096 749.33 0
2079 12 4.3803353 -3.8876543 125 49.2708978 750.54 0
2080 1 2.902487 -5.9639316 143.5 140.6272716 758.18 0
2080 2 2.3260615 -7.0540166 209.8 73.34984245 759.1 0
2080 3 6.549749 -3.9189773 301.6 162.690635 760.08 0
2080 4 13.296238 1.8771974 391.2 208.081755 761.54 0
2080 5 22.554115 7.7617083 461.6 105.0695586 762.08 0
2080 6 27.443804 13.187049 512.7 53.10369 761.53 0
2080 7 31.46364 17.025347 503.7 87.349785 760.01 0
2080 8 28.891436 15.788895 439.3 327.114046 757.42 0
2080 9 24.993217 9.864085 346.6 44.411934 756.42 0
2080 10 18.65656 5.274745 255.1 56.7459185 756.28 0
2080 11 10.469159 -1.3511091 163.1 121.86414 757.71 0
2080 12 0.51999205 -10.447702 125 32.1374644 758.92 0
2081 1 0.7763646 -8.877149 143.5 167.3778877 766.64 0
2081 2 5.6629725 -4.674945 209.8 130.179551025 767.56 0
2081 3 6.402866 -3.964712 301.6 40.2408489 768.54 0
2081 4 17.080725 3.6526823 391.2 85.684389 770 0
2081 5 23.64593 8.847618 461.6 159.5542906 770.54 0
2081 6 27.443783 13.963362 512.7 98.993076 769.99 0
2081 7 28.764246 14.40012 503.7 126.5644037 768.47 0
2081 8 28.694168 14.834347 439.3 149.3751275 765.88 0
2081 9 26.099888 11.893861 346.6 33.971328 764.88 0
2081 10 18.540867 3.7333975 255.1 39.867364 764.74 0
2081 11 13.900395 2.9696052 163.1 71.372316 766.17 0
2081 12 2.548695 -7.2819924 125 99.6240304 767.38 0
2082 1 2.7234328 -6.1151643 143.5 182.910447 775.17 0
2082 2 2.9149847 -6.614912 209.8 100.971559625 776.09 0
2082 3 2.9281664 -7.2563133 301.6 109.7120225 777.07 0
2082 4 18.083012 4.215185 391.2 51.357294 778.53 0
2082 5 23.759687 8.483238 461.6 100.3247978 779.07 0
2082 6 27.483011 13.550381 512.7 101.497572 778.52 0
2082 7 33.244755 18.495615 503.7 46.6091572 777 0
2082 8 32.480392 19.813782 439.3 239.653994 774.41 0
2082 9 25.849894 11.477512 346.6 67.554747 773.41 0
2082 10 17.133097 3.2110417 255.1 96.4732338 773.27 0
2082 11 11.5980215 0.699482 163.1 95.048862 774.7 0
2082 12 4.252606 -3.8119373 125 122.6288917 775.91 0
2083 1 0.0608157 -8.40409 143.5 116.2547833 783.75 0
2083 2 1.104811 -10.075932 209.8 71.76177435 784.67 0
2083 3 5.868122 -6.0245156 301.6 60.9664786 785.65 0
2083 4 17.409386 4.668402 391.2 74.593506 787.11 0
2083 5 19.119722 6.0730424 461.6 102.3376402 787.65 0
2083 6 27.714302 13.108504 512.7 125.290632 787.1 0
2083 7 31.75962 17.389309 503.7 83.6798469 785.58 0
2083 8 30.717999 16.584106 439.3 96.508177 782.99 0
2083 9 27.201601 12.35551 346.6 36.12918 781.99 0
2083 10 19.151125 5.5390134 255.1 152.9038606 781.85 0
2083 11 12.001717 2.527255 163.1 172.176 783.28 0
2083 12 1.7842647 -5.7587476 125 41.9033665 784.49 0
2084 1 -1.5427455 -10.09717 143.5 87.3635676 792.37 0
2084 2 1.7459594 -9.508823 209.8 51.25305405 793.29 0
2084 3 8.682583 -3.656096 301.6 76.0401356 794.27 0
2084 4 14.896078 3.1641097 391.2 215.916654 795.73 0
2084 5 22.850967 8.460633 461.6 218.4818465 796.27 0
2084 6 27.60991 12.703616 512.7 54.918246 795.72 0
2084 7 31.527882 17.174784 503.7 142.50824 794.2 0
2084 8 28.716572 14.520488 439.3 172.419706 791.61 0
2084 9 24.625153 9.911282 346.6 214.358712 790.61 0
2084 10 15.369674 3.0074644 255.1 59.6624233 790.47 0
2084 11 9.869717 -0.5860877 163.1 172.43118 791.9 0
2084 12 4.8709373 -4.274189 125 216.3549737 793.11 0
2085 1 1.1223651 -8.908779 143.5 97.3502765 801.02 0
2085 2 3.43929 -6.9538684 209.8 85.306917675 801.94 0
2085 3 10.120236 -1.3558341 301.6 136.608878 802.92 0
2085 4 14.1599045 1.929645 391.2 215.021439 804.38 0
2085 5 23.432749 8.329972 461.6 112.7458282 804.92 0
2085 6 27.988914 13.9539 512.7 105.35475 804.37 0
2085 7 32.034016 17.501944 503.7 64.8088077 802.85 0
2085 8 32.183983 18.070847 439.3 88.5377856 800.26 0
2085 9 28.359085 14.004854 346.6 76.920954 799.26 0
2085 10 19.368673 5.3578796 255.1 101.292221 799.12 0
2085 11 13.175743 3.3281963 163.1 184.63812 800.55 0
2085 12 6.5622025 -2.4437366 125 193.691689 801.76 0
2086 1 1.4686916 -8.028218 143.5 138.703579 809.71 0
2086 2 2.5559163 -9.485849 209.8 160.31358025 810.63 0
2086 3 4.9660754 -6.798899 301.6 99.0155376 811.61 0
2086 4 13.981203 0.7698487 391.2 170.91993 813.07 0
2086 5 22.95854 7.9217076 461.6 100.7033698 813.61 0
2086 6 28.395073 14.065117 512.7 92.12946 813.06 0
2086 7 32.32407 18.017433 503.7 107.6227868 811.54 0
2086 8 30.712881 15.778217 439.3 63.0558538 808.95 0
2086 9 25.011908 9.942767 346.6 133.890939 807.95 0
2086 10 21.954899 8.538415 255.1 38.1838501 807.81 0
2086 11 9.420611 0.37370437 163.1 129.187302 809.24 0
2086 12 5.046768 -3.8453383 125 112.3986654 810.45 0
2087 1 -1.9980907 -11.075532 143.5 43.635786 818.42 0
2087 2 3.4095528 -8.715702 209.8 120.02721575 819.34 0
2087 3 7.028048 -3.4009066 301.6 156.550682 820.32 0
2087 4 18.034603 6.596107 391.2 125.165205 821.78 0
2087 5 22.569946 8.099842 461.6 93.3867188 822.32 0
2087 6 28.30343 14.716028 512.7 124.05765 821.77 0
2087 7 30.52393 15.556868 503.7 91.7388053 820.25 0
2087 8 31.813213 17.708313 439.3 119.3463234 817.66 0
2087 9 28.69294 15.797704 346.6 71.815389 816.66 0
2087 10 17.49036 4.101191 255.1 99.2898752 816.52 0
2087 11 9.76581 -0.0910079 163.1 113.486031 817.95 0
2087 12 4.695339 -4.169529 125 35.5586802 819.16 0
2088 1 1.3523341 -7.4445696 143.5 129.5331807 827.16 0
2088 2 1.2699383 -9.416309 209.8 138.064905725 828.08 0
2088 3 6.9382 -3.7491562 301.6 137.6506454 829.06 0
2088 4 15.177327 3.7772844 391.2 220.17795 830.52 0
2088 5 24.430101 9.494087 461.6 87.354714 831.06 0
2088 6 28.74811 15.29108 512.7 198.413085 830.51 0
2088 7 31.897865 18.387316 503.7 94.0866213 828.99 0
2088 8 31.343636 16.63657 439.3 67.1836154 826.4 0
2088 9 27.023294 11.969475 346.6 36.039462 825.4 0
2088 10 18.10534 4.676814 255.1 83.9016488 825.26 0
2088 11 14.08692 3.981509 163.1 293.37339 826.69 0
2088 12 6.663644 -2.0456119 125 260.275814 827.9 0
2089 1 0.91445184 -7.184522 143.5 136.338806 835.96 0
2089 2 5.214608 -4.8208632 209.8 96.16085865 836.88 0
2089 3 6.681201 -3.1767364 301.6 101.029527 837.86 0
2089 4 16.890684 4.222311 391.2 144.492645 839.32 0
2089 5 26.20185 10.453628 461.6 55.3309111 839.86 0
2089 6 29.58764 15.406421 512.7 212.393745 839.31 0
2089 7 30.678263 16.668951 503.7 158.755216 837.79 0
2089 8 30.913383 16.888067 439.3 76.8855583 835.2 0
2089 9 26.262512 12.798781 346.6 80.86581 834.2 0
2089 10 19.089241 4.821901 255.1 108.3936142 834.06 0
2089 11 11.77196 1.5279565 163.1 101.323836 835.49 0
2089 12 5.0532556 -3.6726108 125 130.6106074 836.7 0
2090 1 2.2763026 -7.4333844 143.5 147.417927 844.8 0
2090 2 0.6168133 -9.408767 209.8 88.908685325 845.72 0
2090 3 6.2861137 -4.383352 301.6 126.988958 846.7 0
2090 4 12.333667 0.73039883 391.2 113.546628 848.16 0
2090 5 24.109646 9.523636 461.6 179.88091 848.7 0
2090 6 26.240221 12.307004 512.7 114.44559 848.15 0
2090 7 32.155075 17.800135 503.7 69.4603856 846.63 0
2090 8 30.482939 16.455357 439.3 159.785811 844.04 0
2090 9 25.458479 12.378897 346.6 131.22426 843.04 0
2090 10 16.977365 4.6893334 255.1 155.2563483 842.9 0
2090 11 11.759126 2.4347777 163.1 59.641044 844.33 0
2090 12 5.316518 -3.4611793 125 137.757273 845.54 0
2091 1 2.4015472 -6.7075844 143.5 175.568748 853.73 0
2091 2 1.8333027 -8.923124 209.8 42.34475555 854.65 0
2091 3 6.748687 -2.7748988 301.6 85.6288758 855.63 0
2091 4 16.487219 3.549728 391.2 50.27148 857.09 0
2091 5 24.361639 8.734418 461.6 147.4694986 857.63 0
2091 6 28.254211 14.111001 512.7 62.896821 857.08 0
2091 7 32.553364 18.654295 503.7 139.764554 855.56 0
2091 8 31.00566 17.64399 439.3 150.8243217 852.97 0
2091 9 25.514275 11.098625 346.6 34.457907 851.97 0
2091 10 21.122072 7.10805 255.1 69.5187896 851.83 0
2091 11 13.218257 3.6015983 163.1 194.88216 853.26 0
2091 12 5.9156113 -2.052138 125 126.056106 854.47 0
2092 1 5.5785375 -2.8503149 143.5 98.912072 862.73 0
2092 2 2.1192074 -8.039448 209.8 113.0477425 863.65 0
2092 3 10.608478 0.39193207 301.6 104.878332 864.63 0
2092 4 15.784081 2.9765303 391.2 216.625572 866.09 0
2092 5 26.817144 11.794789 461.6 136.5576536 866.63 0
2092 6 31.263386 17.185932 512.7 55.279344 866.08 0
2092 7 32.40335 16.430298 503.7 64.1042924 864.56 0
2092 8 33.27167 18.542288 439.3 52.2566194 861.97 0
2092 9 28.450504 14.213994 346.6 78.111492 860.97 0
2092 10 20.789648 7.2065606 255.1 203.4947787 860.83 0
2092 11 8.495499 -0.548817 163.1 156.558765 862.26 0
2092 12 2.9729762 -5.4550066 125 166.6982747 863.47 0
2093 1 2.2404068 -6.2191343 143.5 122.7897352 871.78 0
2093 2 2.9039474 -7.909298 209.8 97.924605025 872.7 0
2093 3 7.4126844 -1.613644 301.6 154.0605326 873.68 0
2093 4 13.059211 2.4396255 391.2 99.513825 875.14 0
2093 5 25.98215 10.887442 461.6 86.8682403 875.68 0
2093 6 30.042482 15.465614 512.7 88.254912 875.13 0
2093 7 32.679916 17.867517 503.7 63.050094 873.61 0
2093 8 31.136354 16.127766 439.3 79.8430885 871.02 0
2093 9 29.120426 15.993203 346.6 72.199602 870.02 0
2093 10 19.76359 5.3234096 255.1 52.5902197 869.88 0
2093 11 12.455284 2.7285519 163.1 173.682132 871.31 0
2093 12 4.6868186 -2.8211992 125 232.6130973 872.52 0
2094 1 3.3355384 -5.102904 143.5 121.2361237 880.86 0
2094 2 4.107627 -5.9001675 209.8 69.726952275 881.78 0
2094 3 7.5166564 -1.7707795 301.6 153.996375 882.76 0
2094 4 17.088358 4.5431147 391.2 115.06266 884.22 0
2094 5 26.289968 10.720232 461.6 42.2519119 884.76 0
2094 6 28.942911 14.610964 512.7 60.396852 884.21 0
2094 7 32.756344 17.92951 503.7 146.190544 882.69 0
2094 8 31.323528 17.383886 439.3 148.4676335 880.1 0
2094 9 22.698505 8.808482 346.6 292.67706 879.1 0
2094 10 17.881748 3.7769978 255.1 43.40837 878.96 0
2094 11 12.099391 1.955075 163.1 164.778615 880.39 0
2094 12 5.2480493 -2.5972009 125 191.361512 881.6 0
2095 1 -2.7341363 -14.435582 143.5 51.1784208 889.98 0
2095 2 2.5720727 -9.731429 209.8 169.275469 890.9 0
2095 3 7.4877863 -4.437469 301.6 180.5083283 891.88 0
2095 4 15.541949 4.7101226 391.2 212.19186 893.34 0
2095 5 21.70695 6.4063253 461.6 198.6030934 893.88 0
2095 6 27.434942 14.399021 512.7 161.62356 893.33 0
2095 7 33.063236 18.35341 503.7 60.609464 891.81 0
2095 8 32.719337 17.885813 439.3 64.2751799 889.22 0
2095 9 26.230766 11.392928 346.6 64.18092 888.22 0
2095 10 20.770142 6.493034 255.1 34.0101434 888.08 0
2095 11 7.565967 -2.273651 163.1 78.758175 889.51 0
2095 12 2.8319042 -6.115822 125 72.9702862 890.72 0
2096 1 2.8780544 -9.616432 143.5 170.3873925 899.12 0
2096 2 6.566799 -4.3507586 209.8 216.50006175 900.04 0
2096 3 9.511282 -0.68015546 301.6 135.1716095 901.02 0
2096 4 16.03998 3.9926827 391.2 118.416066 902.48 0
2096 5 21.873774 6.809759 461.6 115.6176713 903.02 0
2096 6 28.499596 14.352483 512.7 147.941622 902.47 0
2096 7 32.552963 17.661558 503.7 86.0108795 900.95 0
2096 8 31.844908 17.142765 439.3 148.219804 898.36 0
2096 9 25.720596 11.550984 346.6 159.157662 897.36 0
2096 10 16.528492 4.0260224 255.1 93.5946327 897.22 0
2096 11 9.712402 0.10372023 163.1 193.650885 898.65 0
2096 12 3.2247458 -5.0533624 125 134.781273 899.86 0
2097 1 2.5415728 -6.313543 143.5 164.5941807 908.29 0
2097 2 3.8720858 -6.8900537 209.8 117.5092198 909.21 0
2097 3 7.6368976 -3.6322973 301.6 164.3677815 910.19 0
2097 4 17.564135 6.4584856 391.2 202.550169 911.65 0
2097 5 26.990454 11.30673 461.6 50.0065805 912.19 0
2097 6 30.351076 16.729948 512.7 104.657628 911.64 0
2097 7 32.235367 16.415981 503.7 88.3556513 910.12 0
2097 8 34.238567 20.291615 439.3 65.3637294 907.53 0
2097 9 28.164345 13.580035 346.6 122.98344 906.53 0
2097 10 16.835901 4.354145 255.1 176.3231423 906.39 0
2097 11 7.895378 -1.1492114 163.1 102.693465 907.82 0
2097 12 0.9430684 -8.627188 125 120.8171959 909.03 0
2098 1 1.6997858 -8.08178 143.5 144.7242223 917.47 0
2098 2 1.045571 -10.037052 209.8 128.4259125 918.39 0
2098 3 7.5905104 -3.6174915 301.6 178.8573303 919.37 0
2098 4 14.02443 1.073519 391.2 103.518669 920.83 0
2098 5 22.901892 9.732188 461.6 102.37502 921.37 0
2098 6 28.101198 14.109777 512.7 70.490829 920.82 0
2098 7 32.108215 16.80698 503.7 74.8384268 919.3 0
2098 8 34.556366 20.685476 439.3 157.189685 916.71 0
2098 9 28.714499 14.431017 346.6 93.611805 915.71 0
2098 10 19.082268 4.824377 255.1 42.8555935 915.57 0
2098 11 13.68096 3.233736 163.1 100.9638 917 0
2098 12 5.143197 -1.686754 125 67.3395888 918.21 0
2099 1 1.5425155 -7.82377 143.5 138.626854 926.67 0
2099 2 2.8989484 -8.455134 209.8 130.083721375 927.59 0
2099 3 7.162545 -1.8552309 301.6 175.4082734 928.57 0
2099 4 15.867158 3.7571445 391.2 277.77453 930.03 0
2099 5 22.822042 9.552371 461.6 97.0617843 930.57 0
2099 6 28.626402 14.295697 512.7 85.932483 930.02 0
2099 7 32.48126 17.647303 503.7 114.605388 928.5 0
2099 8 34.14513 20.029888 439.3 95.1373074 925.91 0
2099 9 26.76434 13.638952 346.6 242.02278 924.91 0
2099 10 21.59094 8.472727 255.1 41.8043308 924.77 0
2099 11 11.229214 1.0186986 163.1 98.47602 926.2 0
2099 12 5.974513 -2.5434234 125 103.8990947 927.41 0
2100-2200 1 1.5425155 -7.82377 143.5 138.626854 926.67 0
2100-2200 2 2.8989484 -8.455134 209.8 130.083721375 927.59 0
2100-2200 3 7.162545 -1.8552309 301.6 175.4082734 928.57 0
2100-2200 4 15.867158 3.7571445 391.2 277.77453 930.03 0
2100-2200 5 22.822042 9.552371 461.6 97.0617843 930.57 0
2100-2200 6 28.626402 14.295697 512.7 85.932483 930.02 0
2100-2200 7 32.48126 17.647303 503.7 114.605388 928.5 0
2100-2200 8 34.14513 20.029888 439.3 95.1373074 925.91 0
2100-2200 9 26.76434 13.638952 346.6 242.02278 924.91 0
2100-2200 10 21.59094 8.472727 255.1 41.8043308 924.77 0
2100-2200 11 11.229214 1.0186986 163.1 98.47602 926.2 0
2100-2200 12 5.974513 -2.5434234 125 103.8990947 927.41 0
