Year Month Tmax Tmin PAR Prec CO2 O3
1200-1980 1 -2.48428463838344 -13.3135083620679 143.5 94.5371305701734 390 0
1200-1980 2 -0.618967882090536 -12.3024963515656 209.8 84.2618648949864 390 0
1200-1980 3 3.95467210535653 -7.60240023622821 301.6 101.180337046618 390 0
1200-1980 4 11.0451704030312 -1.10188426690706 391.2 107.664681465163 390 0
1200-1980 5 17.716305922814 4.66674361778658 461.6 121.194240433842 390 0
1200-1980 6 22.2719698005178 9.61306151822735 512.7 128.066934359175 390 0
1200-1980 7 24.7188559338577 12.0400195250106 503.7 121.663167313179 390 0
1200-1980 8 23.8161658002827 10.9582090237169 439.3 126.83365570543 390 0
1200-1980 9 19.7254204334814 6.96008448821862 346.6 114.865436516204 390 0
1200-1980 10 13.1353470405328 1.16769614076765 255.1 128.825752125312 390 0
1200-1980 11 6.72175763783739 -3.32502077795626 163.1 111.722275329765 390 0
1200-1980 12 0.23477819195802 -9.4541245109258 125 110.413320456072 390 0
1981 1 -6.71783714598184 -19.6320692321487 143.5 19.3733860405886 390 0
1981 2 2.92858654201699 -8.41149616929276 209.8 242.747647508626 390 0
1981 3 3.93243638144732 -6.42637009693553 301.6 30.0104369719583 390 0
1981 4 12.6984832488078 -0.18778829055114 391.2 91.1682794214232 390 0
1981 5 19.4125364400194 4.54360101539833 461.6 87.4487422098915 390 0
1981 6 22.6295857341419 9.29296208180144 512.7 102.841635865434 390 0
1981 7 24.6228748491447 12.1803115994538 503.7 144.449321682925 390 0
1981 8 23.4212363493913 9.82044276548383 439.3 95.2900361508002 390 0
1981 9 17.9458069171864 7.10044633811351 346.6 141.184107623057 390 0
1981 10 11.1917193392013 -0.980126848854295 255.1 157.164114320668 390 0
1981 11 6.32804095067528 -3.38430926699069 163.1 57.0758266593639 390 0
1981 12 -0.698095105872468 -9.62048816953818 125 116.69864625089 390 0
1982 1 -6.62330958030715 -19.6040656306912 143.5 107.96418379406 390 0
1982 2 -1.33947174565833 -13.5215925652265 209.8 102.618719380429 390 0
1982 3 3.00585668820921 -9.32018241606752 301.6 93.1685964398328 390 0
1982 4 9.3728721298128 -3.34399082530072 391.2 118.582003255436 390 0
1982 5 19.5029161198842 4.90477645323689 461.6 65.3421012951105 390 0
1982 6 19.6641704428995 8.91338920044669 512.7 206.62880822554 390 0
1982 7 25.3400007930154 10.5631339077197 503.7 62.1538216054514 390 0
1982 8 22.104194354048 8.50324643216256 439.3 106.133841621754 390 0
1982 9 19.9140053749928 6.87961760448559 346.6 66.9384748557287 390 0
1982 10 13.828206825476 -0.023289936171055 255.1 59.2250956425776 390 0
1982 11 8.49101173991983 -1.88846247088989 163.1 97.9313828441387 390 0
1982 12 3.24849646901786 -7.64744863115301 125 65.3972723777472 390 0
1983 1 -1.83848218055897 -12.5321948531729 143.5 123.933754430299 390 0
1983 2 -0.0172285008995419 -12.0549751784469 209.8 73.2517015272462 390 0
1983 3 3.76519869284512 -5.12136398420777 301.6 144.662664002269 390 0
1983 4 9.12793984312636 -0.767062274415127 391.2 198.837558439792 390 0
1983 5 15.0070609661096 4.17669372822129 461.6 190.102663370049 390 0
1983 6 23.7702385024568 8.95023161058323 512.7 82.2878774976471 390 0
1983 7 25.8651090995546 11.1987480233732 503.7 60.487084281566 390 0
1983 8 24.1751591231046 10.9104939864638 439.3 168.639667553498 390 0
1983 9 21.6370147167069 6.7691743101738 346.6 52.8751742694151 390 0
1983 10 13.1422706069235 0.830353436612109 255.1 94.0303215710061 390 0
1983 11 6.16367817957612 -2.89781488305882 163.1 195.454925315232 390 0
1983 12 -2.20280081572266 -11.7348280104545 125 200.493973437031 390 0
1984 1 -3.70970392695057 -15.6337180467123 143.5 58.0630378189973 390 0
1984 2 2.61879444239248 -7.71906930654457 209.8 119.062718676709 390 0
1984 3 -0.0715108163878423 -10.854878313561 301.6 124.137021903855 390 0
1984 4 10.2337876927342 -0.48158200150043 391.2 123.456651547573 390 0
1984 5 15.6270207867417 3.38733450492144 461.6 302.044731852808 390 0
1984 6 23.5370406012411 9.24976584934755 512.7 54.8018363270851 390 0
1984 7 24.1453376940821 11.5986861922022 503.7 160.895237764381 390 0
1984 8 24.7028814890858 12.4511225891171 439.3 110.522537217156 390 0
1984 9 18.5986690795592 4.72165196607613 346.6 60.5665813937016 390 0
1984 10 15.0012989303232 2.21254933005676 255.1 81.1040199672154 390 0
1984 11 6.52065779177009 -4.09772870687446 163.1 90.4382517426217 390 0
1984 12 2.35347916105098 -7.15604717523687 125 111.57948293531 390 0
1985 1 -5.21205673989186 -15.1872300316349 143.5 48.2542882112964 390 0
1985 2 -0.569874220415088 -11.5626587504079 209.8 63.7132804260087 390 0
1985 3 5.35328483253996 -7.3260389255987 301.6 90.0735569761728 390 0
1985 4 11.2048470430812 -0.45243005385862 391.2 57.8679074255509 390 0
1985 5 18.451701445653 4.74549215898624 461.6 92.4532976094156 390 0
1985 6 19.4663861157878 8.07834319065251 512.7 110.335794813708 390 0
1985 7 25.0233591407292 10.5480870666613 503.7 75.7921878342453 390 0
1985 8 22.8898762014944 9.82331792399447 439.3 126.466237630103 390 0
1985 9 20.0023044531644 7.22607875585301 346.6 165.676864264227 390 0
1985 10 14.0758822467815 1.13507653583315 255.1 88.5868996163155 390 0
1985 11 6.12753239310219 -2.48998011666475 163.1 161.143794815513 390 0
1985 12 -2.51379176291434 -12.1890225505758 125 64.4098678257116 390 0
1986 1 -1.63631810563945 -13.4353056095759 143.5 130.137020886058 390 0
1986 2 -2.4818978553929 -14.4190327225244 209.8 76.3793692795818 390 0
1986 3 5.44712518512728 -6.99747295352126 301.6 133.767861461812 390 0
1986 4 13.9608082143055 0.785958022353474 391.2 53.3524796813969 390 0
1986 5 19.4203613271576 5.94304583791657 461.6 94.144522496041 390 0
1986 6 21.0153572689932 7.7145315343752 512.7 167.745871986885 390 0
1986 7 23.2975956378445 11.6725985745056 503.7 182.212029622302 390 0
1986 8 22.3128259904964 10.2087933713043 439.3 145.937166312325 390 0
1986 9 18.0150598558439 5.56001896716713 346.6 97.6958066926019 390 0
1986 10 13.0409574026527 0.717506473117441 255.1 82.523665937992 390 0
1986 11 4.78503492354049 -5.31725186016909 163.1 150.00479327184 390 0
1986 12 0.232845428535995 -8.28662526257501 125 146.496335918044 390 0
1987 1 -2.78986188435276 -14.6828279336486 143.5 119.285935386962 390 0
1987 2 -2.28160426837054 -16.165685754774 209.8 8.12899849568587 390 0
1987 3 5.48389878973201 -7.25414817817247 301.6 69.9262632061851 390 0
1987 4 12.5132006692951 0.583651903201518 391.2 174.289235224481 390 0
1987 5 17.9610077471704 4.15422110083903 461.6 44.628532387569 390 0
1987 6 22.1884995976997 9.95005852019802 512.7 166.135001942132 390 0
1987 7 25.4046915605998 12.3933800513435 503.7 104.625686296006 390 0
1987 8 22.7138521196588 8.85926083617942 439.3 112.038149044283 390 0
1987 9 18.2502794805132 7.31812295267589 346.6 202.683362388549 390 0
1987 10 12.5130542263934 -0.846977822174941 255.1 181.767600141826 390 0
1987 11 6.83635675990062 -4.26322527251488 163.1 92.2573997976282 390 0
1987 12 0.841212288965282 -7.24457545707238 125 69.5464440984284 390 0
1988 1 -2.62555660037194 -15.3046419031651 143.5 56.0826793138547 390 0
1988 2 -0.551938583797464 -13.2198192774625 209.8 110.615770522482 390 0
1988 3 4.06590832947789 -8.28989946524354 301.6 60.6851328204173 390 0
1988 4 10.317878602848 -0.364041375330749 391.2 116.816215850394 390 0
1988 5 18.5641496654864 5.77667946968253 461.6 91.5641483315139 390 0
1988 6 22.3783802491358 7.21347023128803 512.7 46.5073884693565 390 0
1988 7 26.0256004220339 13.198123670757 503.7 168.857481171257 390 0
1988 8 25.0129457446641 12.2630381046558 439.3 159.514396382057 390 0
1988 9 18.8582456183353 5.14078364728201 346.6 60.6455083911568 390 0
1988 10 10.298408919268 -0.329203229741887 255.1 92.1636423170691 390 0
1988 11 6.87076867420507 -3.26904443861979 163.1 182.01509143007 390 0
1988 12 -0.893769054145246 -11.8786837302714 125 52.9843948531642 390 0
1989 1 0.280554478011196 -10.9115635655357 143.5 54.4226427723911 390 0
1989 2 -1.99070865032833 -12.8597104549519 209.8 62.6513372970811 390 0
1989 3 3.40638566640592 -8.9965957696006 301.6 75.9265527299658 390 0
1989 4 8.78775454610884 -3.16368622543907 391.2 94.6640887379142 390 0
1989 5 18.5382770045584 5.60246036069733 461.6 183.025666111872 390 0
1989 6 21.989824310176 10.2708956652237 512.7 170.094214198477 390 0
1989 7 24.5748241935412 11.5686092080059 503.7 112.662455082716 390 0
1989 8 23.0099175435525 10.3329069200387 439.3 149.083555184637 390 0
1989 9 19.9456022498296 7.17076730859612 346.6 120.572773552536 390 0
1989 10 14.3210836478705 1.41198203567463 255.1 154.832029789868 390 0
1989 11 5.78863274865849 -4.1441777525549 163.1 132.986919832542 390 0
1989 12 -7.78004309415074 -20.4759303800258 125 36.5668416826229 390 0
1990 1 1.98878283981974 -7.34835428175612 143.5 148.632596377724 390 0
1990 2 1.15377492592918 -12.2198701454326 209.8 105.217452291058 390 0
1990 3 5.62121745434953 -7.34263439033359 301.6 86.6370569985462 390 0
1990 4 10.9400919956003 -0.29150762660576 391.2 121.66625216898 390 0
1990 5 15.1853465509639 3.28474452041447 461.6 201.253906631363 390 0
1990 6 22.4125002734153 9.63121199946767 512.7 111.543949217368 390 0
1990 7 24.9176398813295 11.8444671242463 503.7 70.442428655253 390 0
1990 8 24.1150680661318 11.8235575936471 439.3 221.901002459947 390 0
1990 9 19.1017075376176 6.39983723939733 346.6 74.4346622073696 390 0
1990 10 14.8416573637322 3.30693513121841 255.1 180.090520993577 390 0
1990 11 7.63991021597448 -2.91836509199791 163.1 92.7388773330576 390 0
1990 12 2.70256998760012 -7.54797450306638 125 148.545601633072 390 0
1991 1 -2.59284256953996 -13.4399997519502 143.5 87.527098671809 390 0
1991 2 1.52410968909407 -9.97167650015611 209.8 48.4187841765306 390 0
1991 3 4.59285010671245 -5.34655599232511 301.6 112.711710372292 390 0
1991 4 13.3259098019608 0.383593300762156 391.2 99.5409709159528 390 0
1991 5 20.3983845288078 5.80028522236496 461.6 95.6393066653155 390 0
1991 6 23.572503462526 9.06672856765663 512.7 108.24918575459 390 0
1991 7 24.5634191022801 10.9850676373791 503.7 78.9280351235243 390 0
1991 8 24.3144852561386 11.7374237063187 439.3 161.114920678853 390 0
1991 9 18.7383164140834 5.2100256594383 346.6 134.965946919677 390 0
1991 10 14.7577501061097 1.65859226366368 255.1 125.676950444062 390 0
1991 11 6.43632097740104 -2.92876247267266 163.1 91.5174848739257 390 0
1991 12 0.773125934629039 -10.482910122508 125 101.048618666818 390 0
1992 1 -1.8728666592819 -12.8890170333806 143.5 75.8807905122238 390 0
1992 2 -1.09523475374296 -12.3975003017708 209.8 59.38937212977 390 0
1992 3 1.61465226112531 -9.93760874754975 301.6 101.725081138394 390 0
1992 4 8.77048779208998 -2.45940388022583 391.2 78.8866646066728 390 0
1992 5 18.2178834679682 3.05114345524661 461.6 78.3398501219698 390 0
1992 6 21.4337541781576 7.78629368582176 512.7 108.615797883008 390 0
1992 7 22.0680985774242 9.86264509147622 503.7 126.834000281672 390 0
1992 8 22.0741834629409 9.99485664815647 439.3 103.447652204834 390 0
1992 9 19.4308606703525 6.3211219908998 346.6 105.165986716123 390 0
1992 10 10.6017365574443 -0.947390242778991 255.1 69.731826619679 390 0
1992 11 4.6463274258721 -4.1005290186226 163.1 136.666772246266 390 0
1992 12 0.352278063762036 -9.19214283382736 125 81.7269691576272 390 0
1993 1 -1.09269364064576 -10.6044698302584 143.5 90.4822191713044 390 0
1993 2 -4.7748167046778 -18.9923313890793 209.8 94.6383574289506 390 0
1993 3 2.45588211475611 -10.5578505666064 301.6 128.027282848503 390 0
1993 4 11.0207690588121 -1.12141489444825 391.2 133.097631633479 390 0
1993 5 18.2303301241237 4.38272349176631 461.6 56.2492497543421 390 0
1993 6 21.5682479495984 8.24283047181921 512.7 123.641503450797 390 0
1993 7 25.0888494201627 11.6903288783426 503.7 71.8045263178579 390 0
1993 8 24.1871747883161 11.3244318854597 439.3 93.7561881243004 390 0
1993 9 17.7036531620741 7.13742447243324 346.6 136.016387750502 390 0
1993 10 11.6400641584057 -0.517532486546171 255.1 85.8907439291913 390 0
1993 11 6.35984205675183 -4.57526544077733 163.1 124.818545257666 390 0
1993 12 -0.893632932477054 -10.3226837637392 125 122.589799212553 390 0
1994 1 -7.12871944916531 -20.5195270001564 143.5 131.418094755445 390 0
1994 2 -3.81998442675651 -17.1586928527145 209.8 48.9258713267824 390 0
1994 3 2.2196974395754 -7.97106894315313 301.6 137.090594959672 390 0
1994 4 10.9411765137301 -1.37409830233045 391.2 102.393014588866 390 0
1994 5 16.3238460254017 2.95941505916349 461.6 127.748163242614 390 0
1994 6 23.3681563071234 10.5406211406876 512.7 114.313389553198 390 0
1994 7 25.1866350772798 13.6170948292688 503.7 123.356328355668 390 0
1994 8 22.4663981114008 9.80349029963182 439.3 144.809627397969 390 0
1994 9 17.8422120992105 6.5689692488933 346.6 139.785248655987 390 0
1994 10 13.7429373322556 0.35156611981445 255.1 22.5816119810828 390 0
1994 11 9.18084441652006 -2.36896134613294 163.1 99.6706806325928 390 0
1994 12 2.3261242165729 -8.16324617721698 125 100.794176604149 390 0
1995 1 0.266208629915997 -8.08198142778346 143.5 99.7948822781016 390 0
1995 2 -2.63769163439475 -14.6174349147175 209.8 76.7749455806393 390 0
1995 3 5.6272489870334 -5.59950131474941 301.6 59.5989534105054 390 0
1995 4 8.48016902535764 -3.31865248593 391.2 63.110669297663 390 0
1995 5 16.4549700096128 3.78672813701211 461.6 68.1036205501644 390 0
1995 6 24.3326166694646 8.79708601929655 512.7 41.5524482294389 390 0
1995 7 26.3540322618749 13.1669069070902 503.7 115.950177283968 390 0
1995 8 24.6541071046165 10.3369183162487 439.3 122.241123499441 390 0
1995 9 18.6137889171622 4.54649866402474 346.6 83.9155491754412 390 0
1995 10 15.6369851088825 2.73505373628263 255.1 263.482549880095 390 0
1995 11 4.00388979635844 -4.73295780366664 163.1 142.465923592975 390 0
1995 12 -3.3712918057273 -11.962990791855 125 70.8069458866479 390 0
1996 1 -2.86239043935259 -14.5766086318218 143.5 157.343502927041 390 0
1996 2 -1.99809767858877 -12.1246010758058 209.8 72.2908926139487 390 0
1996 3 2.48943760148915 -9.93378451786203 301.6 64.5241936295635 390 0
1996 4 9.76214308910886 -1.61236980177479 391.2 217.746483389082 390 0
1996 5 15.9636661677001 2.98461293772873 461.6 158.253114045778 390 0
1996 6 22.4248071907453 10.8308767543088 512.7 109.083123879426 390 0
1996 7 23.3218773864978 11.6647088093243 503.7 204.663828034304 390 0
1996 8 24.0954311741696 11.1855697315549 439.3 58.7039265203296 390 0
1996 9 19.4584928928549 8.07824142970123 346.6 126.970376941847 390 0
1996 10 12.7943513648672 0.619867809026007 255.1 154.580948953503 390 0
1996 11 3.62897321053633 -5.71147209245593 163.1 93.0664688475296 390 0
1996 12 1.82900974820454 -5.03310231205407 125 174.38637281761 390 0
1997 1 -3.07034907597799 -13.3184033184585 143.5 107.124315762929 390 0
1997 2 1.16607266962877 -10.3699879999586 209.8 77.31276587256 390 0
1997 3 1.93180196992388 -9.37257531213869 301.6 123.172875036973 390 0
1997 4 8.95149095494653 -3.46154848553892 391.2 116.897692306539 390 0
1997 5 13.9733380830713 2.47792107467015 461.6 121.020032442219 390 0
1997 6 23.123995249792 9.0364122783304 512.7 50.993975354763 390 0
1997 7 23.8384850711999 10.2811443447251 503.7 97.1780125556432 390 0
1997 8 22.7523372807325 10.0181192348748 439.3 135.685374625647 390 0
1997 9 18.7024773844933 6.21722047004786 346.6 89.747075625803 390 0
1997 10 12.5135872284612 -0.45107854337032 255.1 72.2103425916512 390 0
1997 11 4.26388645785749 -5.13724444276219 163.1 175.683725466308 390 0
1997 12 0.197496999350254 -9.12558123990072 125 85.55738918461 390 0
1998 1 -0.424033035110917 -9.38380837289059 143.5 165.409073572317 390 0
1998 2 2.31659073846072 -9.05238059261413 209.8 73.9460051349162 390 0
1998 3 4.84360582507021 -6.23268709247195 301.6 103.082611716247 390 0
1998 4 12.8430587286548 -1.13016617914904 391.2 73.0632521101398 390 0
1998 5 20.6489630506967 6.63844776822525 461.6 89.3036581397273 390 0
1998 6 21.1029851041118 11.0294053477211 512.7 278.370314140084 390 0
1998 7 24.3618649293732 11.7698564881317 503.7 108.507347479688 390 0
1998 8 24.269594705974 11.1929027567934 439.3 124.938283138746 390 0
1998 9 20.4606484754661 7.1374386776476 346.6 80.4042088654291 390 0
1998 10 13.0253169875065 2.19029337976241 255.1 98.2857266741108 390 0
1998 11 6.04086694141191 -2.41381974590201 163.1 84.9790321342731 390 0
1998 12 4.76783133615062 -7.03469770580154 125 60.9442510796783 390 0
1999 1 -1.61782803058274 -13.5177779434991 143.5 194.963067614989 390 0
1999 2 1.11089409289251 -11.3028243582388 209.8 52.2774239113829 390 0
1999 3 3.35374949344425 -7.08975571524042 301.6 155.4007439689 390 0
1999 4 11.4623408917523 -1.87519338440917 391.2 21.4839881403117 390 0
1999 5 19.2406513823298 5.28602282836535 461.6 124.015475150523 390 0
1999 6 24.9836619684082 10.4247734616331 512.7 55.0856478927489 390 0
1999 7 26.3109629830599 12.8380054019738 503.7 96.2850928486522 390 0
1999 8 23.3908075855651 10.1584322961976 439.3 84.0375915583878 390 0
1999 9 21.4924923676598 8.63175214248862 346.6 231.673086639869 390 0
1999 10 12.5478825258413 -0.579885972508104 255.1 114.142934074365 390 0
1999 11 9.86712064497756 -0.933108306659566 163.1 102.626988434513 390 0
1999 12 1.19232311816098 -7.88348069931939 125 51.7245422974732 390 0
2000 1 -3.17021824985078 -14.2915331926404 143.5 114.27927279631 390 0
2000 2 0.345075173422465 -11.6942671966899 209.8 100.040978185196 390 0
2000 3 7.2246861551568 -5.41202683880011 301.6 106.213992760062 390 0
2000 4 9.13173185119932 -0.937293064359246 391.2 149.039132176313 390 0
2000 5 17.1888240929963 5.36741624421358 461.6 151.072457269384 390 0
2000 6 21.4626389986684 9.20887697065289 512.7 138.567904580672 390 0
2000 7 22.5909790190649 10.1648751407131 503.7 159.116761270816 390 0
2000 8 22.5008583303816 10.3243443010507 439.3 135.374770632607 390 0
2000 9 19.191568167977 5.9783730490062 346.6 72.9714034513921 390 0
2000 10 13.4424016870952 0.564701245911543 255.1 87.3238284964941 390 0
2000 11 5.61404468503617 -2.76636300451243 163.1 80.7209285201625 390 0
2000 12 -2.65932690734282 -13.7459809336588 125 141.961524261358 390 0
2001 1 -1.80065891751702 -12.7253634847451 143.5 37.8252670459952 390 0
2001 2 -0.392684069720364 -12.1628049698633 209.8 93.1406851894032 390 0
2001 3 1.02507453166528 -8.87820289251576 301.6 198.087060174582 390 0
2001 4 10.5944635427035 -2.41406311053956 391.2 29.0587292596386 390 0
2001 5 18.883558461978 4.7993180183045 461.6 94.5022076812254 390 0
2001 6 23.0487443617448 9.78229966936213 512.7 129.340108441727 390 0
2001 7 23.2207341362336 9.82152575998008 503.7 109.107520223757 390 0
2001 8 26.2464619466977 11.4490905194333 439.3 51.2060562298156 390 0
2001 9 20.3917813882406 6.34739237702867 346.6 147.945331593278 390 0
2001 10 15.2104983509716 1.34834167949821 255.1 42.404066130901 390 0
2001 11 9.03932665779561 -2.16385621293359 163.1 60.9670307955876 390 0
2001 12 3.88238316921085 -5.90185047652333 125 62.7297153168484 390 0
2002 1 1.35061644618308 -8.02884241219569 143.5 63.3728263746793 390 0
2002 2 2.32938363578686 -10.2368048930322 209.8 82.7306416365407 390 0
2002 3 3.83723936521471 -6.54649249338115 301.6 118.189328210927 390 0
2002 4 11.8782873653355 0.00305440934777608 391.2 115.929150012333 390 0
2002 5 15.1902935013011 2.71238882178519 461.6 134.288231111484 390 0
2002 6 22.0478901650539 9.05785915608748 512.7 178.613381466611 390 0
2002 7 25.1055192420207 12.0320038042862 503.7 58.4530712968335 390 0
2002 8 25.7763327118029 11.589574949998 439.3 74.1370832037113 390 0
2002 9 22.1985576710491 8.37374332050875 346.6 123.255737937039 390 0
2002 10 11.3329236278771 0.666874497042767 255.1 118.012527089161 390 0
2002 11 4.9444560769698 -4.0685779126774 163.1 148.142405951086 390 0
2002 12 -0.476247341155678 -10.6933304560056 125 105.738978415613 390 0
2003 1 -6.29734082772463 -17.3437408690488 143.5 66.9692751838443 390 0
2003 2 -3.19712704388888 -15.1171756717271 209.8 73.7411298837032 390 0
2003 3 4.80321623208768 -9.19549794175117 301.6 70.2571346038361 390 0
2003 4 9.15597698436232 -2.79695805609864 391.2 86.7551345899746 390 0
2003 5 15.9516648843286 4.65979314844414 461.6 128.2072370342 390 0
2003 6 21.9916735679018 9.7474969267529 512.7 81.181402356277 390 0
2003 7 24.7335225265659 12.2487227335176 503.7 113.300996622774 390 0
2003 8 24.9533822234604 13.1948576679082 439.3 169.032549343825 390 0
2003 9 20.3254758008922 7.6768236166269 346.6 164.885587665192 390 0
2003 10 12.1752774803953 0.385251124279397 255.1 167.516740199614 390 0
2003 11 8.01668244353734 -2.48098667479331 163.1 123.997207452917 390 0
2003 12 0.306314021843647 -10.3494371608483 125 181.212007381735 390 0
2004 1 -7.55022891570334 -17.5997538761842 143.5 40.5012451757809 390 0
2004 2 -1.10036409605041 -14.7111395060015 209.8 42.2030958395806 390 0
2004 3 5.26940227460686 -5.77881611254687 301.6 58.2901411439036 390 0
2004 4 11.1397052963872 -0.872537399060401 391.2 123.988532798142 390 0
2004 5 19.3497013662089 5.99991703513258 461.6 158.701937493847 390 0
2004 6 21.3938307797203 8.12920016239212 512.7 82.0634663081159 390 0
2004 7 23.3021984661914 12.3019488851497 503.7 155.9574707038 390 0
2004 8 23.3890548854003 11.5684754353138 439.3 166.869632819106 390 0
2004 9 20.71823732455 7.71823479120697 346.6 128.659651249784 390 0
2004 10 13.1965585253725 1.27089342306629 255.1 48.6523675967392 390 0
2004 11 7.26977472928552 -3.83683347365327 163.1 98.4993576972638 390 0
2004 12 -0.0823602969889764 -10.35736708531 125 134.802872735034 390 0
2005 1 -3.67849851642512 -15.0556042357446 143.5 99.8663722256552 390 0
2005 2 0.772742542610288 -12.4232049369306 209.8 68.6217392160452 390 0
2005 3 1.9656004845777 -10.049716420074 301.6 102.625227928472 390 0
2005 4 13.3149462716819 -1.0080255627171 391.2 152.902548084718 390 0
2005 5 14.4031085825683 3.03357281243852 461.6 90.3246408435633 390 0
2005 6 24.7154827829481 12.3621468401561 512.7 125.644790043333 390 0
2005 7 25.8392804340267 13.7472982532976 503.7 101.994293792701 390 0
2005 8 25.1353378490485 12.6751122993864 439.3 99.9556580787983 390 0
2005 9 22.1449354653982 8.74234918562676 346.6 101.539610635662 390 0
2005 10 12.5701981420088 3.81815968599977 255.1 332.889139622987 390 0
2005 11 8.45140528000503 -3.06316291248156 163.1 159.614193638397 390 0
2005 12 -0.91287850123843 -9.99840258620116 125 101.592384135405 390 0
2006 1 2.23259999927428 -8.2196221183163 143.5 146.432617402278 390 0
2006 2 -0.684036090391187 -10.8932759738624 209.8 66.7210555032445 390 0
2006 3 3.75196155903227 -7.4024264916752 301.6 41.372989358401 390 0
2006 4 12.5819947606416 -0.607669862849657 391.2 89.9983253075187 390 0
2006 5 16.6055965935123 6.14222282309923 461.6 203.20174946092 390 0
2006 6 21.4495164899306 11.6485875125462 512.7 229.578108303444 390 0
2006 7 25.6463787761042 13.9700130478666 503.7 138.068452784584 390 0
2006 8 22.9680319336282 10.9813072390213 439.3 104.131409166402 390 0
2006 9 18.4868807877421 7.09524746421749 346.6 87.4096934501503 390 0
2006 10 12.1354689980822 0.92541476734508 255.1 194.799803004958 390 0
2006 11 9.54089510118549 -0.282559279693315 163.1 102.365346506216 390 0
2006 12 4.27409880925155 -4.81962339718109 125 106.458684516471 390 0
2007 1 -0.80385909786643 -10.9610885511663 143.5 110.736472089484 390 0
2007 2 -4.97323844904154 -15.3369851739947 209.8 68.4607646577461 390 0
2007 3 2.97020966489757 -10.1495990075671 301.6 114.001342723471 390 0
2007 4 8.31393470057369 -1.95575864842665 391.2 183.229335326868 390 0
2007 5 18.8147552358528 4.43873589309872 461.6 89.0418042121285 390 0
2007 6 22.5197740070628 10.0648189587178 512.7 88.6248673028597 390 0
2007 7 23.3041259504608 11.6646796191955 503.7 140.128935334959 390 0
2007 8 24.3550311305292 10.5027560601654 439.3 57.8502085678053 390 0
2007 9 21.4814207669795 7.44143415500817 346.6 88.3934296600028 390 0
2007 10 16.2246625300067 4.433147088709 255.1 146.556643857757 390 0
2007 11 5.26909532496409 -4.4682188689068 163.1 115.502630214506 390 0
2007 12 -1.18236495812912 -9.87250457426373 125 149.36147140122 390 0
2008 1 -0.341725540502782 -10.7912442123933 143.5 75.4774510005216 390 0
2008 2 -0.903853901241021 -11.2299313243917 209.8 210.775474176917 390 0
2008 3 2.47497094026176 -9.15950370596495 301.6 143.02138842687 390 0
2008 4 13.8882453384043 -0.124574165831824 391.2 108.942191330708 390 0
2008 5 16.2171626212038 2.54716522217166 461.6 34.3730467600674 390 0
2008 6 22.6834157794668 11.350629089388 512.7 166.392614487012 390 0
2008 7 24.6489784236418 12.8416284263331 503.7 175.032675973634 390 0
2008 8 22.5614248658229 10.4233852045848 439.3 143.905035812621 390 0
2008 9 20.3821929658776 8.00321746505403 346.6 119.526970572993 390 0
2008 10 12.4555218082415 0.243864758449725 255.1 130.852258657134 390 0
2008 11 5.74733923241301 -3.16168558711 163.1 91.0648579527582 390 0
2008 12 0.68652858206642 -9.79281877432987 125 200.341479716852 390 0
2009 1 -5.48752911104663 -16.6946937721808 143.5 91.868256358835 390 0
2009 2 -0.194740084967087 -12.026655892752 209.8 62.2005180750545 390 0
2009 3 4.58532340794165 -7.63897523636605 301.6 80.4444101443758 390 0
2009 4 12.290630045834 -0.408378040680348 391.2 72.4203891741281 390 0
2009 5 17.5660552586791 4.97131472328721 461.6 132.92453710808 390 0
2009 6 20.3017891978636 9.79750801683676 512.7 150.557077939101 390 0
2009 7 22.5338406077337 11.5181594578231 503.7 223.890502885667 390 0
2009 8 24.082170458538 12.2183172620473 439.3 150.243036586362 390 0
2009 9 19.3340377932312 5.82632428770439 346.6 57.4473654823468 390 0
2009 10 10.5489842039017 0.769000746504073 255.1 166.519252349852 390 0
2009 11 9.70803687214813 -1.19281199649263 163.1 105.393567440048 390 0
2009 12 -0.893425426042481 -10.2001430116666 125 124.298992651148 390 0
2010 1 -2.19521633827081 -11.0253147391874 143.5 75.000263560551 390 0
2010 2 -1.24152879715835 -8.9654334797366 209.8 127.732982533434 390 0
2010 3 7.34015709328999 -3.75384297607931 301.6 139.292129972072 390 0
2010 4 14.2783608492941 0.798269271203778 391.2 67.8692207437602 390 0
2010 5 20.2155882360259 5.70396780463218 461.6 75.1696083552452 390 0
2010 6 22.4251397656593 10.3844699130862 512.7 152.968822565337 390 0
2010 7 26.2554280519718 13.6750625469171 503.7 130.389667124697 390 0
2010 8 24.1687918950534 11.7974916880762 439.3 87.7020124604762 390 0
2010 9 20.9027244583092 8.7085500776471 346.6 59.5851539751422 390 0
2010 10 12.9302182061671 1.52355718175295 255.1 289.51537083885 390 0
2010 11 6.57137464948366 -3.03475488502319 163.1 99.0046603265079 390 0
2010 12 -1.8640500493313 -10.541963890007 125 135.63265228449 390 0
2011 1 -3.44123589381944 -14.0661227648069 143.5 72.9638441964983 390 0
2011 2 -1.4439677362881 -14.1706556271422 209.8 95.9385254500349 390 0
2011 3 3.12357912143655 -7.87574846892308 301.6 146.169236164928 390 0
2011 4 10.8063910023452 -0.238913763931139 391.2 154.781032780495 390 0
2011 5 18.5974821940756 7.20848085691573 461.6 149.687993579865 390 0
2011 6 21.8837806921452 10.3932440008781 512.7 191.316726113457 390 0
2011 7 26.1872052103094 13.0055517307749 503.7 94.0394247552148 390 0
2011 8 24.2100575577413 12.0698955730009 439.3 326.667610526124 390 0
2011 9 21.0773785744088 10.0234195159327 346.6 209.585824371089 390 0
2011 10 13.354712577725 3.3022581710472 255.1 141.7383887994 390 0
2011 11 10.4204674089367 -1.75815435078805 163.1 76.623426387633 390 0
2011 12 3.12652458155037 -6.78327481953353 125 109.992808279455 390 0
2012 1 -0.223303321112996 -9.87652804136975 143.5 104.759979696683 390 0
2012 2 2.33080811575369 -8.31276805944116 209.8 31.7380845202812 390 0
2012 3 10.1358409866737 -2.69496955267687 301.6 61.8717806867887 390 0
2012 4 11.8421899175185 -0.73411472277546 391.2 93.7022420252958 390 0
2012 5 19.7050740532353 7.65844458729052 461.6 149.487303213434 390 0
2012 6 22.204094188531 9.84239115911832 512.7 87.7261984801482 390 0
2012 7 26.1663032638861 12.8017686415471 503.7 87.3790458146515 390 0
2012 8 25.6599974702598 11.635970873063 439.3 102.247457709376 390 0
2012 9 20.2346016488819 6.75055389205495 346.6 148.879223426253 390 0
2012 10 14.1016314241365 4.149353244659 255.1 151.314836434269 390 0
2012 11 5.76112221628684 -4.44380170962503 163.1 17.3148721763773 390 0
2012 12 1.75248153153966 -6.20138781690081 125 145.888576543956 390 0
2013 1 -1.2954916663062 -12.0627592800217 143.5 43.5795954102153 390 0
2013 2 -1.33268338520578 -10.5599365859792 209.8 88.2344530869826 390 0
2013 3 2.85819065704651 -6.37241696187037 301.6 64.7857696476314 390 0
2013 4 10.558555531616 -1.41348523072352 391.2 67.3974859988416 390 0
2013 5 18.8268194774381 4.87345227128625 461.6 137.746397785064 390 0
2013 6 21.884521464517 10.4416141148682 512.7 214.805600783007 390 0
2013 7 25.8764936280647 14.8855024719686 503.7 161.94062047375 390 0
2013 8 23.2640616994834 10.4419933113256 439.3 91.9268398371001 390 0
2013 9 19.357443824242 6.86193306819606 346.6 108.557238635375 390 0
2013 10 14.2722438972052 2.63886386215157 255.1 55.0830516113165 390 0
2013 11 5.48428506557708 -5.431438273879 163.1 104.081716294741 390 0
2013 12 -0.67336506160984 -9.74556436193011 125 81.3295014916001 390 0
2014 1 -1.82123 -12.263949 143.5 54.0961129 390 0
2014 2 3.345053 -7.596632 209.8 72.2592738 390 0
2014 3 2.7070177 -9.277141 301.6 66.5745026 390 0
2014 4 11.899344 0.7826601 391.2 198.54426 390 0
2014 5 18.968328 3.9373264 461.6 76.4609327 390 0
2014 6 24.437735 11.457105 512.7 154.311819 390 0
2014 7 28.246117 14.094748 503.7 70.1049872 390 0
2014 8 25.806017 10.399379 439.3 68.2408084 390 0
2014 9 23.441483 9.28475 346.6 104.321544 390 0
2014 10 15.696836 3.1142898 255.1 194.115149 390 0
2014 11 8.871012 -2.2456002 163.1 81.987648 390 0
2014 12 3.6991708 -4.7882996 125 84.4463436 390 0
2015 1 -2.229561 -12.76539 143.5 139.718209 390 0
2015 2 -2.4582021 -14.449215 209.8 189.38475125 390 0
2015 3 1.036528 -9.081466 301.6 113.416569 390 0
2015 4 13.156427 1.2162693 391.2 95.621661 390 0
2015 5 16.080366 3.5842948 461.6 215.027501 390 0
2015 6 24.061985 9.436471 512.7 40.611462 390 0
2015 7 25.696299 11.355 503.7 88.3799243 390 0
2015 8 25.974037 12.125795 439.3 79.7238718 390 0
2015 9 21.067465 8.156638 346.6 51.848805 390 0
2015 10 16.808352 2.8042192 255.1 187.6221556 390 0
2015 11 9.626716 -0.8179143 163.1 150.89886 390 0
2015 12 2.0757496 -7.1893697 125 138.227822 390 0
2016 1 -3.7374973 -15.298821 143.5 130.858564 390 0
2016 2 -0.3035021 -13.588848 209.8 105.157509025 390 0
2016 3 -0.7867477 -11.569419 301.6 105.1976444 390 0
2016 4 12.379427 -0.13697436 391.2 149.185911 390 0
2016 5 15.914803 3.2931354 461.6 193.6129552 390 0
2016 6 25.528225 11.480336 512.7 52.655469 390 0
2016 7 26.298717 11.223064 503.7 51.5785316 390 0
2016 8 27.055147 12.997707 439.3 85.4215974 390 0
2016 9 20.070833 6.829648 346.6 142.543959 390 0
2016 10 12.723466 0.48750207 255.1 266.072597 390 0
2016 11 5.9563255 -3.5631454 163.1 94.860705 390 0
2016 12 -1.3187606 -10.839785 125 39.8957786 390 0
2017 1 0.9851622 -9.481778 143.5 294.182901 390 0
2017 2 0.16583404 -11.811448 209.8 61.54746705 390 0
2017 3 0.6087997 -9.893797 301.6 100.192124 390 0
2017 4 11.266435 -0.3994865 391.2 128.861418 390 0
2017 5 20.775106 5.9256244 461.6 182.7904677 390 0
2017 6 24.237375 10.301948 512.7 105.277755 390 0
2017 7 25.874914 12.559877 503.7 208.705361 390 0
2017 8 24.517538 10.329438 439.3 56.0882752 390 0
2017 9 19.775675 4.994673 346.6 84.592317 390 0
2017 10 15.385546 0.9991454 255.1 48.6430021 390 0
2017 11 8.524966 -0.86989945 163.1 143.37894 390 0
2017 12 -0.7639789 -10.682841 125 50.8414756 390 0
2018 1 3.0088334 -8.261099 143.5 79.626941 390 0
2018 2 3.7260718 -7.817786 209.8 82.426756725 390 0
2018 3 6.320275 -5.3495264 301.6 60.042133 390 0
2018 4 12.514576 -0.26698253 391.2 103.676568 390 0
2018 5 19.47015 5.813147 461.6 281.295612 390 0
2018 6 23.654373 11.006309 512.7 83.256012 390 0
2018 7 26.181084 11.80658 503.7 102.6788603 390 0
2018 8 23.14822 9.741322 439.3 126.555454 390 0
2018 9 19.99155 8.164567 346.6 158.592795 390 0
2018 10 15.022318 1.586698 255.1 61.5898762 390 0
2018 11 10.384953 -0.2662052 163.1 213.722892 390 0
2018 12 3.2241292 -5.6094723 125 225.3294365 390 0
2019 1 2.3098497 -9.041728 143.5 84.0049098 390 0
2019 2 -1.0381846 -13.567884 209.8 109.5545509 390 0
2019 3 4.406109 -6.666442 301.6 122.8666524 390 0
2019 4 12.730513 -0.26664954 391.2 98.792331 390 0
2019 5 18.202951 5.2509866 461.6 154.3388475 390 0
2019 6 26.75799 12.656327 512.7 105.8802 390 0
2019 7 27.652988 13.534893 503.7 97.2366987 390 0
2019 8 26.40776 13.245703 439.3 146.029251 390 0
2019 9 20.279955 8.206145 346.6 65.00826 390 0
2019 10 14.535498 1.2410897 255.1 118.9877123 390 0
2019 11 6.404945 -2.3209615 163.1 172.44867 390 0
2019 12 2.314643 -6.0754437 125 116.2016865 390 0
2020 1 0.061132226 -10.807537 143.5 53.7233627 390 0
2020 2 2.1983504 -10.5729 209.8 75.992372875 390 0
2020 3 4.7525716 -6.165981 301.6 93.5461177 390 0
2020 4 12.976852 -0.05402191 391.2 85.748106 390 0
2020 5 18.74302 3.6764603 461.6 82.6935788 390 0
2020 6 23.786074 9.952037 512.7 125.863782 390 0
2020 7 26.631678 12.864682 503.7 101.6566353 390 0
2020 8 24.442106 11.410924 439.3 140.4485876 390 0
2020 9 21.928917 7.9827075 346.6 76.031448 390 0
2020 10 14.999808 2.0856774 255.1 166.8188957 390 0
2020 11 6.429418 -2.4845169 163.1 148.33146 390 0
2020 12 0.21556976 -8.392505 125 88.2866701 390 0
2021 1 -2.4054618 -12.463375 143.5 141.8756974 390 0
2021 2 0.17508157 -12.946606 209.8 102.112789 390 0
2021 3 4.774523 -7.068904 301.6 143.384579 390 0
2021 4 12.645612 -0.70722353 391.2 66.22416 390 0
2021 5 19.337963 4.425114 461.6 95.4717044 390 0
2021 6 26.952662 13.335689 512.7 178.33695 390 0
2021 7 27.980993 13.816793 503.7 94.0547006 390 0
2021 8 25.987411 13.003093 439.3 107.542131 390 0
2021 9 22.814804 8.4381075 346.6 54.707355 390 0
2021 10 15.243492 3.0635111 255.1 171.264739 390 0
2021 11 8.578391 -1.9499308 163.1 139.10739 390 0
2021 12 2.4509768 -6.300191 125 94.4539372 390 0
2022 1 -0.5074717 -11.107563 143.5 47.3475772 390 0
2022 2 0.33669782 -12.785449 209.8 45.0610665 390 0
2022 3 4.3302727 -6.0676265 301.6 103.022331 390 0
2022 4 12.332728 -0.23094188 391.2 86.169741 390 0
2022 5 20.99911 5.4254045 461.6 110.8537587 390 0
2022 6 25.802538 11.614828 512.7 190.740651 390 0
2022 7 27.136591 13.259099 503.7 101.5408038 390 0
2022 8 22.840782 10.144704 439.3 243.097536 390 0
2022 9 19.529982 7.1619835 346.6 115.23423 390 0
2022 10 11.676292 -0.5541404 255.1 57.4292918 390 0
2022 11 6.770586 -2.3185897 163.1 184.348569 390 0
2022 12 3.689229 -5.0952306 125 117.616449 390 0
2023 1 -0.8466115 -10.948411 143.5 88.9637225 390 0
2023 2 -1.7488421 -14.709488 209.8 69.866778475 390 0
2023 3 -0.43927336 -12.33114 301.6 91.2949473 390 0
2023 4 13.94531 1.4046284 391.2 139.510359 390 0
2023 5 19.340923 4.993734 461.6 94.823978 390 0
2023 6 22.468462 8.639085 512.7 111.18606 390 0
2023 7 28.630293 14.900259 503.7 143.7739204 390 0
2023 8 25.427137 11.157046 439.3 66.899736 390 0
2023 9 19.894125 7.167403 346.6 171.575118 390 0
2023 10 14.748059 0.86402595 255.1 18.74227884 390 0
2023 11 10.4809 -0.28667596 163.1 56.112207 390 0
2023 12 3.051436 -5.966167 125 104.7224733 390 0
2024 1 -2.5222397 -13.496239 143.5 115.6467276 390 0
2024 2 1.8382049 -9.862109 209.8 88.100735325 390 0
2024 3 6.3711233 -5.251357 301.6 74.949599 390 0
2024 4 13.424647 0.444318 391.2 115.498596 390 0
2024 5 20.838852 5.4242024 461.6 139.2193787 390 0
2024 6 22.264063 9.832049 512.7 136.138458 390 0
2024 7 28.283113 14.328532 503.7 83.613975 390 0
2024 8 26.719086 12.933156 439.3 109.4330597 390 0
2024 9 20.141632 6.3632917 346.6 190.307721 390 0
2024 10 16.619888 3.3097405 255.1 96.304848 390 0
2024 11 8.942907 -1.6765788 163.1 109.609266 390 0
2024 12 -0.7854317 -12.695589 125 174.2859835 390 0
2025 1 -0.99887776 -11.526915 143.5 213.9851756 390 0
2025 2 -1.0535965 -14.132681 209.8 45.583683025 390 0
2025 3 2.6320117 -9.064875 301.6 157.606697 390 0
2025 4 9.139536 -2.7466846 391.2 123.590841 390 0
2025 5 18.463198 4.842983 461.6 202.028984 390 0
2025 6 24.27049 10.720088 512.7 199.97325 390 0
2025 7 27.143063 12.636916 503.7 127.1428513 390 0
2025 8 25.051252 11.593987 439.3 83.7156333 390 0
2025 9 22.375648 9.868128 346.6 68.361768 390 0
2025 10 13.299871 0.43969822 255.1 148.0473665 390 0
2025 11 11.472618 0.6707607 163.1 119.27103 390 0
2025 12 7.3311186 -2.8784597 125 110.4334576 390 0
2026 1 -2.577963 -13.217323 143.5 37.9922546 390 0
2026 2 -2.0149662 -14.503041 209.8 78.90512585 390 0
2026 3 1.0389758 -9.7039585 301.6 61.028429 390 0
2026 4 9.004871 -2.3692572 391.2 136.670265 390 0
2026 5 17.29906 4.813103 461.6 121.6870962 390 0
2026 6 25.515276 11.142032 512.7 79.81653 390 0
2026 7 26.793118 13.234323 503.7 148.983923 390 0
2026 8 26.093685 12.204931 439.3 151.081135 390 0
2026 9 20.737108 7.841013 346.6 103.357593 390 0
2026 10 12.312808 0.38668036 255.1 100.6814125 390 0
2026 11 7.201217 -1.7745404 163.1 88.937217 390 0
2026 12 4.444393 -4.1879196 125 185.0498903 390 0
2027 1 -3.8550415 -14.141585 143.5 38.4974492 390 0
2027 2 0.003974206 -12.068986 209.8 87.5226584 390 0
2027 3 2.2163475 -8.181903 301.6 95.0714014 390 0
2027 4 13.37555 0.38721716 391.2 118.913091 390 0
2027 5 16.310123 3.6560981 461.6 84.2141164 390 0
2027 6 24.174276 11.949755 512.7 266.15565 390 0
2027 7 27.456467 14.267012 503.7 134.6183494 390 0
2027 8 27.253242 12.565252 439.3 73.698439 390 0
2027 9 21.397636 7.8980584 346.6 39.201378 390 0
2027 10 16.510094 3.3240752 255.1 136.769675 390 0
2027 11 7.02537 -2.6362913 163.1 149.273859 390 0
2027 12 0.78385395 -8.8417015 125 49.2210684 390 0
2028 1 -6.221432 -19.45989 143.5 87.794852 390 0
2028 2 -2.2252529 -15.059001 209.8 97.52727725 390 0
2028 3 2.1881738 -7.3346496 301.6 121.4992796 390 0
2028 4 9.078693 -2.8621829 391.2 96.919899 390 0
2028 5 18.241386 4.480742 461.6 124.451949 390 0
2028 6 24.206116 9.916492 512.7 69.239124 390 0
2028 7 28.52392 14.215568 503.7 97.9182585 390 0
2028 8 29.078968 14.93216 439.3 62.991566 390 0
2028 9 27.44704 14.0222645 346.6 125.483049 390 0
2028 10 19.91261 5.8903017 255.1 123.4274052 390 0
2028 11 12.428799 1.0347776 163.1 142.969752 390 0
2028 12 2.6005938 -6.1403537 125 90.2943913 390 0
2029 1 -1.8789216 -11.934696 143.5 88.3975137 390 0
2029 2 0.58636856 -11.268657 209.8 76.27849735 390 0
2029 3 4.5374618 -6.0563126 301.6 111.3601096 390 0
2029 4 13.500696 1.099043 391.2 85.999239 390 0
2029 5 17.570883 4.495339 461.6 189.0362423 390 0
2029 6 23.392181 10.195074 512.7 150.562548 390 0
2029 7 26.12008 12.411969 503.7 139.8983283 390 0
2029 8 24.877031 11.318235 439.3 154.0792907 390 0
2029 9 23.927408 9.946574 346.6 48.288672 390 0
2029 10 13.733158 -0.09740866 255.1 96.1297445 390 0
2029 11 10.279835 -1.0644175 163.1 81.81804 390 0
2029 12 4.4734297 -3.887009 125 100.3739607 390 0
2030 1 -3.4312222 -14.081176 143.5 139.921569 390 0
2030 2 0.000277 -10.512784 209.8 86.8626028 390 0
2030 3 3.5760953 -7.828451 301.6 124.821934 390 0
2030 4 14.133247 1.2596135 391.2 75.615678 390 0
2030 5 21.547962 7.1531224 461.6 170.0117655 390 0
2030 6 21.941074 9.439954 512.7 102.64221 390 0
2030 7 26.6487 13.220061 503.7 130.227311 390 0
2030 8 24.72491 11.271233 439.3 82.5132983 390 0
2030 9 20.806057 8.350661 346.6 70.646481 390 0
2030 10 13.454621 3.3510573 255.1 281.568567 390 0
2030 11 9.847895 -0.7689972 163.1 83.66721 390 0
2030 12 -0.4259062 -9.437232 125 200.927492 390 0
2031 1 -5.0966945 -18.3246 143.5 153.332696 390 0
2031 2 1.2249914 -10.397653 209.8 90.41685395 390 0
2031 3 4.410877 -5.7936554 301.6 112.4571004 390 0
2031 4 12.759711 1.1395816 391.2 124.93995 390 0
2031 5 17.292433 4.790998 461.6 58.4764594 390 0
2031 6 25.182348 11.562663 512.7 92.03967 390 0
2031 7 26.925043 13.304771 503.7 81.7189326 390 0
2031 8 25.752659 11.851007 439.3 105.56616 390 0
2031 9 21.389404 8.403327 346.6 160.0296 390 0
2031 10 14.6225 0.9844118 255.1 57.751016 390 0
2031 11 6.4273233 -3.4189794 163.1 171.216201 390 0
2031 12 0.80038244 -8.294348 125 309.852223 390 0
2032 1 -1.7871172 -13.71671 143.5 81.370784 390 0
2032 2 0.92643577 -10.051395 209.8 76.5259165 390 0
2032 3 1.4531451 -10.839973 301.6 52.2277243 390 0
2032 4 15.645603 3.3624818 391.2 96.943989 390 0
2032 5 21.12737 6.0377154 461.6 155.7427476 390 0
2032 6 24.73592 10.722976 512.7 115.310625 390 0
2032 7 26.914928 13.512294 503.7 95.97817 390 0
2032 8 27.500662 14.571871 439.3 114.2603704 390 0
2032 9 21.820932 7.091879 346.6 25.754679 390 0
2032 10 15.013245 1.9501592 255.1 171.2494746 390 0
2032 11 8.4597645 -2.48694 163.1 141.353115 390 0
2032 12 3.6798408 -5.568966 125 162.0358685 390 0
2033 1 0.24198096 -10.943111 143.5 49.7289507 390 0
2033 2 0.28859955 -12.211591 209.8 94.862350225 390 0
2033 3 5.899116 -5.5797367 301.6 80.25931 390 0
2033 4 13.645441 2.4686468 391.2 122.33241 390 0
2033 5 21.737484 7.6780815 461.6 149.909893 390 0
2033 6 26.004555 11.543474 512.7 129.70398 390 0
2033 7 28.907412 13.432292 503.7 63.5150475 390 0
2033 8 25.729258 12.514848 439.3 236.8749246 390 0
2033 9 19.677437 5.4475055 346.6 138.978711 390 0
2033 10 12.931199 0.2370862 255.1 28.3436162 390 0
2033 11 7.9416847 -1.4116929 163.1 110.156301 390 0
2033 12 4.049468 -4.322667 125 241.618061 390 0
2034 1 0.39663923 -9.742208 143.5 224.1368293 390 0
2034 2 2.123086 -10.745219 209.8 180.598973 390 0
2034 3 6.9437275 -5.4746614 301.6 71.9568125 390 0
2034 4 14.699384 2.186588 391.2 112.968234 390 0
2034 5 15.576891 4.9960036 461.6 257.269186 390 0
2034 6 28.042221 13.8525 512.7 146.69205 390 0
2034 7 26.965942 13.750531 503.7 197.1484153 390 0
2034 8 27.397581 13.720377 439.3 115.6723646 390 0
2034 9 21.271679 7.3403497 346.6 52.048971 390 0
2034 10 16.881966 4.5091195 255.1 187.6526224 390 0
2034 11 6.3131986 -3.5691826 163.1 100.609896 390 0
2034 12 -1.074148 -12.051174 125 179.904811 390 0
2035 1 1.3729931 -9.008785 143.5 219.9410754 390 0
2035 2 1.179501 -11.050728 209.8 76.571644775 390 0
2035 3 6.844576 -4.406128 301.6 98.246936 390 0
2035 4 15.437272 1.9502602 391.2 92.29833 390 0
2035 5 20.313356 6.2258205 461.6 196.603581 390 0
2035 6 24.073347 11.406693 512.7 121.1628 390 0
2035 7 28.15625 14.316367 503.7 120.6958495 390 0
2035 8 26.564528 12.658462 439.3 55.9238233 390 0
2035 9 21.1846 6.9295883 346.6 26.975082 390 0
2035 10 15.821164 1.1837904 255.1 115.5033402 390 0
2035 11 10.954823 -0.46437052 163.1 124.63596 390 0
2035 12 7.1817384 -3.4895215 125 87.4836337 390 0
2036 1 5.3585343 -3.0128117 143.5 164.4044855 390 0
2036 2 0.21847402 -11.340437 209.8 61.45872815 390 0
2036 3 5.497081 -4.3089795 301.6 63.9255495 390 0
2036 4 13.358349 0.38011858 391.2 72.01671 390 0
2036 5 18.58341 7.5701785 461.6 194.4929863 390 0
2036 6 26.678358 12.843543 512.7 211.02948 390 0
2036 7 27.406069 14.3805065 503.7 101.359491 390 0
2036 8 25.862156 13.651368 439.3 160.9969345 390 0
2036 9 21.404688 7.131334 346.6 46.426977 390 0
2036 10 17.653091 4.652234 255.1 107.3805125 390 0
2036 11 10.781163 -0.12958097 163.1 100.327005 390 0
2036 12 4.3773093 -4.517062 125 165.810692 390 0
2037 1 2.0774045 -7.42377 143.5 116.3635778 390 0
2037 2 3.0149314 -8.232517 209.8 94.23113505 390 0
2037 3 5.517281 -6.2168837 301.6 84.9720695 390 0
2037 4 15.387742 2.8626328 391.2 110.34036 390 0
2037 5 21.405401 7.4643264 461.6 103.589631 390 0
2037 6 26.298605 12.540355 512.7 127.25145 390 0
2037 7 27.41195 13.352706 503.7 60.3613586 390 0
2037 8 27.377708 13.608199 439.3 118.0624088 390 0
2037 9 21.854439 8.516115 346.6 117.568989 390 0
2037 10 18.013401 4.971264 255.1 170.681288 390 0
2037 11 7.145916 -1.8997829 163.1 167.68851 390 0
2037 12 3.255675 -5.952253 125 96.1985924 390 0
2038 1 0.99415463 -11.819544 143.5 151.309884 390 0
2038 2 1.264681 -11.535997 209.8 97.8414116 390 0
2038 3 3.5262346 -8.601594 301.6 64.952657 390 0
2038 4 14.213294 1.0944548 391.2 80.29005 390 0
2038 5 20.32915 6.579637 461.6 122.7894779 390 0
2038 6 25.628557 11.185913 512.7 103.0965 390 0
2038 7 28.384605 14.335488 503.7 139.115631 390 0
2038 8 27.095453 14.300461 439.3 219.541039 390 0
2038 9 20.796661 8.293325 346.6 139.25541 390 0
2038 10 14.536927 2.0583355 255.1 168.1117693 390 0
2038 11 7.2019267 -2.6394615 163.1 98.343294 390 0
2038 12 4.1668124 -4.052114 125 119.6905133 390 0
2039 1 2.202555 -7.5985875 143.5 365.282486 390 0
2039 2 1.8407863 -9.262881 209.8 25.60093535 390 0
2039 3 6.338857 -3.71132 301.6 172.214672 390 0
2039 4 14.647219 1.9550178 391.2 83.19618 390 0
2039 5 23.28146 8.85099 461.6 90.444701 390 0
2039 6 22.253986 9.0241375 512.7 134.767815 390 0
2039 7 27.380503 13.001026 503.7 85.8735836 390 0
2039 8 25.042187 12.118469 439.3 177.201642 390 0
2039 9 20.83612 9.357671 346.6 92.22681 390 0
2039 10 14.936609 1.859155 255.1 68.8605046 390 0
2039 11 11.133349 -0.62893826 163.1 193.89534 390 0
2039 12 3.9323442 -5.2674713 125 180.6344177 390 0
2040 1 -0.44569275 -10.466596 143.5 121.1282282 390 0
2040 2 1.2192838 -10.966155 209.8 36.432875225 390 0
2040 3 2.6718903 -8.174788 301.6 101.5350409 390 0
2040 4 12.074941 -0.3721501 391.2 102.12435 390 0
2040 5 17.564947 6.349066 461.6 164.2213065 390 0
2040 6 26.359518 12.151209 512.7 112.653459 390 0
2040 7 26.716297 12.372948 503.7 105.459582 390 0
2040 8 25.704836 12.608719 439.3 132.3398897 390 0
2040 9 24.190603 10.285414 346.6 48.409788 390 0
2040 10 17.862858 3.1906853 255.1 77.6849894 390 0
2040 11 9.393455 -2.3235743 163.1 158.86608 390 0
2040 12 3.1280038 -5.9968863 125 50.166246 390 0
2041 1 1.4678822 -8.237201 143.5 158.3213865 390 0
2041 2 0.20744647 -12.13264 209.8 72.5726115 390 0
2041 3 8.215158 -2.879058 301.6 70.1855562 390 0
2041 4 14.144981 1.8929855 391.2 132.97956 390 0
2041 5 23.752237 9.00302 461.6 118.001903 390 0
2041 6 25.820763 11.056624 512.7 50.046936 390 0
2041 7 28.547611 13.989676 503.7 81.7578965 390 0
2041 8 28.13304 14.801 439.3 65.1618078 390 0
2041 9 24.72947 10.295357 346.6 30.14718 390 0
2041 10 19.366903 5.486886 255.1 27.1169524 390 0
2041 11 4.898307 -5.1537476 163.1 40.036983 390 0
2041 12 3.0148485 -6.3102455 125 150.610028 390 0
2042 1 2.3975601 -6.8713927 143.5 121.854242 390 0
2042 2 3.12549 -9.019666 209.8 147.562406 390 0
2042 3 7.9822664 -2.5414343 301.6 119.7246815 390 0
2042 4 13.615461 1.6921442 391.2 219.387975 390 0
2042 5 20.043234 7.0284925 461.6 183.5132017 390 0
2042 6 24.285133 11.587072 512.7 177.279168 390 0
2042 7 30.279963 15.454197 503.7 76.2650282 390 0
2042 8 26.357409 12.309772 439.3 71.6121111 390 0
2042 9 23.517065 10.240736 346.6 224.71521 390 0
2042 10 19.204863 5.5336885 255.1 203.262443 390 0
2042 11 9.604478 -1.663923 163.1 52.79946 390 0
2042 12 1.4114996 -7.4193945 125 40.5794154 390 0
2043 1 -3.7436037 -15.984286 143.5 50.3150336 390 0
2043 2 0.26832518 -11.608646 209.8 98.37895825 390 0
2043 3 7.634608 -5.037676 301.6 83.1768843 390 0
2043 4 14.459064 1.4210157 391.2 81.827001 390 0
2043 5 22.447767 7.309085 461.6 69.1566972 390 0
2043 6 25.216818 10.80955 512.7 136.58478 390 0
2043 7 27.27701 14.073517 503.7 108.9044105 390 0
2043 8 25.431301 11.931498 439.3 135.6142833 390 0
2043 9 22.467552 8.884461 346.6 47.959413 390 0
2043 10 17.422369 4.4079742 255.1 51.828063 390 0
2043 11 9.315172 -1.0679666 163.1 263.27904 390 0
2043 12 6.3500934 -3.6697254 125 202.465402 390 0
2044 1 0.9884806 -7.3540244 143.5 97.9349334 390 0
2044 2 3.1735432 -7.649173 209.8 209.19331225 390 0
2044 3 4.566383 -6.7362223 301.6 135.144221 390 0
2044 4 13.689244 0.78609496 391.2 70.266102 390 0
2044 5 23.247944 8.060359 461.6 70.5249442 390 0
2044 6 27.114119 12.741738 512.7 114.848949 390 0
2044 7 27.722729 14.829238 503.7 152.6560993 390 0
2044 8 27.926939 13.604459 439.3 99.6731282 390 0
2044 9 22.587091 9.900402 346.6 110.550426 390 0
2044 10 18.101343 4.4917183 255.1 65.3519339 390 0
2044 11 8.77964 -2.1819737 163.1 117.129036 390 0
2044 12 2.2805572 -6.1540804 125 201.2604723 390 0
2045 1 0.44459575 -10.1474495 143.5 98.8357438 390 0
2045 2 -1.092588 -14.742768 209.8 57.341694625 390 0
2045 3 7.886534 -3.175102 301.6 133.3785416 390 0
2045 4 12.887454 0.40149263 391.2 122.123379 390 0
2045 5 22.152073 8.255513 461.6 173.9045347 390 0
2045 6 23.101643 9.917855 512.7 133.576899 390 0
2045 7 27.92697 13.980187 503.7 73.2764422 390 0
2045 8 26.363094 12.76931 439.3 216.923926 390 0
2045 9 21.871157 8.82808 346.6 183.59874 390 0
2045 10 19.395426 6.287377 255.1 57.7575198 390 0
2045 11 5.4584436 -3.6848345 163.1 92.034552 390 0
2045 12 1.4436545 -7.4331965 125 67.6654484 390 0
2046 1 0.3590864 -10.077597 143.5 37.4845211 390 0
2046 2 -0.85065967 -13.567497 209.8 61.01070575 390 0
2046 3 5.0204835 -7.0156126 301.6 117.9752244 390 0
2046 4 14.199144 1.4385518 391.2 111.672414 390 0
2046 5 21.745062 6.9118705 461.6 168.2985226 390 0
2046 6 26.167948 13.225482 512.7 107.255973 390 0
2046 7 28.679321 14.07426 503.7 47.7361746 390 0
2046 8 28.370728 15.026684 439.3 159.8311423 390 0
2046 9 24.88688 11.231377 346.6 79.654341 390 0
2046 10 19.103535 6.38913 255.1 202.726701 390 0
2046 11 8.986918 -1.4141791 163.1 79.45935 390 0
2046 12 0.34333754 -7.864055 125 156.88542 390 0
2047 1 -1.8432347 -12.1026535 143.5 26.7411766 390 0
2047 2 3.054365 -8.358452 209.8 95.41868595 390 0
2047 3 8.952973 -1.7233014 301.6 83.152199 390 0
2047 4 15.205201 2.6237876 391.2 118.269795 390 0
2047 5 18.552298 4.534155 461.6 52.8971786 390 0
2047 6 25.383383 12.401869 512.7 125.01153 390 0
2047 7 27.925316 15.062782 503.7 132.849229 390 0
2047 8 25.756863 12.975442 439.3 113.9213854 390 0
2047 9 27.248898 13.595316 346.6 61.71096 390 0
2047 10 16.35535 2.8242917 255.1 57.2868685 390 0
2047 11 8.154334 -2.331393 163.1 90.154716 390 0
2047 12 0.59859234 -8.0635395 125 105.589937 390 0
2048 1 -0.9924848 -12.804636 143.5 80.9877728 390 0
2048 2 0.37767673 -11.501711 209.8 65.14995225 390 0
2048 3 5.684622 -5.4285426 301.6 139.0148407 390 0
2048 4 11.555979 0.5068455 391.2 127.118382 390 0
2048 5 22.846497 8.087712 461.6 88.0612536 390 0
2048 6 26.349178 12.299751 512.7 88.440741 390 0
2048 7 29.38923 15.081691 503.7 92.7725809 390 0
2048 8 27.197447 13.806485 439.3 147.352269 390 0
2048 9 23.214394 10.868028 346.6 117.669876 390 0
2048 10 15.600043 2.9776752 255.1 129.71733 390 0
2048 11 8.414933 -2.1760795 163.1 129.14373 390 0
2048 12 4.508046 -2.9826157 125 169.4333923 390 0
2049 1 2.0200777 -8.054611 143.5 103.0842039 390 0
2049 2 0.97082347 -9.58597 209.8 76.088937025 390 0
2049 3 8.535524 -2.0194635 301.6 102.7630346 390 0
2049 4 15.897887 3.3174858 391.2 127.62237 390 0
2049 5 19.694176 5.9853086 461.6 87.4508698 390 0
2049 6 28.00159 13.995331 512.7 49.753254 390 0
2049 7 27.931318 14.987726 503.7 172.74254 390 0
2049 8 27.652658 13.732622 439.3 64.0814919 390 0
2049 9 22.423548 8.172554 346.6 80.818749 390 0
2049 10 17.946545 4.9017863 255.1 194.658331 390 0
2049 11 7.1123943 -2.961641 163.1 174.610719 390 0
2049 12 4.36412 -4.0755744 125 232.060761 390 0
2050 1 1.3877172 -8.142589 143.5 344.3108 390 0
2050 2 -1.9508203 -13.24478 209.8 76.09277055 390 0
2050 3 3.3289366 -7.903958 301.6 149.6815563 390 0
2050 4 14.1497965 1.0759225 391.2 105.723174 390 0
2050 5 22.53316 7.072196 461.6 86.6480845 390 0
2050 6 24.932528 11.4503145 512.7 39.466713 390 0
2050 7 29.872623 15.820147 503.7 87.778484 390 0
2050 8 28.184258 14.7619915 439.3 145.1214284 390 0
2050 9 24.367708 11.82328 346.6 139.12032 390 0
2050 10 18.069557 3.2136188 255.1 61.9597899 390 0
2050 11 6.4859357 -2.8669198 163.1 170.01537 390 0
2050 12 3.8537257 -5.463292 125 164.601227 390 0
2051 1 3.4866326 -5.998275 143.5 303.890551 390 0
2051 2 1.4037967 -10.526107 209.8 75.65238695 390 0
2051 3 3.6164885 -7.5131464 301.6 61.9869893 390 0
2051 4 15.484426 3.0495293 391.2 84.65013 390 0
2051 5 23.001045 8.096828 461.6 61.6332421 390 0
2051 6 26.368559 12.4478 512.7 127.524348 390 0
2051 7 28.822527 14.722442 503.7 93.0806496 390 0
2051 8 26.455132 14.213825 439.3 220.8105665 390 0
2051 9 22.616127 10.250955 346.6 99.628149 390 0
2051 10 16.77935 4.240607 255.1 74.2290412 390 0
2051 11 5.8666883 -3.6117053 163.1 126.074952 390 0
2051 12 5.7656913 -3.1350906 125 102.72997 390 0
2052 1 1.2072023 -8.983049 143.5 60.7887556 390 0
2052 2 2.811056 -7.643443 209.8 104.384871525 390 0
2052 3 4.2974095 -6.8264146 301.6 141.898749 390 0
2052 4 11.549986 0.31187764 391.2 139.62798 390 0
2052 5 23.797192 8.020329 461.6 79.7028135 390 0
2052 6 24.608929 10.706529 512.7 116.256252 390 0
2052 7 28.595043 15.099999 503.7 176.432377 390 0
2052 8 26.423082 13.369206 439.3 152.783035 390 0
2052 9 22.353746 8.612161 346.6 92.946882 390 0
2052 10 18.891985 5.633342 255.1 74.2150354 390 0
2052 11 9.504162 -0.88858014 163.1 167.51505 390 0
2052 12 2.162041 -6.3564973 125 168.2971772 390 0
2053 1 -2.4768245 -14.212278 143.5 23.16741135 390 0
2053 2 -0.10481772 -12.174396 209.8 78.772189825 390 0
2053 3 6.6688633 -4.364175 301.6 132.685828 390 0
2053 4 15.468987 3.9466367 391.2 95.838918 390 0
2053 5 18.767822 5.4345202 461.6 84.0058708 390 0
2053 6 28.206142 14.144163 512.7 128.142972 390 0
2053 7 28.381145 15.0544 503.7 175.9486437 390 0
2053 8 27.376766 14.030583 439.3 109.915522 390 0
2053 9 22.476936 9.936962 346.6 97.891002 390 0
2053 10 16.600073 3.9745357 255.1 81.9446157 390 0
2053 11 9.265897 -1.8013175 163.1 83.456382 390 0
2053 12 5.0505137 -4.4331045 125 150.983144 390 0
2054 1 1.5404093 -8.626248 143.5 132.644846 390 0
2054 2 5.5874195 -5.7877107 209.8 101.81891555 390 0
2054 3 9.351941 -0.05958457 301.6 221.0343803 390 0
2054 4 15.530857 3.1595724 391.2 88.351128 390 0
2054 5 24.059328 9.36361 461.6 138.6184344 390 0
2054 6 26.488232 13.805846 512.7 235.04418 390 0
2054 7 29.31697 16.28528 503.7 157.9368346 390 0
2054 8 28.088594 14.511969 439.3 154.429941 390 0
2054 9 27.69828 13.889188 346.6 116.903472 390 0
2054 10 16.767725 3.5517113 255.1 28.7510647 390 0
2054 11 12.785523 0.56684536 163.1 61.449822 390 0
2054 12 6.0185814 -3.6205587 125 122.2349158 390 0
2055 1 0.6275752 -8.618825 143.5 117.9144117 390 0
2055 2 0.78628284 -11.557785 209.8 94.5398341 390 0
2055 3 4.6886306 -7.021746 301.6 126.3738343 390 0
2055 4 16.569693 3.725915 391.2 103.134633 390 0
2055 5 20.537413 5.8025985 461.6 56.9154079 390 0
2055 6 26.42863 12.548321 512.7 121.229325 390 0
2055 7 30.175179 16.401936 503.7 180.299999 390 0
2055 8 27.417122 14.428264 439.3 174.562364 390 0
2055 9 22.98718 8.869926 346.6 115.757826 390 0
2055 10 18.33376 5.687593 255.1 74.0795003 390 0
2055 11 12.5971365 0.67673576 163.1 117.173904 390 0
2055 12 9.229037 -1.4088213 125 125.7810337 390 0
2056 1 2.1004963 -8.347229 143.5 155.249178 390 0
2056 2 1.4557229 -9.769895 209.8 66.82139175 390 0
2056 3 6.4885993 -4.4096055 301.6 124.0964224 390 0
2056 4 13.839804 2.2700574 391.2 121.045461 390 0
2056 5 20.249338 5.6793427 461.6 50.0244768 390 0
2056 6 27.407934 13.542369 512.7 91.732836 390 0
2056 7 30.098402 15.250324 503.7 60.1573166 390 0
2056 8 30.605083 16.671019 439.3 78.07784 390 0
2056 9 26.678486 11.628048 346.6 52.894098 390 0
2056 10 14.11708 2.301659 255.1 186.159309 390 0
2056 11 10.932294 0.2844269 163.1 134.789628 390 0
2056 12 5.980738 -3.1959777 125 152.348229 390 0
2057 1 2.2981765 -7.12113 143.5 34.7981014 390 0
2057 2 2.052047 -9.746055 209.8 190.2199738 390 0
2057 3 8.373846 -2.8354464 301.6 148.8293787 390 0
2057 4 15.069033 3.6878371 391.2 139.420968 390 0
2057 5 19.296993 6.5312552 461.6 66.007184 390 0
2057 6 28.869642 14.95023 512.7 100.119246 390 0
2057 7 32.592663 18.182293 503.7 102.5846854 390 0
2057 8 30.030142 16.077692 439.3 224.0118497 390 0
2057 9 23.748419 11.777239 346.6 190.44828 390 0
2057 10 17.264688 5.917013 255.1 78.929968 390 0
2057 11 13.025878 1.4696405 163.1 139.89276 390 0
2057 12 4.912837 -6.006075 125 170.6440663 390 0
2058 1 2.3915489 -7.455473 143.5 146.6527943 390 0
2058 2 3.1897867 -8.634745 209.8 242.402289 390 0
2058 3 9.215722 -3.0641265 301.6 51.5948841 390 0
2058 4 15.0662155 2.6072526 391.2 104.333526 390 0
2058 5 22.706715 9.218613 461.6 221.704653 390 0
2058 6 25.82232 12.659725 512.7 105.619626 390 0
2058 7 29.889467 15.424264 503.7 67.441089 390 0
2058 8 27.914154 14.233436 439.3 92.220381 390 0
2058 9 25.262585 12.402813 346.6 96.701058 390 0
2058 10 16.88794 3.1669345 255.1 136.197663 390 0
2058 11 11.852967 0.16563456 163.1 92.709762 390 0
2058 12 1.1358026 -9.481576 125 113.6677186 390 0
2059 1 5.2509 -5.5031037 143.5 246.0634765 390 0
2059 2 4.3960867 -6.9286585 209.8 17.476011045 390 0
2059 3 4.421933 -5.986646 301.6 172.222143 390 0
2059 4 16.199408 2.887081 391.2 85.72062 390 0
2059 5 19.918367 6.9275804 461.6 51.0487726 390 0
2059 6 24.594826 11.203192 512.7 411.06978 390 0
2059 7 30.286875 15.614389 503.7 106.444452 390 0
2059 8 28.319399 15.601011 439.3 180.6084304 390 0
2059 9 26.224295 12.546065 346.6 64.17186 390 0
2059 10 19.244373 4.9063163 255.1 83.1858991 390 0
2059 11 11.923798 0.41728806 163.1 154.611741 390 0
2059 12 6.2863765 -2.8472 125 181.406854 390 0
2060 1 3.4377022 -5.904837 143.5 79.6526896 390 0
2060 2 5.1201973 -5.4182353 209.8 114.619855 390 0
2060 3 6.996083 -4.8781 301.6 117.7650382 390 0
2060 4 17.747135 5.0296106 391.2 87.418176 390 0
2060 5 21.495377 7.5102887 461.6 113.4509852 390 0
2060 6 25.409603 11.517751 512.7 82.9404 390 0
2060 7 31.101095 16.276209 503.7 83.1108822 390 0
2060 8 31.513712 16.210962 439.3 46.8153258 390 0
2060 9 24.656897 11.743633 346.6 147.75018 390 0
2060 10 19.233328 6.0914817 255.1 53.9756314 390 0
2060 11 8.767345 -1.8577418 163.1 145.184898 390 0
2060 12 3.926764 -4.594652 125 165.8201966 390 0
2061 1 2.9514031 -6.502478 143.5 146.1410277 390 0
2061 2 5.2938848 -5.8221173 209.8 92.8902601 390 0
2061 3 6.7839665 -5.0469737 301.6 120.2697731 390 0
2061 4 16.14432 3.8827355 391.2 139.974675 390 0
2061 5 24.56437 10.95259 461.6 187.216223 390 0
2061 6 28.35102 14.327582 512.7 239.99859 390 0
2061 7 33.21895 17.488138 503.7 66.1461818 390 0
2061 8 31.58738 17.542406 439.3 99.4594917 390 0
2061 9 25.977444 12.343884 346.6 92.808402 390 0
2061 10 20.257446 6.602375 255.1 103.0900567 390 0
2061 11 14.342193 2.7863767 163.1 97.433589 390 0
2061 12 2.2882166 -5.815301 125 45.8879887 390 0
2062 1 -0.67465526 -11.758809 143.5 64.435639 390 0
2062 2 3.1812265 -9.108532 209.8 95.351804075 390 0
2062 3 7.5347247 -3.7381153 301.6 94.5629332 390 0
2062 4 16.272152 3.6148806 391.2 166.13403 390 0
2062 5 24.373985 10.203067 461.6 153.521827 390 0
2062 6 26.262573 13.222745 512.7 245.13273 390 0
2062 7 31.94743 17.099026 503.7 79.036329 390 0
2062 8 31.179953 17.21437 439.3 94.754104 390 0
2062 9 23.808712 10.611685 346.6 60.49299 390 0
2062 10 18.824028 4.6804895 255.1 69.1093137 390 0
2062 11 11.102623 0.41490257 163.1 65.094918 390 0
2062 12 5.0318975 -3.3613715 125 110.927207 390 0
2063 1 2.9714012 -5.884067 143.5 177.9652557 390 0
2063 2 2.1132326 -9.606523 209.8 126.499432 390 0
2063 3 9.530259 -1.7945377 301.6 125.0746615 390 0
2063 4 16.29952 3.7142088 391.2 87.353025 390 0
2063 5 22.313 8.589265 461.6 138.724411 390 0
2063 6 28.298807 14.576009 512.7 94.110639 390 0
2063 7 32.905743 17.413588 503.7 61.6513461 390 0
2063 8 30.333012 16.939102 439.3 233.208257 390 0
2063 9 26.793499 12.614734 346.6 130.14909 390 0
2063 10 17.80725 5.446654 255.1 271.017593 390 0
2063 11 12.044637 1.0413648 163.1 169.30914 390 0
2063 12 8.066266 -1.7055947 125 103.8142012 390 0
2064 1 3.0848532 -6.354743 143.5 64.5549115 390 0
2064 2 1.9219352 -10.436973 209.8 24.142069755 390 0
2064 3 7.704878 -4.555956 301.6 78.0578636 390 0
2064 4 14.918547 1.8990119 391.2 130.171809 390 0
2064 5 18.08191 6.601962 461.6 120.0189242 390 0
2064 6 28.109318 13.50375 512.7 78.53763 390 0
2064 7 31.244595 16.419855 503.7 122.444451 390 0
2064 8 29.846468 15.294347 439.3 74.5457248 390 0
2064 9 23.415659 8.814782 346.6 106.700133 390 0
2064 10 15.548731 3.4894676 255.1 191.1435727 390 0
2064 11 7.98433 -2.3315396 163.1 146.42883 390 0
2064 12 5.565097 -3.402704 125 102.2456167 390 0
2065 1 3.4011066 -6.262124 143.5 62.0967634 390 0
2065 2 5.5874987 -6.158038 209.8 95.86271945 390 0
2065 3 8.115004 -3.3352222 301.6 145.1003794 390 0
2065 4 15.3734865 3.2230499 391.2 135.205449 390 0
2065 5 24.652018 10.21086 461.6 52.7805287 390 0
2065 6 27.877659 13.247076 512.7 104.776968 390 0
2065 7 32.753586 18.232777 503.7 114.926362 390 0
2065 8 30.376991 15.0893755 439.3 48.2490386 390 0
2065 9 25.2684 10.323518 346.6 115.14849 390 0
2065 10 20.802155 7.392772 255.1 87.599893 390 0
2065 11 11.354141 0.90560657 163.1 96.471819 390 0
2065 12 5.6741996 -3.427074 125 246.930407 390 0
2066 1 3.5554318 -6.417995 143.5 154.1736144 390 0
2066 2 2.1125135 -9.132429 209.8 96.649089275 390 0
2066 3 6.139819 -4.963308 301.6 84.1463411 390 0
2066 4 15.396981 2.0953848 391.2 83.492532 390 0
2066 5 20.895838 6.453674 461.6 147.913493 390 0
2066 6 27.180275 13.4436035 512.7 210.229125 390 0
2066 7 31.98592 17.597744 503.7 62.8699685 390 0
2066 8 30.982395 16.457787 439.3 155.884771 390 0
2066 9 26.271545 12.453432 346.6 110.254926 390 0
2066 10 20.443718 6.82171 255.1 80.9926274 390 0
2066 11 8.118849 -1.667687 163.1 207.233778 390 0
2066 12 5.228558 -3.7812114 125 78.9879597 390 0
2067 1 -0.012915659 -11.438175 143.5 56.5492018 390 0
2067 2 5.370514 -6.003074 209.8 130.556132 390 0
2067 3 11.038591 -0.63772506 301.6 153.548363 390 0
2067 4 15.621871 3.2393894 391.2 204.811335 390 0
2067 5 19.910103 7.613485 461.6 117.255144 390 0
2067 6 28.282013 15.118349 512.7 110.612355 390 0
2067 7 31.951199 17.342659 503.7 125.882475 390 0
2067 8 29.356188 16.130056 439.3 123.4724699 390 0
2067 9 23.741661 11.291647 346.6 86.665728 390 0
2067 10 18.393742 6.526404 255.1 111.615996 390 0
2067 11 8.888772 -0.9878271 163.1 64.866129 390 0
2067 12 5.552282 -3.5143359 125 89.1978314 390 0
2068 1 4.8738437 -5.0462995 143.5 44.0609572 390 0
2068 2 4.726649 -6.205111 209.8 112.406227375 390 0
2068 3 6.5241866 -4.9272323 301.6 138.2345304 390 0
2068 4 16.802704 4.421852 391.2 138.2961 390 0
2068 5 23.80659 9.09728 461.6 78.1455936 390 0
2068 6 26.833576 13.146509 512.7 175.137192 390 0
2068 7 34.43384 19.366995 503.7 51.5153846 390 0
2068 8 29.438885 16.421461 439.3 232.7121516 390 0
2068 9 25.056328 12.652037 346.6 109.88805 390 0
2068 10 18.792519 5.145254 255.1 72.4088297 390 0
2068 11 8.518367 -1.3588076 163.1 113.671725 390 0
2068 12 4.751135 -4.5890875 125 38.9092377 390 0
2069 1 -0.21307482 -10.749937 143.5 22.48155464 390 0
2069 2 2.3845284 -9.114699 209.8 80.3091904 390 0
2069 3 7.475161 -3.8766258 301.6 92.2150056 390 0
2069 4 17.227758 4.3938346 391.2 90.968328 390 0
2069 5 22.14767 8.699378 461.6 204.761758 390 0
2069 6 24.947985 12.963054 512.7 140.989851 390 0
2069 7 30.974043 17.217014 503.7 82.8944154 390 0
2069 8 30.504316 16.622807 439.3 105.3535434 390 0
2069 9 26.23205 12.408715 346.6 59.974386 390 0
2069 10 21.702585 8.045186 255.1 61.7169111 390 0
2069 11 11.554061 -0.302061 163.1 88.47945 390 0
2069 12 5.988372 -1.8846788 125 163.014213 390 0
2070 1 2.9295592 -6.2406244 143.5 57.7819819 390 0
2070 2 4.019878 -7.329115 209.8 158.981550375 390 0
2070 3 8.313785 -3.6886966 301.6 219.721459 390 0
2070 4 14.783161 2.908849 391.2 102.10125 390 0
2070 5 18.924494 7.0146103 461.6 191.1978816 390 0
2070 6 27.396072 13.455084 512.7 95.50905 390 0
2070 7 32.111397 18.101341 503.7 80.9913502 390 0
2070 8 31.722494 17.789555 439.3 119.4486141 390 0
2070 9 25.0955 11.626188 346.6 175.98288 390 0
2070 10 17.50389 5.2342243 255.1 178.5732525 390 0
2070 11 12.44872 1.1639712 163.1 124.455471 390 0
2070 12 4.0342207 -5.1604857 125 101.8762455 390 0
2071 1 2.9034793 -6.793004 143.5 187.607257 390 0
2071 2 6.2597427 -5.1917124 209.8 196.7284235 390 0
2071 3 11.940475 0.61218756 301.6 132.412904 390 0
2071 4 16.209364 2.811477 391.2 89.598075 390 0
2071 5 24.720179 9.577528 461.6 106.371571 390 0
2071 6 25.734186 13.6683 512.7 246.19278 390 0
2071 7 33.860096 18.682755 503.7 64.4503237 390 0
2071 8 32.511112 18.979568 439.3 184.831269 390 0
2071 9 26.567156 13.243298 346.6 65.42037 390 0
2071 10 22.14981 8.9525 255.1 70.005161 390 0
2071 11 8.887188 -1.1462303 163.1 94.84788 390 0
2071 12 3.027938 -5.8107653 125 98.5296684 390 0
2072 1 2.8471105 -6.918353 143.5 177.861477 390 0
2072 2 5.224459 -6.635577 209.8 104.14855745 390 0
2072 3 4.4536643 -7.4843626 301.6 95.345088 390 0
2072 4 15.715004 3.835521 391.2 132.764355 390 0
2072 5 23.340044 8.963303 461.6 69.6692326 390 0
2072 6 31.447058 15.734463 512.7 80.645055 390 0
2072 7 32.52142 18.678158 503.7 151.776496 390 0
2072 8 32.366196 18.354057 439.3 157.1809895 390 0
2072 9 25.3338 12.500081 346.6 104.087175 390 0
2072 10 17.87571 6.649007 255.1 252.712558 390 0
2072 11 13.7246685 2.4423583 163.1 111.740541 390 0
2072 12 7.455642 -0.74414766 125 155.4518684 390 0
2073 1 2.309924 -6.560423 143.5 55.8596285 390 0
2073 2 4.6294656 -7.3379116 209.8 27.08062967 390 0
2073 3 5.088928 -6.103404 301.6 173.506907 390 0
2073 4 18.097084 5.489243 391.2 114.731856 390 0
2073 5 21.636229 8.330851 461.6 109.0367247 390 0
2073 6 29.07694 14.0429535 512.7 62.273019 390 0
2073 7 31.66099 17.740492 503.7 98.6218128 390 0
2073 8 33.24113 19.500038 439.3 148.1228453 390 0
2073 9 26.830061 14.491992 346.6 159.558435 390 0
2073 10 19.175772 6.018029 255.1 111.9649723 390 0
2073 11 12.698727 2.5421038 163.1 183.60441 390 0
2073 12 4.122703 -4.6156387 125 255.64553 390 0
2074 1 4.249315 -5.341523 143.5 156.8697247 390 0
2074 2 5.256852 -6.2380857 209.8 63.8716454 390 0
2074 3 7.3207216 -4.2786245 301.6 158.9516444 390 0
2074 4 15.93002 2.7459693 391.2 83.475717 390 0
2074 5 25.176493 10.859642 461.6 138.1627065 390 0
2074 6 26.978466 14.321812 512.7 154.677831 390 0
2074 7 33.290363 18.956015 503.7 131.8348036 390 0
2074 8 31.156202 17.301292 439.3 94.1394453 390 0
2074 9 29.091234 15.230666 346.6 121.842255 390 0
2074 10 21.984835 8.119775 255.1 101.3661498 390 0
2074 11 14.46881 4.047646 163.1 123.487431 390 0
2074 12 10.173801 -0.33795947 125 145.5986207 390 0
2075 1 2.1364176 -6.9170957 143.5 173.010442 390 0
2075 2 3.9398177 -7.0014052 209.8 218.27325775 390 0
2075 3 7.1766305 -4.174723 301.6 93.684697 390 0
2075 4 18.303297 5.9054203 391.2 121.743852 390 0
2075 5 22.657846 10.063687 461.6 119.0661237 390 0
2075 6 27.009665 13.35594 512.7 89.252151 390 0
2075 7 32.755085 18.263641 503.7 95.5472266 390 0
2075 8 31.290945 17.861176 439.3 154.116562 390 0
2075 9 26.388044 13.338519 346.6 152.8995 390 0
2075 10 19.634787 6.0304995 255.1 24.68417625 390 0
2075 11 11.181263 0.63500315 163.1 67.238196 390 0
2075 12 7.965559 -0.22770122 125 165.3498925 390 0
2076 1 1.571566 -8.618437 143.5 91.6007778 390 0
2076 2 8.075658 -3.0259337 209.8 92.50954615 390 0
2076 3 8.890459 -1.0911876 301.6 137.0789093 390 0
2076 4 16.671692 4.0835032 391.2 110.350548 390 0
2076 5 24.862997 10.474195 461.6 157.2092677 390 0
2076 6 27.010279 13.55627 512.7 141.368121 390 0
2076 7 32.48453 17.753576 503.7 89.876719 390 0
2076 8 34.413464 19.81944 439.3 59.588417 390 0
2076 9 29.6548 15.060153 346.6 67.766562 390 0
2076 10 22.471516 8.582981 255.1 36.8409611 390 0
2076 11 11.291962 0.42164493 163.1 105.69966 390 0
2076 12 7.694647 -1.6802651 125 183.1763216 390 0
2077 1 0.8161667 -8.063712 143.5 50.7510982 390 0
2077 2 5.702109 -5.7123413 209.8 95.69893725 390 0
2077 3 6.714528 -4.9974785 301.6 40.1764278 390 0
2077 4 18.414534 6.33288 391.2 128.76297 390 0
2077 5 24.108818 9.755769 461.6 90.9051905 390 0
2077 6 31.001781 16.473526 512.7 63.550251 390 0
2077 7 31.777601 18.969494 503.7 205.064938 390 0
2077 8 31.249908 17.516537 439.3 95.106729 390 0
2077 9 26.36359 13.982969 346.6 177.604365 390 0
2077 10 23.268616 9.764321 255.1 43.0605438 390 0
2077 11 12.942362 2.5566456 163.1 137.38917 390 0
2077 12 7.726461 -1.8393773 125 125.3195553 390 0
2078 1 3.49308 -5.940087 143.5 212.3988374 390 0
2078 2 7.940473 -3.111892 209.8 227.859542125 390 0
2078 3 10.01628 -2.1887248 301.6 35.6643933 390 0
2078 4 18.40676 5.3282666 391.2 78.435417 390 0
2078 5 21.729412 9.536191 461.6 155.4439014 390 0
2078 6 27.909441 14.654207 512.7 127.34598 390 0
2078 7 35.80496 20.100645 503.7 57.3079361 390 0
2078 8 32.047535 18.199875 439.3 144.924349 390 0
2078 9 27.522493 14.822791 346.6 106.54404 390 0
2078 10 17.060934 5.8190227 255.1 70.0404793 390 0
2078 11 14.613411 2.8868861 163.1 75.78195 390 0
2078 12 8.1613655 -1.1988338 125 165.690939 390 0
2079 1 4.056818 -5.3126607 143.5 123.790781 390 0
2079 2 7.730398 -3.6443782 209.8 99.42522525 390 0
2079 3 10.768702 -0.1460736 301.6 129.0339505 390 0
2079 4 16.542347 4.585542 391.2 178.00755 390 0
2079 5 19.514519 8.243665 461.6 174.5152657 390 0
2079 6 29.470053 16.725357 512.7 59.420175 390 0
2079 7 33.25026 18.402325 503.7 109.3214473 390 0
2079 8 30.465248 16.892324 439.3 132.6920094 390 0
2079 9 29.432865 15.278418 346.6 66.7548 390 0
2079 10 23.276974 9.983889 255.1 139.2531997 390 0
2079 11 14.236894 3.124104 163.1 101.122707 390 0
2079 12 4.490437 -6.358339 125 133.730776 390 0
2080 1 4.761395 -4.9800663 143.5 87.6606251 390 0
2080 2 6.966306 -3.552283 209.8 111.475587625 390 0
2080 3 8.960786 -2.1458213 301.6 153.8707475 390 0
2080 4 18.95364 6.6062074 391.2 149.32641 390 0
2080 5 24.141954 9.535453 461.6 65.3675517 390 0
2080 6 28.997581 15.928486 512.7 252.128535 390 0
2080 7 36.25583 20.064552 503.7 74.5678216 390 0
2080 8 33.613358 18.831877 439.3 109.3896163 390 0
2080 9 26.05652 13.7970085 346.6 172.79028 390 0
2080 10 20.674395 6.2613554 255.1 31.7259394 390 0
2080 11 13.71842 1.7154166 163.1 149.661282 390 0
2080 12 7.958752 -1.2582438 125 95.673719 390 0
2081 1 3.2298555 -5.8063455 143.5 100.5496377 390 0
2081 2 4.6522717 -5.966741 209.8 99.48499095 390 0
2081 3 7.7352853 -3.665475 301.6 113.6611125 390 0
2081 4 19.339075 6.9384303 391.2 72.298437 390 0
2081 5 22.355207 9.476478 461.6 152.383817 390 0
2081 6 29.343372 14.419765 512.7 37.820874 390 0
2081 7 34.351402 20.485432 503.7 174.5883916 390 0
2081 8 32.70513 18.98624 439.3 147.340334 390 0
2081 9 26.623169 13.491296 346.6 60.573708 390 0
2081 10 21.997028 8.718187 255.1 87.8913488 390 0
2081 11 11.294452 0.2935385 163.1 108.690375 390 0
2081 12 8.07522 -0.4869669 125 165.9945933 390 0
2082 1 4.5832376 -4.400676 143.5 86.171258 390 0
2082 2 5.539389 -4.890177 209.8 99.88394875 390 0
2082 3 5.957477 -6.161015 301.6 144.189122 390 0
2082 4 18.636044 6.521258 391.2 151.905699 390 0
2082 5 22.076172 9.105927 461.6 133.7237297 390 0
2082 6 29.737719 15.768987 512.7 208.08231 390 0
2082 7 34.5025 20.274742 503.7 95.7037456 390 0
2082 8 33.320778 18.842827 439.3 69.6706958 390 0
2082 9 29.610876 15.649842 346.6 114.797352 390 0
2082 10 21.73835 7.783947 255.1 55.9928541 390 0
2082 11 15.330904 3.8698022 163.1 210.433431 390 0
2082 12 6.9501576 -2.8897376 125 84.882991 390 0
2083 1 3.7811427 -5.718729 143.5 230.757304 390 0
2083 2 4.272979 -6.5651956 209.8 94.530666975 390 0
2083 3 7.9212813 -4.012032 301.6 149.9731175 390 0
2083 4 18.418602 6.5915456 391.2 132.912396 390 0
2083 5 22.118849 8.733027 461.6 147.6785595 390 0
2083 6 26.896545 14.853136 512.7 275.45493 390 0
2083 7 34.82343 19.68113 503.7 64.156143 390 0
2083 8 33.171566 19.46678 439.3 135.8776686 390 0
2083 9 24.065014 11.074137 346.6 133.294701 390 0
2083 10 18.165037 6.007114 255.1 85.6951941 390 0
2083 11 10.494695 -0.27319443 163.1 135.725169 390 0
2083 12 8.084137 -0.683767 125 192.8330913 390 0
2084 1 3.567254 -5.9251003 143.5 145.0005563 390 0
2084 2 6.652633 -5.9578314 209.8 109.844438275 390 0
2084 3 9.827935 -1.3062171 301.6 93.6508636 390 0
2084 4 14.770933 2.8983214 391.2 86.79045 390 0
2084 5 20.032366 6.4182415 461.6 164.8687105 390 0
2084 6 29.680689 15.241112 512.7 102.219414 390 0
2084 7 36.4024 20.358673 503.7 54.4427456 390 0
2084 8 34.610413 20.046953 439.3 113.4728247 390 0
2084 9 25.943508 12.632342 346.6 105.985221 390 0
2084 10 21.431402 8.151991 255.1 157.3074788 390 0
2084 11 12.666786 1.333584 163.1 124.89747 390 0
2084 12 9.593151 0.024591342 125 166.285085 390 0
2085 1 6.6542 -3.3705323 143.5 108.7802276 390 0
2085 2 4.0088487 -6.534052 209.8 98.865053175 390 0
2085 3 9.76883 -0.35391757 301.6 122.33375 390 0
2085 4 16.787296 5.847935 391.2 122.421942 390 0
2085 5 24.218277 9.7974 461.6 99.3610512 390 0
2085 6 29.26855 15.926953 512.7 133.25478 390 0
2085 7 36.157246 20.738472 503.7 109.1142867 390 0
2085 8 34.36825 19.798204 439.3 117.870711 390 0
2085 9 26.295923 12.659951 346.6 177.949962 390 0
2085 10 18.402586 6.3481474 255.1 83.5476133 390 0
2085 11 13.909035 2.5616632 163.1 86.396964 390 0
2085 12 3.370244 -6.0629535 125 115.1125201 390 0
2086 1 1.2561816 -7.5731225 143.5 140.4051876 390 0
2086 2 6.155711 -3.771736 209.8 97.7331463 390 0
2086 3 6.8734403 -3.0898256 301.6 146.3393285 390 0
2086 4 16.991526 5.063826 391.2 95.818656 390 0
2086 5 18.913506 7.7864785 461.6 163.4454757 390 0
2086 6 30.042635 16.242321 512.7 136.481838 390 0
2086 7 33.925014 20.16548 503.7 106.8036676 390 0
2086 8 34.484432 19.928635 439.3 128.4219485 390 0
2086 9 28.925035 16.13213 346.6 98.979228 390 0
2086 10 21.171543 9.358246 255.1 331.751739 390 0
2086 11 10.472225 -0.17006433 163.1 92.661966 390 0
2086 12 7.208376 -2.1212559 125 351.957322 390 0
2087 1 2.1123059 -7.999467 143.5 198.0614676 390 0
2087 2 4.9005313 -5.6173368 209.8 100.6030525 390 0
2087 3 7.5238338 -3.766068 301.6 82.7274525 390 0
2087 4 18.593834 6.7018766 391.2 124.860879 390 0
2087 5 19.918354 7.5184813 461.6 118.4548161 390 0
2087 6 30.280891 16.41101 512.7 163.75041 390 0
2087 7 34.134964 19.736996 503.7 142.924632 390 0
2087 8 32.565918 19.097288 439.3 193.5920984 390 0
2087 9 31.099173 17.347261 346.6 49.317516 390 0
2087 10 25.346643 12.409176 255.1 63.839323 390 0
2087 11 13.963456 2.5761902 163.1 111.456921 390 0
2087 12 3.9067848 -4.2785892 125 92.1537465 390 0
2088 1 2.5632117 -6.162514 143.5 52.5179556 390 0
2088 2 3.4379513 -7.686041 209.8 121.638728525 390 0
2088 3 9.354108 -1.7045647 301.6 117.2614122 390 0
2088 4 15.30202 3.3570967 391.2 136.82805 390 0
2088 5 23.31707 9.648041 461.6 92.1745382 390 0
2088 6 30.19992 16.695454 512.7 157.65594 390 0
2088 7 34.98626 20.395168 503.7 71.5437685 390 0
2088 8 35.73208 21.966055 439.3 90.3810735 390 0
2088 9 28.007177 15.143612 346.6 166.49925 390 0
2088 10 21.169554 7.6584425 255.1 22.67724555 390 0
2088 11 14.610017 3.2908509 163.1 167.93691 390 0
2088 12 7.1653447 -2.178975 125 106.8481619 390 0
2089 1 3.3822532 -5.175319 143.5 50.9247509 390 0
2089 2 3.4684505 -7.255121 209.8 64.53282535 390 0
2089 3 8.058897 -3.0990658 301.6 115.641067 390 0
2089 4 15.75214 3.998853 391.2 125.802699 390 0
2089 5 22.24069 8.574774 461.6 138.48382 390 0
2089 6 31.041203 17.260786 512.7 102.759639 390 0
2089 7 35.059063 20.984358 503.7 141.85197 390 0
2089 8 32.02104 19.483194 439.3 203.727629 390 0
2089 9 28.595697 16.031166 346.6 70.203954 390 0
2089 10 23.951193 10.676474 255.1 41.0496234 390 0
2089 11 14.395946 2.18283 163.1 105.465144 390 0
2089 12 7.496144 -0.34185633 125 168.743168 390 0
2090 1 2.2509582 -7.4143677 143.5 101.5603028 390 0
2090 2 5.5056186 -3.8932657 209.8 71.97259845 390 0
2090 3 10.106578 -1.918643 301.6 144.9412223 390 0
2090 4 16.982136 4.8543286 391.2 119.438796 390 0
2090 5 22.86782 10.657317 461.6 274.036311 390 0
2090 6 30.035227 15.354704 512.7 72.59442 390 0
2090 7 35.80243 20.873432 503.7 99.500266 390 0
2090 8 34.588844 19.641205 439.3 74.992472 390 0
2090 9 29.758722 17.039557 346.6 119.993691 390 0
2090 10 20.55696 8.171042 255.1 107.6053896 390 0
2090 11 11.364008 1.7598413 163.1 89.554545 390 0
2090 12 6.895335 -1.6674627 125 186.598951 390 0
2091 1 2.691851 -6.1904078 143.5 29.51736114 390 0
2091 2 9.20067 -1.172578 209.8 53.207646125 390 0
2091 3 10.400104 -0.7725471 301.6 114.4441477 390 0
2091 4 18.542814 6.6134233 391.2 107.096379 390 0
2091 5 24.41218 10.652259 461.6 138.2925376 390 0
2091 6 27.178493 15.154497 512.7 394.34985 390 0
2091 7 36.064247 21.606787 503.7 106.6343332 390 0
2091 8 33.68792 20.77161 439.3 157.116525 390 0
2091 9 27.618164 14.869431 346.6 62.510811 390 0
2091 10 22.453611 9.092324 255.1 66.5117338 390 0
2091 11 12.245477 0.97946477 163.1 250.04808 390 0
2091 12 7.7087865 -0.87602156 125 132.610157 390 0
2092 1 5.152597 -4.501747 143.5 142.0049054 390 0
2092 2 5.5637045 -5.40153 209.8 97.001428925 390 0
2092 3 10.878306 -0.33425134 301.6 142.49398 390 0
2092 4 16.508121 5.30078 391.2 196.093041 390 0
2092 5 24.602264 11.437989 461.6 203.8800715 390 0
2092 6 30.311794 16.36573 512.7 122.65008 390 0
2092 7 36.98916 21.402708 503.7 84.1809836 390 0
2092 8 34.64205 20.512949 439.3 186.3570146 390 0
2092 9 31.436535 16.666794 346.6 66.51789 390 0
2092 10 24.584486 10.433431 255.1 32.3631103 390 0
2092 11 17.40795 5.573772 163.1 69.575592 390 0
2092 12 7.288616 -2.2088358 125 182.4493313 390 0
2093 1 2.282042 -6.654439 143.5 166.176895 390 0
2093 2 5.8421273 -4.977733 209.8 94.0081691 390 0
2093 3 11.452962 -0.18287207 301.6 81.154559 390 0
2093 4 18.520475 6.6699877 391.2 116.210796 390 0
2093 5 26.453028 11.652882 461.6 76.1332534 390 0
2093 6 30.186163 16.942438 512.7 143.589291 390 0
2093 7 35.276646 20.454489 503.7 170.179863 390 0
2093 8 32.119602 17.265516 439.3 83.8807548 390 0
2093 9 28.97199 15.170717 346.6 29.706084 390 0
2093 10 24.144995 11.127435 255.1 76.184298 390 0
2093 11 10.859383 0.94243217 163.1 155.746779 390 0
2093 12 6.742142 -2.0133464 125 93.1194988 390 0
2094 1 4.8483524 -4.33468 143.5 136.522109 390 0
2094 2 6.853555 -4.4949093 209.8 120.40587875 390 0
2094 3 8.360532 -2.3113015 301.6 158.0127257 390 0
2094 4 16.286373 4.0393815 391.2 102.557658 390 0
2094 5 26.230879 11.899702 461.6 107.8398891 390 0
2094 6 27.779272 14.2551775 512.7 126.567951 390 0
2094 7 40.48616 23.748524 503.7 52.8079637 390 0
2094 8 36.71786 22.062803 439.3 43.3292208 390 0
2094 9 30.569925 16.707277 346.6 115.446696 390 0
2094 10 20.22389 7.9657774 255.1 105.8642157 390 0
2094 11 15.933285 3.9981234 163.1 153.05514 390 0
2094 12 6.1828456 -3.1613839 125 117.4097472 390 0
2095 1 5.0397935 -3.717756 143.5 51.6376145 390 0
2095 2 10.052988 -0.82340574 209.8 21.3824702 390 0
2095 3 12.719305 0.9995221 301.6 154.676236 390 0
2095 4 18.949697 6.4026785 391.2 104.086869 390 0
2095 5 24.575233 11.617993 461.6 167.167097 390 0
2095 6 31.807787 17.203327 512.7 40.165206 390 0
2095 7 37.08694 21.718855 503.7 70.9265182 390 0
2095 8 36.50496 21.74931 439.3 76.2613764 390 0
2095 9 27.204668 14.801191 346.6 159.82842 390 0
2095 10 22.157187 8.811039 255.1 64.471537 390 0
2095 11 14.84498 4.058957 163.1 147.35553 390 0
2095 12 8.183875 -0.371679 125 408.010902 390 0
2096 1 4.6007533 -4.8034973 143.5 138.7079097 390 0
2096 2 8.450579 -2.8938167 209.8 96.692989775 390 0
2096 3 10.05458 -0.82871294 301.6 74.5157447 390 0
2096 4 17.677532 5.368346 391.2 124.975905 390 0
2096 5 21.988245 10.258137 461.6 148.9345524 390 0
2096 6 32.028572 18.396866 512.7 178.71411 390 0
2096 7 36.079826 21.677225 503.7 163.6127486 390 0
2096 8 34.137684 19.855196 439.3 141.449466 390 0
2096 9 26.413166 12.570195 346.6 181.04772 390 0
2096 10 20.859291 8.755152 255.1 107.7166517 390 0
2096 11 12.735833 2.4472568 163.1 172.006245 390 0
2096 12 4.8298097 -3.0542617 125 33.2986128 390 0
2097 1 4.9648795 -3.8089204 143.5 58.7880125 390 0
2097 2 4.8328056 -5.473651 209.8 123.4222725 390 0
2097 3 10.44785 -0.5270312 301.6 127.2897665 390 0
2097 4 19.188719 6.9169927 391.2 95.35563 390 0
2097 5 25.145844 12.85286 461.6 226.6817216 390 0
2097 6 29.946077 16.932217 512.7 151.9914 390 0
2097 7 35.430874 21.299517 503.7 103.4059994 390 0
2097 8 32.577106 18.806889 439.3 67.2210138 390 0
2097 9 31.046904 16.669819 346.6 29.332713 390 0
2097 10 22.7192 11.087414 255.1 228.064582 390 0
2097 11 14.599557 2.848601 163.1 187.616571 390 0
2097 12 7.4019732 -0.7640697 125 276.42824 390 0
2098 1 4.727553 -4.8920345 143.5 226.014614 390 0
2098 2 6.792899 -4.739538 209.8 212.9977115 390 0
2098 3 9.082903 -1.2204567 301.6 249.504554 390 0
2098 4 18.470524 6.026932 391.2 118.287771 390 0
2098 5 24.86326 9.869733 461.6 115.4744203 390 0
2098 6 28.32758 15.45714 512.7 189.7404 390 0
2098 7 36.099724 21.69284 503.7 160.5149 390 0
2098 8 33.532215 20.234758 439.3 145.8580287 390 0
2098 9 27.567123 15.82509 346.6 166.321035 390 0
2098 10 21.924706 9.050669 255.1 101.2189494 390 0
2098 11 14.575829 2.5361466 163.1 45.443166 390 0
2098 12 3.4678876 -7.462482 125 108.2051807 390 0
2099 1 4.948767 -3.7775187 143.5 101.2899394 390 0
2099 2 6.399446 -4.699095 209.8 186.35567325 390 0
2099 3 8.237157 -3.0962117 301.6 80.122693 390 0
2099 4 16.650043 4.487802 391.2 95.774475 390 0
2099 5 19.679443 8.019682 461.6 172.1371906 390 0
2099 6 27.409466 14.532581 512.7 222.322599 390 0
2099 7 36.020206 20.675251 503.7 98.5237257 390 0
2099 8 34.49977 20.538168 439.3 116.7982908 390 0
2099 9 29.464867 16.59803 346.6 67.045692 390 0
2099 10 23.69088 10.477395 255.1 80.822952 390 0
2099 11 14.997342 3.5284007 163.1 195.01476 390 0
2099 12 7.5937614 -1.359092 125 200.516959 390 0
2100-2200 1 4.948767 -3.7775187 143.5 101.2899394 390 0
2100-2200 2 6.399446 -4.699095 209.8 186.35567325 390 0
2100-2200 3 8.237157 -3.0962117 301.6 80.122693 390 0
2100-2200 4 16.650043 4.487802 391.2 95.774475 390 0
2100-2200 5 19.679443 8.019682 461.6 172.1371906 390 0
2100-2200 6 27.409466 14.532581 512.7 222.322599 390 0
2100-2200 7 36.020206 20.675251 503.7 98.5237257 390 0
2100-2200 8 34.49977 20.538168 439.3 116.7982908 390 0
2100-2200 9 29.464867 16.59803 346.6 67.045692 390 0
2100-2200 10 23.69088 10.477395 255.1 80.822952 390 0
2100-2200 11 14.997342 3.5284007 163.1 195.01476 390 0
2100-2200 12 7.5937614 -1.359092 125 200.516959 390 0
