Year Month Tmax Tmin PAR Prec CO2 O3
1200-1980 1 -2.48428463838344 -13.3135083620679 143.5 94.5371305701734 390 0
1200-1980 2 -0.618967882090536 -12.3024963515656 209.8 84.2618648949864 390 0
1200-1980 3 3.95467210535653 -7.60240023622821 301.6 101.180337046618 390 0
1200-1980 4 11.0451704030312 -1.10188426690706 391.2 107.664681465163 390 0
1200-1980 5 17.716305922814 4.66674361778658 461.6 121.194240433842 390 0
1200-1980 6 22.2719698005178 9.61306151822735 512.7 128.066934359175 390 0
1200-1980 7 24.7188559338577 12.0400195250106 503.7 121.663167313179 390 0
1200-1980 8 23.8161658002827 10.9582090237169 439.3 126.83365570543 390 0
1200-1980 9 19.7254204334814 6.96008448821862 346.6 114.865436516204 390 0
1200-1980 10 13.1353470405328 1.16769614076765 255.1 128.825752125312 390 0
1200-1980 11 6.72175763783739 -3.32502077795626 163.1 111.722275329765 390 0
1200-1980 12 0.23477819195802 -9.4541245109258 125 110.413320456072 390 0
1981 1 -6.71783714598184 -19.6320692321487 143.5 19.3733860405886 390 0
1981 2 2.92858654201699 -8.41149616929276 209.8 242.747647508626 390 0
1981 3 3.93243638144732 -6.42637009693553 301.6 30.0104369719583 390 0
1981 4 12.6984832488078 -0.18778829055114 391.2 91.1682794214232 390 0
1981 5 19.4125364400194 4.54360101539833 461.6 87.4487422098915 390 0
1981 6 22.6295857341419 9.29296208180144 512.7 102.841635865434 390 0
1981 7 24.6228748491447 12.1803115994538 503.7 144.449321682925 390 0
1981 8 23.4212363493913 9.82044276548383 439.3 95.2900361508002 390 0
1981 9 17.9458069171864 7.10044633811351 346.6 141.184107623057 390 0
1981 10 11.1917193392013 -0.980126848854295 255.1 157.164114320668 390 0
1981 11 6.32804095067528 -3.38430926699069 163.1 57.0758266593639 390 0
1981 12 -0.698095105872468 -9.62048816953818 125 116.69864625089 390 0
1982 1 -6.62330958030715 -19.6040656306912 143.5 107.96418379406 390 0
1982 2 -1.33947174565833 -13.5215925652265 209.8 102.618719380429 390 0
1982 3 3.00585668820921 -9.32018241606752 301.6 93.1685964398328 390 0
1982 4 9.3728721298128 -3.34399082530072 391.2 118.582003255436 390 0
1982 5 19.5029161198842 4.90477645323689 461.6 65.3421012951105 390 0
1982 6 19.6641704428995 8.91338920044669 512.7 206.62880822554 390 0
1982 7 25.3400007930154 10.5631339077197 503.7 62.1538216054514 390 0
1982 8 22.104194354048 8.50324643216256 439.3 106.133841621754 390 0
1982 9 19.9140053749928 6.87961760448559 346.6 66.9384748557287 390 0
1982 10 13.828206825476 -0.023289936171055 255.1 59.2250956425776 390 0
1982 11 8.49101173991983 -1.88846247088989 163.1 97.9313828441387 390 0
1982 12 3.24849646901786 -7.64744863115301 125 65.3972723777472 390 0
1983 1 -1.83848218055897 -12.5321948531729 143.5 123.933754430299 390 0
1983 2 -0.0172285008995419 -12.0549751784469 209.8 73.2517015272462 390 0
1983 3 3.76519869284512 -5.12136398420777 301.6 144.662664002269 390 0
1983 4 9.12793984312636 -0.767062274415127 391.2 198.837558439792 390 0
1983 5 15.0070609661096 4.17669372822129 461.6 190.102663370049 390 0
1983 6 23.7702385024568 8.95023161058323 512.7 82.2878774976471 390 0
1983 7 25.8651090995546 11.1987480233732 503.7 60.487084281566 390 0
1983 8 24.1751591231046 10.9104939864638 439.3 168.639667553498 390 0
1983 9 21.6370147167069 6.7691743101738 346.6 52.8751742694151 390 0
1983 10 13.1422706069235 0.830353436612109 255.1 94.0303215710061 390 0
1983 11 6.16367817957612 -2.89781488305882 163.1 195.454925315232 390 0
1983 12 -2.20280081572266 -11.7348280104545 125 200.493973437031 390 0
1984 1 -3.70970392695057 -15.6337180467123 143.5 58.0630378189973 390 0
1984 2 2.61879444239248 -7.71906930654457 209.8 119.062718676709 390 0
1984 3 -0.0715108163878423 -10.854878313561 301.6 124.137021903855 390 0
1984 4 10.2337876927342 -0.48158200150043 391.2 123.456651547573 390 0
1984 5 15.6270207867417 3.38733450492144 461.6 302.044731852808 390 0
1984 6 23.5370406012411 9.24976584934755 512.7 54.8018363270851 390 0
1984 7 24.1453376940821 11.5986861922022 503.7 160.895237764381 390 0
1984 8 24.7028814890858 12.4511225891171 439.3 110.522537217156 390 0
1984 9 18.5986690795592 4.72165196607613 346.6 60.5665813937016 390 0
1984 10 15.0012989303232 2.21254933005676 255.1 81.1040199672154 390 0
1984 11 6.52065779177009 -4.09772870687446 163.1 90.4382517426217 390 0
1984 12 2.35347916105098 -7.15604717523687 125 111.57948293531 390 0
1985 1 -5.21205673989186 -15.1872300316349 143.5 48.2542882112964 390 0
1985 2 -0.569874220415088 -11.5626587504079 209.8 63.7132804260087 390 0
1985 3 5.35328483253996 -7.3260389255987 301.6 90.0735569761728 390 0
1985 4 11.2048470430812 -0.45243005385862 391.2 57.8679074255509 390 0
1985 5 18.451701445653 4.74549215898624 461.6 92.4532976094156 390 0
1985 6 19.4663861157878 8.07834319065251 512.7 110.335794813708 390 0
1985 7 25.0233591407292 10.5480870666613 503.7 75.7921878342453 390 0
1985 8 22.8898762014944 9.82331792399447 439.3 126.466237630103 390 0
1985 9 20.0023044531644 7.22607875585301 346.6 165.676864264227 390 0
1985 10 14.0758822467815 1.13507653583315 255.1 88.5868996163155 390 0
1985 11 6.12753239310219 -2.48998011666475 163.1 161.143794815513 390 0
1985 12 -2.51379176291434 -12.1890225505758 125 64.4098678257116 390 0
1986 1 -1.63631810563945 -13.4353056095759 143.5 130.137020886058 390 0
1986 2 -2.4818978553929 -14.4190327225244 209.8 76.3793692795818 390 0
1986 3 5.44712518512728 -6.99747295352126 301.6 133.767861461812 390 0
1986 4 13.9608082143055 0.785958022353474 391.2 53.3524796813969 390 0
1986 5 19.4203613271576 5.94304583791657 461.6 94.144522496041 390 0
1986 6 21.0153572689932 7.7145315343752 512.7 167.745871986885 390 0
1986 7 23.2975956378445 11.6725985745056 503.7 182.212029622302 390 0
1986 8 22.3128259904964 10.2087933713043 439.3 145.937166312325 390 0
1986 9 18.0150598558439 5.56001896716713 346.6 97.6958066926019 390 0
1986 10 13.0409574026527 0.717506473117441 255.1 82.523665937992 390 0
1986 11 4.78503492354049 -5.31725186016909 163.1 150.00479327184 390 0
1986 12 0.232845428535995 -8.28662526257501 125 146.496335918044 390 0
1987 1 -2.78986188435276 -14.6828279336486 143.5 119.285935386962 390 0
1987 2 -2.28160426837054 -16.165685754774 209.8 8.12899849568587 390 0
1987 3 5.48389878973201 -7.25414817817247 301.6 69.9262632061851 390 0
1987 4 12.5132006692951 0.583651903201518 391.2 174.289235224481 390 0
1987 5 17.9610077471704 4.15422110083903 461.6 44.628532387569 390 0
1987 6 22.1884995976997 9.95005852019802 512.7 166.135001942132 390 0
1987 7 25.4046915605998 12.3933800513435 503.7 104.625686296006 390 0
1987 8 22.7138521196588 8.85926083617942 439.3 112.038149044283 390 0
1987 9 18.2502794805132 7.31812295267589 346.6 202.683362388549 390 0
1987 10 12.5130542263934 -0.846977822174941 255.1 181.767600141826 390 0
1987 11 6.83635675990062 -4.26322527251488 163.1 92.2573997976282 390 0
1987 12 0.841212288965282 -7.24457545707238 125 69.5464440984284 390 0
1988 1 -2.62555660037194 -15.3046419031651 143.5 56.0826793138547 390 0
1988 2 -0.551938583797464 -13.2198192774625 209.8 110.615770522482 390 0
1988 3 4.06590832947789 -8.28989946524354 301.6 60.6851328204173 390 0
1988 4 10.317878602848 -0.364041375330749 391.2 116.816215850394 390 0
1988 5 18.5641496654864 5.77667946968253 461.6 91.5641483315139 390 0
1988 6 22.3783802491358 7.21347023128803 512.7 46.5073884693565 390 0
1988 7 26.0256004220339 13.198123670757 503.7 168.857481171257 390 0
1988 8 25.0129457446641 12.2630381046558 439.3 159.514396382057 390 0
1988 9 18.8582456183353 5.14078364728201 346.6 60.6455083911568 390 0
1988 10 10.298408919268 -0.329203229741887 255.1 92.1636423170691 390 0
1988 11 6.87076867420507 -3.26904443861979 163.1 182.01509143007 390 0
1988 12 -0.893769054145246 -11.8786837302714 125 52.9843948531642 390 0
1989 1 0.280554478011196 -10.9115635655357 143.5 54.4226427723911 390 0
1989 2 -1.99070865032833 -12.8597104549519 209.8 62.6513372970811 390 0
1989 3 3.40638566640592 -8.9965957696006 301.6 75.9265527299658 390 0
1989 4 8.78775454610884 -3.16368622543907 391.2 94.6640887379142 390 0
1989 5 18.5382770045584 5.60246036069733 461.6 183.025666111872 390 0
1989 6 21.989824310176 10.2708956652237 512.7 170.094214198477 390 0
1989 7 24.5748241935412 11.5686092080059 503.7 112.662455082716 390 0
1989 8 23.0099175435525 10.3329069200387 439.3 149.083555184637 390 0
1989 9 19.9456022498296 7.17076730859612 346.6 120.572773552536 390 0
1989 10 14.3210836478705 1.41198203567463 255.1 154.832029789868 390 0
1989 11 5.78863274865849 -4.1441777525549 163.1 132.986919832542 390 0
1989 12 -7.78004309415074 -20.4759303800258 125 36.5668416826229 390 0
1990 1 1.98878283981974 -7.34835428175612 143.5 148.632596377724 390 0
1990 2 1.15377492592918 -12.2198701454326 209.8 105.217452291058 390 0
1990 3 5.62121745434953 -7.34263439033359 301.6 86.6370569985462 390 0
1990 4 10.9400919956003 -0.29150762660576 391.2 121.66625216898 390 0
1990 5 15.1853465509639 3.28474452041447 461.6 201.253906631363 390 0
1990 6 22.4125002734153 9.63121199946767 512.7 111.543949217368 390 0
1990 7 24.9176398813295 11.8444671242463 503.7 70.442428655253 390 0
1990 8 24.1150680661318 11.8235575936471 439.3 221.901002459947 390 0
1990 9 19.1017075376176 6.39983723939733 346.6 74.4346622073696 390 0
1990 10 14.8416573637322 3.30693513121841 255.1 180.090520993577 390 0
1990 11 7.63991021597448 -2.91836509199791 163.1 92.7388773330576 390 0
1990 12 2.70256998760012 -7.54797450306638 125 148.545601633072 390 0
1991 1 -2.59284256953996 -13.4399997519502 143.5 87.527098671809 390 0
1991 2 1.52410968909407 -9.97167650015611 209.8 48.4187841765306 390 0
1991 3 4.59285010671245 -5.34655599232511 301.6 112.711710372292 390 0
1991 4 13.3259098019608 0.383593300762156 391.2 99.5409709159528 390 0
1991 5 20.3983845288078 5.80028522236496 461.6 95.6393066653155 390 0
1991 6 23.572503462526 9.06672856765663 512.7 108.24918575459 390 0
1991 7 24.5634191022801 10.9850676373791 503.7 78.9280351235243 390 0
1991 8 24.3144852561386 11.7374237063187 439.3 161.114920678853 390 0
1991 9 18.7383164140834 5.2100256594383 346.6 134.965946919677 390 0
1991 10 14.7577501061097 1.65859226366368 255.1 125.676950444062 390 0
1991 11 6.43632097740104 -2.92876247267266 163.1 91.5174848739257 390 0
1991 12 0.773125934629039 -10.482910122508 125 101.048618666818 390 0
1992 1 -1.8728666592819 -12.8890170333806 143.5 75.8807905122238 390 0
1992 2 -1.09523475374296 -12.3975003017708 209.8 59.38937212977 390 0
1992 3 1.61465226112531 -9.93760874754975 301.6 101.725081138394 390 0
1992 4 8.77048779208998 -2.45940388022583 391.2 78.8866646066728 390 0
1992 5 18.2178834679682 3.05114345524661 461.6 78.3398501219698 390 0
1992 6 21.4337541781576 7.78629368582176 512.7 108.615797883008 390 0
1992 7 22.0680985774242 9.86264509147622 503.7 126.834000281672 390 0
1992 8 22.0741834629409 9.99485664815647 439.3 103.447652204834 390 0
1992 9 19.4308606703525 6.3211219908998 346.6 105.165986716123 390 0
1992 10 10.6017365574443 -0.947390242778991 255.1 69.731826619679 390 0
1992 11 4.6463274258721 -4.1005290186226 163.1 136.666772246266 390 0
1992 12 0.352278063762036 -9.19214283382736 125 81.7269691576272 390 0
1993 1 -1.09269364064576 -10.6044698302584 143.5 90.4822191713044 390 0
1993 2 -4.7748167046778 -18.9923313890793 209.8 94.6383574289506 390 0
1993 3 2.45588211475611 -10.5578505666064 301.6 128.027282848503 390 0
1993 4 11.0207690588121 -1.12141489444825 391.2 133.097631633479 390 0
1993 5 18.2303301241237 4.38272349176631 461.6 56.2492497543421 390 0
1993 6 21.5682479495984 8.24283047181921 512.7 123.641503450797 390 0
1993 7 25.0888494201627 11.6903288783426 503.7 71.8045263178579 390 0
1993 8 24.1871747883161 11.3244318854597 439.3 93.7561881243004 390 0
1993 9 17.7036531620741 7.13742447243324 346.6 136.016387750502 390 0
1993 10 11.6400641584057 -0.517532486546171 255.1 85.8907439291913 390 0
1993 11 6.35984205675183 -4.57526544077733 163.1 124.818545257666 390 0
1993 12 -0.893632932477054 -10.3226837637392 125 122.589799212553 390 0
1994 1 -7.12871944916531 -20.5195270001564 143.5 131.418094755445 390 0
1994 2 -3.81998442675651 -17.1586928527145 209.8 48.9258713267824 390 0
1994 3 2.2196974395754 -7.97106894315313 301.6 137.090594959672 390 0
1994 4 10.9411765137301 -1.37409830233045 391.2 102.393014588866 390 0
1994 5 16.3238460254017 2.95941505916349 461.6 127.748163242614 390 0
1994 6 23.3681563071234 10.5406211406876 512.7 114.313389553198 390 0
1994 7 25.1866350772798 13.6170948292688 503.7 123.356328355668 390 0
1994 8 22.4663981114008 9.80349029963182 439.3 144.809627397969 390 0
1994 9 17.8422120992105 6.5689692488933 346.6 139.785248655987 390 0
1994 10 13.7429373322556 0.35156611981445 255.1 22.5816119810828 390 0
1994 11 9.18084441652006 -2.36896134613294 163.1 99.6706806325928 390 0
1994 12 2.3261242165729 -8.16324617721698 125 100.794176604149 390 0
1995 1 0.266208629915997 -8.08198142778346 143.5 99.7948822781016 390 0
1995 2 -2.63769163439475 -14.6174349147175 209.8 76.7749455806393 390 0
1995 3 5.6272489870334 -5.59950131474941 301.6 59.5989534105054 390 0
1995 4 8.48016902535764 -3.31865248593 391.2 63.110669297663 390 0
1995 5 16.4549700096128 3.78672813701211 461.6 68.1036205501644 390 0
1995 6 24.3326166694646 8.79708601929655 512.7 41.5524482294389 390 0
1995 7 26.3540322618749 13.1669069070902 503.7 115.950177283968 390 0
1995 8 24.6541071046165 10.3369183162487 439.3 122.241123499441 390 0
1995 9 18.6137889171622 4.54649866402474 346.6 83.9155491754412 390 0
1995 10 15.6369851088825 2.73505373628263 255.1 263.482549880095 390 0
1995 11 4.00388979635844 -4.73295780366664 163.1 142.465923592975 390 0
1995 12 -3.3712918057273 -11.962990791855 125 70.8069458866479 390 0
1996 1 -2.86239043935259 -14.5766086318218 143.5 157.343502927041 390 0
1996 2 -1.99809767858877 -12.1246010758058 209.8 72.2908926139487 390 0
1996 3 2.48943760148915 -9.93378451786203 301.6 64.5241936295635 390 0
1996 4 9.76214308910886 -1.61236980177479 391.2 217.746483389082 390 0
1996 5 15.9636661677001 2.98461293772873 461.6 158.253114045778 390 0
1996 6 22.4248071907453 10.8308767543088 512.7 109.083123879426 390 0
1996 7 23.3218773864978 11.6647088093243 503.7 204.663828034304 390 0
1996 8 24.0954311741696 11.1855697315549 439.3 58.7039265203296 390 0
1996 9 19.4584928928549 8.07824142970123 346.6 126.970376941847 390 0
1996 10 12.7943513648672 0.619867809026007 255.1 154.580948953503 390 0
1996 11 3.62897321053633 -5.71147209245593 163.1 93.0664688475296 390 0
1996 12 1.82900974820454 -5.03310231205407 125 174.38637281761 390 0
1997 1 -3.07034907597799 -13.3184033184585 143.5 107.124315762929 390 0
1997 2 1.16607266962877 -10.3699879999586 209.8 77.31276587256 390 0
1997 3 1.93180196992388 -9.37257531213869 301.6 123.172875036973 390 0
1997 4 8.95149095494653 -3.46154848553892 391.2 116.897692306539 390 0
1997 5 13.9733380830713 2.47792107467015 461.6 121.020032442219 390 0
1997 6 23.123995249792 9.0364122783304 512.7 50.993975354763 390 0
1997 7 23.8384850711999 10.2811443447251 503.7 97.1780125556432 390 0
1997 8 22.7523372807325 10.0181192348748 439.3 135.685374625647 390 0
1997 9 18.7024773844933 6.21722047004786 346.6 89.747075625803 390 0
1997 10 12.5135872284612 -0.45107854337032 255.1 72.2103425916512 390 0
1997 11 4.26388645785749 -5.13724444276219 163.1 175.683725466308 390 0
1997 12 0.197496999350254 -9.12558123990072 125 85.55738918461 390 0
1998 1 -0.424033035110917 -9.38380837289059 143.5 165.409073572317 390 0
1998 2 2.31659073846072 -9.05238059261413 209.8 73.9460051349162 390 0
1998 3 4.84360582507021 -6.23268709247195 301.6 103.082611716247 390 0
1998 4 12.8430587286548 -1.13016617914904 391.2 73.0632521101398 390 0
1998 5 20.6489630506967 6.63844776822525 461.6 89.3036581397273 390 0
1998 6 21.1029851041118 11.0294053477211 512.7 278.370314140084 390 0
1998 7 24.3618649293732 11.7698564881317 503.7 108.507347479688 390 0
1998 8 24.269594705974 11.1929027567934 439.3 124.938283138746 390 0
1998 9 20.4606484754661 7.1374386776476 346.6 80.4042088654291 390 0
1998 10 13.0253169875065 2.19029337976241 255.1 98.2857266741108 390 0
1998 11 6.04086694141191 -2.41381974590201 163.1 84.9790321342731 390 0
1998 12 4.76783133615062 -7.03469770580154 125 60.9442510796783 390 0
1999 1 -1.61782803058274 -13.5177779434991 143.5 194.963067614989 390 0
1999 2 1.11089409289251 -11.3028243582388 209.8 52.2774239113829 390 0
1999 3 3.35374949344425 -7.08975571524042 301.6 155.4007439689 390 0
1999 4 11.4623408917523 -1.87519338440917 391.2 21.4839881403117 390 0
1999 5 19.2406513823298 5.28602282836535 461.6 124.015475150523 390 0
1999 6 24.9836619684082 10.4247734616331 512.7 55.0856478927489 390 0
1999 7 26.3109629830599 12.8380054019738 503.7 96.2850928486522 390 0
1999 8 23.3908075855651 10.1584322961976 439.3 84.0375915583878 390 0
1999 9 21.4924923676598 8.63175214248862 346.6 231.673086639869 390 0
1999 10 12.5478825258413 -0.579885972508104 255.1 114.142934074365 390 0
1999 11 9.86712064497756 -0.933108306659566 163.1 102.626988434513 390 0
1999 12 1.19232311816098 -7.88348069931939 125 51.7245422974732 390 0
2000 1 -3.17021824985078 -14.2915331926404 143.5 114.27927279631 390 0
2000 2 0.345075173422465 -11.6942671966899 209.8 100.040978185196 390 0
2000 3 7.2246861551568 -5.41202683880011 301.6 106.213992760062 390 0
2000 4 9.13173185119932 -0.937293064359246 391.2 149.039132176313 390 0
2000 5 17.1888240929963 5.36741624421358 461.6 151.072457269384 390 0
2000 6 21.4626389986684 9.20887697065289 512.7 138.567904580672 390 0
2000 7 22.5909790190649 10.1648751407131 503.7 159.116761270816 390 0
2000 8 22.5008583303816 10.3243443010507 439.3 135.374770632607 390 0
2000 9 19.191568167977 5.9783730490062 346.6 72.9714034513921 390 0
2000 10 13.4424016870952 0.564701245911543 255.1 87.3238284964941 390 0
2000 11 5.61404468503617 -2.76636300451243 163.1 80.7209285201625 390 0
2000 12 -2.65932690734282 -13.7459809336588 125 141.961524261358 390 0
2001 1 -1.80065891751702 -12.7253634847451 143.5 37.8252670459952 390 0
2001 2 -0.392684069720364 -12.1628049698633 209.8 93.1406851894032 390 0
2001 3 1.02507453166528 -8.87820289251576 301.6 198.087060174582 390 0
2001 4 10.5944635427035 -2.41406311053956 391.2 29.0587292596386 390 0
2001 5 18.883558461978 4.7993180183045 461.6 94.5022076812254 390 0
2001 6 23.0487443617448 9.78229966936213 512.7 129.340108441727 390 0
2001 7 23.2207341362336 9.82152575998008 503.7 109.107520223757 390 0
2001 8 26.2464619466977 11.4490905194333 439.3 51.2060562298156 390 0
2001 9 20.3917813882406 6.34739237702867 346.6 147.945331593278 390 0
2001 10 15.2104983509716 1.34834167949821 255.1 42.404066130901 390 0
2001 11 9.03932665779561 -2.16385621293359 163.1 60.9670307955876 390 0
2001 12 3.88238316921085 -5.90185047652333 125 62.7297153168484 390 0
2002 1 1.35061644618308 -8.02884241219569 143.5 63.3728263746793 390 0
2002 2 2.32938363578686 -10.2368048930322 209.8 82.7306416365407 390 0
2002 3 3.83723936521471 -6.54649249338115 301.6 118.189328210927 390 0
2002 4 11.8782873653355 0.00305440934777608 391.2 115.929150012333 390 0
2002 5 15.1902935013011 2.71238882178519 461.6 134.288231111484 390 0
2002 6 22.0478901650539 9.05785915608748 512.7 178.613381466611 390 0
2002 7 25.1055192420207 12.0320038042862 503.7 58.4530712968335 390 0
2002 8 25.7763327118029 11.589574949998 439.3 74.1370832037113 390 0
2002 9 22.1985576710491 8.37374332050875 346.6 123.255737937039 390 0
2002 10 11.3329236278771 0.666874497042767 255.1 118.012527089161 390 0
2002 11 4.9444560769698 -4.0685779126774 163.1 148.142405951086 390 0
2002 12 -0.476247341155678 -10.6933304560056 125 105.738978415613 390 0
2003 1 -6.29734082772463 -17.3437408690488 143.5 66.9692751838443 390 0
2003 2 -3.19712704388888 -15.1171756717271 209.8 73.7411298837032 390 0
2003 3 4.80321623208768 -9.19549794175117 301.6 70.2571346038361 390 0
2003 4 9.15597698436232 -2.79695805609864 391.2 86.7551345899746 390 0
2003 5 15.9516648843286 4.65979314844414 461.6 128.2072370342 390 0
2003 6 21.9916735679018 9.7474969267529 512.7 81.181402356277 390 0
2003 7 24.7335225265659 12.2487227335176 503.7 113.300996622774 390 0
2003 8 24.9533822234604 13.1948576679082 439.3 169.032549343825 390 0
2003 9 20.3254758008922 7.6768236166269 346.6 164.885587665192 390 0
2003 10 12.1752774803953 0.385251124279397 255.1 167.516740199614 390 0
2003 11 8.01668244353734 -2.48098667479331 163.1 123.997207452917 390 0
2003 12 0.306314021843647 -10.3494371608483 125 181.212007381735 390 0
2004 1 -7.55022891570334 -17.5997538761842 143.5 40.5012451757809 390 0
2004 2 -1.10036409605041 -14.7111395060015 209.8 42.2030958395806 390 0
2004 3 5.26940227460686 -5.77881611254687 301.6 58.2901411439036 390 0
2004 4 11.1397052963872 -0.872537399060401 391.2 123.988532798142 390 0
2004 5 19.3497013662089 5.99991703513258 461.6 158.701937493847 390 0
2004 6 21.3938307797203 8.12920016239212 512.7 82.0634663081159 390 0
2004 7 23.3021984661914 12.3019488851497 503.7 155.9574707038 390 0
2004 8 23.3890548854003 11.5684754353138 439.3 166.869632819106 390 0
2004 9 20.71823732455 7.71823479120697 346.6 128.659651249784 390 0
2004 10 13.1965585253725 1.27089342306629 255.1 48.6523675967392 390 0
2004 11 7.26977472928552 -3.83683347365327 163.1 98.4993576972638 390 0
2004 12 -0.0823602969889764 -10.35736708531 125 134.802872735034 390 0
2005 1 -3.67849851642512 -15.0556042357446 143.5 99.8663722256552 390 0
2005 2 0.772742542610288 -12.4232049369306 209.8 68.6217392160452 390 0
2005 3 1.9656004845777 -10.049716420074 301.6 102.625227928472 390 0
2005 4 13.3149462716819 -1.0080255627171 391.2 152.902548084718 390 0
2005 5 14.4031085825683 3.03357281243852 461.6 90.3246408435633 390 0
2005 6 24.7154827829481 12.3621468401561 512.7 125.644790043333 390 0
2005 7 25.8392804340267 13.7472982532976 503.7 101.994293792701 390 0
2005 8 25.1353378490485 12.6751122993864 439.3 99.9556580787983 390 0
2005 9 22.1449354653982 8.74234918562676 346.6 101.539610635662 390 0
2005 10 12.5701981420088 3.81815968599977 255.1 332.889139622987 390 0
2005 11 8.45140528000503 -3.06316291248156 163.1 159.614193638397 390 0
2005 12 -0.91287850123843 -9.99840258620116 125 101.592384135405 390 0
2006 1 2.23259999927428 -8.2196221183163 143.5 146.432617402278 390 0
2006 2 -0.684036090391187 -10.8932759738624 209.8 66.7210555032445 390 0
2006 3 3.75196155903227 -7.4024264916752 301.6 41.372989358401 390 0
2006 4 12.5819947606416 -0.607669862849657 391.2 89.9983253075187 390 0
2006 5 16.6055965935123 6.14222282309923 461.6 203.20174946092 390 0
2006 6 21.4495164899306 11.6485875125462 512.7 229.578108303444 390 0
2006 7 25.6463787761042 13.9700130478666 503.7 138.068452784584 390 0
2006 8 22.9680319336282 10.9813072390213 439.3 104.131409166402 390 0
2006 9 18.4868807877421 7.09524746421749 346.6 87.4096934501503 390 0
2006 10 12.1354689980822 0.92541476734508 255.1 194.799803004958 390 0
2006 11 9.54089510118549 -0.282559279693315 163.1 102.365346506216 390 0
2006 12 4.27409880925155 -4.81962339718109 125 106.458684516471 390 0
2007 1 -0.80385909786643 -10.9610885511663 143.5 110.736472089484 390 0
2007 2 -4.97323844904154 -15.3369851739947 209.8 68.4607646577461 390 0
2007 3 2.97020966489757 -10.1495990075671 301.6 114.001342723471 390 0
2007 4 8.31393470057369 -1.95575864842665 391.2 183.229335326868 390 0
2007 5 18.8147552358528 4.43873589309872 461.6 89.0418042121285 390 0
2007 6 22.5197740070628 10.0648189587178 512.7 88.6248673028597 390 0
2007 7 23.3041259504608 11.6646796191955 503.7 140.128935334959 390 0
2007 8 24.3550311305292 10.5027560601654 439.3 57.8502085678053 390 0
2007 9 21.4814207669795 7.44143415500817 346.6 88.3934296600028 390 0
2007 10 16.2246625300067 4.433147088709 255.1 146.556643857757 390 0
2007 11 5.26909532496409 -4.4682188689068 163.1 115.502630214506 390 0
2007 12 -1.18236495812912 -9.87250457426373 125 149.36147140122 390 0
2008 1 -0.341725540502782 -10.7912442123933 143.5 75.4774510005216 390 0
2008 2 -0.903853901241021 -11.2299313243917 209.8 210.775474176917 390 0
2008 3 2.47497094026176 -9.15950370596495 301.6 143.02138842687 390 0
2008 4 13.8882453384043 -0.124574165831824 391.2 108.942191330708 390 0
2008 5 16.2171626212038 2.54716522217166 461.6 34.3730467600674 390 0
2008 6 22.6834157794668 11.350629089388 512.7 166.392614487012 390 0
2008 7 24.6489784236418 12.8416284263331 503.7 175.032675973634 390 0
2008 8 22.5614248658229 10.4233852045848 439.3 143.905035812621 390 0
2008 9 20.3821929658776 8.00321746505403 346.6 119.526970572993 390 0
2008 10 12.4555218082415 0.243864758449725 255.1 130.852258657134 390 0
2008 11 5.74733923241301 -3.16168558711 163.1 91.0648579527582 390 0
2008 12 0.68652858206642 -9.79281877432987 125 200.341479716852 390 0
2009 1 -5.48752911104663 -16.6946937721808 143.5 91.868256358835 390 0
2009 2 -0.194740084967087 -12.026655892752 209.8 62.2005180750545 390 0
2009 3 4.58532340794165 -7.63897523636605 301.6 80.4444101443758 390 0
2009 4 12.290630045834 -0.408378040680348 391.2 72.4203891741281 390 0
2009 5 17.5660552586791 4.97131472328721 461.6 132.92453710808 390 0
2009 6 20.3017891978636 9.79750801683676 512.7 150.557077939101 390 0
2009 7 22.5338406077337 11.5181594578231 503.7 223.890502885667 390 0
2009 8 24.082170458538 12.2183172620473 439.3 150.243036586362 390 0
2009 9 19.3340377932312 5.82632428770439 346.6 57.4473654823468 390 0
2009 10 10.5489842039017 0.769000746504073 255.1 166.519252349852 390 0
2009 11 9.70803687214813 -1.19281199649263 163.1 105.393567440048 390 0
2009 12 -0.893425426042481 -10.2001430116666 125 124.298992651148 390 0
2010 1 -2.19521633827081 -11.0253147391874 143.5 75.000263560551 390 0
2010 2 -1.24152879715835 -8.9654334797366 209.8 127.732982533434 390 0
2010 3 7.34015709328999 -3.75384297607931 301.6 139.292129972072 390 0
2010 4 14.2783608492941 0.798269271203778 391.2 67.8692207437602 390 0
2010 5 20.2155882360259 5.70396780463218 461.6 75.1696083552452 390 0
2010 6 22.4251397656593 10.3844699130862 512.7 152.968822565337 390 0
2010 7 26.2554280519718 13.6750625469171 503.7 130.389667124697 390 0
2010 8 24.1687918950534 11.7974916880762 439.3 87.7020124604762 390 0
2010 9 20.9027244583092 8.7085500776471 346.6 59.5851539751422 390 0
2010 10 12.9302182061671 1.52355718175295 255.1 289.51537083885 390 0
2010 11 6.57137464948366 -3.03475488502319 163.1 99.0046603265079 390 0
2010 12 -1.8640500493313 -10.541963890007 125 135.63265228449 390 0
2011 1 -3.44123589381944 -14.0661227648069 143.5 72.9638441964983 390 0
2011 2 -1.4439677362881 -14.1706556271422 209.8 95.9385254500349 390 0
2011 3 3.12357912143655 -7.87574846892308 301.6 146.169236164928 390 0
2011 4 10.8063910023452 -0.238913763931139 391.2 154.781032780495 390 0
2011 5 18.5974821940756 7.20848085691573 461.6 149.687993579865 390 0
2011 6 21.8837806921452 10.3932440008781 512.7 191.316726113457 390 0
2011 7 26.1872052103094 13.0055517307749 503.7 94.0394247552148 390 0
2011 8 24.2100575577413 12.0698955730009 439.3 326.667610526124 390 0
2011 9 21.0773785744088 10.0234195159327 346.6 209.585824371089 390 0
2011 10 13.354712577725 3.3022581710472 255.1 141.7383887994 390 0
2011 11 10.4204674089367 -1.75815435078805 163.1 76.623426387633 390 0
2011 12 3.12652458155037 -6.78327481953353 125 109.992808279455 390 0
2012 1 -0.223303321112996 -9.87652804136975 143.5 104.759979696683 390 0
2012 2 2.33080811575369 -8.31276805944116 209.8 31.7380845202812 390 0
2012 3 10.1358409866737 -2.69496955267687 301.6 61.8717806867887 390 0
2012 4 11.8421899175185 -0.73411472277546 391.2 93.7022420252958 390 0
2012 5 19.7050740532353 7.65844458729052 461.6 149.487303213434 390 0
2012 6 22.204094188531 9.84239115911832 512.7 87.7261984801482 390 0
2012 7 26.1663032638861 12.8017686415471 503.7 87.3790458146515 390 0
2012 8 25.6599974702598 11.635970873063 439.3 102.247457709376 390 0
2012 9 20.2346016488819 6.75055389205495 346.6 148.879223426253 390 0
2012 10 14.1016314241365 4.149353244659 255.1 151.314836434269 390 0
2012 11 5.76112221628684 -4.44380170962503 163.1 17.3148721763773 390 0
2012 12 1.75248153153966 -6.20138781690081 125 145.888576543956 390 0
2013 1 -1.2954916663062 -12.0627592800217 143.5 43.5795954102153 390 0
2013 2 -1.33268338520578 -10.5599365859792 209.8 88.2344530869826 390 0
2013 3 2.85819065704651 -6.37241696187037 301.6 64.7857696476314 390 0
2013 4 10.558555531616 -1.41348523072352 391.2 67.3974859988416 390 0
2013 5 18.8268194774381 4.87345227128625 461.6 137.746397785064 390 0
2013 6 21.884521464517 10.4416141148682 512.7 214.805600783007 390 0
2013 7 25.8764936280647 14.8855024719686 503.7 161.94062047375 390 0
2013 8 23.2640616994834 10.4419933113256 439.3 91.9268398371001 390 0
2013 9 19.357443824242 6.86193306819606 346.6 108.557238635375 390 0
2013 10 14.2722438972052 2.63886386215157 255.1 55.0830516113165 390 0
2013 11 5.48428506557708 -5.431438273879 163.1 104.081716294741 390 0
2013 12 -0.67336506160984 -9.74556436193011 125 81.3295014916001 390 0
2014 1 -2.6255566 -15.3046419 143.5 56.08267931 390 0
2014 2 -0.551938584 -13.21981928 209.8 110.6157705 390 0
2014 3 4.065908329 -8.289899465 301.6 60.68513282 390 0
2014 4 10.3178786 -0.364041375 391.2 116.8162159 390 0
2014 5 18.56414967 5.77667947 461.6 91.56414833 390 0
2014 6 22.37838025 7.213470231 512.7 46.50738847 390 0
2014 7 26.02560042 13.19812367 503.7 168.8574812 390 0
2014 8 25.01294574 12.2630381 439.3 159.5143964 390 0
2014 9 18.85824562 5.140783647 346.6 60.64550839 390 0
2014 10 10.29840892 -0.32920323 255.1 92.16364232 390 0
2014 11 6.870768674 -3.269044439 163.1 182.0150914 390 0
2014 12 -0.893769054 -11.87868373 125 52.98439485 390 0
2015 1 1.350616446 -8.028842412 143.5 63.37282637 390 0
2015 2 2.329383636 -10.23680489 209.8 82.73064164 390 0
2015 3 3.837239365 -6.546492493 301.6 118.1893282 390 0
2015 4 11.87828737 0.003054409 391.2 115.92915 390 0
2015 5 15.1902935 2.712388822 461.6 134.2882311 390 0
2015 6 22.04789017 9.057859156 512.7 178.6133815 390 0
2015 7 25.10551924 12.0320038 503.7 58.4530713 390 0
2015 8 25.77633271 11.58957495 439.3 74.1370832 390 0
2015 9 22.19855767 8.373743321 346.6 123.2557379 390 0
2015 10 11.33292363 0.666874497 255.1 118.0125271 390 0
2015 11 4.944456077 -4.068577913 163.1 148.142406 390 0
2015 12 -0.476247341 -10.69333046 125 105.7389784 390 0
2016 1 -6.297340828 -17.34374087 143.5 66.96927518 390 0
2016 2 -3.197127044 -15.11717567 209.8 73.74112988 390 0
2016 3 4.803216232 -9.195497942 301.6 70.2571346 390 0
2016 4 9.155976984 -2.796958056 391.2 86.75513459 390 0
2016 5 15.95166488 4.659793148 461.6 128.207237 390 0
2016 6 21.99167357 9.747496927 512.7 81.18140236 390 0
2016 7 24.73352253 12.24872273 503.7 113.3009966 390 0
2016 8 24.95338222 13.19485767 439.3 169.0325493 390 0
2016 9 20.3254758 7.676823617 346.6 164.8855877 390 0
2016 10 12.17527748 0.385251124 255.1 167.5167402 390 0
2016 11 8.016682444 -2.480986675 163.1 123.9972075 390 0
2016 12 0.306314022 -10.34943716 125 181.2120074 390 0
2017 1 0.280554478 -10.91156357 143.5 54.42264277 390 0
2017 2 -1.99070865 -12.85971045 209.8 62.6513373 390 0
2017 3 3.406385666 -8.99659577 301.6 75.92655273 390 0
2017 4 8.787754546 -3.163686225 391.2 94.66408874 390 0
2017 5 18.538277 5.602460361 461.6 183.0256661 390 0
2017 6 21.98982431 10.27089567 512.7 170.0942142 390 0
2017 7 24.57482419 11.56860921 503.7 112.6624551 390 0
2017 8 23.00991754 10.33290692 439.3 149.0835552 390 0
2017 9 19.94560225 7.170767309 346.6 120.5727736 390 0
2017 10 14.32108365 1.411982036 255.1 154.8320298 390 0
2017 11 5.788632749 -4.144177753 163.1 132.9869198 390 0
2017 12 -7.780043094 -20.47593038 125 36.56684168 390 0
2018 1 1.350616446 -8.028842412 143.5 63.37282637 390 0
2018 2 2.329383636 -10.23680489 209.8 82.73064164 390 0
2018 3 3.837239365 -6.546492493 301.6 118.1893282 390 0
2018 4 11.87828737 0.003054409 391.2 115.92915 390 0
2018 5 15.1902935 2.712388822 461.6 134.2882311 390 0
2018 6 22.04789017 9.057859156 512.7 178.6133815 390 0
2018 7 25.10551924 12.0320038 503.7 58.4530713 390 0
2018 8 25.77633271 11.58957495 439.3 74.1370832 390 0
2018 9 22.19855767 8.373743321 346.6 123.2557379 390 0
2018 10 11.33292363 0.666874497 255.1 118.0125271 390 0
2018 11 4.944456077 -4.068577913 163.1 148.142406 390 0
2018 12 -0.476247341 -10.69333046 125 105.7389784 390 0
2019 1 -1.838482181 -12.53219485 143.5 123.9337544 390 0
2019 2 -0.017228501 -12.05497518 209.8 73.25170153 390 0
2019 3 3.765198693 -5.121363984 301.6 144.662664 390 0
2019 4 9.127939843 -0.767062274 391.2 198.8375584 390 0
2019 5 15.00706097 4.176693728 461.6 190.1026634 390 0
2019 6 23.7702385 8.950231611 512.7 82.2878775 390 0
2019 7 25.8651091 11.19874802 503.7 60.48708428 390 0
2019 8 24.17515912 10.91049399 439.3 168.6396676 390 0
2019 9 21.63701472 6.76917431 346.6 52.87517427 390 0
2019 10 13.14227061 0.830353437 255.1 94.03032157 390 0
2019 11 6.16367818 -2.897814883 163.1 195.4549253 390 0
2019 12 -2.202800816 -11.73482801 125 200.4939734 390 0
2020 1 2.232599999 -8.219622118 143.5 146.4326174 390 0
2020 2 -0.68403609 -10.89327597 209.8 66.7210555 390 0
2020 3 3.751961559 -7.402426492 301.6 41.37298936 390 0
2020 4 12.58199476 -0.607669863 391.2 89.99832531 390 0
2020 5 16.60559659 6.142222823 461.6 203.2017495 390 0
2020 6 21.44951649 11.64858751 512.7 229.5781083 390 0
2020 7 25.64637878 13.97001305 503.7 138.0684528 390 0
2020 8 22.96803193 10.98130724 439.3 104.1314092 390 0
2020 9 18.48688079 7.095247464 346.6 87.40969345 390 0
2020 10 12.135469 0.925414767 255.1 194.799803 390 0
2020 11 9.540895101 -0.28255928 163.1 102.3653465 390 0
2020 12 4.274098809 -4.819623397 125 106.4586845 390 0
2021 1 -1.636318106 -13.43530561 143.5 130.1370209 390 0
2021 2 -2.481897855 -14.41903272 209.8 76.37936928 390 0
2021 3 5.447125185 -6.997472954 301.6 133.7678615 390 0
2021 4 13.96080821 0.785958022 391.2 53.35247968 390 0
2021 5 19.42036133 5.943045838 461.6 94.1445225 390 0
2021 6 21.01535727 7.714531534 512.7 167.745872 390 0
2021 7 23.29759564 11.67259857 503.7 182.2120296 390 0
2021 8 22.31282599 10.20879337 439.3 145.9371663 390 0
2021 9 18.01505986 5.560018967 346.6 97.69580669 390 0
2021 10 13.0409574 0.717506473 255.1 82.52366594 390 0
2021 11 4.785034924 -5.31725186 163.1 150.0047933 390 0
2021 12 0.232845429 -8.286625263 125 146.4963359 390 0
2022 1 -1.800658918 -12.72536348 143.5 37.82526705 390 0
2022 2 -0.39268407 -12.16280497 209.8 93.14068519 390 0
2022 3 1.025074532 -8.878202893 301.6 198.0870602 390 0
2022 4 10.59446354 -2.414063111 391.2 29.05872926 390 0
2022 5 18.88355846 4.799318018 461.6 94.50220768 390 0
2022 6 23.04874436 9.782299669 512.7 129.3401084 390 0
2022 7 23.22073414 9.82152576 503.7 109.1075202 390 0
2022 8 26.24646195 11.44909052 439.3 51.20605623 390 0
2022 9 20.39178139 6.347392377 346.6 147.9453316 390 0
2022 10 15.21049835 1.348341679 255.1 42.40406613 390 0
2022 11 9.039326658 -2.163856213 163.1 60.9670308 390 0
2022 12 3.882383169 -5.901850477 125 62.72971532 390 0
2023 1 -1.295491666 -12.06275928 143.5 43.57959541 390 0
2023 2 -1.332683385 -10.55993659 209.8 88.23445309 390 0
2023 3 2.858190657 -6.372416962 301.6 64.78576965 390 0
2023 4 10.55855553 -1.413485231 391.2 67.397486 390 0
2023 5 18.82681948 4.873452271 461.6 137.7463978 390 0
2023 6 21.88452146 10.44161411 512.7 214.8056008 390 0
2023 7 25.87649363 14.88550247 503.7 161.9406205 390 0
2023 8 23.2640617 10.44199331 439.3 91.92683984 390 0
2023 9 19.35744382 6.861933068 346.6 108.5572386 390 0
2023 10 14.2722439 2.638863862 255.1 55.08305161 390 0
2023 11 5.484285066 -5.431438274 163.1 104.0817163 390 0
2023 12 -0.673365062 -9.745564362 125 81.32950149 390 0
2024 1 -1.872866659 -12.88901703 143.5 75.88079051 390 0
2024 2 -1.095234754 -12.3975003 209.8 59.38937213 390 0
2024 3 1.614652261 -9.937608748 301.6 101.7250811 390 0
2024 4 8.770487792 -2.45940388 391.2 78.88666461 390 0
2024 5 18.21788347 3.051143455 461.6 78.33985012 390 0
2024 6 21.43375418 7.786293686 512.7 108.6157979 390 0
2024 7 22.06809858 9.862645091 503.7 126.8340003 390 0
2024 8 22.07418346 9.994856648 439.3 103.4476522 390 0
2024 9 19.43086067 6.321121991 346.6 105.1659867 390 0
2024 10 10.60173656 -0.947390243 255.1 69.73182662 390 0
2024 11 4.646327426 -4.100529019 163.1 136.6667722 390 0
2024 12 0.352278064 -9.192142834 125 81.72696916 390 0
2025 1 -6.717837146 -19.63206923 143.5 19.37338604 390 0
2025 2 2.928586542 -8.411496169 209.8 242.7476475 390 0
2025 3 3.932436381 -6.426370097 301.6 30.01043697 390 0
2025 4 12.69848325 -0.187788291 391.2 91.16827942 390 0
2025 5 19.41253644 4.543601015 461.6 87.44874221 390 0
2025 6 22.62958573 9.292962082 512.7 102.8416359 390 0
2025 7 24.62287485 12.1803116 503.7 144.4493217 390 0
2025 8 23.42123635 9.820442765 439.3 95.29003615 390 0
2025 9 17.94580692 7.100446338 346.6 141.1841076 390 0
2025 10 11.19171934 -0.980126849 255.1 157.1641143 390 0
2025 11 6.328040951 -3.384309267 163.1 57.07582666 390 0
2025 12 -0.698095106 -9.62048817 125 116.6986463 390 0
2026 1 -2.6255566 -15.3046419 143.5 56.08267931 390 0
2026 2 -0.551938584 -13.21981928 209.8 110.6157705 390 0
2026 3 4.065908329 -8.289899465 301.6 60.68513282 390 0
2026 4 10.3178786 -0.364041375 391.2 116.8162159 390 0
2026 5 18.56414967 5.77667947 461.6 91.56414833 390 0
2026 6 22.37838025 7.213470231 512.7 46.50738847 390 0
2026 7 26.02560042 13.19812367 503.7 168.8574812 390 0
2026 8 25.01294574 12.2630381 439.3 159.5143964 390 0
2026 9 18.85824562 5.140783647 346.6 60.64550839 390 0
2026 10 10.29840892 -0.32920323 255.1 92.16364232 390 0
2026 11 6.870768674 -3.269044439 163.1 182.0150914 390 0
2026 12 -0.893769054 -11.87868373 125 52.98439485 390 0
2027 1 -7.550228916 -17.59975388 143.5 40.50124518 390 0
2027 2 -1.100364096 -14.71113951 209.8 42.20309584 390 0
2027 3 5.269402275 -5.778816113 301.6 58.29014114 390 0
2027 4 11.1397053 -0.872537399 391.2 123.9885328 390 0
2027 5 19.34970137 5.999917035 461.6 158.7019375 390 0
2027 6 21.39383078 8.129200162 512.7 82.06346631 390 0
2027 7 23.30219847 12.30194889 503.7 155.9574707 390 0
2027 8 23.38905489 11.56847544 439.3 166.8696328 390 0
2027 9 20.71823732 7.718234791 346.6 128.6596512 390 0
2027 10 13.19655853 1.270893423 255.1 48.6523676 390 0
2027 11 7.269774729 -3.836833474 163.1 98.4993577 390 0
2027 12 -0.082360297 -10.35736709 125 134.8028727 390 0
2028 1 -2.59284257 -13.43999975 143.5 87.52709867 390 0
2028 2 1.524109689 -9.9716765 209.8 48.41878418 390 0
2028 3 4.592850107 -5.346555992 301.6 112.7117104 390 0
2028 4 13.3259098 0.383593301 391.2 99.54097092 390 0
2028 5 20.39838453 5.800285222 461.6 95.63930667 390 0
2028 6 23.57250346 9.066728568 512.7 108.2491858 390 0
2028 7 24.5634191 10.98506764 503.7 78.92803512 390 0
2028 8 24.31448526 11.73742371 439.3 161.1149207 390 0
2028 9 18.73831641 5.210025659 346.6 134.9659469 390 0
2028 10 14.75775011 1.658592264 255.1 125.6769504 390 0
2028 11 6.436320977 -2.928762473 163.1 91.51748487 390 0
2028 12 0.773125935 -10.48291012 125 101.0486187 390 0
2029 1 -6.297340828 -17.34374087 143.5 66.96927518 390 0
2029 2 -3.197127044 -15.11717567 209.8 73.74112988 390 0
2029 3 4.803216232 -9.195497942 301.6 70.2571346 390 0
2029 4 9.155976984 -2.796958056 391.2 86.75513459 390 0
2029 5 15.95166488 4.659793148 461.6 128.207237 390 0
2029 6 21.99167357 9.747496927 512.7 81.18140236 390 0
2029 7 24.73352253 12.24872273 503.7 113.3009966 390 0
2029 8 24.95338222 13.19485767 439.3 169.0325493 390 0
2029 9 20.3254758 7.676823617 346.6 164.8855877 390 0
2029 10 12.17527748 0.385251124 255.1 167.5167402 390 0
2029 11 8.016682444 -2.480986675 163.1 123.9972075 390 0
2029 12 0.306314022 -10.34943716 125 181.2120074 390 0
2030 1 -0.223303321 -9.876528041 143.5 104.7599797 390 0
2030 2 2.330808116 -8.312768059 209.8 31.73808452 390 0
2030 3 10.13584099 -2.694969553 301.6 61.87178069 390 0
2030 4 11.84218992 -0.734114723 391.2 93.70224203 390 0
2030 5 19.70507405 7.658444587 461.6 149.4873032 390 0
2030 6 22.20409419 9.842391159 512.7 87.72619848 390 0
2030 7 26.16630326 12.80176864 503.7 87.37904581 390 0
2030 8 25.65999747 11.63597087 439.3 102.2474577 390 0
2030 9 20.23460165 6.750553892 346.6 148.8792234 390 0
2030 10 14.10163142 4.149353245 255.1 151.3148364 390 0
2030 11 5.761122216 -4.44380171 163.1 17.31487218 390 0
2030 12 1.752481532 -6.201387817 125 145.8885765 390 0
2031 1 -2.789861884 -14.68282793 143.5 119.2859354 390 0
2031 2 -2.281604268 -16.16568575 209.8 8.128998496 390 0
2031 3 5.48389879 -7.254148178 301.6 69.92626321 390 0
2031 4 12.51320067 0.583651903 391.2 174.2892352 390 0
2031 5 17.96100775 4.154221101 461.6 44.62853239 390 0
2031 6 22.1884996 9.95005852 512.7 166.1350019 390 0
2031 7 25.40469156 12.39338005 503.7 104.6256863 390 0
2031 8 22.71385212 8.859260836 439.3 112.038149 390 0
2031 9 18.25027948 7.318122953 346.6 202.6833624 390 0
2031 10 12.51305423 -0.846977822 255.1 181.7676001 390 0
2031 11 6.83635676 -4.263225273 163.1 92.2573998 390 0
2031 12 0.841212289 -7.244575457 125 69.5464441 390 0
2032 1 -0.341725541 -10.79124421 143.5 75.477451 390 0
2032 2 -0.903853901 -11.22993132 209.8 210.7754742 390 0
2032 3 2.47497094 -9.159503706 301.6 143.0213884 390 0
2032 4 13.88824534 -0.124574166 391.2 108.9421913 390 0
2032 5 16.21716262 2.547165222 461.6 34.37304676 390 0
2032 6 22.68341578 11.35062909 512.7 166.3926145 390 0
2032 7 24.64897842 12.84162843 503.7 175.032676 390 0
2032 8 22.56142487 10.4233852 439.3 143.9050358 390 0
2032 9 20.38219297 8.003217465 346.6 119.5269706 390 0
2032 10 12.45552181 0.243864758 255.1 130.8522587 390 0
2032 11 5.747339232 -3.161685587 163.1 91.06485795 390 0
2032 12 0.686528582 -9.792818774 125 200.3414797 390 0
2033 1 -2.6255566 -15.3046419 143.5 56.08267931 390 0
2033 2 -0.551938584 -13.21981928 209.8 110.6157705 390 0
2033 3 4.065908329 -8.289899465 301.6 60.68513282 390 0
2033 4 10.3178786 -0.364041375 391.2 116.8162159 390 0
2033 5 18.56414967 5.77667947 461.6 91.56414833 390 0
2033 6 22.37838025 7.213470231 512.7 46.50738847 390 0
2033 7 26.02560042 13.19812367 503.7 168.8574812 390 0
2033 8 25.01294574 12.2630381 439.3 159.5143964 390 0
2033 9 18.85824562 5.140783647 346.6 60.64550839 390 0
2033 10 10.29840892 -0.32920323 255.1 92.16364232 390 0
2033 11 6.870768674 -3.269044439 163.1 182.0150914 390 0
2033 12 -0.893769054 -11.87868373 125 52.98439485 390 0
2034 1 2.232599999 -8.219622118 143.5 146.4326174 390 0
2034 2 -0.68403609 -10.89327597 209.8 66.7210555 390 0
2034 3 3.751961559 -7.402426492 301.6 41.37298936 390 0
2034 4 12.58199476 -0.607669863 391.2 89.99832531 390 0
2034 5 16.60559659 6.142222823 461.6 203.2017495 390 0
2034 6 21.44951649 11.64858751 512.7 229.5781083 390 0
2034 7 25.64637878 13.97001305 503.7 138.0684528 390 0
2034 8 22.96803193 10.98130724 439.3 104.1314092 390 0
2034 9 18.48688079 7.095247464 346.6 87.40969345 390 0
2034 10 12.135469 0.925414767 255.1 194.799803 390 0
2034 11 9.540895101 -0.28255928 163.1 102.3653465 390 0
2034 12 4.274098809 -4.819623397 125 106.4586845 390 0
2035 1 -0.223303321 -9.876528041 143.5 104.7599797 390 0
2035 2 2.330808116 -8.312768059 209.8 31.73808452 390 0
2035 3 10.13584099 -2.694969553 301.6 61.87178069 390 0
2035 4 11.84218992 -0.734114723 391.2 93.70224203 390 0
2035 5 19.70507405 7.658444587 461.6 149.4873032 390 0
2035 6 22.20409419 9.842391159 512.7 87.72619848 390 0
2035 7 26.16630326 12.80176864 503.7 87.37904581 390 0
2035 8 25.65999747 11.63597087 439.3 102.2474577 390 0
2035 9 20.23460165 6.750553892 346.6 148.8792234 390 0
2035 10 14.10163142 4.149353245 255.1 151.3148364 390 0
2035 11 5.761122216 -4.44380171 163.1 17.31487218 390 0
2035 12 1.752481532 -6.201387817 125 145.8885765 390 0
2036 1 -2.59284257 -13.43999975 143.5 87.52709867 390 0
2036 2 1.524109689 -9.9716765 209.8 48.41878418 390 0
2036 3 4.592850107 -5.346555992 301.6 112.7117104 390 0
2036 4 13.3259098 0.383593301 391.2 99.54097092 390 0
2036 5 20.39838453 5.800285222 461.6 95.63930667 390 0
2036 6 23.57250346 9.066728568 512.7 108.2491858 390 0
2036 7 24.5634191 10.98506764 503.7 78.92803512 390 0
2036 8 24.31448526 11.73742371 439.3 161.1149207 390 0
2036 9 18.73831641 5.210025659 346.6 134.9659469 390 0
2036 10 14.75775011 1.658592264 255.1 125.6769504 390 0
2036 11 6.436320977 -2.928762473 163.1 91.51748487 390 0
2036 12 0.773125935 -10.48291012 125 101.0486187 390 0
2037 1 -3.070349076 -13.31840332 143.5 107.1243158 390 0
2037 2 1.16607267 -10.369988 209.8 77.31276587 390 0
2037 3 1.93180197 -9.372575312 301.6 123.172875 390 0
2037 4 8.951490955 -3.461548486 391.2 116.8976923 390 0
2037 5 13.97333808 2.477921075 461.6 121.0200324 390 0
2037 6 23.12399525 9.036412278 512.7 50.99397535 390 0
2037 7 23.83848507 10.28114434 503.7 97.17801256 390 0
2037 8 22.75233728 10.01811923 439.3 135.6853746 390 0
2037 9 18.70247738 6.21722047 346.6 89.74707563 390 0
2037 10 12.51358723 -0.451078543 255.1 72.21034259 390 0
2037 11 4.263886458 -5.137244443 163.1 175.6837255 390 0
2037 12 0.197496999 -9.12558124 125 85.55738918 390 0
2038 1 0.280554478 -10.91156357 143.5 54.42264277 390 0
2038 2 -1.99070865 -12.85971045 209.8 62.6513373 390 0
2038 3 3.406385666 -8.99659577 301.6 75.92655273 390 0
2038 4 8.787754546 -3.163686225 391.2 94.66408874 390 0
2038 5 18.538277 5.602460361 461.6 183.0256661 390 0
2038 6 21.98982431 10.27089567 512.7 170.0942142 390 0
2038 7 24.57482419 11.56860921 503.7 112.6624551 390 0
2038 8 23.00991754 10.33290692 439.3 149.0835552 390 0
2038 9 19.94560225 7.170767309 346.6 120.5727736 390 0
2038 10 14.32108365 1.411982036 255.1 154.8320298 390 0
2038 11 5.788632749 -4.144177753 163.1 132.9869198 390 0
2038 12 -7.780043094 -20.47593038 125 36.56684168 390 0
2039 1 -1.838482181 -12.53219485 143.5 123.9337544 390 0
2039 2 -0.017228501 -12.05497518 209.8 73.25170153 390 0
2039 3 3.765198693 -5.121363984 301.6 144.662664 390 0
2039 4 9.127939843 -0.767062274 391.2 198.8375584 390 0
2039 5 15.00706097 4.176693728 461.6 190.1026634 390 0
2039 6 23.7702385 8.950231611 512.7 82.2878775 390 0
2039 7 25.8651091 11.19874802 503.7 60.48708428 390 0
2039 8 24.17515912 10.91049399 439.3 168.6396676 390 0
2039 9 21.63701472 6.76917431 346.6 52.87517427 390 0
2039 10 13.14227061 0.830353437 255.1 94.03032157 390 0
2039 11 6.16367818 -2.897814883 163.1 195.4549253 390 0
2039 12 -2.202800816 -11.73482801 125 200.4939734 390 0
2040 1 1.350616446 -8.028842412 143.5 63.37282637 390 0
2040 2 2.329383636 -10.23680489 209.8 82.73064164 390 0
2040 3 3.837239365 -6.546492493 301.6 118.1893282 390 0
2040 4 11.87828737 0.003054409 391.2 115.92915 390 0
2040 5 15.1902935 2.712388822 461.6 134.2882311 390 0
2040 6 22.04789017 9.057859156 512.7 178.6133815 390 0
2040 7 25.10551924 12.0320038 503.7 58.4530713 390 0
2040 8 25.77633271 11.58957495 439.3 74.1370832 390 0
2040 9 22.19855767 8.373743321 346.6 123.2557379 390 0
2040 10 11.33292363 0.666874497 255.1 118.0125271 390 0
2040 11 4.944456077 -4.068577913 163.1 148.142406 390 0
2040 12 -0.476247341 -10.69333046 125 105.7389784 390 0
2041 1 -0.424033035 -9.383808373 143.5 165.4090736 390 0
2041 2 2.316590738 -9.052380593 209.8 73.94600513 390 0
2041 3 4.843605825 -6.232687092 301.6 103.0826117 390 0
2041 4 12.84305873 -1.130166179 391.2 73.06325211 390 0
2041 5 20.64896305 6.638447768 461.6 89.30365814 390 0
2041 6 21.1029851 11.02940535 512.7 278.3703141 390 0
2041 7 24.36186493 11.76985649 503.7 108.5073475 390 0
2041 8 24.26959471 11.19290276 439.3 124.9382831 390 0
2041 9 20.46064848 7.137438678 346.6 80.40420887 390 0
2041 10 13.02531699 2.19029338 255.1 98.28572667 390 0
2041 11 6.040866941 -2.413819746 163.1 84.97903213 390 0
2041 12 4.767831336 -7.034697706 125 60.94425108 390 0
2042 1 -2.59284257 -13.43999975 143.5 87.52709867 390 0
2042 2 1.524109689 -9.9716765 209.8 48.41878418 390 0
2042 3 4.592850107 -5.346555992 301.6 112.7117104 390 0
2042 4 13.3259098 0.383593301 391.2 99.54097092 390 0
2042 5 20.39838453 5.800285222 461.6 95.63930667 390 0
2042 6 23.57250346 9.066728568 512.7 108.2491858 390 0
2042 7 24.5634191 10.98506764 503.7 78.92803512 390 0
2042 8 24.31448526 11.73742371 439.3 161.1149207 390 0
2042 9 18.73831641 5.210025659 346.6 134.9659469 390 0
2042 10 14.75775011 1.658592264 255.1 125.6769504 390 0
2042 11 6.436320977 -2.928762473 163.1 91.51748487 390 0
2042 12 0.773125935 -10.48291012 125 101.0486187 390 0
2043 1 -1.092693641 -10.60446983 143.5 90.48221917 390 0
2043 2 -4.774816705 -18.99233139 209.8 94.63835743 390 0
2043 3 2.455882115 -10.55785057 301.6 128.0272828 390 0
2043 4 11.02076906 -1.121414894 391.2 133.0976316 390 0
2043 5 18.23033012 4.382723492 461.6 56.24924975 390 0
2043 6 21.56824795 8.242830472 512.7 123.6415035 390 0
2043 7 25.08884942 11.69032888 503.7 71.80452632 390 0
2043 8 24.18717479 11.32443189 439.3 93.75618812 390 0
2043 9 17.70365316 7.137424472 346.6 136.0163878 390 0
2043 10 11.64006416 -0.517532487 255.1 85.89074393 390 0
2043 11 6.359842057 -4.575265441 163.1 124.8185453 390 0
2043 12 -0.893632932 -10.32268376 125 122.5897992 390 0
2044 1 -3.678498516 -15.05560424 143.5 99.86637223 390 0
2044 2 0.772742543 -12.42320494 209.8 68.62173922 390 0
2044 3 1.965600485 -10.04971642 301.6 102.6252279 390 0
2044 4 13.31494627 -1.008025563 391.2 152.9025481 390 0
2044 5 14.40310858 3.033572812 461.6 90.32464084 390 0
2044 6 24.71548278 12.36214684 512.7 125.64479 390 0
2044 7 25.83928043 13.74729825 503.7 101.9942938 390 0
2044 8 25.13533785 12.6751123 439.3 99.95565808 390 0
2044 9 22.14493547 8.742349186 346.6 101.5396106 390 0
2044 10 12.57019814 3.818159686 255.1 332.8891396 390 0
2044 11 8.45140528 -3.063162912 163.1 159.6141936 390 0
2044 12 -0.912878501 -9.998402586 125 101.5923841 390 0
2045 1 -1.872866659 -12.88901703 143.5 75.88079051 390 0
2045 2 -1.095234754 -12.3975003 209.8 59.38937213 390 0
2045 3 1.614652261 -9.937608748 301.6 101.7250811 390 0
2045 4 8.770487792 -2.45940388 391.2 78.88666461 390 0
2045 5 18.21788347 3.051143455 461.6 78.33985012 390 0
2045 6 21.43375418 7.786293686 512.7 108.6157979 390 0
2045 7 22.06809858 9.862645091 503.7 126.8340003 390 0
2045 8 22.07418346 9.994856648 439.3 103.4476522 390 0
2045 9 19.43086067 6.321121991 346.6 105.1659867 390 0
2045 10 10.60173656 -0.947390243 255.1 69.73182662 390 0
2045 11 4.646327426 -4.100529019 163.1 136.6667722 390 0
2045 12 0.352278064 -9.192142834 125 81.72696916 390 0
2046 1 -3.709703927 -15.63371805 143.5 58.06303782 390 0
2046 2 2.618794442 -7.719069307 209.8 119.0627187 390 0
2046 3 -0.071510816 -10.85487831 301.6 124.1370219 390 0
2046 4 10.23378769 -0.481582002 391.2 123.4566515 390 0
2046 5 15.62702079 3.387334505 461.6 302.0447319 390 0
2046 6 23.5370406 9.249765849 512.7 54.80183633 390 0
2046 7 24.14533769 11.59868619 503.7 160.8952378 390 0
2046 8 24.70288149 12.45112259 439.3 110.5225372 390 0
2046 9 18.59866908 4.721651966 346.6 60.56658139 390 0
2046 10 15.00129893 2.21254933 255.1 81.10401997 390 0
2046 11 6.520657792 -4.097728707 163.1 90.43825174 390 0
2046 12 2.353479161 -7.156047175 125 111.5794829 390 0
2047 1 -6.297340828 -17.34374087 143.5 66.96927518 390 0
2047 2 -3.197127044 -15.11717567 209.8 73.74112988 390 0
2047 3 4.803216232 -9.195497942 301.6 70.2571346 390 0
2047 4 9.155976984 -2.796958056 391.2 86.75513459 390 0
2047 5 15.95166488 4.659793148 461.6 128.207237 390 0
2047 6 21.99167357 9.747496927 512.7 81.18140236 390 0
2047 7 24.73352253 12.24872273 503.7 113.3009966 390 0
2047 8 24.95338222 13.19485767 439.3 169.0325493 390 0
2047 9 20.3254758 7.676823617 346.6 164.8855877 390 0
2047 10 12.17527748 0.385251124 255.1 167.5167402 390 0
2047 11 8.016682444 -2.480986675 163.1 123.9972075 390 0
2047 12 0.306314022 -10.34943716 125 181.2120074 390 0
2048 1 0.26620863 -8.081981428 143.5 99.79488228 390 0
2048 2 -2.637691634 -14.61743491 209.8 76.77494558 390 0
2048 3 5.627248987 -5.599501315 301.6 59.59895341 390 0
2048 4 8.480169025 -3.318652486 391.2 63.1106693 390 0
2048 5 16.45497001 3.786728137 461.6 68.10362055 390 0
2048 6 24.33261667 8.797086019 512.7 41.55244823 390 0
2048 7 26.35403226 13.16690691 503.7 115.9501773 390 0
2048 8 24.6541071 10.33691832 439.3 122.2411235 390 0
2048 9 18.61378892 4.546498664 346.6 83.91554918 390 0
2048 10 15.63698511 2.735053736 255.1 263.4825499 390 0
2048 11 4.003889796 -4.732957804 163.1 142.4659236 390 0
2048 12 -3.371291806 -11.96299079 125 70.80694589 390 0
2049 1 1.98878284 -7.348354282 143.5 148.6325964 390 0
2049 2 1.153774926 -12.21987015 209.8 105.2174523 390 0
2049 3 5.621217454 -7.34263439 301.6 86.637057 390 0
2049 4 10.940092 -0.291507627 391.2 121.6662522 390 0
2049 5 15.18534655 3.28474452 461.6 201.2539066 390 0
2049 6 22.41250027 9.631211999 512.7 111.5439492 390 0
2049 7 24.91763988 11.84446712 503.7 70.44242866 390 0
2049 8 24.11506807 11.82355759 439.3 221.9010025 390 0
2049 9 19.10170754 6.399837239 346.6 74.43466221 390 0
2049 10 14.84165736 3.306935131 255.1 180.090521 390 0
2049 11 7.639910216 -2.918365092 163.1 92.73887733 390 0
2049 12 2.702569988 -7.547974503 125 148.5456016 390 0
2050 1 0.280554478 -10.91156357 143.5 54.42264277 390 0
2050 2 -1.99070865 -12.85971045 209.8 62.6513373 390 0
2050 3 3.406385666 -8.99659577 301.6 75.92655273 390 0
2050 4 8.787754546 -3.163686225 391.2 94.66408874 390 0
2050 5 18.538277 5.602460361 461.6 183.0256661 390 0
2050 6 21.98982431 10.27089567 512.7 170.0942142 390 0
2050 7 24.57482419 11.56860921 503.7 112.6624551 390 0
2050 8 23.00991754 10.33290692 439.3 149.0835552 390 0
2050 9 19.94560225 7.170767309 346.6 120.5727736 390 0
2050 10 14.32108365 1.411982036 255.1 154.8320298 390 0
2050 11 5.788632749 -4.144177753 163.1 132.9869198 390 0
2050 12 -7.780043094 -20.47593038 125 36.56684168 390 0
2051 1 0.280554478 -10.91156357 143.5 54.42264277 390 0
2051 2 -1.99070865 -12.85971045 209.8 62.6513373 390 0
2051 3 3.406385666 -8.99659577 301.6 75.92655273 390 0
2051 4 8.787754546 -3.163686225 391.2 94.66408874 390 0
2051 5 18.538277 5.602460361 461.6 183.0256661 390 0
2051 6 21.98982431 10.27089567 512.7 170.0942142 390 0
2051 7 24.57482419 11.56860921 503.7 112.6624551 390 0
2051 8 23.00991754 10.33290692 439.3 149.0835552 390 0
2051 9 19.94560225 7.170767309 346.6 120.5727736 390 0
2051 10 14.32108365 1.411982036 255.1 154.8320298 390 0
2051 11 5.788632749 -4.144177753 163.1 132.9869198 390 0
2051 12 -7.780043094 -20.47593038 125 36.56684168 390 0
2052 1 -3.709703927 -15.63371805 143.5 58.06303782 390 0
2052 2 2.618794442 -7.719069307 209.8 119.0627187 390 0
2052 3 -0.071510816 -10.85487831 301.6 124.1370219 390 0
2052 4 10.23378769 -0.481582002 391.2 123.4566515 390 0
2052 5 15.62702079 3.387334505 461.6 302.0447319 390 0
2052 6 23.5370406 9.249765849 512.7 54.80183633 390 0
2052 7 24.14533769 11.59868619 503.7 160.8952378 390 0
2052 8 24.70288149 12.45112259 439.3 110.5225372 390 0
2052 9 18.59866908 4.721651966 346.6 60.56658139 390 0
2052 10 15.00129893 2.21254933 255.1 81.10401997 390 0
2052 11 6.520657792 -4.097728707 163.1 90.43825174 390 0
2052 12 2.353479161 -7.156047175 125 111.5794829 390 0
2053 1 -0.223303321 -9.876528041 143.5 104.7599797 390 0
2053 2 2.330808116 -8.312768059 209.8 31.73808452 390 0
2053 3 10.13584099 -2.694969553 301.6 61.87178069 390 0
2053 4 11.84218992 -0.734114723 391.2 93.70224203 390 0
2053 5 19.70507405 7.658444587 461.6 149.4873032 390 0
2053 6 22.20409419 9.842391159 512.7 87.72619848 390 0
2053 7 26.16630326 12.80176864 503.7 87.37904581 390 0
2053 8 25.65999747 11.63597087 439.3 102.2474577 390 0
2053 9 20.23460165 6.750553892 346.6 148.8792234 390 0
2053 10 14.10163142 4.149353245 255.1 151.3148364 390 0
2053 11 5.761122216 -4.44380171 163.1 17.31487218 390 0
2053 12 1.752481532 -6.201387817 125 145.8885765 390 0
2054 1 -1.872866659 -12.88901703 143.5 75.88079051 390 0
2054 2 -1.095234754 -12.3975003 209.8 59.38937213 390 0
2054 3 1.614652261 -9.937608748 301.6 101.7250811 390 0
2054 4 8.770487792 -2.45940388 391.2 78.88666461 390 0
2054 5 18.21788347 3.051143455 461.6 78.33985012 390 0
2054 6 21.43375418 7.786293686 512.7 108.6157979 390 0
2054 7 22.06809858 9.862645091 503.7 126.8340003 390 0
2054 8 22.07418346 9.994856648 439.3 103.4476522 390 0
2054 9 19.43086067 6.321121991 346.6 105.1659867 390 0
2054 10 10.60173656 -0.947390243 255.1 69.73182662 390 0
2054 11 4.646327426 -4.100529019 163.1 136.6667722 390 0
2054 12 0.352278064 -9.192142834 125 81.72696916 390 0
2055 1 0.280554478 -10.91156357 143.5 54.42264277 390 0
2055 2 -1.99070865 -12.85971045 209.8 62.6513373 390 0
2055 3 3.406385666 -8.99659577 301.6 75.92655273 390 0
2055 4 8.787754546 -3.163686225 391.2 94.66408874 390 0
2055 5 18.538277 5.602460361 461.6 183.0256661 390 0
2055 6 21.98982431 10.27089567 512.7 170.0942142 390 0
2055 7 24.57482419 11.56860921 503.7 112.6624551 390 0
2055 8 23.00991754 10.33290692 439.3 149.0835552 390 0
2055 9 19.94560225 7.170767309 346.6 120.5727736 390 0
2055 10 14.32108365 1.411982036 255.1 154.8320298 390 0
2055 11 5.788632749 -4.144177753 163.1 132.9869198 390 0
2055 12 -7.780043094 -20.47593038 125 36.56684168 390 0
2056 1 -5.21205674 -15.18723003 143.5 48.25428821 390 0
2056 2 -0.56987422 -11.56265875 209.8 63.71328043 390 0
2056 3 5.353284833 -7.326038926 301.6 90.07355698 390 0
2056 4 11.20484704 -0.452430054 391.2 57.86790743 390 0
2056 5 18.45170145 4.745492159 461.6 92.45329761 390 0
2056 6 19.46638612 8.078343191 512.7 110.3357948 390 0
2056 7 25.02335914 10.54808707 503.7 75.79218783 390 0
2056 8 22.8898762 9.823317924 439.3 126.4662376 390 0
2056 9 20.00230445 7.226078756 346.6 165.6768643 390 0
2056 10 14.07588225 1.135076536 255.1 88.58689962 390 0
2056 11 6.127532393 -2.489980117 163.1 161.1437948 390 0
2056 12 -2.513791763 -12.18902255 125 64.40986783 390 0
2057 1 -0.223303321 -9.876528041 143.5 104.7599797 390 0
2057 2 2.330808116 -8.312768059 209.8 31.73808452 390 0
2057 3 10.13584099 -2.694969553 301.6 61.87178069 390 0
2057 4 11.84218992 -0.734114723 391.2 93.70224203 390 0
2057 5 19.70507405 7.658444587 461.6 149.4873032 390 0
2057 6 22.20409419 9.842391159 512.7 87.72619848 390 0
2057 7 26.16630326 12.80176864 503.7 87.37904581 390 0
2057 8 25.65999747 11.63597087 439.3 102.2474577 390 0
2057 9 20.23460165 6.750553892 346.6 148.8792234 390 0
2057 10 14.10163142 4.149353245 255.1 151.3148364 390 0
2057 11 5.761122216 -4.44380171 163.1 17.31487218 390 0
2057 12 1.752481532 -6.201387817 125 145.8885765 390 0
2058 1 -3.070349076 -13.31840332 143.5 107.1243158 390 0
2058 2 1.16607267 -10.369988 209.8 77.31276587 390 0
2058 3 1.93180197 -9.372575312 301.6 123.172875 390 0
2058 4 8.951490955 -3.461548486 391.2 116.8976923 390 0
2058 5 13.97333808 2.477921075 461.6 121.0200324 390 0
2058 6 23.12399525 9.036412278 512.7 50.99397535 390 0
2058 7 23.83848507 10.28114434 503.7 97.17801256 390 0
2058 8 22.75233728 10.01811923 439.3 135.6853746 390 0
2058 9 18.70247738 6.21722047 346.6 89.74707563 390 0
2058 10 12.51358723 -0.451078543 255.1 72.21034259 390 0
2058 11 4.263886458 -5.137244443 163.1 175.6837255 390 0
2058 12 0.197496999 -9.12558124 125 85.55738918 390 0
2059 1 -5.21205674 -15.18723003 143.5 48.25428821 390 0
2059 2 -0.56987422 -11.56265875 209.8 63.71328043 390 0
2059 3 5.353284833 -7.326038926 301.6 90.07355698 390 0
2059 4 11.20484704 -0.452430054 391.2 57.86790743 390 0
2059 5 18.45170145 4.745492159 461.6 92.45329761 390 0
2059 6 19.46638612 8.078343191 512.7 110.3357948 390 0
2059 7 25.02335914 10.54808707 503.7 75.79218783 390 0
2059 8 22.8898762 9.823317924 439.3 126.4662376 390 0
2059 9 20.00230445 7.226078756 346.6 165.6768643 390 0
2059 10 14.07588225 1.135076536 255.1 88.58689962 390 0
2059 11 6.127532393 -2.489980117 163.1 161.1437948 390 0
2059 12 -2.513791763 -12.18902255 125 64.40986783 390 0
2060 1 -6.717837146 -19.63206923 143.5 19.37338604 390 0
2060 2 2.928586542 -8.411496169 209.8 242.7476475 390 0
2060 3 3.932436381 -6.426370097 301.6 30.01043697 390 0
2060 4 12.69848325 -0.187788291 391.2 91.16827942 390 0
2060 5 19.41253644 4.543601015 461.6 87.44874221 390 0
2060 6 22.62958573 9.292962082 512.7 102.8416359 390 0
2060 7 24.62287485 12.1803116 503.7 144.4493217 390 0
2060 8 23.42123635 9.820442765 439.3 95.29003615 390 0
2060 9 17.94580692 7.100446338 346.6 141.1841076 390 0
2060 10 11.19171934 -0.980126849 255.1 157.1641143 390 0
2060 11 6.328040951 -3.384309267 163.1 57.07582666 390 0
2060 12 -0.698095106 -9.62048817 125 116.6986463 390 0
2061 1 -0.803859098 -10.96108855 143.5 110.7364721 390 0
2061 2 -4.973238449 -15.33698517 209.8 68.46076466 390 0
2061 3 2.970209665 -10.14959901 301.6 114.0013427 390 0
2061 4 8.313934701 -1.955758648 391.2 183.2293353 390 0
2061 5 18.81475524 4.438735893 461.6 89.04180421 390 0
2061 6 22.51977401 10.06481896 512.7 88.6248673 390 0
2061 7 23.30412595 11.66467962 503.7 140.1289353 390 0
2061 8 24.35503113 10.50275606 439.3 57.85020857 390 0
2061 9 21.48142077 7.441434155 346.6 88.39342966 390 0
2061 10 16.22466253 4.433147089 255.1 146.5566439 390 0
2061 11 5.269095325 -4.468218869 163.1 115.5026302 390 0
2061 12 -1.182364958 -9.872504574 125 149.3614714 390 0
2062 1 -1.838482181 -12.53219485 143.5 123.9337544 390 0
2062 2 -0.017228501 -12.05497518 209.8 73.25170153 390 0
2062 3 3.765198693 -5.121363984 301.6 144.662664 390 0
2062 4 9.127939843 -0.767062274 391.2 198.8375584 390 0
2062 5 15.00706097 4.176693728 461.6 190.1026634 390 0
2062 6 23.7702385 8.950231611 512.7 82.2878775 390 0
2062 7 25.8651091 11.19874802 503.7 60.48708428 390 0
2062 8 24.17515912 10.91049399 439.3 168.6396676 390 0
2062 9 21.63701472 6.76917431 346.6 52.87517427 390 0
2062 10 13.14227061 0.830353437 255.1 94.03032157 390 0
2062 11 6.16367818 -2.897814883 163.1 195.4549253 390 0
2062 12 -2.202800816 -11.73482801 125 200.4939734 390 0
2063 1 -0.223303321 -9.876528041 143.5 104.7599797 390 0
2063 2 2.330808116 -8.312768059 209.8 31.73808452 390 0
2063 3 10.13584099 -2.694969553 301.6 61.87178069 390 0
2063 4 11.84218992 -0.734114723 391.2 93.70224203 390 0
2063 5 19.70507405 7.658444587 461.6 149.4873032 390 0
2063 6 22.20409419 9.842391159 512.7 87.72619848 390 0
2063 7 26.16630326 12.80176864 503.7 87.37904581 390 0
2063 8 25.65999747 11.63597087 439.3 102.2474577 390 0
2063 9 20.23460165 6.750553892 346.6 148.8792234 390 0
2063 10 14.10163142 4.149353245 255.1 151.3148364 390 0
2063 11 5.761122216 -4.44380171 163.1 17.31487218 390 0
2063 12 1.752481532 -6.201387817 125 145.8885765 390 0
2064 1 -3.17021825 -14.29153319 143.5 114.2792728 390 0
2064 2 0.345075173 -11.6942672 209.8 100.0409782 390 0
2064 3 7.224686155 -5.412026839 301.6 106.2139928 390 0
2064 4 9.131731851 -0.937293064 391.2 149.0391322 390 0
2064 5 17.18882409 5.367416244 461.6 151.0724573 390 0
2064 6 21.462639 9.208876971 512.7 138.5679046 390 0
2064 7 22.59097902 10.16487514 503.7 159.1167613 390 0
2064 8 22.50085833 10.3243443 439.3 135.3747706 390 0
2064 9 19.19156817 5.978373049 346.6 72.97140345 390 0
2064 10 13.44240169 0.564701246 255.1 87.3238285 390 0
2064 11 5.614044685 -2.766363005 163.1 80.72092852 390 0
2064 12 -2.659326907 -13.74598093 125 141.9615243 390 0
2065 1 -6.717837146 -19.63206923 143.5 19.37338604 390 0
2065 2 2.928586542 -8.411496169 209.8 242.7476475 390 0
2065 3 3.932436381 -6.426370097 301.6 30.01043697 390 0
2065 4 12.69848325 -0.187788291 391.2 91.16827942 390 0
2065 5 19.41253644 4.543601015 461.6 87.44874221 390 0
2065 6 22.62958573 9.292962082 512.7 102.8416359 390 0
2065 7 24.62287485 12.1803116 503.7 144.4493217 390 0
2065 8 23.42123635 9.820442765 439.3 95.29003615 390 0
2065 9 17.94580692 7.100446338 346.6 141.1841076 390 0
2065 10 11.19171934 -0.980126849 255.1 157.1641143 390 0
2065 11 6.328040951 -3.384309267 163.1 57.07582666 390 0
2065 12 -0.698095106 -9.62048817 125 116.6986463 390 0
2066 1 -5.487529111 -16.69469377 143.5 91.86825636 390 0
2066 2 -0.194740085 -12.02665589 209.8 62.20051808 390 0
2066 3 4.585323408 -7.638975236 301.6 80.44441014 390 0
2066 4 12.29063005 -0.408378041 391.2 72.42038917 390 0
2066 5 17.56605526 4.971314723 461.6 132.9245371 390 0
2066 6 20.3017892 9.797508017 512.7 150.5570779 390 0
2066 7 22.53384061 11.51815946 503.7 223.8905029 390 0
2066 8 24.08217046 12.21831726 439.3 150.2430366 390 0
2066 9 19.33403779 5.826324288 346.6 57.44736548 390 0
2066 10 10.5489842 0.769000747 255.1 166.5192523 390 0
2066 11 9.708036872 -1.192811996 163.1 105.3935674 390 0
2066 12 -0.893425426 -10.20014301 125 124.2989927 390 0
2067 1 -3.709703927 -15.63371805 143.5 58.06303782 390 0
2067 2 2.618794442 -7.719069307 209.8 119.0627187 390 0
2067 3 -0.071510816 -10.85487831 301.6 124.1370219 390 0
2067 4 10.23378769 -0.481582002 391.2 123.4566515 390 0
2067 5 15.62702079 3.387334505 461.6 302.0447319 390 0
2067 6 23.5370406 9.249765849 512.7 54.80183633 390 0
2067 7 24.14533769 11.59868619 503.7 160.8952378 390 0
2067 8 24.70288149 12.45112259 439.3 110.5225372 390 0
2067 9 18.59866908 4.721651966 346.6 60.56658139 390 0
2067 10 15.00129893 2.21254933 255.1 81.10401997 390 0
2067 11 6.520657792 -4.097728707 163.1 90.43825174 390 0
2067 12 2.353479161 -7.156047175 125 111.5794829 390 0
2068 1 0.26620863 -8.081981428 143.5 99.79488228 390 0
2068 2 -2.637691634 -14.61743491 209.8 76.77494558 390 0
2068 3 5.627248987 -5.599501315 301.6 59.59895341 390 0
2068 4 8.480169025 -3.318652486 391.2 63.1106693 390 0
2068 5 16.45497001 3.786728137 461.6 68.10362055 390 0
2068 6 24.33261667 8.797086019 512.7 41.55244823 390 0
2068 7 26.35403226 13.16690691 503.7 115.9501773 390 0
2068 8 24.6541071 10.33691832 439.3 122.2411235 390 0
2068 9 18.61378892 4.546498664 346.6 83.91554918 390 0
2068 10 15.63698511 2.735053736 255.1 263.4825499 390 0
2068 11 4.003889796 -4.732957804 163.1 142.4659236 390 0
2068 12 -3.371291806 -11.96299079 125 70.80694589 390 0
2069 1 -0.223303321 -9.876528041 143.5 104.7599797 390 0
2069 2 2.330808116 -8.312768059 209.8 31.73808452 390 0
2069 3 10.13584099 -2.694969553 301.6 61.87178069 390 0
2069 4 11.84218992 -0.734114723 391.2 93.70224203 390 0
2069 5 19.70507405 7.658444587 461.6 149.4873032 390 0
2069 6 22.20409419 9.842391159 512.7 87.72619848 390 0
2069 7 26.16630326 12.80176864 503.7 87.37904581 390 0
2069 8 25.65999747 11.63597087 439.3 102.2474577 390 0
2069 9 20.23460165 6.750553892 346.6 148.8792234 390 0
2069 10 14.10163142 4.149353245 255.1 151.3148364 390 0
2069 11 5.761122216 -4.44380171 163.1 17.31487218 390 0
2069 12 1.752481532 -6.201387817 125 145.8885765 390 0
2070 1 -7.128719449 -20.519527 143.5 131.4180948 390 0
2070 2 -3.819984427 -17.15869285 209.8 48.92587133 390 0
2070 3 2.21969744 -7.971068943 301.6 137.090595 390 0
2070 4 10.94117651 -1.374098302 391.2 102.3930146 390 0
2070 5 16.32384603 2.959415059 461.6 127.7481632 390 0
2070 6 23.36815631 10.54062114 512.7 114.3133896 390 0
2070 7 25.18663508 13.61709483 503.7 123.3563284 390 0
2070 8 22.46639811 9.8034903 439.3 144.8096274 390 0
2070 9 17.8422121 6.568969249 346.6 139.7852487 390 0
2070 10 13.74293733 0.35156612 255.1 22.58161198 390 0
2070 11 9.180844417 -2.368961346 163.1 99.67068063 390 0
2070 12 2.326124217 -8.163246177 125 100.7941766 390 0
2071 1 -1.636318106 -13.43530561 143.5 130.1370209 390 0
2071 2 -2.481897855 -14.41903272 209.8 76.37936928 390 0
2071 3 5.447125185 -6.997472954 301.6 133.7678615 390 0
2071 4 13.96080821 0.785958022 391.2 53.35247968 390 0
2071 5 19.42036133 5.943045838 461.6 94.1445225 390 0
2071 6 21.01535727 7.714531534 512.7 167.745872 390 0
2071 7 23.29759564 11.67259857 503.7 182.2120296 390 0
2071 8 22.31282599 10.20879337 439.3 145.9371663 390 0
2071 9 18.01505986 5.560018967 346.6 97.69580669 390 0
2071 10 13.0409574 0.717506473 255.1 82.52366594 390 0
2071 11 4.785034924 -5.31725186 163.1 150.0047933 390 0
2071 12 0.232845429 -8.286625263 125 146.4963359 390 0
2072 1 -6.717837146 -19.63206923 143.5 19.37338604 390 0
2072 2 2.928586542 -8.411496169 209.8 242.7476475 390 0
2072 3 3.932436381 -6.426370097 301.6 30.01043697 390 0
2072 4 12.69848325 -0.187788291 391.2 91.16827942 390 0
2072 5 19.41253644 4.543601015 461.6 87.44874221 390 0
2072 6 22.62958573 9.292962082 512.7 102.8416359 390 0
2072 7 24.62287485 12.1803116 503.7 144.4493217 390 0
2072 8 23.42123635 9.820442765 439.3 95.29003615 390 0
2072 9 17.94580692 7.100446338 346.6 141.1841076 390 0
2072 10 11.19171934 -0.980126849 255.1 157.1641143 390 0
2072 11 6.328040951 -3.384309267 163.1 57.07582666 390 0
2072 12 -0.698095106 -9.62048817 125 116.6986463 390 0
2073 1 -1.872866659 -12.88901703 143.5 75.88079051 390 0
2073 2 -1.095234754 -12.3975003 209.8 59.38937213 390 0
2073 3 1.614652261 -9.937608748 301.6 101.7250811 390 0
2073 4 8.770487792 -2.45940388 391.2 78.88666461 390 0
2073 5 18.21788347 3.051143455 461.6 78.33985012 390 0
2073 6 21.43375418 7.786293686 512.7 108.6157979 390 0
2073 7 22.06809858 9.862645091 503.7 126.8340003 390 0
2073 8 22.07418346 9.994856648 439.3 103.4476522 390 0
2073 9 19.43086067 6.321121991 346.6 105.1659867 390 0
2073 10 10.60173656 -0.947390243 255.1 69.73182662 390 0
2073 11 4.646327426 -4.100529019 163.1 136.6667722 390 0
2073 12 0.352278064 -9.192142834 125 81.72696916 390 0
2074 1 -7.128719449 -20.519527 143.5 131.4180948 390 0
2074 2 -3.819984427 -17.15869285 209.8 48.92587133 390 0
2074 3 2.21969744 -7.971068943 301.6 137.090595 390 0
2074 4 10.94117651 -1.374098302 391.2 102.3930146 390 0
2074 5 16.32384603 2.959415059 461.6 127.7481632 390 0
2074 6 23.36815631 10.54062114 512.7 114.3133896 390 0
2074 7 25.18663508 13.61709483 503.7 123.3563284 390 0
2074 8 22.46639811 9.8034903 439.3 144.8096274 390 0
2074 9 17.8422121 6.568969249 346.6 139.7852487 390 0
2074 10 13.74293733 0.35156612 255.1 22.58161198 390 0
2074 11 9.180844417 -2.368961346 163.1 99.67068063 390 0
2074 12 2.326124217 -8.163246177 125 100.7941766 390 0
2075 1 -5.487529111 -16.69469377 143.5 91.86825636 390 0
2075 2 -0.194740085 -12.02665589 209.8 62.20051808 390 0
2075 3 4.585323408 -7.638975236 301.6 80.44441014 390 0
2075 4 12.29063005 -0.408378041 391.2 72.42038917 390 0
2075 5 17.56605526 4.971314723 461.6 132.9245371 390 0
2075 6 20.3017892 9.797508017 512.7 150.5570779 390 0
2075 7 22.53384061 11.51815946 503.7 223.8905029 390 0
2075 8 24.08217046 12.21831726 439.3 150.2430366 390 0
2075 9 19.33403779 5.826324288 346.6 57.44736548 390 0
2075 10 10.5489842 0.769000747 255.1 166.5192523 390 0
2075 11 9.708036872 -1.192811996 163.1 105.3935674 390 0
2075 12 -0.893425426 -10.20014301 125 124.2989927 390 0
2076 1 1.98878284 -7.348354282 143.5 148.6325964 390 0
2076 2 1.153774926 -12.21987015 209.8 105.2174523 390 0
2076 3 5.621217454 -7.34263439 301.6 86.637057 390 0
2076 4 10.940092 -0.291507627 391.2 121.6662522 390 0
2076 5 15.18534655 3.28474452 461.6 201.2539066 390 0
2076 6 22.41250027 9.631211999 512.7 111.5439492 390 0
2076 7 24.91763988 11.84446712 503.7 70.44242866 390 0
2076 8 24.11506807 11.82355759 439.3 221.9010025 390 0
2076 9 19.10170754 6.399837239 346.6 74.43466221 390 0
2076 10 14.84165736 3.306935131 255.1 180.090521 390 0
2076 11 7.639910216 -2.918365092 163.1 92.73887733 390 0
2076 12 2.702569988 -7.547974503 125 148.5456016 390 0
2077 1 -3.678498516 -15.05560424 143.5 99.86637223 390 0
2077 2 0.772742543 -12.42320494 209.8 68.62173922 390 0
2077 3 1.965600485 -10.04971642 301.6 102.6252279 390 0
2077 4 13.31494627 -1.008025563 391.2 152.9025481 390 0
2077 5 14.40310858 3.033572812 461.6 90.32464084 390 0
2077 6 24.71548278 12.36214684 512.7 125.64479 390 0
2077 7 25.83928043 13.74729825 503.7 101.9942938 390 0
2077 8 25.13533785 12.6751123 439.3 99.95565808 390 0
2077 9 22.14493547 8.742349186 346.6 101.5396106 390 0
2077 10 12.57019814 3.818159686 255.1 332.8891396 390 0
2077 11 8.45140528 -3.063162912 163.1 159.6141936 390 0
2077 12 -0.912878501 -9.998402586 125 101.5923841 390 0
2078 1 -1.800658918 -12.72536348 143.5 37.82526705 390 0
2078 2 -0.39268407 -12.16280497 209.8 93.14068519 390 0
2078 3 1.025074532 -8.878202893 301.6 198.0870602 390 0
2078 4 10.59446354 -2.414063111 391.2 29.05872926 390 0
2078 5 18.88355846 4.799318018 461.6 94.50220768 390 0
2078 6 23.04874436 9.782299669 512.7 129.3401084 390 0
2078 7 23.22073414 9.82152576 503.7 109.1075202 390 0
2078 8 26.24646195 11.44909052 439.3 51.20605623 390 0
2078 9 20.39178139 6.347392377 346.6 147.9453316 390 0
2078 10 15.21049835 1.348341679 255.1 42.40406613 390 0
2078 11 9.039326658 -2.163856213 163.1 60.9670308 390 0
2078 12 3.882383169 -5.901850477 125 62.72971532 390 0
2079 1 1.98878284 -7.348354282 143.5 148.6325964 390 0
2079 2 1.153774926 -12.21987015 209.8 105.2174523 390 0
2079 3 5.621217454 -7.34263439 301.6 86.637057 390 0
2079 4 10.940092 -0.291507627 391.2 121.6662522 390 0
2079 5 15.18534655 3.28474452 461.6 201.2539066 390 0
2079 6 22.41250027 9.631211999 512.7 111.5439492 390 0
2079 7 24.91763988 11.84446712 503.7 70.44242866 390 0
2079 8 24.11506807 11.82355759 439.3 221.9010025 390 0
2079 9 19.10170754 6.399837239 346.6 74.43466221 390 0
2079 10 14.84165736 3.306935131 255.1 180.090521 390 0
2079 11 7.639910216 -2.918365092 163.1 92.73887733 390 0
2079 12 2.702569988 -7.547974503 125 148.5456016 390 0
2080 1 -6.717837146 -19.63206923 143.5 19.37338604 390 0
2080 2 2.928586542 -8.411496169 209.8 242.7476475 390 0
2080 3 3.932436381 -6.426370097 301.6 30.01043697 390 0
2080 4 12.69848325 -0.187788291 391.2 91.16827942 390 0
2080 5 19.41253644 4.543601015 461.6 87.44874221 390 0
2080 6 22.62958573 9.292962082 512.7 102.8416359 390 0
2080 7 24.62287485 12.1803116 503.7 144.4493217 390 0
2080 8 23.42123635 9.820442765 439.3 95.29003615 390 0
2080 9 17.94580692 7.100446338 346.6 141.1841076 390 0
2080 10 11.19171934 -0.980126849 255.1 157.1641143 390 0
2080 11 6.328040951 -3.384309267 163.1 57.07582666 390 0
2080 12 -0.698095106 -9.62048817 125 116.6986463 390 0
2081 1 -0.223303321 -9.876528041 143.5 104.7599797 390 0
2081 2 2.330808116 -8.312768059 209.8 31.73808452 390 0
2081 3 10.13584099 -2.694969553 301.6 61.87178069 390 0
2081 4 11.84218992 -0.734114723 391.2 93.70224203 390 0
2081 5 19.70507405 7.658444587 461.6 149.4873032 390 0
2081 6 22.20409419 9.842391159 512.7 87.72619848 390 0
2081 7 26.16630326 12.80176864 503.7 87.37904581 390 0
2081 8 25.65999747 11.63597087 439.3 102.2474577 390 0
2081 9 20.23460165 6.750553892 346.6 148.8792234 390 0
2081 10 14.10163142 4.149353245 255.1 151.3148364 390 0
2081 11 5.761122216 -4.44380171 163.1 17.31487218 390 0
2081 12 1.752481532 -6.201387817 125 145.8885765 390 0
2082 1 -6.62330958 -19.60406563 143.5 107.9641838 390 0
2082 2 -1.339471746 -13.52159257 209.8 102.6187194 390 0
2082 3 3.005856688 -9.320182416 301.6 93.16859644 390 0
2082 4 9.37287213 -3.343990825 391.2 118.5820033 390 0
2082 5 19.50291612 4.904776453 461.6 65.3421013 390 0
2082 6 19.66417044 8.9133892 512.7 206.6288082 390 0
2082 7 25.34000079 10.56313391 503.7 62.15382161 390 0
2082 8 22.10419435 8.503246432 439.3 106.1338416 390 0
2082 9 19.91400537 6.879617604 346.6 66.93847486 390 0
2082 10 13.82820683 -0.023289936 255.1 59.22509564 390 0
2082 11 8.49101174 -1.888462471 163.1 97.93138284 390 0
2082 12 3.248496469 -7.647448631 125 65.39727238 390 0
2083 1 -5.487529111 -16.69469377 143.5 91.86825636 390 0
2083 2 -0.194740085 -12.02665589 209.8 62.20051808 390 0
2083 3 4.585323408 -7.638975236 301.6 80.44441014 390 0
2083 4 12.29063005 -0.408378041 391.2 72.42038917 390 0
2083 5 17.56605526 4.971314723 461.6 132.9245371 390 0
2083 6 20.3017892 9.797508017 512.7 150.5570779 390 0
2083 7 22.53384061 11.51815946 503.7 223.8905029 390 0
2083 8 24.08217046 12.21831726 439.3 150.2430366 390 0
2083 9 19.33403779 5.826324288 346.6 57.44736548 390 0
2083 10 10.5489842 0.769000747 255.1 166.5192523 390 0
2083 11 9.708036872 -1.192811996 163.1 105.3935674 390 0
2083 12 -0.893425426 -10.20014301 125 124.2989927 390 0
2084 1 -2.59284257 -13.43999975 143.5 87.52709867 390 0
2084 2 1.524109689 -9.9716765 209.8 48.41878418 390 0
2084 3 4.592850107 -5.346555992 301.6 112.7117104 390 0
2084 4 13.3259098 0.383593301 391.2 99.54097092 390 0
2084 5 20.39838453 5.800285222 461.6 95.63930667 390 0
2084 6 23.57250346 9.066728568 512.7 108.2491858 390 0
2084 7 24.5634191 10.98506764 503.7 78.92803512 390 0
2084 8 24.31448526 11.73742371 439.3 161.1149207 390 0
2084 9 18.73831641 5.210025659 346.6 134.9659469 390 0
2084 10 14.75775011 1.658592264 255.1 125.6769504 390 0
2084 11 6.436320977 -2.928762473 163.1 91.51748487 390 0
2084 12 0.773125935 -10.48291012 125 101.0486187 390 0
2085 1 -0.223303321 -9.876528041 143.5 104.7599797 390 0
2085 2 2.330808116 -8.312768059 209.8 31.73808452 390 0
2085 3 10.13584099 -2.694969553 301.6 61.87178069 390 0
2085 4 11.84218992 -0.734114723 391.2 93.70224203 390 0
2085 5 19.70507405 7.658444587 461.6 149.4873032 390 0
2085 6 22.20409419 9.842391159 512.7 87.72619848 390 0
2085 7 26.16630326 12.80176864 503.7 87.37904581 390 0
2085 8 25.65999747 11.63597087 439.3 102.2474577 390 0
2085 9 20.23460165 6.750553892 346.6 148.8792234 390 0
2085 10 14.10163142 4.149353245 255.1 151.3148364 390 0
2085 11 5.761122216 -4.44380171 163.1 17.31487218 390 0
2085 12 1.752481532 -6.201387817 125 145.8885765 390 0
2086 1 -3.678498516 -15.05560424 143.5 99.86637223 390 0
2086 2 0.772742543 -12.42320494 209.8 68.62173922 390 0
2086 3 1.965600485 -10.04971642 301.6 102.6252279 390 0
2086 4 13.31494627 -1.008025563 391.2 152.9025481 390 0
2086 5 14.40310858 3.033572812 461.6 90.32464084 390 0
2086 6 24.71548278 12.36214684 512.7 125.64479 390 0
2086 7 25.83928043 13.74729825 503.7 101.9942938 390 0
2086 8 25.13533785 12.6751123 439.3 99.95565808 390 0
2086 9 22.14493547 8.742349186 346.6 101.5396106 390 0
2086 10 12.57019814 3.818159686 255.1 332.8891396 390 0
2086 11 8.45140528 -3.063162912 163.1 159.6141936 390 0
2086 12 -0.912878501 -9.998402586 125 101.5923841 390 0
2087 1 -2.195216338 -11.02531474 143.5 75.00026356 390 0
2087 2 -1.241528797 -8.96543348 209.8 127.7329825 390 0
2087 3 7.340157093 -3.753842976 301.6 139.29213 390 0
2087 4 14.27836085 0.798269271 391.2 67.86922074 390 0
2087 5 20.21558824 5.703967805 461.6 75.16960836 390 0
2087 6 22.42513977 10.38446991 512.7 152.9688226 390 0
2087 7 26.25542805 13.67506255 503.7 130.3896671 390 0
2087 8 24.1687919 11.79749169 439.3 87.70201246 390 0
2087 9 20.90272446 8.708550078 346.6 59.58515398 390 0
2087 10 12.93021821 1.523557182 255.1 289.5153708 390 0
2087 11 6.571374649 -3.034754885 163.1 99.00466033 390 0
2087 12 -1.864050049 -10.54196389 125 135.6326523 390 0
2088 1 -2.59284257 -13.43999975 143.5 87.52709867 390 0
2088 2 1.524109689 -9.9716765 209.8 48.41878418 390 0
2088 3 4.592850107 -5.346555992 301.6 112.7117104 390 0
2088 4 13.3259098 0.383593301 391.2 99.54097092 390 0
2088 5 20.39838453 5.800285222 461.6 95.63930667 390 0
2088 6 23.57250346 9.066728568 512.7 108.2491858 390 0
2088 7 24.5634191 10.98506764 503.7 78.92803512 390 0
2088 8 24.31448526 11.73742371 439.3 161.1149207 390 0
2088 9 18.73831641 5.210025659 346.6 134.9659469 390 0
2088 10 14.75775011 1.658592264 255.1 125.6769504 390 0
2088 11 6.436320977 -2.928762473 163.1 91.51748487 390 0
2088 12 0.773125935 -10.48291012 125 101.0486187 390 0
2089 1 -1.295491666 -12.06275928 143.5 43.57959541 390 0
2089 2 -1.332683385 -10.55993659 209.8 88.23445309 390 0
2089 3 2.858190657 -6.372416962 301.6 64.78576965 390 0
2089 4 10.55855553 -1.413485231 391.2 67.397486 390 0
2089 5 18.82681948 4.873452271 461.6 137.7463978 390 0
2089 6 21.88452146 10.44161411 512.7 214.8056008 390 0
2089 7 25.87649363 14.88550247 503.7 161.9406205 390 0
2089 8 23.2640617 10.44199331 439.3 91.92683984 390 0
2089 9 19.35744382 6.861933068 346.6 108.5572386 390 0
2089 10 14.2722439 2.638863862 255.1 55.08305161 390 0
2089 11 5.484285066 -5.431438274 163.1 104.0817163 390 0
2089 12 -0.673365062 -9.745564362 125 81.32950149 390 0
2090 1 -3.070349076 -13.31840332 143.5 107.1243158 390 0
2090 2 1.16607267 -10.369988 209.8 77.31276587 390 0
2090 3 1.93180197 -9.372575312 301.6 123.172875 390 0
2090 4 8.951490955 -3.461548486 391.2 116.8976923 390 0
2090 5 13.97333808 2.477921075 461.6 121.0200324 390 0
2090 6 23.12399525 9.036412278 512.7 50.99397535 390 0
2090 7 23.83848507 10.28114434 503.7 97.17801256 390 0
2090 8 22.75233728 10.01811923 439.3 135.6853746 390 0
2090 9 18.70247738 6.21722047 346.6 89.74707563 390 0
2090 10 12.51358723 -0.451078543 255.1 72.21034259 390 0
2090 11 4.263886458 -5.137244443 163.1 175.6837255 390 0
2090 12 0.197496999 -9.12558124 125 85.55738918 390 0
2091 1 -1.092693641 -10.60446983 143.5 90.48221917 390 0
2091 2 -4.774816705 -18.99233139 209.8 94.63835743 390 0
2091 3 2.455882115 -10.55785057 301.6 128.0272828 390 0
2091 4 11.02076906 -1.121414894 391.2 133.0976316 390 0
2091 5 18.23033012 4.382723492 461.6 56.24924975 390 0
2091 6 21.56824795 8.242830472 512.7 123.6415035 390 0
2091 7 25.08884942 11.69032888 503.7 71.80452632 390 0
2091 8 24.18717479 11.32443189 439.3 93.75618812 390 0
2091 9 17.70365316 7.137424472 346.6 136.0163878 390 0
2091 10 11.64006416 -0.517532487 255.1 85.89074393 390 0
2091 11 6.359842057 -4.575265441 163.1 124.8185453 390 0
2091 12 -0.893632932 -10.32268376 125 122.5897992 390 0
2092 1 -5.487529111 -16.69469377 143.5 91.86825636 390 0
2092 2 -0.194740085 -12.02665589 209.8 62.20051808 390 0
2092 3 4.585323408 -7.638975236 301.6 80.44441014 390 0
2092 4 12.29063005 -0.408378041 391.2 72.42038917 390 0
2092 5 17.56605526 4.971314723 461.6 132.9245371 390 0
2092 6 20.3017892 9.797508017 512.7 150.5570779 390 0
2092 7 22.53384061 11.51815946 503.7 223.8905029 390 0
2092 8 24.08217046 12.21831726 439.3 150.2430366 390 0
2092 9 19.33403779 5.826324288 346.6 57.44736548 390 0
2092 10 10.5489842 0.769000747 255.1 166.5192523 390 0
2092 11 9.708036872 -1.192811996 163.1 105.3935674 390 0
2092 12 -0.893425426 -10.20014301 125 124.2989927 390 0
2093 1 -5.487529111 -16.69469377 143.5 91.86825636 390 0
2093 2 -0.194740085 -12.02665589 209.8 62.20051808 390 0
2093 3 4.585323408 -7.638975236 301.6 80.44441014 390 0
2093 4 12.29063005 -0.408378041 391.2 72.42038917 390 0
2093 5 17.56605526 4.971314723 461.6 132.9245371 390 0
2093 6 20.3017892 9.797508017 512.7 150.5570779 390 0
2093 7 22.53384061 11.51815946 503.7 223.8905029 390 0
2093 8 24.08217046 12.21831726 439.3 150.2430366 390 0
2093 9 19.33403779 5.826324288 346.6 57.44736548 390 0
2093 10 10.5489842 0.769000747 255.1 166.5192523 390 0
2093 11 9.708036872 -1.192811996 163.1 105.3935674 390 0
2093 12 -0.893425426 -10.20014301 125 124.2989927 390 0
2094 1 -3.17021825 -14.29153319 143.5 114.2792728 390 0
2094 2 0.345075173 -11.6942672 209.8 100.0409782 390 0
2094 3 7.224686155 -5.412026839 301.6 106.2139928 390 0
2094 4 9.131731851 -0.937293064 391.2 149.0391322 390 0
2094 5 17.18882409 5.367416244 461.6 151.0724573 390 0
2094 6 21.462639 9.208876971 512.7 138.5679046 390 0
2094 7 22.59097902 10.16487514 503.7 159.1167613 390 0
2094 8 22.50085833 10.3243443 439.3 135.3747706 390 0
2094 9 19.19156817 5.978373049 346.6 72.97140345 390 0
2094 10 13.44240169 0.564701246 255.1 87.3238285 390 0
2094 11 5.614044685 -2.766363005 163.1 80.72092852 390 0
2094 12 -2.659326907 -13.74598093 125 141.9615243 390 0
2095 1 -5.487529111 -16.69469377 143.5 91.86825636 390 0
2095 2 -0.194740085 -12.02665589 209.8 62.20051808 390 0
2095 3 4.585323408 -7.638975236 301.6 80.44441014 390 0
2095 4 12.29063005 -0.408378041 391.2 72.42038917 390 0
2095 5 17.56605526 4.971314723 461.6 132.9245371 390 0
2095 6 20.3017892 9.797508017 512.7 150.5570779 390 0
2095 7 22.53384061 11.51815946 503.7 223.8905029 390 0
2095 8 24.08217046 12.21831726 439.3 150.2430366 390 0
2095 9 19.33403779 5.826324288 346.6 57.44736548 390 0
2095 10 10.5489842 0.769000747 255.1 166.5192523 390 0
2095 11 9.708036872 -1.192811996 163.1 105.3935674 390 0
2095 12 -0.893425426 -10.20014301 125 124.2989927 390 0
2096 1 -1.092693641 -10.60446983 143.5 90.48221917 390 0
2096 2 -4.774816705 -18.99233139 209.8 94.63835743 390 0
2096 3 2.455882115 -10.55785057 301.6 128.0272828 390 0
2096 4 11.02076906 -1.121414894 391.2 133.0976316 390 0
2096 5 18.23033012 4.382723492 461.6 56.24924975 390 0
2096 6 21.56824795 8.242830472 512.7 123.6415035 390 0
2096 7 25.08884942 11.69032888 503.7 71.80452632 390 0
2096 8 24.18717479 11.32443189 439.3 93.75618812 390 0
2096 9 17.70365316 7.137424472 346.6 136.0163878 390 0
2096 10 11.64006416 -0.517532487 255.1 85.89074393 390 0
2096 11 6.359842057 -4.575265441 163.1 124.8185453 390 0
2096 12 -0.893632932 -10.32268376 125 122.5897992 390 0
2097 1 -1.295491666 -12.06275928 143.5 43.57959541 390 0
2097 2 -1.332683385 -10.55993659 209.8 88.23445309 390 0
2097 3 2.858190657 -6.372416962 301.6 64.78576965 390 0
2097 4 10.55855553 -1.413485231 391.2 67.397486 390 0
2097 5 18.82681948 4.873452271 461.6 137.7463978 390 0
2097 6 21.88452146 10.44161411 512.7 214.8056008 390 0
2097 7 25.87649363 14.88550247 503.7 161.9406205 390 0
2097 8 23.2640617 10.44199331 439.3 91.92683984 390 0
2097 9 19.35744382 6.861933068 346.6 108.5572386 390 0
2097 10 14.2722439 2.638863862 255.1 55.08305161 390 0
2097 11 5.484285066 -5.431438274 163.1 104.0817163 390 0
2097 12 -0.673365062 -9.745564362 125 81.32950149 390 0
2098 1 -5.21205674 -15.18723003 143.5 48.25428821 390 0
2098 2 -0.56987422 -11.56265875 209.8 63.71328043 390 0
2098 3 5.353284833 -7.326038926 301.6 90.07355698 390 0
2098 4 11.20484704 -0.452430054 391.2 57.86790743 390 0
2098 5 18.45170145 4.745492159 461.6 92.45329761 390 0
2098 6 19.46638612 8.078343191 512.7 110.3357948 390 0
2098 7 25.02335914 10.54808707 503.7 75.79218783 390 0
2098 8 22.8898762 9.823317924 439.3 126.4662376 390 0
2098 9 20.00230445 7.226078756 346.6 165.6768643 390 0
2098 10 14.07588225 1.135076536 255.1 88.58689962 390 0
2098 11 6.127532393 -2.489980117 163.1 161.1437948 390 0
2098 12 -2.513791763 -12.18902255 125 64.40986783 390 0
2099 1 1.350616446 -8.028842412 143.5 63.37282637 390 0
2099 2 2.329383636 -10.23680489 209.8 82.73064164 390 0
2099 3 3.837239365 -6.546492493 301.6 118.1893282 390 0
2099 4 11.87828737 0.003054409 391.2 115.92915 390 0
2099 5 15.1902935 2.712388822 461.6 134.2882311 390 0
2099 6 22.04789017 9.057859156 512.7 178.6133815 390 0
2099 7 25.10551924 12.0320038 503.7 58.4530713 390 0
2099 8 25.77633271 11.58957495 439.3 74.1370832 390 0
2099 9 22.19855767 8.373743321 346.6 123.2557379 390 0
2099 10 11.33292363 0.666874497 255.1 118.0125271 390 0
2099 11 4.944456077 -4.068577913 163.1 148.142406 390 0
2099 12 -0.476247341 -10.69333046 125 105.7389784 390 0
2100-2200 1 1.350616446 -8.028842412 143.5 63.37282637 390 0
2100-2200 2 2.329383636 -10.23680489 209.8 82.73064164 390 0
2100-2200 3 3.837239365 -6.546492493 301.6 118.1893282 390 0
2100-2200 4 11.87828737 0.003054409 391.2 115.92915 390 0
2100-2200 5 15.1902935 2.712388822 461.6 134.2882311 390 0
2100-2200 6 22.04789017 9.057859156 512.7 178.6133815 390 0
2100-2200 7 25.10551924 12.0320038 503.7 58.4530713 390 0
2100-2200 8 25.77633271 11.58957495 439.3 74.1370832 390 0
2100-2200 9 22.19855767 8.373743321 346.6 123.2557379 390 0
2100-2200 10 11.33292363 0.666874497 255.1 118.0125271 390 0
2100-2200 11 4.944456077 -4.068577913 163.1 148.142406 390 0
2100-2200 12 -0.476247341 -10.69333046 125 105.7389784 390 0
