Year Month Tmax Tmin PAR Prec CO2 O3
1200-1980 1 -3.57765465922089 -14.5728736006938 143.5 73.6829296074534 390 0
1200-1980 2 -1.40337524326253 -13.3378311615517 209.8 65.9809483721196 390 0
1200-1980 3 3.52618891492205 -8.11144643823193 301.6 78.9704801033059 390 0
1200-1980 4 11.0264154696093 -1.12856923372585 391.2 86.7281837596864 390 0
1200-1980 5 18.1811044146515 4.99567279211375 461.6 102.659520316508 390 0
1200-1980 6 22.691650223973 10.1402803334636 512.7 113.039307369339 390 0
1200-1980 7 25.1793200096188 12.7304503469973 503.7 114.581802720552 390 0
1200-1980 8 24.2573628389205 11.6875791957937 439.3 117.849339691306 390 0
1200-1980 9 19.9068507724086 7.47724861195641 346.6 99.1412527037305 390 0
1200-1980 10 12.9184152206204 1.54160211285671 255.1 112.765515659994 390 0
1200-1980 11 5.92509830504553 -3.40629854707269 163.1 95.6454477193467 390 0
1200-1980 12 -0.708237579885092 -10.2708850129766 125 90.5610724074863 390 0
1981 1 -7.30632621875111 -20.32809337312 143.5 15.925776837709 390 0
1981 2 3.26069698990161 -7.96673303276662 209.8 172.416494471811 390 0
1981 3 3.74030865013609 -6.73903152053184 301.6 33.0621844060739 390 0
1981 4 12.279212600396 -0.389576594405935 391.2 84.8039921828209 390 0
1981 5 19.5867604005677 5.12629951811994 461.6 104.970986724056 390 0
1981 6 22.9328223380028 9.7586699311151 512.7 108.781052280547 390 0
1981 7 25.1202867633074 12.774899893625 503.7 131.253553923087 390 0
1981 8 23.3371675296959 10.6143451698941 439.3 126.955062299793 390 0
1981 9 18.2946401051666 7.7695581967334 346.6 152.887752574828 390 0
1981 10 10.6450183086342 -0.366784406538471 255.1 151.851410518103 390 0
1981 11 5.52820335757418 -3.25397383966614 163.1 66.7981985671686 390 0
1981 12 -1.56912924590485 -9.19096695060719 125 96.5243292601818 390 0
1982 1 -7.79366327983485 -21.0391889765566 143.5 74.1563468158854 390 0
1982 2 -2.31869890862466 -14.6675290517027 209.8 72.9776716903389 390 0
1982 3 2.96474389449824 -9.4248796705812 301.6 68.6461649402973 390 0
1982 4 9.33785380253695 -3.26377990920334 391.2 79.9828542136203 390 0
1982 5 20.0253785984024 4.97755955635922 461.6 37.8955284201252 390 0
1982 6 20.3957045804499 9.03481487708542 512.7 161.002259549008 390 0
1982 7 25.7525985581281 11.2295575842916 503.7 62.4108500522595 390 0
1982 8 22.6157742741636 9.50679102412381 439.3 96.6227557759579 390 0
1982 9 20.0742000290315 7.8093365924409 346.6 71.2720272076922 390 0
1982 10 13.7688344990005 0.879407938207439 255.1 53.1637114419499 390 0
1982 11 7.83231368704326 -1.77349503695268 163.1 102.180162361657 390 0
1982 12 2.75261866534476 -7.80404504980711 125 51.2507586610515 390 0
1983 1 -2.29227031878751 -12.7800078037097 143.5 95.2440511506303 390 0
1983 2 -0.175369301041623 -12.3892555948777 209.8 56.6428706354741 390 0
1983 3 3.84406916278727 -5.36253605480617 301.6 114.156290417455 390 0
1983 4 9.56621548712805 -0.408085081648028 391.2 134.960451017979 390 0
1983 5 15.7198968056921 4.76783688271488 461.6 162.156682589533 390 0
1983 6 24.3740965607425 9.60576873716541 512.7 64.3226822405304 390 0
1983 7 26.0141613281123 12.3070662720828 503.7 72.2414170675886 390 0
1983 8 24.7304175330438 11.7451588356219 439.3 167.0313790574 390 0
1983 9 21.7965736442754 7.87287872403475 346.6 56.7691430467463 390 0
1983 10 13.1728948065151 1.41827264974964 255.1 83.9788452850584 390 0
1983 11 5.36635950253906 -2.63804545939227 163.1 196.993873013611 390 0
1983 12 -2.70440098007049 -12.2998261040725 125 154.961554478722 390 0
1984 1 -4.64172645656609 -16.5318220912037 143.5 36.0472148333487 390 0
1984 2 2.4369211925415 -8.24578968725123 209.8 79.0702046530411 390 0
1984 3 0.0133565997223392 -11.7939103431112 301.6 80.1079265573828 390 0
1984 4 11.4049809359994 -0.469171960797177 391.2 76.2931390504071 390 0
1984 5 16.3261614150192 3.90940781717143 461.6 222.764310318002 390 0
1984 6 23.6873222652244 9.56916148136321 512.7 88.7067018263143 390 0
1984 7 24.8087699595193 12.4635601273316 503.7 133.721354426006 390 0
1984 8 25.5382784916873 13.0026388130493 439.3 62.5511903428391 390 0
1984 9 18.7178640803533 4.95589625389424 346.6 54.2529882918763 390 0
1984 10 14.7203432438453 1.98030928739559 255.1 78.6096057705059 390 0
1984 11 5.93244052317417 -4.07273567333725 163.1 89.3047792479469 390 0
1984 12 1.42089812195467 -8.09106593479541 125 96.0537822008827 390 0
1985 1 -6.52526940686883 -16.6489075768248 143.5 38.6474530892557 390 0
1985 2 -0.948490809617779 -12.0596923528884 209.8 61.8500877762818 390 0
1985 3 4.43821011247856 -8.06178899500978 301.6 77.0367079408783 390 0
1985 4 10.8597324547741 -1.28974769300862 391.2 54.9404869407678 390 0
1985 5 18.7200227635943 4.3796640246499 461.6 87.6057618663375 390 0
1985 6 20.1162807371803 8.74179465498697 512.7 93.6358313928001 390 0
1985 7 25.8548866452533 11.574347836401 503.7 69.5171330216674 390 0
1985 8 23.5518741028106 10.5511208560311 439.3 110.418718886815 390 0
1985 9 20.171242153354 7.48551230948228 346.6 113.679594168878 390 0
1985 10 13.7995996462823 1.75421191293901 255.1 90.9776288304155 390 0
1985 11 5.55346467468913 -2.83998267508237 163.1 113.469703935147 390 0
1985 12 -3.24319718994344 -13.1996686746411 125 61.9571399884455 390 0
1986 1 -2.2536323802242 -14.4519635739255 143.5 130.321511567866 390 0
1986 2 -3.13999897559312 -15.6224279385744 209.8 52.6398456562078 390 0
1986 3 4.86604364335836 -7.51779511272494 301.6 94.3676386063134 390 0
1986 4 14.387694152885 0.608789305348457 391.2 41.3131076652 390 0
1986 5 19.7050772557152 6.29817547113832 461.6 105.922187813042 390 0
1986 6 21.2741271893095 8.11792003641695 512.7 112.527916748713 390 0
1986 7 23.5357416520245 12.1165194839688 503.7 132.437318698234 390 0
1986 8 22.9022918252306 11.1996825600964 439.3 138.550330762357 390 0
1986 9 17.9397202485161 6.24342794142466 346.6 91.7457168491077 390 0
1986 10 12.7149614932196 1.32723866367425 255.1 59.5904079618562 390 0
1986 11 3.9826202341891 -5.27861438681684 163.1 100.655563115696 390 0
1986 12 -0.444563094756817 -9.04486859252537 125 77.6809388644468 390 0
1987 1 -3.65471362581903 -14.9896407351263 143.5 83.0016293280282 390 0
1987 2 -3.42529273484409 -16.6964163591189 209.8 11.8838462797969 390 0
1987 3 5.43455732076013 -7.25318204703684 301.6 50.4954195809902 390 0
1987 4 13.8786260252201 0.99593857939628 391.2 87.4117066432333 390 0
1987 5 18.6385010673236 4.5102741497287 461.6 54.4379350415923 390 0
1987 6 22.6316307189935 10.550951643381 512.7 157.122924358562 390 0
1987 7 26.0401609603611 13.0483186768415 503.7 100.253840481387 390 0
1987 8 23.2506751659974 9.53876381861893 439.3 74.8593864460305 390 0
1987 9 18.5630935498218 7.64342587991345 346.6 133.640551596811 390 0
1987 10 12.508806793807 -0.0209678916081039 255.1 141.443068816931 390 0
1987 11 5.46991096613808 -4.50756975358472 163.1 72.9294700641946 390 0
1987 12 -0.076785293525213 -7.53685016646201 125 57.120603090893 390 0
1988 1 -3.2253523397132 -15.8294897304842 143.5 44.1209545350713 390 0
1988 2 -0.90590682257111 -13.9568518914205 209.8 70.7262510013426 390 0
1988 3 3.12380350286458 -8.9674884870023 301.6 41.7747975807184 390 0
1988 4 10.5077980029769 -0.419021975847887 391.2 100.220655232799 390 0
1988 5 19.3796367703192 6.06146774230429 461.6 69.2944508711954 390 0
1988 6 22.6132114736494 7.46685117229733 512.7 52.9490049070967 390 0
1988 7 26.4593888914644 13.9164130470402 503.7 112.856755983014 390 0
1988 8 25.2939175909796 13.0472801963994 439.3 152.664572219805 390 0
1988 9 18.8053781638715 5.64702249935988 346.6 53.0589994639214 390 0
1988 10 10.1520113529817 0.529767525741673 255.1 56.4415721252979 390 0
1988 11 5.82156636533461 -3.13704377801003 163.1 140.599082655375 390 0
1988 12 -2.02823260039983 -13.3038681084855 125 42.3107885673595 390 0
1989 1 -0.910000277163166 -13.1265841862299 143.5 38.721549683053 390 0
1989 2 -2.46001975662695 -14.4056494071016 209.8 46.9437098623256 390 0
1989 3 2.82749054037841 -10.1569189061267 301.6 68.1863626295068 390 0
1989 4 8.52018095999411 -3.1293990911562 391.2 75.273376367629 390 0
1989 5 19.7915780484955 6.33478151230204 461.6 137.596333437341 390 0
1989 6 22.7788491943849 11.0494071637618 512.7 130.021406150591 390 0
1989 7 25.8390219394963 12.1768608200123 503.7 71.6783456217029 390 0
1989 8 23.6241445687996 11.2435788892549 439.3 159.049655554528 390 0
1989 9 20.3355732798127 7.82274241943682 346.6 119.376247903283 390 0
1989 10 13.8186620759984 1.84621787882506 255.1 118.714042363187 390 0
1989 11 5.06223924291682 -4.73423184313145 163.1 110.161135623322 390 0
1989 12 -9.3109001894376 -21.9301851892278 125 39.4325418924809 390 0
1990 1 1.18768557682432 -8.39191384127819 143.5 104.828089202288 390 0
1990 2 0.244944448691479 -13.2253206552069 209.8 76.2971540256919 390 0
1990 3 5.29045563124867 -7.9208349682946 301.6 71.1501834237591 390 0
1990 4 11.3515260124759 -0.247082528391078 391.2 86.3680034994545 390 0
1990 5 16.3664688980559 3.6497087535325 461.6 127.660224186754 390 0
1990 6 23.0195230858495 10.4703673465311 512.7 131.155546782381 390 0
1990 7 25.3009641577396 12.5180915736078 503.7 92.1744716209346 390 0
1990 8 25.1368298743277 12.7458644284466 439.3 193.377318008149 390 0
1990 9 18.9922036174296 7.73424025769971 346.6 70.6523124806896 390 0
1990 10 14.1522509367589 3.87002309651641 255.1 176.118927621071 390 0
1990 11 6.46855208345219 -2.83668661839441 163.1 92.9277872043703 390 0
1990 12 1.65662114971778 -8.44451689385541 125 134.740104710935 390 0
1991 1 -3.81181369481037 -14.8925775101747 143.5 64.0622426437557 390 0
1991 2 0.760414161332485 -11.2954692948347 209.8 34.9530842853917 390 0
1991 3 3.91106014348155 -5.26743440776577 301.6 86.0656719789002 390 0
1991 4 13.6018875120122 0.357437229041687 391.2 76.5118214748671 390 0
1991 5 20.5421383950337 5.93762234514585 461.6 91.5519314986663 390 0
1991 6 23.6154126791579 9.65406626803491 512.7 60.1634671676662 390 0
1991 7 25.1875171194597 11.5944021153588 503.7 62.685905184267 390 0
1991 8 24.753394019322 12.6598443107536 439.3 170.016893562853 390 0
1991 9 18.4907498091244 5.70090505921577 346.6 127.841804137607 390 0
1991 10 14.6103239087876 2.24204624811763 255.1 121.941890888687 390 0
1991 11 5.87821207960705 -2.77601101007351 163.1 64.6614698874093 390 0
1991 12 -0.853271953806405 -12.0057371757078 125 80.9750525003611 390 0
1992 1 -3.59569535134566 -14.8074668524387 143.5 66.6555125060667 390 0
1992 2 -1.94882140019259 -13.6374540862403 209.8 62.3449590461673 390 0
1992 3 1.29931589493405 -11.3543486760526 301.6 87.3514291702758 390 0
1992 4 8.71216558207027 -2.41086939046062 391.2 70.1237443609918 390 0
1992 5 19.3019979403025 3.30548676109834 461.6 45.2876041913676 390 0
1992 6 22.0176255954771 8.82932710022631 512.7 76.7385158857027 390 0
1992 7 22.5865128366678 10.4356441468955 503.7 102.623780300117 390 0
1992 8 22.6309837482871 10.9331590669513 439.3 100.307448810324 390 0
1992 9 19.9284877137141 6.7251857777263 346.6 105.41808328543 390 0
1992 10 10.1658628402378 -0.152166933694892 255.1 72.8449028105324 390 0
1992 11 4.08629017991301 -4.4468330876801 163.1 106.080377573068 390 0
1992 12 -0.0987769229445651 -9.64387197802695 125 49.6230468129056 390 0
1993 1 -2.25084089766059 -12.1511626750124 143.5 74.0288879830777 390 0
1993 2 -5.90532841259904 -20.6070921313164 209.8 70.0928675121147 390 0
1993 3 2.8771544883005 -11.013757236697 301.6 82.6925299899727 390 0
1993 4 11.4612222259367 -1.00693733390859 391.2 90.5630750041335 390 0
1993 5 18.252929464619 4.48496902187747 461.6 48.9715155578927 390 0
1993 6 22.0909576483311 8.74999363709844 512.7 103.891913856827 390 0
1993 7 25.4876799827264 12.5946199339557 503.7 101.040991726398 390 0
1993 8 25.0823688751469 12.1564083938321 439.3 95.3942179699164 390 0
1993 9 18.5719909106817 7.19168750951394 346.6 115.008425314126 390 0
1993 10 11.2032317013855 -0.459556497807626 255.1 82.4174067518262 390 0
1993 11 5.73721614457591 -4.71933263473275 163.1 83.3563758337124 390 0
1993 12 -1.16108851649239 -10.8784258160506 125 79.0119224389627 390 0
1994 1 -8.28288915797929 -21.88594550302 143.5 102.670481273596 390 0
1994 2 -4.71201137660426 -17.9614878808197 209.8 36.9990397314169 390 0
1994 3 2.03402698697846 -8.29484914264164 301.6 103.355541363951 390 0
1994 4 10.5059937840693 -1.80451178220997 391.2 101.234269010636 390 0
1994 5 16.7182418924129 3.33274601654732 461.6 101.111237016527 390 0
1994 6 24.1040535262086 11.1808252673868 512.7 101.933605315149 390 0
1994 7 26.1904984773022 14.3652663288032 503.7 116.018339779391 390 0
1994 8 23.3080129023067 10.3860900261886 439.3 123.974801915579 390 0
1994 9 18.0718239248888 7.27754901169393 346.6 102.127404938232 390 0
1994 10 13.904251698531 1.18769383146825 255.1 25.061656528773 390 0
1994 11 8.23547346088306 -2.49298125211807 163.1 75.2390205981353 390 0
1994 12 1.38553267520804 -8.98247532049582 125 68.2782013993847 390 0
1995 1 -0.659109603091836 -9.43017719514035 143.5 79.3997395983956 390 0
1995 2 -3.51343704068159 -15.632827188759 209.8 59.3654157986622 390 0
1995 3 4.96487726189509 -6.01016305343533 301.6 64.0726992886122 390 0
1995 4 7.97531037648556 -3.77957671768466 391.2 52.9041891195331 390 0
1995 5 16.9346777559336 4.04088441104267 461.6 65.2947564939783 390 0
1995 6 25.1179324399805 9.88092420604902 512.7 34.4257895652575 390 0
1995 7 26.5641499556277 13.800607836627 503.7 129.432308585918 390 0
1995 8 25.0156199711897 11.3172399078272 439.3 106.037908078666 390 0
1995 9 18.439172883345 4.3840001722474 346.6 83.974331199616 390 0
1995 10 15.5689157140752 3.53773359032861 255.1 204.7351151362 390 0
1995 11 3.65885892922039 -4.87240156397407 163.1 112.619742597002 390 0
1995 12 -4.17878640571843 -12.9151169756914 125 79.4562757151264 390 0
1996 1 -3.67711139393953 -15.467914593686 143.5 116.980350177314 390 0
1996 2 -2.88602444672082 -13.3756346946452 209.8 74.3770823811913 390 0
1996 3 2.48841316400965 -9.83369612672116 301.6 42.9449121771748 390 0
1996 4 9.76701332549064 -1.39045780778253 391.2 158.677417531729 390 0
1996 5 16.5349989354479 3.65530877684736 461.6 143.824802055829 390 0
1996 6 22.6097634643821 11.2085450107795 512.7 113.524625237449 390 0
1996 7 23.8268162392594 12.3831696910266 503.7 196.294451052744 390 0
1996 8 24.4668706528904 11.6181944834039 439.3 55.4732233898297 390 0
1996 9 20.1104409893901 8.66433538403084 346.6 76.7239695462534 390 0
1996 10 12.4730489751816 0.544746940064455 255.1 148.923316745366 390 0
1996 11 3.2447857776523 -5.7386670793393 163.1 76.7820006896063 390 0
1996 12 1.44730116851831 -5.55035201812868 125 135.096300150251 390 0
1997 1 -4.01077972836336 -15.4925040819518 143.5 87.38272993763 390 0
1997 2 0.560242005075555 -11.9074201482733 209.8 67.4047396914362 390 0
1997 3 1.54644859276645 -10.5379890695981 301.6 98.4704234575787 390 0
1997 4 9.01864873518724 -3.32454223037244 391.2 76.4719444760809 390 0
1997 5 13.8465896964332 2.56155252345501 461.6 89.5408161645732 390 0
1997 6 23.9714754778929 9.60737176999272 512.7 76.0685075685956 390 0
1997 7 24.4025792859508 11.0722973601911 503.7 133.776509697861 390 0
1997 8 23.1693032968011 10.7071506686695 439.3 155.904746157553 390 0
1997 9 18.7111892856503 6.68389795725674 346.6 68.6987938905434 390 0
1997 10 12.4326898325258 -0.330046761786483 255.1 51.3127944277772 390 0
1997 11 4.42430559343045 -5.33570932900296 163.1 128.57395663353 390 0
1997 12 -0.554581908818963 -11.1789361412287 125 67.6763150475699 390 0
1998 1 -1.52462207752005 -11.5621370751765 143.5 139.250074740149 390 0
1998 2 2.17823437447215 -9.86796104007844 209.8 59.915908394903 390 0
1998 3 4.68134215335658 -6.85113020993236 301.6 93.3493064032822 390 0
1998 4 13.1146780641339 -1.02843172223314 391.2 62.6086916515184 390 0
1998 5 21.604478031451 7.1063078735844 461.6 67.4741800141536 390 0
1998 6 21.3243840590474 11.1517624734711 512.7 229.932562525757 390 0
1998 7 24.6346039108494 12.3877635509089 503.7 129.842106403208 390 0
1998 8 24.6478193801274 11.5420500058766 439.3 123.461555829364 390 0
1998 9 20.5410002458715 7.4518984040228 346.6 98.4674090610606 390 0
1998 10 12.971500032667 2.67585597650381 255.1 79.5241651632901 390 0
1998 11 4.97533273302751 -2.05024293532693 163.1 82.5965885720737 390 0
1998 12 3.73107881428441 -7.85633878215614 125 41.590922220623 390 0
1999 1 -2.59434913379467 -14.9560093914652 143.5 142.553408439739 390 0
1999 2 0.246327286799295 -12.936637490915 209.8 35.0629767482621 390 0
1999 3 3.11666421399412 -7.51355445386843 301.6 111.72522459625 390 0
1999 4 11.3971335667638 -1.78663412319981 391.2 19.6755209907849 390 0
1999 5 20.253404196788 5.45351672020037 461.6 86.3320935145366 390 0
1999 6 25.653285864909 11.0939949483606 512.7 72.4312274907658 390 0
1999 7 26.5921075693006 13.1962741136425 503.7 100.03745572187 390 0
1999 8 23.811205725121 10.9887492600504 439.3 66.7535846788648 390 0
1999 9 22.2477597947224 9.33981221407129 346.6 211.522460388623 390 0
1999 10 11.7992834554313 -0.485925826957001 255.1 104.378157992199 390 0
1999 11 8.73922003715023 -1.4468750951859 163.1 80.7361057061116 390 0
1999 12 0.146342429664707 -8.53969893543306 125 47.4336429966836 390 0
2000 1 -4.78676813225875 -15.8173505418912 143.5 94.9742416215256 390 0
2000 2 -0.529916220523271 -13.5263836595399 209.8 88.6246544107899 390 0
2000 3 6.64174943024662 -5.50112305097797 301.6 76.569368453434 390 0
2000 4 9.0971096967681 -1.21199885284703 391.2 157.267209163042 390 0
2000 5 17.0663834956988 5.18644449537551 461.6 140.268994767736 390 0
2000 6 21.4471229733746 9.72982165259983 512.7 84.9593761925561 390 0
2000 7 23.2397880796537 10.9045737749129 503.7 98.8098542496174 390 0
2000 8 22.9541391852584 11.0840612604316 439.3 97.4974896122585 390 0
2000 9 19.3770258438643 6.38520411770227 346.6 65.7759562353324 390 0
2000 10 13.4267430825669 0.906688494684482 255.1 72.5777979977176 390 0
2000 11 5.02828883856262 -2.59103337447093 163.1 85.4398451441813 390 0
2000 12 -3.63051894076915 -14.3655456314267 125 125.796608994268 390 0
2001 1 -2.85613157750592 -14.2212484533721 143.5 38.8026883689058 390 0
2001 2 -1.655039064878 -14.1062763083165 209.8 85.7975789561908 390 0
2001 3 1.21217755087802 -9.85545704120528 301.6 136.903168138523 390 0
2001 4 10.4882932578141 -2.76161032870871 391.2 25.4706644569449 390 0
2001 5 20.0399962886159 5.13911753810643 461.6 48.2075391221092 390 0
2001 6 23.8145228409339 10.4526514861407 512.7 86.3908862354781 390 0
2001 7 23.9337347324484 10.8619448299127 503.7 80.4615240275257 390 0
2001 8 26.9032881292308 12.2714616225629 439.3 49.562899589259 390 0
2001 9 21.1300845836283 7.04942107282878 346.6 109.542011051867 390 0
2001 10 15.228066529644 1.59173830817373 255.1 54.6713755071069 390 0
2001 11 7.90526277371769 -2.09411165898938 163.1 60.5408182773871 390 0
2001 12 2.99873260386736 -6.47048691778728 125 59.9231755526151 390 0
2002 1 0.332107783855449 -9.03814624574033 143.5 62.270769221231 390 0
2002 2 0.921246310604377 -12.0497710919156 209.8 82.4328477937567 390 0
2002 3 3.16254365997703 -7.10082349105969 301.6 94.780339545572 390 0
2002 4 11.7292573276394 -0.0803927975933914 391.2 113.365988366778 390 0
2002 5 15.6977155209986 3.12008014551839 461.6 108.545012716305 390 0
2002 6 21.6340659852858 9.42175885065556 512.7 177.650571087084 390 0
2002 7 25.3803896862515 12.5189093614324 503.7 85.3976132176214 390 0
2002 8 26.2241788159603 12.1929595593229 439.3 40.1912851313206 390 0
2002 9 22.4571093195926 8.62763209486868 346.6 120.701918933825 390 0
2002 10 10.9212677068587 0.56390720850276 255.1 84.6833677373333 390 0
2002 11 3.92758490689098 -4.80797248700913 163.1 112.967976887611 390 0
2002 12 -1.47019897204109 -11.8270378118851 125 68.4515692975342 390 0
2003 1 -7.39641978849558 -18.5159020690228 143.5 49.1071518395886 390 0
2003 2 -4.25589409431004 -16.6044317719739 209.8 47.7427966567713 390 0
2003 3 3.70083695975334 -10.1189548112674 301.6 70.7451273373022 390 0
2003 4 8.82113391254754 -2.90356066299532 391.2 65.587104282302 390 0
2003 5 16.6294822945788 5.0096027794668 461.6 103.10559509795 390 0
2003 6 22.7409790422478 10.1691310563018 512.7 73.3408933621929 390 0
2003 7 24.8401970892609 13.0565151443124 503.7 112.47304450586 390 0
2003 8 24.9785741318819 13.9061150592785 439.3 134.211813559182 390 0
2003 9 20.5234876395591 8.20959974139875 346.6 123.290974177012 390 0
2003 10 11.6797558839025 0.915674706001376 255.1 171.333118990692 390 0
2003 11 6.75431187522102 -3.12748815985974 163.1 114.127093525343 390 0
2003 12 -1.13777890028033 -11.3736640930889 125 177.28252837642 390 0
2004 1 -9.14949413090516 -19.0553262610337 143.5 25.7162072966727 390 0
2004 2 -1.90781204079384 -15.2982352722446 209.8 30.6071606244877 390 0
2004 3 4.68798399411902 -6.27068097154283 301.6 44.2486513043828 390 0
2004 4 10.7070414689244 -1.16080358230297 391.2 86.0745035043741 390 0
2004 5 19.0375168106065 6.14227219860498 461.6 128.9917114916 390 0
2004 6 21.472247383924 8.19762511113453 512.7 75.7898134439307 390 0
2004 7 23.886965162832 13.0751394911884 503.7 127.848435550544 390 0
2004 8 23.6937973723321 12.1801610325217 439.3 188.457396710734 390 0
2004 9 20.8501397723451 7.89214993952987 346.6 76.8997265468576 390 0
2004 10 13.42381030647 0.721635045050163 255.1 38.7017637399627 390 0
2004 11 6.17004887059207 -4.00065758870661 163.1 94.9915059027641 390 0
2004 12 -1.4228610816832 -11.7312246158234 125 108.993015460882 390 0
2005 1 -4.89222786264551 -16.0509442646571 143.5 66.6836509979364 390 0
2005 2 0.0345464478890917 -12.7917617389773 209.8 60.894085478085 390 0
2005 3 1.53821509417013 -10.3365452027181 301.6 70.1665186128255 390 0
2005 4 12.8191761801256 -0.669759481909187 391.2 124.48453443349 390 0
2005 5 14.5183709002741 3.54008854640856 461.6 83.7134448027051 390 0
2005 6 25.0122142514849 12.8377890531255 512.7 127.147654913279 390 0
2005 7 26.254294683307 14.0560085227089 503.7 107.692921673441 390 0
2005 8 25.1648990569345 12.9837193242076 439.3 106.020535701159 390 0
2005 9 22.0939399588786 9.42916372620255 346.6 106.096420351765 390 0
2005 10 12.8284683517459 4.13648845214975 255.1 265.42196079225 390 0
2005 11 7.20587748164794 -3.15193007543437 163.1 137.212989845903 390 0
2005 12 -1.5111805399428 -10.9483666071948 125 94.1977070306752 390 0
2006 1 0.809442514980174 -9.14422845124858 143.5 107.660120392543 390 0
2006 2 -1.74177228094681 -11.3098030422079 209.8 55.4554518123143 390 0
2006 3 2.49640867801444 -7.33349639649532 301.6 43.8476195290183 390 0
2006 4 12.5423725149155 -0.857117577226229 391.2 76.9721739121623 390 0
2006 5 17.5793051573004 6.86635029149807 461.6 177.471671857301 390 0
2006 6 22.419530535064 12.0803784697653 512.7 219.761448963609 390 0
2006 7 26.4745124724601 14.5880207065524 503.7 137.533079867977 390 0
2006 8 23.2603336644719 11.2677619243708 439.3 111.965909231058 390 0
2006 9 19.2860394058012 7.77543610248996 346.6 69.3610926010729 390 0
2006 10 11.6994823165779 1.67366032965614 255.1 192.741101158045 390 0
2006 11 8.60638855890737 -0.0505631033119588 163.1 75.7792143208695 390 0
2006 12 3.06910030658149 -5.44686263861533 125 107.927177642307 390 0
2007 1 -2.48631449370644 -12.9136546489587 143.5 82.731384082821 390 0
2007 2 -5.84764210907037 -17.1108138376186 209.8 66.1844751858031 390 0
2007 3 2.56167122806424 -10.362120314294 301.6 84.8557064213394 390 0
2007 4 8.45162571791215 -1.68284194622812 391.2 125.573423413098 390 0
2007 5 18.7275866641611 4.54932625334184 461.6 68.2142748817324 390 0
2007 6 23.1349252632466 10.9023962346073 512.7 85.4385513617795 390 0
2007 7 23.5747264945648 12.1561941610816 503.7 158.120464088168 390 0
2007 8 24.7499797488725 11.2807429851659 439.3 80.9882174548571 390 0
2007 9 21.510907013512 7.78985712648885 346.6 92.643898077512 390 0
2007 10 15.8250809589682 4.5743488418564 255.1 144.262416439444 390 0
2007 11 4.15301762280997 -4.5793980239934 163.1 118.445316803139 390 0
2007 12 -2.14660757384186 -11.0095813285755 125 123.02402694794 390 0
2008 1 -1.21009454521746 -11.9119331154426 143.5 60.5794310594743 390 0
2008 2 -1.59070349979846 -12.5571873994445 209.8 149.401277493125 390 0
2008 3 1.64030800361359 -10.5353373458302 301.6 117.004004075447 390 0
2008 4 13.3112273570946 -0.391834540616629 391.2 90.4400748539182 390 0
2008 5 16.8973387655081 3.20129388701275 461.6 29.3780016162448 390 0
2008 6 22.8775993440766 12.1067808639519 512.7 158.949050250276 390 0
2008 7 24.9800853873253 13.6751944568253 503.7 185.498501107846 390 0
2008 8 22.855208717562 11.408609381968 439.3 159.945335120307 390 0
2008 9 20.3249913831381 8.36711000827384 346.6 83.8592426926064 390 0
2008 10 12.2597573813114 0.609221386566665 255.1 124.469280843732 390 0
2008 11 5.21663014980898 -3.03324466455628 163.1 83.5795089007566 390 0
2008 12 -0.32331413865065 -11.0848107843809 125 141.341730484325 390 0
2009 1 -6.57133655135049 -18.3272321259119 143.5 72.7323557748878 390 0
2009 2 -1.32944654670326 -13.273996942203 209.8 61.9687373464369 390 0
2009 3 3.93579458060759 -8.28975807697705 301.6 62.8872856505582 390 0
2009 4 12.1611092855882 -0.186293844484378 391.2 66.2254770379557 390 0
2009 5 17.3495095420912 4.78507488540149 461.6 133.80098659277 390 0
2009 6 20.5879422218116 10.1867898275314 512.7 120.663300890497 390 0
2009 7 22.8056115425673 12.468238476809 503.7 174.168147339222 390 0
2009 8 24.5316492953869 12.9017403786367 439.3 109.364005663949 390 0
2009 9 19.4432128985084 6.44683708098624 346.6 57.9939586497394 390 0
2009 10 9.92299423917711 1.17084773591349 255.1 131.743194929194 390 0
2009 11 8.97539178789956 -1.45174235732576 163.1 102.994936081151 390 0
2009 12 -1.98697692121013 -10.4651703904835 125 104.443159258341 390 0
2010 1 -2.90414099323855 -11.1420193599847 143.5 59.3476546217128 390 0
2010 2 -1.87560500612359 -8.7770376834218 209.8 72.8009578375105 390 0
2010 3 7.10224893758303 -3.59517192703562 301.6 101.348421979583 390 0
2010 4 13.7388761985218 1.36356077148462 391.2 90.9439169610762 390 0
2010 5 20.1219909692911 6.07860116038992 461.6 59.4506313853054 390 0
2010 6 21.9938607498391 10.7519502424369 512.7 150.065713711729 390 0
2010 7 26.491322917467 14.7407961027246 503.7 103.847414798096 390 0
2010 8 24.1071107148327 12.0270092338251 439.3 106.28458645891 390 0
2010 9 20.4087154329558 9.27043957955074 346.6 74.3497736410063 390 0
2010 10 12.0839279540791 1.80304804311163 255.1 235.838083737981 390 0
2010 11 5.45496828856094 -3.02831479648853 163.1 79.4767865789405 390 0
2010 12 -2.83568596979012 -10.3316114530177 125 106.070362213613 390 0
2011 1 -4.3674501238839 -14.4089813412032 143.5 56.4372014326063 390 0
2011 2 -2.5618319082766 -15.4737335246527 209.8 84.4707323576651 390 0
2011 3 2.32853207732989 -8.61584873162553 301.6 124.75024134947 390 0
2011 4 9.97061158723698 -0.498771998399336 391.2 163.431122081708 390 0
2011 5 18.8916524670593 7.9120069804162 461.6 182.269781716652 390 0
2011 6 22.3263532350857 10.6163590434159 512.7 108.040144609877 390 0
2011 7 26.3408504208719 13.6059383751442 503.7 76.4109026536737 390 0
2011 8 24.5248981049427 12.6560688150733 439.3 252.977527754416 390 0
2011 9 21.1918344002752 10.2692827643631 346.6 134.497549764895 390 0
2011 10 13.3510229961082 3.55026594497353 255.1 116.123994976923 390 0
2011 11 9.64639310986249 -1.70907840548529 163.1 57.5926705966742 390 0
2011 12 1.90894371451707 -7.80850313902344 125 90.8068725199539 390 0
2012 1 -2.00861237058463 -11.5983693539349 143.5 78.9770420511566 390 0
2012 2 0.749189373122411 -9.74748232755471 209.8 33.4853740254644 390 0
2012 3 9.04957953192896 -3.42568549170204 301.6 48.7525995033672 390 0
2012 4 11.7315839066242 -0.226831136772101 391.2 84.892340888769 390 0
2012 5 19.6133520220985 7.85381510251243 461.6 133.722351861593 390 0
2012 6 22.5319367192531 10.5607366725701 512.7 105.807311173006 390 0
2012 7 26.3208211017887 13.0658549733968 503.7 96.8078616287359 390 0
2012 8 26.0276051270034 12.7696220362614 439.3 92.0966662597604 390 0
2012 9 20.063249734273 7.15756314241774 346.6 134.051501751571 390 0
2012 10 14.5009958504834 4.27751234397413 255.1 136.99018151476 390 0
2012 11 5.60421291636643 -4.62935083008774 163.1 30.2759541504107 390 0
2012 12 0.811423809983029 -6.73656184154869 125 131.858532287151 390 0
2013 1 -2.75268371792369 -13.9959858239691 143.5 41.5187739420423 390 0
2013 2 -2.06908286095155 -11.0638638043432 209.8 55.5409566596893 390 0
2013 3 2.84384250819275 -6.46144112698479 301.6 60.155376998899 390 0
2013 4 10.6544184788586 -1.78886790583069 391.2 60.9630842798489 390 0
2013 5 19.5573064536098 5.5795579978804 461.6 140.93083475926 390 0
2013 6 22.5026979463095 10.8925647145596 512.7 186.956886143193 390 0
2013 7 26.195814314071 15.3758526812987 503.7 185.832835722222 390 0
2013 8 23.650362091778 11.2559701324747 439.3 80.059791819303 390 0
2013 9 19.4622336741326 7.67619513326111 346.6 115.479299402719 390 0
2013 10 14.5738374067133 2.39975566251799 255.1 49.6757512356179 390 0
2013 11 4.88250131314409 -5.20153347587783 163.1 106.209763844174 390 0
2013 12 -2.01159625582135 -10.942963367978 125 87.2247023837566 390 0
2014 1 -7.736427 -20.698969 143.5 55.2283073 399 0
2014 2 -3.6601121 -17.816381 209.8 73.67427675 399.92 0
2014 3 3.4991176 -8.276986 301.6 88.5258351 400.9 0
2014 4 11.101991 -1.558659 391.2 108.734895 402.36 0
2014 5 17.612621 3.8762858 461.6 148.357816 402.9 0
2014 6 24.432543 10.398816 512.7 102.348348 402.35 0
2014 7 26.95846 13.314166 503.7 102.552619 400.83 0
2014 8 26.893818 11.972619 439.3 89.7993306 398.24 0
2014 9 20.215662 8.044912 346.6 104.428998 397.24 0
2014 10 12.9338 0.82965404 255.1 88.3493397 397.1 0
2014 11 4.1749988 -4.954999 163.1 114.497124 398.53 0
2014 12 1.4355576 -7.692957 125 71.274115 399.74 0
2015 1 -2.9330294 -13.516993 143.5 92.1794827 401.63 0
2015 2 2.907033 -8.768036 209.8 118.859502 402.55 0
2015 3 5.940336 -5.3743334 301.6 151.187837 403.53 0
2015 4 11.313804 -0.9143404 391.2 87.57372 404.99 0
2015 5 22.423399 9.250974 461.6 110.0539587 405.53 0
2015 6 24.695261 10.464447 512.7 112.781418 404.98 0
2015 7 27.546482 12.834576 503.7 126.744895 403.46 0
2015 8 26.040394 12.501617 439.3 145.718352 400.87 0
2015 9 22.609648 7.2986746 346.6 75.766281 399.87 0
2015 10 14.1879 1.6278807 255.1 82.0760123 399.73 0
2015 11 8.057098 -1.4968594 163.1 61.85004 401.16 0
2015 12 -4.189534 -16.821218 125 98.561307 402.37 0
2016 1 -3.9964702 -15.971231 143.5 100.850099 404.33 0
2016 2 -2.8896027 -14.50276 209.8 70.6496792 405.25 0
2016 3 5.868044 -6.06521 301.6 79.0617738 406.23 0
2016 4 9.07978 -2.4741883 391.2 99.48069 407.69 0
2016 5 18.276775 4.9829264 461.6 122.9298242 408.23 0
2016 6 24.963816 10.956319 512.7 133.24434 407.68 0
2016 7 27.628584 13.38594 503.7 117.6397114 406.16 0
2016 8 27.724657 11.606976 439.3 55.3002056 403.57 0
2016 9 21.192133 7.432394 346.6 102.047538 402.57 0
2016 10 12.867847 1.4533424 255.1 87.2884174 402.43 0
2016 11 6.9236727 -2.0974016 163.1 176.216511 403.86 0
2016 12 5.0077558 -5.800244 125 91.1427063 405.07 0
2017 1 1.416545 -8.572474 143.5 87.8879202 407.1 0
2017 2 -0.18282004 -12.542993 209.8 52.2934733 408.02 0
2017 3 8.639993 -3.9668164 301.6 85.7335473 409 0
2017 4 14.139583 1.3847635 391.2 98.20503 410.46 0
2017 5 17.412096 1.78989 461.6 106.854427 411 0
2017 6 24.082811 9.897579 512.7 106.799568 410.45 0
2017 7 26.725613 12.806373 503.7 134.975054 408.93 0
2017 8 25.254679 11.448914 439.3 103.529243 406.34 0
2017 9 20.165958 7.598615 346.6 77.72034 405.34 0
2017 10 13.430194 0.83025974 255.1 65.983221 405.2 0
2017 11 8.182264 -1.4991025 163.1 102.34968 406.63 0
2017 12 -0.109990805 -10.501864 125 86.694538 407.84 0
2018 1 -4.0390706 -15.695891 143.5 81.3377876 409.93 0
2018 2 4.4029675 -8.253917 209.8 55.5397486 410.85 0
2018 3 7.119657 -5.5890455 301.6 45.5979 411.83 0
2018 4 9.644098 -2.4042168 391.2 87.913986 413.29 0
2018 5 16.865658 2.147505 461.6 94.956317 413.83 0
2018 6 24.654491 10.1093445 512.7 87.250401 413.28 0
2018 7 26.24662 12.590268 503.7 150.5439794 411.76 0
2018 8 26.717678 13.421461 439.3 135.8243207 409.17 0
2018 9 20.164948 5.539033 346.6 92.64444 408.17 0
2018 10 15.842802 1.5462236 255.1 65.9648752 408.03 0
2018 11 8.458188 -1.929538 163.1 103.480632 409.46 0
2018 12 0.79699844 -9.179608 125 42.6667477 410.67 0
2019 1 -4.5737395 -15.587316 143.5 39.0303175 412.82 0
2019 2 4.771399 -7.3266573 209.8 60.664615 413.74 0
2019 3 8.125519 -4.352291 301.6 80.4662567 414.72 0
2019 4 12.343565 -1.5658714 391.2 78.866709 416.18 0
2019 5 18.307627 3.9690254 461.6 182.1256944 416.72 0
2019 6 24.508976 10.594636 512.7 124.898415 416.17 0
2019 7 26.619726 13.141131 503.7 128.6159155 414.65 0
2019 8 24.399769 12.650333 439.3 180.1646313 412.06 0
2019 9 21.274519 8.329401 346.6 53.46981 411.06 0
2019 10 17.91792 4.7619014 255.1 70.394862 410.92 0
2019 11 9.067049 -1.6560693 163.1 144.50349 412.35 0
2019 12 1.2427917 -8.830195 125 120.4450068 413.56 0
2020 1 -4.4141455 -14.648321 143.5 33.6027383 415.78 0
2020 2 -2.111725 -16.149214 209.8 65.4022417 416.7 0
2020 3 6.687019 -6.294959 301.6 133.6505883 417.68 0
2020 4 12.493383 -2.4557698 391.2 80.647638 419.14 0
2020 5 20.28331 4.2794046 461.6 81.5087185 419.68 0
2020 6 24.880875 11.21924 512.7 121.689705 419.13 0
2020 7 26.340425 13.829066 503.7 147.679474 417.61 0
2020 8 27.217005 12.401752 439.3 77.5853957 415.02 0
2020 9 20.537577 7.3054924 346.6 183.605889 414.02 0
2020 10 15.721952 0.45683238 255.1 19.5268287 413.88 0
2020 11 9.00961 -0.038334236 163.1 120.03336 415.31 0
2020 12 4.2411475 -4.856256 125 56.6939377 416.52 0
2021 1 -0.8793998 -11.085956 143.5 21.2610245 418.8 0
2021 2 1.8740364 -9.0033455 209.8 84.0690846 419.72 0
2021 3 8.059133 -4.350095 301.6 61.8694249 420.7 0
2021 4 13.694955 -0.2478035 391.2 111.327459 422.16 0
2021 5 23.262096 7.7923174 461.6 55.5210992 422.7 0
2021 6 25.941484 12.636548 512.7 126.82665 422.15 0
2021 7 27.762833 13.154969 503.7 94.7650687 420.63 0
2021 8 24.962023 12.479783 439.3 139.640864 418.04 0
2021 9 18.9512 7.4954247 346.6 103.30482 417.04 0
2021 10 16.239027 2.261308 255.1 75.168986 416.9 0
2021 11 9.0404825 -2.5658538 163.1 116.51772 418.33 0
2021 12 2.9502587 -7.5374703 125 128.4404834 419.54 0
2022 1 -2.3801816 -13.57248 143.5 142.9461305 421.86 0
2022 2 -0.64123946 -13.189304 209.8 62.720409875 422.78 0
2022 3 7.6578097 -3.2464972 301.6 98.463037 423.76 0
2022 4 13.731386 0.049035266 391.2 45.745149 425.22 0
2022 5 21.979685 5.541821 461.6 52.4675775 425.76 0
2022 6 25.784468 11.96364 512.7 158.32146 425.21 0
2022 7 27.546717 12.773593 503.7 92.3056775 423.69 0
2022 8 25.523317 11.732591 439.3 116.329019 421.1 0
2022 9 22.40949 8.767515 346.6 98.77497 420.1 0
2022 10 15.640455 0.7999513 255.1 67.266869 419.96 0
2022 11 7.56361 -2.1997967 163.1 103.475769 421.39 0
2022 12 0.49627894 -7.1008687 125 135.692177 422.6 0
2023 1 -1.1537427 -12.258478 143.5 101.0740802 424.99 0
2023 2 -0.3651317 -14.496508 209.8 60.93944795 425.91 0
2023 3 6.776074 -6.2638836 301.6 57.4044143 426.89 0
2023 4 14.028272 1.6934451 391.2 112.845075 428.35 0
2023 5 22.328863 7.233249 461.6 138.8093293 428.89 0
2023 6 26.315046 11.0423765 512.7 81.780624 428.34 0
2023 7 26.785004 13.024093 503.7 148.7633766 426.82 0
2023 8 26.069164 12.253455 439.3 87.3009135 424.23 0
2023 9 22.440393 7.720682 346.6 58.298862 423.23 0
2023 10 16.940548 4.549852 255.1 56.3219315 423.09 0
2023 11 9.118599 -0.4791991 163.1 127.816872 424.52 0
2023 12 0.48217705 -8.98362 125 40.525866 425.73 0
2024 1 -3.902228 -14.327825 143.5 62.044981 428.2 0
2024 2 1.5005126 -10.074446 209.8 64.05860955 429.12 0
2024 3 5.709629 -5.352713 301.6 128.9092034 430.1 0
2024 4 12.009303 -0.2000475 391.2 99.254358 431.56 0
2024 5 18.317251 6.5172157 461.6 138.2487656 432.1 0
2024 6 25.455273 11.448564 512.7 102.226659 431.55 0
2024 7 27.857107 14.835378 503.7 126.229489 430.03 0
2024 8 29.112438 14.377251 439.3 61.3892876 427.44 0
2024 9 22.348885 6.953507 346.6 120.73296 426.44 0
2024 10 17.582468 3.6574624 255.1 112.2084308 426.3 0
2024 11 8.897607 -0.88568616 163.1 169.715382 427.73 0
2024 12 5.9952607 -4.1425405 125 72.8486732 428.94 0
2025 1 2.4904158 -8.215653 143.5 32.0377529 431.47 0
2025 2 0.35733542 -12.704545 209.8 82.89616155 432.39 0
2025 3 7.6353626 -3.8445225 301.6 91.9580187 433.37 0
2025 4 10.34042 -1.4739149 391.2 166.20234 434.83 0
2025 5 21.748634 5.776108 461.6 106.6490272 435.37 0
2025 6 22.888817 8.686788 512.7 61.567332 434.82 0
2025 7 24.478317 10.670742 503.7 134.602093 433.3 0
2025 8 26.581554 12.5201025 439.3 132.6405835 430.71 0
2025 9 21.33575 8.454175 346.6 107.150796 429.71 0
2025 10 14.63744 2.4411452 255.1 110.0834645 429.57 0
2025 11 6.7684574 -3.141566 163.1 91.806078 431 0
2025 12 -0.30009058 -14.248876 125 97.8445715 432.21 0
2026 1 -1.4068718 -12.836986 143.5 117.1434944 434.83 0
2026 2 2.6463323 -10.989614 209.8 18.3154024475 435.75 0
2026 3 6.3015327 -5.36545 301.6 93.7826167 436.73 0
2026 4 14.395193 0.2582424 391.2 102.463704 438.19 0
2026 5 20.555445 7.7378325 461.6 110.6553184 438.73 0
2026 6 24.219694 13.022665 512.7 203.335332 438.18 0
2026 7 27.420149 13.40088 503.7 94.097741 436.66 0
2026 8 26.073137 15.39656 439.3 126.9584757 434.07 0
2026 9 21.51492 8.011192 346.6 122.476272 433.07 0
2026 10 17.43919 4.7507787 255.1 92.9492003 432.93 0
2026 11 9.064549 -1.9203848 163.1 91.325184 434.36 0
2026 12 2.6615026 -7.408884 125 86.089914 435.57 0
2027 1 -2.6003103 -14.854188 143.5 45.5698822 438.24 0
2027 2 4.5577297 -7.8907847 209.8 64.962092575 439.16 0
2027 3 8.567906 -5.6218767 301.6 33.072257 440.14 0
2027 4 13.023371 -0.74543446 391.2 132.718392 441.6 0
2027 5 20.307028 5.3110223 461.6 116.6087816 442.14 0
2027 6 25.280191 10.780817 512.7 185.764545 441.59 0
2027 7 28.117407 14.922739 503.7 110.4298275 440.07 0
2027 8 27.932549 13.186467 439.3 95.429842 437.48 0
2027 9 24.001844 9.856344 346.6 80.27787 436.48 0
2027 10 16.798262 2.752275 255.1 84.13586 436.34 0
2027 11 9.6289015 -1.5353559 163.1 101.45496 437.77 0
2027 12 3.7312183 -5.362413 125 98.514373 438.98 0
2028 1 -0.1662804 -11.48596 143.5 126.5047287 441.72 0
2028 2 -2.1516755 -15.330241 209.8 66.49323975 442.64 0
2028 3 5.2176347 -7.502102 301.6 68.760325 443.62 0
2028 4 15.34605 1.1064967 391.2 40.775781 445.08 0
2028 5 22.078495 5.649643 461.6 61.9664921 445.62 0
2028 6 27.959217 10.983355 512.7 52.188774 445.07 0
2028 7 26.925425 12.319749 503.7 132.3049155 443.55 0
2028 8 28.056677 12.837094 439.3 56.252693 440.96 0
2028 9 22.762001 8.432581 346.6 93.123285 439.96 0
2028 10 13.340429 0.93289 255.1 93.5934795 439.82 0
2028 11 8.152753 -1.9757309 163.1 141.998319 441.25 0
2028 12 0.098809116 -10.015946 125 96.3004026 442.46 0
2029 1 -8.037229 -21.522089 143.5 106.1459592 445.25 0
2029 2 -4.8540807 -18.447517 209.8 55.77343825 446.17 0
2029 3 7.1220226 -4.5490537 301.6 95.1214323 447.15 0
2029 4 15.342361 1.8420374 391.2 93.5493 448.61 0
2029 5 19.173283 8.468902 461.6 257.826504 449.15 0
2029 6 25.500036 10.840735 512.7 119.58717 448.6 0
2029 7 27.506409 14.654218 503.7 139.8340436 447.08 0
2029 8 26.989769 12.46575 439.3 75.4632845 444.49 0
2029 9 24.079252 11.397462 346.6 85.31517 443.49 0
2029 10 20.573133 8.952382 255.1 165.331773 443.35 0
2029 11 5.725455 -3.5773847 163.1 90.28092 444.78 0
2029 12 1.5834726 -6.671217 125 89.2788809 445.99 0
2030 1 -3.239507 -15.526663 143.5 77.1831707 448.83 0
2030 2 -0.19258924 -11.72419 209.8 109.66412135 449.75 0
2030 3 5.8862247 -5.2106986 301.6 89.3698101 450.73 0
2030 4 12.7629795 -0.23316246 391.2 58.605978 452.19 0
2030 5 22.78193 5.8202934 461.6 73.498024 452.73 0
2030 6 25.537813 11.01456 512.7 99.0207 452.18 0
2030 7 29.174864 14.347049 503.7 80.1841877 450.66 0
2030 8 26.190474 11.647218 439.3 134.0084895 448.07 0
2030 9 22.91516 10.1339655 346.6 84.41823 447.07 0
2030 10 15.180907 1.8990332 255.1 58.2097602 446.93 0
2030 11 9.007395 -0.9409341 163.1 165.470982 448.36 0
2030 12 -0.82329565 -8.703904 125 80.583291 449.57 0
2031 1 -2.9016135 -15.534216 143.5 63.5399095 452.47 0
2031 2 0.5876819 -12.853867 209.8 35.10988535 453.39 0
2031 3 8.735092 -2.9560528 301.6 64.8156525 454.37 0
2031 4 9.523114 -2.4501872 391.2 147.098451 455.83 0
2031 5 18.568562 4.5877028 461.6 66.7716006 456.37 0
2031 6 27.066195 10.441261 512.7 36.21966 455.82 0
2031 7 27.60315 13.8577 503.7 97.3175436 454.3 0
2031 8 25.301004 11.747859 439.3 75.75718 451.71 0
2031 9 22.429195 9.787863 346.6 126.08472 450.71 0
2031 10 15.535006 1.4996021 255.1 22.32951483 450.57 0
2031 11 8.242728 -2.7455645 163.1 136.098591 452 0
2031 12 1.4696058 -7.256242 125 79.7900196 453.21 0
2032 1 -6.484224 -20.545683 143.5 25.28495377 456.18 0
2032 2 -0.08978844 -13.192535 209.8 78.3649463 457.1 0
2032 3 5.647022 -5.7210093 301.6 68.7611775 458.08 0
2032 4 12.826087 -0.60549736 391.2 88.782636 459.54 0
2032 5 21.59771 5.7584534 461.6 116.8160538 460.08 0
2032 6 25.517578 10.862492 512.7 68.638344 459.53 0
2032 7 27.413944 13.899376 503.7 104.548461 458.01 0
2032 8 27.496717 15.070096 439.3 147.2665106 455.42 0
2032 9 21.72245 6.286303 346.6 78.621768 454.42 0
2032 10 15.237645 2.4578977 255.1 68.8957733 454.28 0
2032 11 4.416166 -4.316634 163.1 127.66596 455.71 0
2032 12 -0.4108606 -10.139519 125 110.8266926 456.92 0
2033 1 -7.901146 -20.252964 143.5 95.4580613 459.96 0
2033 2 -0.3676657 -12.737101 209.8 57.10644275 460.88 0
2033 3 3.344728 -9.3243475 301.6 56.4920223 461.86 0
2033 4 12.047851 -1.5619704 391.2 98.941398 463.32 0
2033 5 20.343016 8.392751 461.6 136.8358197 463.86 0
2033 6 24.120384 9.983775 512.7 111.31305 463.31 0
2033 7 27.832127 11.858724 503.7 46.8220497 461.79 0
2033 8 26.396082 11.232653 439.3 58.2667599 459.2 0
2033 9 22.036333 7.890945 346.6 122.19735 458.2 0
2033 10 15.657235 3.197665 255.1 83.6814868 458.06 0
2033 11 7.7630115 -2.0639274 163.1 187.213341 459.49 0
2033 12 0.49134454 -9.307304 125 65.610539 460.7 0
2034 1 -0.14819773 -12.447707 143.5 53.384945 463.85 0
2034 2 0.7070894 -11.756119 209.8 90.606564 464.77 0
2034 3 6.2128816 -4.9288745 301.6 101.5834226 465.75 0
2034 4 12.674592 0.8294321 391.2 93.83418 467.21 0
2034 5 19.442822 7.4401035 461.6 156.042747 467.75 0
2034 6 26.685566 11.183525 512.7 105.16524 467.2 0
2034 7 28.4237 14.0700655 503.7 101.323872 465.68 0
2034 8 26.362738 13.006939 439.3 139.72661 463.09 0
2034 9 20.714945 7.9464674 346.6 112.94988 462.09 0
2034 10 18.304117 2.9108016 255.1 64.073063 461.95 0
2034 11 9.001257 0.16913821 163.1 106.32489 463.38 0
2034 12 2.5983713 -7.270469 125 67.9157455 464.59 0
2035 1 2.337154 -8.421495 143.5 64.794309 467.85 0
2035 2 6.0499034 -6.5718985 209.8 66.280056775 468.77 0
2035 3 7.820963 -4.2651916 301.6 57.0970369 469.75 0
2035 4 12.37832 -1.4401113 391.2 113.913282 471.21 0
2035 5 21.932295 5.073261 461.6 68.0740532 471.75 0
2035 6 27.188908 11.480996 512.7 59.790243 471.2 0
2035 7 33.413765 14.856183 503.7 45.7456305 469.68 0
2035 8 30.447636 12.499172 439.3 47.803271 467.09 0
2035 9 26.257732 11.202231 346.6 87.934449 466.09 0
2035 10 14.444271 1.5262684 255.1 64.8960138 465.95 0
2035 11 7.7917542 -1.1767389 163.1 175.94127 467.38 0
2035 12 4.809943 -5.9722757 125 153.28446 468.59 0
2036 1 -2.8608546 -14.472285 143.5 63.0317947 471.96 0
2036 2 -0.3775668 -11.518684 209.8 41.7222668 472.88 0
2036 3 4.1058393 -8.654749 301.6 77.6385452 473.86 0
2036 4 12.770083 0.2154819 391.2 112.240998 475.32 0
2036 5 22.642498 7.9827933 461.6 90.7968393 475.86 0
2036 6 23.414621 11.296127 512.7 188.454882 475.31 0
2036 7 27.158123 12.439468 503.7 96.1516088 473.79 0
2036 8 27.053679 12.684382 439.3 118.4722226 471.2 0
2036 9 21.80598 9.578693 346.6 134.433489 470.2 0
2036 10 18.092213 5.876802 255.1 144.964587 470.06 0
2036 11 7.4962397 -2.7381787 163.1 127.07418 471.49 0
2036 12 4.6092215 -6.0258555 125 45.5645161 472.7 0
2037 1 -1.1602811 -13.184333 143.5 94.1487732 476.18 0
2037 2 1.9154669 -7.829633 209.8 122.830624275 477.1 0
2037 3 6.6510715 -5.996421 301.6 67.8534014 478.08 0
2037 4 15.265631 0.9319225 391.2 45.061401 479.54 0
2037 5 20.364405 7.3289027 461.6 157.5456456 480.08 0
2037 6 26.29003 11.497958 512.7 113.888403 479.53 0
2037 7 29.142153 15.313225 503.7 107.5274866 478.01 0
2037 8 28.447367 12.773038 439.3 85.582506 475.42 0
2037 9 22.705338 10.996534 346.6 108.70488 474.42 0
2037 10 15.64408 2.5408282 255.1 55.5835952 474.28 0
2037 11 5.4806786 -2.1287048 163.1 186.754416 475.71 0
2037 12 -0.6929732 -10.648781 125 62.6644106 476.92 0
2038 1 -1.8793232 -13.377033 143.5 134.2112822 480.51 0
2038 2 2.912753 -9.114065 209.8 17.004351305 481.43 0
2038 3 7.622194 -4.712839 301.6 92.6238646 482.41 0
2038 4 14.988815 0.67558455 391.2 90.064143 483.87 0
2038 5 20.231266 5.3322244 461.6 140.5286327 484.41 0
2038 6 26.168879 11.1837845 512.7 99.33006 483.86 0
2038 7 30.019125 14.979111 503.7 83.2611857 482.34 0
2038 8 26.648382 13.539414 439.3 96.473829 479.75 0
2038 9 22.607372 6.7677975 346.6 108.20001 478.75 0
2038 10 19.48534 4.9081845 255.1 69.4709163 478.61 0
2038 11 8.69583 -0.41720247 163.1 135.57345 480.04 0
2038 12 0.87121844 -9.12876 125 66.5469498 481.25 0
2039 1 -5.154465 -16.263014 143.5 64.9219794 484.93 0
2039 2 7.2060065 -5.002433 209.8 97.00103625 485.85 0
2039 3 6.0876102 -6.3186307 301.6 109.0359125 486.83 0
2039 4 15.195822 2.4337382 391.2 111.319722 488.29 0
2039 5 19.807844 3.5275817 461.6 56.4260481 488.83 0
2039 6 26.74148 12.152029 512.7 80.494536 488.28 0
2039 7 28.09238 12.976694 503.7 90.7306016 486.76 0
2039 8 27.15383 14.201823 439.3 131.6853743 484.17 0
2039 9 24.916986 10.121069 346.6 48.622884 483.17 0
2039 10 15.563236 2.6203983 255.1 78.2015796 483.03 0
2039 11 7.8551364 -1.5508246 163.1 60.107445 484.46 0
2039 12 -1.2129052 -14.855566 125 78.3322818 485.67 0
2040 1 -0.24436031 -11.447828 143.5 77.5490544 489.44 0
2040 2 4.378892 -6.8542924 209.8 59.8666994 490.36 0
2040 3 8.36048 -4.672547 301.6 64.5374244 491.34 0
2040 4 14.014539 -0.66908777 391.2 71.941845 492.8 0
2040 5 19.849762 3.9491444 461.6 76.164644 493.34 0
2040 6 27.244385 11.048819 512.7 59.51067 492.79 0
2040 7 27.024788 13.116364 503.7 107.5298023 491.27 0
2040 8 28.083378 12.526145 439.3 97.8391527 488.68 0
2040 9 24.773764 12.193069 346.6 61.843578 487.68 0
2040 10 17.359745 4.897776 255.1 203.0777233 487.54 0
2040 11 8.583461 -1.5623212 163.1 57.226407 488.97 0
2040 12 -2.7653878 -11.913729 125 114.6524243 490.18 0
2041 1 -2.8082066 -12.023793 143.5 125.059549 494.03 0
2041 2 0.22915152 -11.144122 209.8 59.618751975 494.95 0
2041 3 8.708753 -2.2624323 301.6 98.8672305 495.93 0
2041 4 11.803204 -1.5186969 391.2 94.569762 497.39 0
2041 5 18.255669 1.6930281 461.6 96.377822 497.93 0
2041 6 26.74284 11.360977 512.7 98.748471 497.38 0
2041 7 28.665026 15.355675 503.7 160.5402456 495.86 0
2041 8 26.471231 12.592284 439.3 68.038087 493.27 0
2041 9 21.18837 10.327104 346.6 183.13713 492.27 0
2041 10 14.27083 2.2036147 255.1 74.9834696 492.13 0
2041 11 7.8134084 -1.2784959 163.1 98.590335 493.56 0
2041 12 0.23817433 -10.138444 125 76.9365936 494.77 0
2042 1 -5.1779475 -18.217894 143.5 100.736701 498.73 0
2042 2 2.6114225 -9.274874 209.8 130.179793975 499.65 0
2042 3 3.964279 -7.981292 301.6 92.485276 500.63 0
2042 4 15.915056 1.9054488 391.2 58.841934 502.09 0
2042 5 23.625801 6.070663 461.6 38.4698778 502.63 0
2042 6 27.011028 11.262653 512.7 138.006 502.08 0
2042 7 27.430748 15.231051 503.7 139.8476557 500.56 0
2042 8 26.519138 14.7072735 439.3 152.0768395 497.97 0
2042 9 23.111021 9.943818 346.6 67.727967 496.97 0
2042 10 19.121628 4.5718813 255.1 82.4626195 496.83 0
2042 11 7.677489 -1.460819 163.1 104.013027 498.26 0
2042 12 1.1712909 -6.418719 125 52.2730246 499.47 0
2043 1 4.386705 -4.32173 143.5 148.699498 503.53 0
2043 2 5.7844243 -5.662364 209.8 66.24260575 504.45 0
2043 3 8.090318 -4.0470896 301.6 48.7770554 505.43 0
2043 4 11.932877 0.2744536 391.2 166.48428 506.89 0
2043 5 22.509737 7.204366 461.6 92.5759355 507.43 0
2043 6 27.990702 11.935866 512.7 51.777072 506.88 0
2043 7 28.01061 13.055832 503.7 123.2165773 505.36 0
2043 8 25.415504 9.547707 439.3 49.0901306 502.77 0
2043 9 25.317982 8.179029 346.6 37.611987 501.77 0
2043 10 14.398702 2.3065312 255.1 106.8918874 501.63 0
2043 11 5.72958 -2.9805653 163.1 172.929612 503.06 0
2043 12 3.2436135 -5.587228 125 37.2033046 504.27 0
2044 1 1.9379346 -9.559703 143.5 52.1208642 508.43 0
2044 2 5.025844 -5.2999287 209.8 116.29754905 509.35 0
2044 3 4.6323442 -7.685834 301.6 93.463264 510.33 0
2044 4 12.598995 1.0072284 391.2 172.600938 511.79 0
2044 5 22.686283 8.72715 461.6 163.7412343 512.33 0
2044 6 27.059486 11.835884 512.7 84.242484 511.78 0
2044 7 28.785313 14.274672 503.7 101.4412194 510.26 0
2044 8 26.7676 12.578454 439.3 66.2702252 507.67 0
2044 9 20.884432 8.469193 346.6 148.6632 506.67 0
2044 10 15.478753 2.5766969 255.1 153.9626904 506.53 0
2044 11 7.8311768 -2.980394 163.1 75.029361 507.96 0
2044 12 6.030955 -3.724387 125 167.5653385 509.17 0
2045 1 5.2058907 -4.919801 143.5 123.400832 513.46 0
2045 2 -0.83658 -11.891158 209.8 76.89651695 514.38 0
2045 3 3.3583488 -7.938381 301.6 110.8626743 515.36 0
2045 4 12.749972 -1.3956777 391.2 96.262344 516.82 0
2045 5 22.70726 8.684948 461.6 120.6002703 517.36 0
2045 6 26.423792 11.708051 512.7 107.39925 516.81 0
2045 7 28.871109 13.994645 503.7 108.6295645 515.29 0
2045 8 26.665606 12.060274 439.3 146.3941706 512.7 0
2045 9 25.24192 11.854962 346.6 84.234381 511.7 0
2045 10 18.39492 2.6769705 255.1 31.6850225 511.56 0
2045 11 8.150627 -2.2994916 163.1 53.941098 512.99 0
2045 12 5.0114655 -2.8574078 125 83.2512502 514.2 0
2046 1 1.0428485 -10.445443 143.5 80.4682965 518.61 0
2046 2 4.261758 -7.910169 209.8 109.063828625 519.53 0
2046 3 8.294538 -4.1501946 301.6 74.4924854 520.51 0
2046 4 17.310041 1.6053412 391.2 73.130385 521.97 0
2046 5 21.407393 5.0599666 461.6 55.3297579 522.51 0
2046 6 26.894062 11.237396 512.7 44.5938 521.96 0
2046 7 28.540754 15.076122 503.7 166.8572396 520.44 0
2046 8 27.834574 14.14495 439.3 144.864705 517.85 0
2046 9 22.398949 7.9216266 346.6 48.591765 516.85 0
2046 10 16.084002 2.6415713 255.1 56.7324335 516.71 0
2046 11 5.95213 -3.3544 163.1 79.452552 518.14 0
2046 12 6.6696496 -2.4841242 125 218.5470333 519.35 0
2047 1 3.1706789 -7.566956 143.5 70.5692897 523.9 0
2047 2 5.242501 -5.160189 209.8 85.43181375 524.82 0
2047 3 8.325787 -4.0738564 301.6 141.7788286 525.8 0
2047 4 13.158582 0.4969757 391.2 121.86327 527.26 0
2047 5 20.772667 6.1542606 461.6 109.2712118 527.8 0
2047 6 28.584288 13.914109 512.7 139.06422 527.25 0
2047 7 29.8608 15.771948 503.7 72.6476382 525.73 0
2047 8 28.43199 15.774199 439.3 122.6546806 523.14 0
2047 9 22.728828 11.718589 346.6 146.657109 522.14 0
2047 10 19.919907 3.5395296 255.1 57.4357212 522 0
2047 11 8.946858 -0.29799634 163.1 132.833061 523.43 0
2047 12 -0.17057125 -6.7498417 125 193.892166 524.64 0
2048 1 -5.2558136 -16.499369 143.5 19.4897589 529.32 0
2048 2 0.76812047 -11.271914 209.8 60.536521025 530.24 0
2048 3 5.866674 -7.169327 301.6 47.7051436 531.22 0
2048 4 14.27046 0.8095398 391.2 118.084809 532.68 0
2048 5 22.590315 7.2264752 461.6 73.9518144 533.22 0
2048 6 26.09442 11.750827 512.7 86.282781 532.67 0
2048 7 28.244362 14.095357 503.7 114.5088199 531.15 0
2048 8 29.082407 15.9244795 439.3 89.2978808 528.56 0
2048 9 23.715471 9.699821 346.6 92.861172 527.56 0
2048 10 16.416464 2.9862733 255.1 79.1440633 527.42 0
2048 11 8.544889 -0.52778816 163.1 175.149822 528.85 0
2048 12 5.3218436 -3.4816215 125 79.8700058 530.06 0
2049 1 -0.71442515 -11.058719 143.5 98.3319845 534.88 0
2049 2 1.4992098 -10.343167 209.8 93.17745525 535.8 0
2049 3 6.3555064 -6.949001 301.6 75.5162635 536.78 0
2049 4 13.9542675 1.0895369 391.2 80.667249 538.24 0
2049 5 16.90931 4.8872414 461.6 83.5252127 538.78 0
2049 6 25.549698 11.859424 512.7 122.04771 538.23 0
2049 7 26.707174 13.158018 503.7 158.7463097 536.71 0
2049 8 26.185059 13.487596 439.3 178.8718166 534.12 0
2049 9 23.354347 10.178715 346.6 117.02937 533.12 0
2049 10 15.751795 5.4572005 255.1 100.6323426 532.98 0
2049 11 9.856925 0.47412056 163.1 116.298366 534.41 0
2049 12 7.2487626 -2.8064036 125 183.1361735 535.62 0
2050 1 -0.56349844 -11.551223 143.5 57.3007782 540.54 0
2050 2 3.5601993 -8.760546 209.8 64.09934605 541.46 0
2050 3 9.569331 -3.3806815 301.6 90.6778892 542.44 0
2050 4 15.882183 1.6850047 391.2 76.29453 543.9 0
2050 5 24.802769 7.227729 461.6 81.8303652 544.44 0
2050 6 26.42583 12.109391 512.7 122.855715 543.89 0
2050 7 29.593544 14.238522 503.7 79.2787645 542.37 0
2050 8 29.290514 14.199833 439.3 113.095223 539.78 0
2050 9 21.69455 6.5957527 346.6 54.419118 538.78 0
2050 10 18.50603 5.469384 255.1 94.6159122 538.64 0
2050 11 11.287645 0.014483672 163.1 174.444879 540.07 0
2050 12 2.9603696 -6.3705893 125 58.133277 541.28 0
2051 1 -2.6426864 -14.331604 143.5 54.2355075 546.32 0
2051 2 -0.9360219 -12.817394 209.8 61.849411525 547.24 0
2051 3 8.228451 -3.5456853 301.6 91.579208 548.22 0
2051 4 13.018836 0.18525267 391.2 67.473222 549.68 0
2051 5 24.031458 8.776687 461.6 144.951939 550.22 0
2051 6 23.194584 9.464562 512.7 149.95146 549.67 0
2051 7 27.394629 13.827224 503.7 128.1642517 548.15 0
2051 8 26.019756 10.823237 439.3 118.1298121 545.56 0
2051 9 24.392746 9.936965 346.6 87.798279 544.56 0
2051 10 16.737513 3.5125287 255.1 43.7498319 544.42 0
2051 11 10.296542 -1.0192307 163.1 159.538851 545.85 0
2051 12 -0.5753983 -9.291932 125 51.0707175 547.06 0
2052 1 2.4437046 -9.519811 143.5 26.66594456 552.21 0
2052 2 1.4725429 -11.356255 209.8 77.029351275 553.13 0
2052 3 10.044169 -2.5101302 301.6 52.8344966 554.11 0
2052 4 10.938027 -1.4780765 391.2 114.46203 555.57 0
2052 5 22.333822 7.4996915 461.6 221.659982 556.11 0
2052 6 27.151663 12.350581 512.7 61.017429 555.56 0
2052 7 28.842543 15.190742 503.7 147.657588 554.04 0
2052 8 29.486523 16.056482 439.3 133.1326744 551.45 0
2052 9 22.955864 9.533796 346.6 125.28804 550.45 0
2052 10 18.029324 3.0498776 255.1 72.909024 550.31 0
2052 11 10.995619 0.6291713 163.1 109.084269 551.74 0
2052 12 -0.70858216 -11.700398 125 42.1572317 552.95 0
2053 1 -2.2321413 -12.789526 143.5 66.663268 558.21 0
2053 2 6.13379 -6.110336 209.8 93.1993377 559.13 0
2053 3 7.755885 -4.739287 301.6 97.739838 560.11 0
2053 4 13.433054 -0.5235814 391.2 110.452224 561.57 0
2053 5 20.873362 7.057515 461.6 127.887865 562.11 0
2053 6 26.274143 10.783469 512.7 77.177274 561.56 0
2053 7 29.111336 15.414521 503.7 137.192143 560.04 0
2053 8 28.6195 12.200386 439.3 65.4314613 557.45 0
2053 9 21.285015 10.413475 346.6 208.772391 556.45 0
2053 10 16.327785 3.3598936 255.1 69.4646853 556.31 0
2053 11 7.7751174 -2.26371 163.1 50.887182 557.74 0
2053 12 3.6988995 -5.1370783 125 80.4365835 558.95 0
2054 1 4.7902284 -5.319313 143.5 124.7619955 564.31 0
2054 2 2.1316178 -10.338018 209.8 86.86607755 565.23 0
2054 3 6.2894936 -6.450669 301.6 66.5444512 566.21 0
2054 4 13.753993 0.35466853 391.2 116.653677 567.67 0
2054 5 19.918194 6.3807545 461.6 96.8801522 568.21 0
2054 6 27.963713 12.696515 512.7 139.829679 567.66 0
2054 7 28.62104 16.107468 503.7 137.6737497 566.14 0
2054 8 28.454582 14.66303 439.3 110.103258 563.55 0
2054 9 22.586716 8.366406 346.6 88.270377 562.55 0
2054 10 19.169819 3.8263414 255.1 74.282417 562.41 0
2054 11 10.334158 -0.89316124 163.1 115.347705 563.84 0
2054 12 6.612312 -3.3157291 125 79.430959 565.05 0
2055 1 3.5298173 -6.237269 143.5 124.1470795 570.52 0
2055 2 0.32286912 -12.308914 209.8 37.647128025 571.44 0
2055 3 6.889308 -5.698706 301.6 54.8302146 572.42 0
2055 4 14.865668 1.340177 391.2 114.449586 573.88 0
2055 5 24.730991 7.2965055 461.6 34.1028644 574.42 0
2055 6 28.025211 14.098472 512.7 110.887686 573.87 0
2055 7 31.074682 15.649164 503.7 82.5997883 572.35 0
2055 8 31.112858 16.856024 439.3 92.509642 569.76 0
2055 9 25.375872 9.990085 346.6 78.69324 568.76 0
2055 10 16.186407 3.6216233 255.1 58.3702224 568.62 0
2055 11 12.254903 0.9466191 163.1 54.206445 570.05 0
2055 12 4.852882 -3.723831 125 86.292127 571.26 0
2056 1 0.83569807 -9.528922 143.5 104.091955 576.84 0
2056 2 1.3143439 -9.882582 209.8 102.61367845 577.76 0
2056 3 7.5360503 -5.435172 301.6 59.5493756 578.74 0
2056 4 15.046359 0.3299222 391.2 57.415197 580.2 0
2056 5 22.675434 7.0496936 461.6 85.8849947 580.74 0
2056 6 26.481298 11.651263 512.7 100.122564 580.19 0
2056 7 29.802383 16.81855 503.7 143.938673 578.67 0
2056 8 29.05913 15.238954 439.3 99.5641694 576.08 0
2056 9 24.268118 10.187396 346.6 68.962884 575.08 0
2056 10 20.67884 4.0279093 255.1 30.11274466 574.94 0
2056 11 10.139794 0.9024919 163.1 220.65039 576.37 0
2056 12 4.895139 -3.9721873 125 69.9653942 577.58 0
2057 1 -2.4100351 -13.896933 143.5 103.0033528 583.3 0
2057 2 -2.7256153 -14.207165 209.8 102.022713875 584.22 0
2057 3 4.5043445 -8.4123745 301.6 52.016512 585.2 0
2057 4 15.368846 0.72475874 391.2 83.824245 586.66 0
2057 5 19.665865 6.8788476 461.6 160.987247 587.2 0
2057 6 28.233633 12.937508 512.7 89.78748 586.65 0
2057 7 30.851675 17.498905 503.7 123.2094535 585.13 0
2057 8 28.987206 13.777012 439.3 65.9164563 582.54 0
2057 9 23.722626 11.062787 346.6 104.73837 581.54 0
2057 10 14.628079 4.1628046 255.1 145.832463 581.4 0
2057 11 10.255957 0.43688583 163.1 164.826165 582.83 0
2057 12 3.532451 -4.1360264 125 84.1742938 584.04 0
2058 1 1.3073196 -7.9675403 143.5 81.1345206 589.91 0
2058 2 9.257598 -2.6989176 209.8 90.479470075 590.83 0
2058 3 6.97973 -6.1619477 301.6 61.3113753 591.81 0
2058 4 13.862079 -0.6571497 391.2 125.261235 593.27 0
2058 5 23.963606 9.26187 461.6 114.204031 593.81 0
2058 6 27.105635 13.375188 512.7 139.12338 593.26 0
2058 7 29.82738 15.645049 503.7 89.692083 591.74 0
2058 8 29.966282 15.223079 439.3 98.1177404 589.15 0
2058 9 22.201675 10.172216 346.6 108.465951 588.15 0
2058 10 14.799565 0.42842636 255.1 59.7776782 588.01 0
2058 11 10.898943 0.7093321 163.1 73.121874 589.44 0
2058 12 2.8801029 -5.48115 125 79.8460149 590.65 0
2059 1 -1.0345314 -10.174058 143.5 29.71988476 596.65 0
2059 2 -1.9574964 -15.47225 209.8 78.26708265 597.57 0
2059 3 6.5221148 -6.0356145 301.6 86.4275071 598.55 0
2059 4 16.437035 3.567019 391.2 136.75167 600.01 0
2059 5 20.5227 7.3139267 461.6 139.1946934 600.55 0
2059 6 27.467197 12.764894 512.7 161.567229 600 0
2059 7 30.334288 15.600529 503.7 119.5449125 598.48 0
2059 8 29.700855 15.598036 439.3 149.7841446 595.89 0
2059 9 23.992126 11.127039 346.6 90.589134 594.89 0
2059 10 14.36666 1.8550818 255.1 49.0978062 594.75 0
2059 11 9.892564 0.8708437 163.1 79.4619 596.18 0
2059 12 5.7109838 -2.7018037 125 37.5988956 597.39 0
2060 1 1.7863431 -8.543982 143.5 84.840769 603.52 0
2060 2 2.5082328 -8.685318 209.8 120.011918375 604.44 0
2060 3 9.402205 -2.277792 301.6 78.682278 605.42 0
2060 4 15.974416 1.8605903 391.2 85.311555 606.88 0
2060 5 23.009165 7.201188 461.6 79.6519053 607.42 0
2060 6 28.468664 12.554936 512.7 99.29688 606.87 0
2060 7 32.38802 15.989875 503.7 64.2757937 605.35 0
2060 8 29.322474 15.497669 439.3 134.8543586 602.76 0
2060 9 23.85506 10.868601 346.6 146.58324 601.76 0
2060 10 18.921463 3.121686 255.1 31.4160665 601.62 0
2060 11 6.1824718 -2.1315565 163.1 59.121402 603.05 0
2060 12 -0.11581981 -7.654098 125 64.165474 604.26 0
2061 1 -0.494326 -10.0539665 143.5 117.37685 610.52 0
2061 2 -2.95049 -15.659996 209.8 37.941159675 611.44 0
2061 3 4.293122 -7.498294 301.6 80.7165538 612.42 0
2061 4 12.972513 -0.6523412 391.2 82.52112 613.88 0
2061 5 20.270805 6.7517285 461.6 104.3344153 614.42 0
2061 6 27.688084 12.828143 512.7 127.490586 613.87 0
2061 7 28.768951 14.464127 503.7 126.7952514 612.35 0
2061 8 29.320251 15.58038 439.3 105.3800112 609.76 0
2061 9 23.976576 9.61571 346.6 69.239988 608.76 0
2061 10 16.617447 4.6788216 255.1 211.164715 608.62 0
2061 11 6.989678 -1.1815357 163.1 97.998132 610.05 0
2061 12 1.5969893 -6.910204 125 48.5758003 611.26 0
2062 1 1.9715134 -8.243187 143.5 98.2185617 617.61 0
2062 2 0.34623757 -11.583981 209.8 99.733503375 618.53 0
2062 3 5.9315534 -7.3941298 301.6 90.9084796 619.51 0
2062 4 15.383687 2.1876156 391.2 136.85802 620.97 0
2062 5 25.05851 8.776687 461.6 70.7288839 621.51 0
2062 6 27.393398 12.215806 512.7 88.469538 620.96 0
2062 7 29.327972 14.834416 503.7 139.5905696 619.44 0
2062 8 29.609901 15.575029 439.3 176.199226 616.85 0
2062 9 25.928196 12.932195 346.6 124.78149 615.85 0
2062 10 16.9426 3.0084271 255.1 52.6108843 615.71 0
2062 11 9.834165 1.4682491 163.1 222.48891 617.14 0
2062 12 3.401815 -5.8796053 125 145.1833044 618.35 0
2063 1 7.9910827 -1.1865959 143.5 152.7370465 624.76 0
2063 2 4.6085463 -5.372263 209.8 152.95993575 625.68 0
2063 3 8.054812 -3.6759675 301.6 104.4684872 626.66 0
2063 4 16.055874 1.3401903 391.2 69.812013 628.12 0
2063 5 27.62649 12.0815325 461.6 68.2382633 628.66 0
2063 6 28.130764 13.707072 512.7 105.237144 628.11 0
2063 7 30.363014 17.035757 503.7 115.8334592 626.59 0
2063 8 29.491194 16.002678 439.3 98.8247977 624 0
2063 9 28.557697 12.8734455 346.6 41.427387 623 0
2063 10 19.632637 3.618947 255.1 33.7339768 622.86 0
2063 11 10.26759 0.6535367 163.1 129.574326 624.29 0
2063 12 6.893769 -3.1583211 125 47.792731 625.5 0
2064 1 0.48530102 -9.267223 143.5 72.3203805 631.99 0
2064 2 -2.9620342 -16.09989 209.8 129.59549075 632.91 0
2064 3 6.0786614 -6.520578 301.6 89.1551785 633.89 0
2064 4 14.984254 0.25381362 391.2 81.39084 635.35 0
2064 5 24.69585 9.201514 461.6 107.1507405 635.89 0
2064 6 28.058626 12.632022 512.7 108.349536 635.34 0
2064 7 28.885431 15.807148 503.7 153.969777 633.82 0
2064 8 30.074326 17.909067 439.3 132.921118 631.23 0
2064 9 23.114883 10.103493 346.6 94.075986 630.23 0
2064 10 21.492025 7.7716494 255.1 53.8230866 630.09 0
2064 11 7.750263 -2.1924927 163.1 133.26501 631.52 0
2064 12 6.9704194 -2.711927 125 137.8072295 632.73 0
2065 1 1.2218534 -8.479606 143.5 147.9543014 639.29 0
2065 2 6.150222 -7.333618 209.8 43.911763275 640.21 0
2065 3 6.9670353 -5.0499597 301.6 85.9294735 641.19 0
2065 4 15.565422 2.8148952 391.2 91.73052 642.65 0
2065 5 23.075764 7.7564287 461.6 114.9809034 643.19 0
2065 6 30.002352 14.951416 512.7 81.364626 642.64 0
2065 7 29.444466 15.190957 503.7 137.691181 641.12 0
2065 8 28.279745 15.858258 439.3 192.3070585 638.53 0
2065 9 23.992622 10.153932 346.6 194.541921 637.53 0
2065 10 16.653137 2.9461327 255.1 19.36256466 637.39 0
2065 11 8.945461 -0.28963223 163.1 87.212454 638.82 0
2065 12 2.4840207 -6.4042854 125 154.668238 640.03 0
2066 1 -0.21163261 -8.995973 143.5 101.1873015 646.65 0
2066 2 3.8662894 -9.703673 209.8 16.920261225 647.57 0
2066 3 9.969845 -3.2033546 301.6 54.3619503 648.55 0
2066 4 13.217521 0.6657675 391.2 140.175075 650.01 0
2066 5 23.262869 7.673914 461.6 74.0286727 650.55 0
2066 6 27.018251 11.415942 512.7 90.030405 650 0
2066 7 30.218266 16.616112 503.7 156.8115873 648.48 0
2066 8 28.871817 15.714673 439.3 140.6995543 645.89 0
2066 9 23.726744 11.251628 346.6 103.372935 644.89 0
2066 10 17.544828 5.494241 255.1 147.427692 644.75 0
2066 11 7.5553174 -1.334889 163.1 134.718261 646.18 0
2066 12 0.18428853 -10.389416 125 77.0015975 647.39 0
2067 1 -1.5509111 -10.83236 143.5 82.9477788 654.1 0
2067 2 5.33004 -7.761641 209.8 20.4914462725 655.02 0
2067 3 8.369269 -4.628 301.6 99.2410285 656 0
2067 4 15.80527 3.3596044 391.2 96.39543 657.46 0
2067 5 23.202393 8.990748 461.6 116.516104 658 0
2067 6 28.183308 13.260681 512.7 116.373624 657.45 0
2067 7 31.599405 17.287363 503.7 119.3172547 655.93 0
2067 8 28.372665 15.281215 439.3 152.870083 653.34 0
2067 9 24.754343 10.207827 346.6 39.13986 652.34 0
2067 10 20.076777 6.6431837 255.1 54.9747893 652.2 0
2067 11 8.852422 -1.1920216 163.1 128.74077 653.63 0
2067 12 -0.44133756 -10.514143 125 97.316378 654.84 0
2068 1 -1.8425674 -14.567627 143.5 66.902185 661.64 0
2068 2 -0.9649334 -13.039312 209.8 21.46807335 662.56 0
2068 3 8.611788 -4.875649 301.6 101.2990596 663.54 0
2068 4 14.332161 1.1997762 391.2 164.56716 665 0
2068 5 25.616165 11.517554 461.6 101.9026141 665.54 0
2068 6 27.80805 13.019312 512.7 115.266909 664.99 0
2068 7 31.123112 14.738132 503.7 58.513895 663.47 0
2068 8 30.680885 14.522545 439.3 88.650948 660.88 0
2068 9 27.000324 12.415124 346.6 66.210171 659.88 0
2068 10 19.673437 8.486959 255.1 81.4711713 659.74 0
2068 11 9.209191 0.13486649 163.1 131.903256 661.17 0
2068 12 6.454089 -2.0796938 125 71.2200944 662.38 0
2069 1 1.3797778 -7.8194747 143.5 67.9742363 669.3 0
2069 2 3.7600036 -8.379717 209.8 99.17069275 670.22 0
2069 3 7.8629622 -3.6629512 301.6 101.1765693 671.2 0
2069 4 13.789064 1.027498 391.2 93.261696 672.66 0
2069 5 24.35274 8.24596 461.6 70.0870506 673.2 0
2069 6 28.822348 13.666219 512.7 76.389822 672.65 0
2069 7 30.631329 14.80692 503.7 96.0557692 671.13 0
2069 8 30.409863 14.136199 439.3 67.7861872 668.54 0
2069 9 27.201128 11.4881735 346.6 64.460505 667.54 0
2069 10 19.375895 6.1609464 255.1 106.4809328 667.4 0
2069 11 9.334591 -1.1443433 163.1 112.95111 668.83 0
2069 12 7.5868483 -2.497905 125 96.9179505 670.04 0
2070 1 4.0961585 -2.9279435 143.5 150.8262127 677.08 0
2070 2 5.608376 -6.341646 209.8 65.037254525 678 0
2070 3 9.3620825 -2.7269647 301.6 98.446018 678.98 0
2070 4 18.694525 3.2645469 391.2 68.82396 680.44 0
2070 5 25.389137 10.933774 461.6 131.491956 680.98 0
2070 6 28.34766 14.925818 512.7 158.998488 680.43 0
2070 7 30.885462 16.26884 503.7 100.2875916 678.91 0
2070 8 30.367626 17.914318 439.3 122.42799 676.32 0
2070 9 26.855091 12.474835 346.6 61.95366 675.32 0
2070 10 18.217611 6.912312 255.1 133.562415 675.18 0
2070 11 7.8332305 -0.72098637 163.1 153.24483 676.61 0
2070 12 7.569118 -2.3125691 125 197.3852057 677.82 0
2071 1 3.6963964 -6.5550766 143.5 152.9794417 684.95 0
2071 2 2.8542771 -8.50479 209.8 64.29195455 685.87 0
2071 3 11.029714 -0.5749544 301.6 88.9163824 686.85 0
2071 4 14.536907 1.785835 391.2 162.424551 688.31 0
2071 5 25.074833 10.88859 461.6 66.4180735 688.85 0
2071 6 28.274042 12.382521 512.7 78.68358 688.3 0
2071 7 29.0311 16.139503 503.7 139.6944847 686.78 0
2071 8 31.005474 18.77391 439.3 139.9922087 684.19 0
2071 9 25.083569 11.498821 346.6 138.230295 683.19 0
2071 10 18.118477 4.3073497 255.1 50.8456606 683.05 0
2071 11 10.308381 -0.28489354 163.1 182.80155 684.48 0
2071 12 8.589507 -1.6523591 125 144.436595 685.69 0
2072 1 2.1480572 -7.161239 143.5 69.5548643 692.9 0
2072 2 7.614959 -4.2453327 209.8 55.504489775 693.82 0
2072 3 9.102067 -3.5252128 301.6 94.2054598 694.8 0
2072 4 14.325455 1.504672 391.2 139.872852 696.26 0
2072 5 24.526974 9.046585 461.6 107.0821375 696.8 0
2072 6 30.604881 16.546904 512.7 110.781714 696.25 0
2072 7 33.44958 18.49591 503.7 104.693045 694.73 0
2072 8 28.794052 15.529526 439.3 140.0492084 692.14 0
2072 9 26.703253 13.236933 346.6 77.075235 691.14 0
2072 10 20.54843 4.013612 255.1 59.3180722 691 0
2072 11 10.910081 1.0462862 163.1 110.583135 692.43 0
2072 12 -1.4058791 -12.791441 125 87.6060868 693.64 0
2073 1 3.9964414 -5.8899484 143.5 29.3096475 700.89 0
2073 2 1.1223495 -11.707534 209.8 80.5440044 701.81 0
2073 3 8.4135275 -4.832342 301.6 75.6206436 702.79 0
2073 4 15.2140045 0.24487373 391.2 95.479275 704.25 0
2073 5 22.322721 7.1391773 461.6 62.5885567 704.79 0
2073 6 29.110313 15.090862 512.7 124.20945 704.24 0
2073 7 30.827154 17.307827 503.7 134.8544764 702.72 0
2073 8 29.175917 13.39578 439.3 115.7550478 700.13 0
2073 9 25.22421 9.397893 346.6 80.800065 699.13 0
2073 10 19.377926 3.9321356 255.1 42.3078669 698.99 0
2073 11 11.075852 -0.9847317 163.1 106.779858 700.42 0
2073 12 -1.0714915 -11.396859 125 75.3365658 701.63 0
2074 1 2.021036 -8.563948 143.5 149.59453 708.93 0
2074 2 6.611598 -5.6776996 209.8 62.16808 709.85 0
2074 3 8.02891 -5.462433 301.6 57.2646353 710.83 0
2074 4 15.251247 2.1535237 391.2 173.506665 712.29 0
2074 5 24.157324 7.1490912 461.6 69.873256 712.83 0
2074 6 28.7776 14.215098 512.7 100.25223 712.28 0
2074 7 31.694952 16.131058 503.7 100.4707458 710.76 0
2074 8 30.300905 16.854563 439.3 136.3088135 708.17 0
2074 9 27.03396 10.362793 346.6 76.782531 707.17 0
2074 10 16.064564 3.8872077 255.1 149.5188807 707.03 0
2074 11 12.382074 2.898971 163.1 155.02476 708.46 0
2074 12 3.9728956 -3.9114494 125 33.3919073 709.67 0
2075 1 0.7154681 -7.1949778 143.5 158.20726 717.02 0
2075 2 5.2686386 -6.744886 209.8 75.8850257 717.94 0
2075 3 9.457529 -2.9191117 301.6 89.3654577 718.92 0
2075 4 15.876592 2.2959862 391.2 163.73751 720.38 0
2075 5 19.200085 7.756554 461.6 166.3828435 720.92 0
2075 6 29.006779 13.931828 512.7 107.86011 720.37 0
2075 7 31.28064 17.319845 503.7 102.7348463 718.85 0
2075 8 32.471684 16.82729 439.3 98.2233512 716.26 0
2075 9 25.965197 11.944183 346.6 59.772945 715.26 0
2075 10 21.001888 3.6230397 255.1 32.6717401 715.12 0
2075 11 13.175876 2.1413424 163.1 49.277511 716.55 0
2075 12 8.089544 -2.0856586 125 91.4306157 717.76 0
2076 1 7.1003103 -2.7308311 143.5 98.709983 725.14 0
2076 2 -2.578152 -15.346218 209.8 56.278302475 726.06 0
2076 3 7.646284 -4.7096753 301.6 97.0904903 727.04 0
2076 4 15.377216 2.1681876 391.2 112.830549 728.5 0
2076 5 23.132084 7.986298 461.6 102.8142466 729.04 0
2076 6 28.94596 13.991373 512.7 110.629728 728.49 0
2076 7 31.508636 18.08412 503.7 130.671944 726.97 0
2076 8 29.671356 17.673552 439.3 128.125263 724.38 0
2076 9 26.959957 13.981488 346.6 83.79447 723.38 0
2076 10 20.257294 4.90113 255.1 21.1117657 723.24 0
2076 11 9.446039 0.49443522 163.1 108.570048 724.67 0
2076 12 2.560123 -6.000372 125 41.188925 725.88 0
2077 1 -3.9122577 -14.432175 143.5 26.93398203 733.31 0
2077 2 5.6179824 -7.100917 209.8 101.3469654 734.23 0
2077 3 8.68341 -3.6134148 301.6 113.9439193 735.21 0
2077 4 14.415029 0.26646233 391.2 84.658314 736.67 0
2077 5 24.401588 6.9384565 461.6 62.9071902 737.21 0
2077 6 30.152842 14.746183 512.7 77.044008 736.66 0
2077 7 31.716791 17.007494 503.7 103.3834624 735.14 0
2077 8 30.107767 18.06465 439.3 141.760179 732.55 0
2077 9 21.80416 11.037981 346.6 172.40793 731.55 0
2077 10 15.922744 1.7063432 255.1 73.7218657 731.41 0
2077 11 12.1545515 1.6432066 163.1 56.698536 732.84 0
2077 12 6.9564905 -1.9222844 125 126.929531 734.05 0
2078 1 0.83649224 -7.796308 143.5 89.9830707 741.52 0
2078 2 1.1536901 -10.751059 209.8 71.7029748 742.44 0
2078 3 8.107021 -4.566452 301.6 109.885359 743.42 0
2078 4 19.93203 4.866176 391.2 82.977375 744.88 0
2078 5 26.4288 10.353779 461.6 97.1113564 745.42 0
2078 6 30.128174 13.984486 512.7 64.68951 744.87 0
2078 7 31.476301 17.41653 503.7 142.65549 743.35 0
2078 8 29.59323 15.113935 439.3 130.6476214 740.76 0
2078 9 25.85398 9.171286 346.6 32.416449 739.76 0
2078 10 18.026476 3.4650173 255.1 67.5430542 739.62 0
2078 11 11.737325 1.578959 163.1 103.445886 741.05 0
2078 12 5.374965 -2.5986626 125 143.546771 742.26 0
2079 1 5.38552 -3.6838145 143.5 134.405181 749.8 0
2079 2 6.898439 -4.879183 209.8 85.09518675 750.72 0
2079 3 10.119669 -1.0141684 301.6 133.914451 751.7 0
2079 4 20.166162 4.355458 391.2 97.618146 753.16 0
2079 5 23.673481 6.960269 461.6 43.752718 753.7 0
2079 6 27.649088 14.192241 512.7 124.70496 753.15 0
2079 7 32.057022 17.33821 503.7 142.1239733 751.63 0
2079 8 29.364677 13.83704 439.3 142.61829 749.04 0
2079 9 25.186947 10.625988 346.6 80.013405 748.04 0
2079 10 17.94795 5.1990886 255.1 131.644879 747.9 0
2079 11 12.087636 2.3040507 163.1 114.673749 749.33 0
2079 12 3.7689302 -3.542266 125 74.8360987 750.54 0
2080 1 1.431249 -8.528289 143.5 56.0517014 758.18 0
2080 2 9.375249 -3.680467 209.8 89.166718 759.1 0
2080 3 8.5776615 -4.688038 301.6 32.3716384 760.08 0
2080 4 15.464323 0.8024775 391.2 89.430207 761.54 0
2080 5 25.472782 9.433921 461.6 84.4650924 762.08 0
2080 6 28.527073 14.163008 512.7 144.92346 761.53 0
2080 7 31.79358 18.55477 503.7 134.1419135 760.01 0
2080 8 30.769253 16.695456 439.3 125.3071243 757.42 0
2080 9 27.299028 12.769584 346.6 97.986795 756.42 0
2080 10 18.928751 3.9333596 255.1 65.9616233 756.28 0
2080 11 10.05544 0.08760416 163.1 76.679085 757.71 0
2080 12 5.8768506 -3.4132652 125 69.1772657 758.92 0
2081 1 3.5400515 -6.6400185 143.5 82.8574882 766.64 0
2081 2 4.327475 -9.450368 209.8 59.68271845 767.56 0
2081 3 8.264391 -3.363551 301.6 88.2295464 768.54 0
2081 4 13.312399 0.6056059 391.2 135.98067 770 0
2081 5 24.703474 10.18428 461.6 149.8891106 770.54 0
2081 6 29.211348 14.271488 512.7 113.32347 769.99 0
2081 7 30.448017 15.342851 503.7 100.7911897 768.47 0
2081 8 31.303066 17.132967 439.3 105.5816445 765.88 0
2081 9 26.781193 11.759566 346.6 39.479409 764.88 0
2081 10 19.465036 6.9862194 255.1 60.4761888 764.74 0
2081 11 12.759044 1.050399 163.1 91.24881 766.17 0
2081 12 2.811105 -9.182404 125 209.3527185 767.38 0
2082 1 3.1175148 -7.588588 143.5 81.2159917 775.17 0
2082 2 1.0478424 -9.454785 209.8 71.435873875 776.09 0
2082 3 8.23463 -5.1583567 301.6 85.0874794 777.07 0
2082 4 19.896997 4.725583 391.2 59.669652 778.53 0
2082 5 25.563726 8.292028 461.6 76.3729423 779.07 0
2082 6 29.263577 14.147946 512.7 125.83938 778.52 0
2082 7 32.328426 18.393095 503.7 123.3927503 777 0
2082 8 31.341415 16.931942 439.3 89.2176249 774.41 0
2082 9 24.251389 10.174737 346.6 78.139287 773.41 0
2082 10 17.957428 6.6933513 255.1 172.0705685 773.27 0
2082 11 9.6331005 0.16384438 163.1 81.345228 774.7 0
2082 12 6.9580116 -1.6162736 125 109.3063782 775.91 0
2083 1 1.5127091 -8.05022 143.5 104.6070324 783.75 0
2083 2 9.366233 -3.0599205 209.8 88.606964025 784.67 0
2083 3 7.992298 -4.4153223 301.6 94.173784 785.65 0
2083 4 17.214066 2.6096892 391.2 102.09591 787.11 0
2083 5 24.730291 8.876822 461.6 133.7171236 787.65 0
2083 6 30.347076 13.792549 512.7 70.899624 787.1 0
2083 7 32.25342 17.33883 503.7 84.8738212 785.58 0
2083 8 30.87031 17.465729 439.3 219.144952 782.99 0
2083 9 27.646242 14.29072 346.6 91.010622 781.99 0
2083 10 18.336939 6.781905 255.1 190.090202 781.85 0
2083 11 12.276693 2.4751687 163.1 103.212855 783.28 0
2083 12 3.4975533 -3.9818392 125 36.5156378 784.49 0
2084 1 -4.2397766 -16.393507 143.5 37.714538 792.37 0
2084 2 5.580661 -7.6332874 209.8 63.389652375 793.29 0
2084 3 9.035747 -3.5662022 301.6 93.733677 794.27 0
2084 4 14.248089 0.42034146 391.2 85.775478 795.73 0
2084 5 19.264538 5.588242 461.6 130.053029 796.27 0
2084 6 30.277945 13.172909 512.7 37.725351 795.72 0
2084 7 32.279453 17.169722 503.7 102.5967475 794.2 0
2084 8 29.62698 14.396362 439.3 128.825863 791.61 0
2084 9 25.941744 13.100962 346.6 152.46297 790.61 0
2084 10 16.540138 5.319384 255.1 93.1064385 790.47 0
2084 11 14.740573 2.694081 163.1 46.537776 791.9 0
2084 12 6.821778 -1.3260332 125 92.7504283 793.11 0
2085 1 -3.3134367 -14.855044 143.5 63.647557 801.02 0
2085 2 3.1887002 -9.705461 209.8 97.22545425 801.94 0
2085 3 9.77497 -1.4175446 301.6 117.9558308 802.92 0
2085 4 13.7424135 0.8563517 391.2 113.969616 804.38 0
2085 5 25.646317 9.780375 461.6 124.296856 804.92 0
2085 6 31.649925 13.592452 512.7 38.192067 804.37 0
2085 7 31.461245 15.668023 503.7 112.8996998 802.85 0
2085 8 31.885414 19.833796 439.3 170.614514 800.26 0
2085 9 26.993889 14.4586315 346.6 117.05217 799.26 0
2085 10 16.44157 3.1669676 255.1 58.4369127 799.12 0
2085 11 10.832125 0.39193773 163.1 70.646652 800.55 0
2085 12 8.343435 -0.95156723 125 70.4626466 801.76 0
2086 1 2.800289 -8.522958 143.5 186.8942353 809.71 0
2086 2 3.697038 -7.752312 209.8 58.005061125 810.63 0
2086 3 9.192348 -3.4070868 301.6 81.8167376 811.61 0
2086 4 14.801793 1.1171724 391.2 163.445892 813.07 0
2086 5 24.73969 7.0841885 461.6 43.3298997 813.61 0
2086 6 28.305283 11.421955 512.7 107.187138 813.06 0
2086 7 31.616934 16.219458 503.7 140.531897 811.54 0
2086 8 30.531605 18.082062 439.3 149.852326 808.95 0
2086 9 28.037361 14.668634 346.6 90.323538 807.95 0
2086 10 22.223782 7.402741 255.1 35.1100575 807.81 0
2086 11 9.122971 0.7702138 163.1 164.14422 809.24 0
2086 12 4.989252 -2.0809698 125 116.3000805 810.45 0
2087 1 -0.7156473 -9.664089 143.5 105.9285624 818.42 0
2087 2 4.294018 -5.4809585 209.8 81.94405745 819.34 0
2087 3 8.067997 -4.6140857 301.6 44.1996915 820.32 0
2087 4 17.137785 4.1270037 391.2 96.795918 821.78 0
2087 5 25.354338 11.445731 461.6 138.117462 822.32 0
2087 6 30.009808 15.911627 512.7 108.787767 821.77 0
2087 7 31.43823 16.98581 503.7 96.1302188 820.25 0
2087 8 32.391846 18.374035 439.3 94.5664517 817.66 0
2087 9 28.377506 15.334494 346.6 92.394804 816.66 0
2087 10 21.23488 7.302128 255.1 116.1200883 816.52 0
2087 11 12.603035 1.780527 163.1 91.601685 817.95 0
2087 12 3.1914537 -4.8766294 125 119.012968 819.16 0
2088 1 3.4670749 -7.751348 143.5 74.3544455 827.16 0
2088 2 5.3764863 -6.110254 209.8 28.603308625 828.08 0
2088 3 9.912829 -4.1635604 301.6 87.2776852 829.06 0
2088 4 14.657865 0.8019381 391.2 75.21375 830.52 0
2088 5 24.619402 9.227447 461.6 93.5370068 831.06 0
2088 6 30.078297 13.922242 512.7 113.088471 830.51 0
2088 7 30.15719 16.181425 503.7 97.8700628 828.99 0
2088 8 31.873585 18.539661 439.3 165.544433 826.4 0
2088 9 28.313164 12.644771 346.6 34.152918 825.4 0
2088 10 21.382511 5.8235016 255.1 87.7165987 825.26 0
2088 11 10.338922 -0.06504734 163.1 76.622487 826.69 0
2088 12 8.194864 -1.0454116 125 88.4506756 827.9 0
2089 1 4.25378 -6.992743 143.5 139.517794 835.96 0
2089 2 6.7969103 -5.1406107 209.8 74.06218315 836.88 0
2089 3 9.667825 -2.7974777 301.6 87.5912626 837.86 0
2089 4 17.564741 3.9519196 391.2 110.178081 839.32 0
2089 5 24.71865 8.041182 461.6 111.3096726 839.86 0
2089 6 29.595692 14.176956 512.7 124.76424 839.31 0
2089 7 30.931555 18.00064 503.7 152.4205644 837.79 0
2089 8 32.689392 20.026094 439.3 67.2715097 835.2 0
2089 9 25.482113 12.956981 346.6 78.384519 834.2 0
2089 10 20.674482 7.6545076 255.1 69.056468 834.06 0
2089 11 12.076228 1.6740632 163.1 98.3826 835.49 0
2089 12 0.8826209 -9.626847 125 67.7049982 836.7 0
2090 1 0.51558393 -8.383254 143.5 158.951601 844.8 0
2090 2 0.024604306 -11.727821 209.8 69.776822 845.72 0
2090 3 10.086222 -2.9140613 301.6 101.6101849 846.7 0
2090 4 15.966863 3.3799798 391.2 153.885855 848.16 0
2090 5 22.51189 9.036277 461.6 132.3572714 848.7 0
2090 6 32.328644 16.68637 512.7 99.553014 848.15 0
2090 7 35.979965 18.27557 503.7 51.0257768 846.63 0
2090 8 30.6516 17.543383 439.3 125.388242 844.04 0
2090 9 24.57398 13.481938 346.6 98.926269 843.04 0
2090 10 17.452301 5.214633 255.1 162.5307246 842.9 0
2090 11 13.002213 2.7604423 163.1 122.14344 844.33 0
2090 12 5.276251 -3.1198924 125 140.8968507 845.54 0
2091 1 2.3211493 -6.878837 143.5 64.6242337 853.73 0
2091 2 7.2911954 -5.326337 209.8 65.42654235 854.65 0
2091 3 12.463164 0.8087364 301.6 90.5219313 855.63 0
2091 4 13.737832 0.3713248 391.2 63.96957 857.09 0
2091 5 27.07967 8.493435 461.6 90.090929 857.63 0
2091 6 29.610031 12.363768 512.7 54.139644 857.08 0
2091 7 32.19092 19.213255 503.7 131.182793 855.56 0
2091 8 32.4214 18.7433 439.3 124.758942 852.97 0
2091 9 25.394156 12.569878 346.6 56.686152 851.97 0
2091 10 21.876375 7.378792 255.1 58.186132 851.83 0
2091 11 12.521857 2.699557 163.1 104.239698 853.26 0
2091 12 2.3213625 -7.284216 125 42.3211318 854.47 0
2092 1 -0.7740312 -10.056276 143.5 101.1722324 862.73 0
2092 2 5.822545 -6.2811694 209.8 78.163210225 863.65 0
2092 3 10.381677 -2.750724 301.6 147.946849 864.63 0
2092 4 16.608555 4.021333 391.2 182.99949 866.09 0
2092 5 22.314411 9.184629 461.6 125.1485562 866.63 0
2092 6 29.705685 15.117952 512.7 127.914318 866.08 0
2092 7 32.819984 18.478508 503.7 112.822144 864.56 0
2092 8 34.459343 17.97855 439.3 53.4768631 861.97 0
2092 9 22.787186 9.678531 346.6 72.2013 860.97 0
2092 10 22.362606 7.270074 255.1 80.0327465 860.83 0
2092 11 12.618164 2.6037543 163.1 91.415784 862.26 0
2092 12 6.792825 -0.6961796 125 75.3376818 863.47 0
2093 1 2.2144434 -7.661627 143.5 220.0161698 871.78 0
2093 2 9.89052 -1.9808738 209.8 64.492136875 872.7 0
2093 3 10.1140585 -2.5206125 301.6 118.0971164 873.68 0
2093 4 16.749504 3.8523195 391.2 179.740878 875.14 0
2093 5 27.14074 11.232127 461.6 96.3813777 875.68 0
2093 6 27.614313 15.795425 512.7 152.881695 875.13 0
2093 7 33.383152 18.12637 503.7 91.7903335 873.61 0
2093 8 32.681698 17.636286 439.3 181.9777407 871.02 0
2093 9 28.021812 13.790302 346.6 109.974276 870.02 0
2093 10 21.11415 5.4807944 255.1 61.7016188 869.88 0
2093 11 12.940566 1.5821551 163.1 51.627006 871.31 0
2093 12 6.5036016 -1.6615065 125 148.7786317 872.52 0
2094 1 1.9904203 -7.746064 143.5 123.06752 880.86 0
2094 2 5.4506044 -6.3460207 209.8 96.96049185 881.78 0
2094 3 11.224402 -2.2108216 301.6 42.0950147 882.76 0
2094 4 15.229143 0.6558206 391.2 77.939601 884.22 0
2094 5 24.07598 8.890619 461.6 82.152542 884.76 0
2094 6 30.208715 14.959041 512.7 127.288785 884.21 0
2094 7 31.146698 17.60035 503.7 152.9613904 882.69 0
2094 8 33.08973 20.693096 439.3 137.634079 880.1 0
2094 9 25.24611 10.171115 346.6 66.316581 879.1 0
2094 10 20.628159 5.997252 255.1 79.1759406 878.96 0
2094 11 10.179717 0.8428352 163.1 114.169656 880.39 0
2094 12 7.009545 -0.43224573 125 133.4192384 881.6 0
2095 1 3.9684033 -6.592568 143.5 22.6849816 889.98 0
2095 2 7.422184 -3.9834208 209.8 68.304451775 890.9 0
2095 3 9.167436 -3.7663822 301.6 102.4343354 891.88 0
2095 4 13.968061 0.36142692 391.2 77.930559 893.34 0
2095 5 25.841097 9.003561 461.6 124.316386 893.88 0
2095 6 28.119488 13.661554 512.7 122.68551 893.33 0
2095 7 31.955212 20.032312 503.7 157.9889983 891.81 0
2095 8 32.301846 19.508387 439.3 134.6392 889.22 0
2095 9 27.408133 13.344742 346.6 92.258736 888.22 0
2095 10 16.992653 4.7466593 255.1 181.502675 888.08 0
2095 11 11.956799 1.7944478 163.1 81.29748 889.51 0
2095 12 6.8429127 -2.3907824 125 159.8873267 890.72 0
2096 1 2.5890787 -7.439817 143.5 155.305629 899.12 0
2096 2 1.6380799 -10.025972 209.8 115.825669525 900.04 0
2096 3 10.873613 -1.9033026 301.6 113.7998778 901.02 0
2096 4 16.658857 1.5235782 391.2 95.98257 902.48 0
2096 5 27.37426 9.505249 461.6 48.179828 903.02 0
2096 6 31.2623 14.982714 512.7 114.693159 902.47 0
2096 7 33.904102 19.27507 503.7 122.4249675 900.95 0
2096 8 33.329506 17.926046 439.3 121.9497716 898.36 0
2096 9 24.257992 12.458041 346.6 208.077879 897.36 0
2096 10 17.0523 5.172104 255.1 76.5690173 897.22 0
2096 11 12.441794 2.373613 163.1 105.402669 898.65 0
2096 12 5.757392 -1.585269 125 43.396342 899.86 0
2097 1 2.4761913 -7.1853623 143.5 77.8326455 908.29 0
2097 2 4.8335996 -5.7493567 209.8 103.19688275 909.21 0
2097 3 9.483062 -3.7305574 301.6 121.7096332 910.19 0
2097 4 15.421796 1.1088055 391.2 80.574624 911.65 0
2097 5 27.104881 9.824543 461.6 60.1508965 912.19 0
2097 6 30.9247 14.130831 512.7 90.735525 911.64 0
2097 7 32.820843 18.752407 503.7 97.1037366 910.12 0
2097 8 31.601511 18.206469 439.3 131.741258 907.53 0
2097 9 25.592215 12.494953 346.6 159.919038 906.53 0
2097 10 18.741209 7.253336 255.1 130.9454787 906.39 0
2097 11 12.660771 2.1101289 163.1 172.800981 907.82 0
2097 12 5.8050275 -1.8734885 125 184.897113 909.03 0
2098 1 4.2344894 -6.5168486 143.5 63.1819494 917.47 0
2098 2 9.376686 -1.8879578 209.8 146.95826845 918.39 0
2098 3 13.196053 -0.38830435 301.6 34.3472467 919.37 0
2098 4 19.063925 4.8969626 391.2 91.581723 920.83 0
2098 5 26.092165 9.839608 461.6 132.4218382 921.37 0
2098 6 31.239319 15.2636175 512.7 122.56473 920.82 0
2098 7 34.49061 19.342823 503.7 98.1626997 919.3 0
2098 8 33.09865 19.87475 439.3 121.9689513 916.71 0
2098 9 28.917088 14.306096 346.6 89.227488 915.71 0
2098 10 19.086573 6.2748055 255.1 71.916218 915.57 0
2098 11 12.371455 1.9266806 163.1 120.555768 917 0
2098 12 7.214865 -0.63717306 125 45.535001 918.21 0
2099 1 -0.73025167 -11.329529 143.5 104.687434 926.67 0
2099 2 7.773451 -2.752539 209.8 101.39340275 927.59 0
2099 3 11.073464 -2.120506 301.6 85.7162958 928.57 0
2099 4 17.109997 3.6844366 391.2 90.616716 930.03 0
2099 5 23.357094 7.5174513 461.6 51.3074366 930.57 0
2099 6 30.72543 16.760677 512.7 125.735535 930.02 0
2099 7 32.808685 18.766603 503.7 157.8634576 928.5 0
2099 8 33.383366 18.180483 439.3 115.8553297 925.91 0
2099 9 27.473608 12.147554 346.6 75.543015 924.91 0
2099 10 24.184273 9.344337 255.1 62.155651 924.77 0
2099 11 14.442411 2.4335756 163.1 45.515406 926.2 0
2099 12 4.7437825 -4.052812 125 119.9185834 927.41 0
2100-2200 1 -0.73025167 -11.329529 143.5 104.687434 926.67 0
2100-2200 2 7.773451 -2.752539 209.8 101.39340275 927.59 0
2100-2200 3 11.073464 -2.120506 301.6 85.7162958 928.57 0
2100-2200 4 17.109997 3.6844366 391.2 90.616716 930.03 0
2100-2200 5 23.357094 7.5174513 461.6 51.3074366 930.57 0
2100-2200 6 30.72543 16.760677 512.7 125.735535 930.02 0
2100-2200 7 32.808685 18.766603 503.7 157.8634576 928.5 0
2100-2200 8 33.383366 18.180483 439.3 115.8553297 925.91 0
2100-2200 9 27.473608 12.147554 346.6 75.543015 924.91 0
2100-2200 10 24.184273 9.344337 255.1 62.155651 924.77 0
2100-2200 11 14.442411 2.4335756 163.1 45.515406 926.2 0
2100-2200 12 4.7437825 -4.052812 125 119.9185834 927.41 0
