Year Month Tmax Tmin PAR Prec CO2 O3
1200-1980 1 -3.57765465922089 -14.5728736006938 143.5 73.6829296074534 390 0
1200-1980 2 -1.40337524326253 -13.3378311615517 209.8 65.9809483721196 390 0
1200-1980 3 3.52618891492205 -8.11144643823193 301.6 78.9704801033059 390 0
1200-1980 4 11.0264154696093 -1.12856923372585 391.2 86.7281837596864 390 0
1200-1980 5 18.1811044146515 4.99567279211375 461.6 102.659520316508 390 0
1200-1980 6 22.691650223973 10.1402803334636 512.7 113.039307369339 390 0
1200-1980 7 25.1793200096188 12.7304503469973 503.7 114.581802720552 390 0
1200-1980 8 24.2573628389205 11.6875791957937 439.3 117.849339691306 390 0
1200-1980 9 19.9068507724086 7.47724861195641 346.6 99.1412527037305 390 0
1200-1980 10 12.9184152206204 1.54160211285671 255.1 112.765515659994 390 0
1200-1980 11 5.92509830504553 -3.40629854707269 163.1 95.6454477193467 390 0
1200-1980 12 -0.708237579885092 -10.2708850129766 125 90.5610724074863 390 0
1981 1 -7.30632621875111 -20.32809337312 143.5 15.925776837709 390 0
1981 2 3.26069698990161 -7.96673303276662 209.8 172.416494471811 390 0
1981 3 3.74030865013609 -6.73903152053184 301.6 33.0621844060739 390 0
1981 4 12.279212600396 -0.389576594405935 391.2 84.8039921828209 390 0
1981 5 19.5867604005677 5.12629951811994 461.6 104.970986724056 390 0
1981 6 22.9328223380028 9.7586699311151 512.7 108.781052280547 390 0
1981 7 25.1202867633074 12.774899893625 503.7 131.253553923087 390 0
1981 8 23.3371675296959 10.6143451698941 439.3 126.955062299793 390 0
1981 9 18.2946401051666 7.7695581967334 346.6 152.887752574828 390 0
1981 10 10.6450183086342 -0.366784406538471 255.1 151.851410518103 390 0
1981 11 5.52820335757418 -3.25397383966614 163.1 66.7981985671686 390 0
1981 12 -1.56912924590485 -9.19096695060719 125 96.5243292601818 390 0
1982 1 -7.79366327983485 -21.0391889765566 143.5 74.1563468158854 390 0
1982 2 -2.31869890862466 -14.6675290517027 209.8 72.9776716903389 390 0
1982 3 2.96474389449824 -9.4248796705812 301.6 68.6461649402973 390 0
1982 4 9.33785380253695 -3.26377990920334 391.2 79.9828542136203 390 0
1982 5 20.0253785984024 4.97755955635922 461.6 37.8955284201252 390 0
1982 6 20.3957045804499 9.03481487708542 512.7 161.002259549008 390 0
1982 7 25.7525985581281 11.2295575842916 503.7 62.4108500522595 390 0
1982 8 22.6157742741636 9.50679102412381 439.3 96.6227557759579 390 0
1982 9 20.0742000290315 7.8093365924409 346.6 71.2720272076922 390 0
1982 10 13.7688344990005 0.879407938207439 255.1 53.1637114419499 390 0
1982 11 7.83231368704326 -1.77349503695268 163.1 102.180162361657 390 0
1982 12 2.75261866534476 -7.80404504980711 125 51.2507586610515 390 0
1983 1 -2.29227031878751 -12.7800078037097 143.5 95.2440511506303 390 0
1983 2 -0.175369301041623 -12.3892555948777 209.8 56.6428706354741 390 0
1983 3 3.84406916278727 -5.36253605480617 301.6 114.156290417455 390 0
1983 4 9.56621548712805 -0.408085081648028 391.2 134.960451017979 390 0
1983 5 15.7198968056921 4.76783688271488 461.6 162.156682589533 390 0
1983 6 24.3740965607425 9.60576873716541 512.7 64.3226822405304 390 0
1983 7 26.0141613281123 12.3070662720828 503.7 72.2414170675886 390 0
1983 8 24.7304175330438 11.7451588356219 439.3 167.0313790574 390 0
1983 9 21.7965736442754 7.87287872403475 346.6 56.7691430467463 390 0
1983 10 13.1728948065151 1.41827264974964 255.1 83.9788452850584 390 0
1983 11 5.36635950253906 -2.63804545939227 163.1 196.993873013611 390 0
1983 12 -2.70440098007049 -12.2998261040725 125 154.961554478722 390 0
1984 1 -4.64172645656609 -16.5318220912037 143.5 36.0472148333487 390 0
1984 2 2.4369211925415 -8.24578968725123 209.8 79.0702046530411 390 0
1984 3 0.0133565997223392 -11.7939103431112 301.6 80.1079265573828 390 0
1984 4 11.4049809359994 -0.469171960797177 391.2 76.2931390504071 390 0
1984 5 16.3261614150192 3.90940781717143 461.6 222.764310318002 390 0
1984 6 23.6873222652244 9.56916148136321 512.7 88.7067018263143 390 0
1984 7 24.8087699595193 12.4635601273316 503.7 133.721354426006 390 0
1984 8 25.5382784916873 13.0026388130493 439.3 62.5511903428391 390 0
1984 9 18.7178640803533 4.95589625389424 346.6 54.2529882918763 390 0
1984 10 14.7203432438453 1.98030928739559 255.1 78.6096057705059 390 0
1984 11 5.93244052317417 -4.07273567333725 163.1 89.3047792479469 390 0
1984 12 1.42089812195467 -8.09106593479541 125 96.0537822008827 390 0
1985 1 -6.52526940686883 -16.6489075768248 143.5 38.6474530892557 390 0
1985 2 -0.948490809617779 -12.0596923528884 209.8 61.8500877762818 390 0
1985 3 4.43821011247856 -8.06178899500978 301.6 77.0367079408783 390 0
1985 4 10.8597324547741 -1.28974769300862 391.2 54.9404869407678 390 0
1985 5 18.7200227635943 4.3796640246499 461.6 87.6057618663375 390 0
1985 6 20.1162807371803 8.74179465498697 512.7 93.6358313928001 390 0
1985 7 25.8548866452533 11.574347836401 503.7 69.5171330216674 390 0
1985 8 23.5518741028106 10.5511208560311 439.3 110.418718886815 390 0
1985 9 20.171242153354 7.48551230948228 346.6 113.679594168878 390 0
1985 10 13.7995996462823 1.75421191293901 255.1 90.9776288304155 390 0
1985 11 5.55346467468913 -2.83998267508237 163.1 113.469703935147 390 0
1985 12 -3.24319718994344 -13.1996686746411 125 61.9571399884455 390 0
1986 1 -2.2536323802242 -14.4519635739255 143.5 130.321511567866 390 0
1986 2 -3.13999897559312 -15.6224279385744 209.8 52.6398456562078 390 0
1986 3 4.86604364335836 -7.51779511272494 301.6 94.3676386063134 390 0
1986 4 14.387694152885 0.608789305348457 391.2 41.3131076652 390 0
1986 5 19.7050772557152 6.29817547113832 461.6 105.922187813042 390 0
1986 6 21.2741271893095 8.11792003641695 512.7 112.527916748713 390 0
1986 7 23.5357416520245 12.1165194839688 503.7 132.437318698234 390 0
1986 8 22.9022918252306 11.1996825600964 439.3 138.550330762357 390 0
1986 9 17.9397202485161 6.24342794142466 346.6 91.7457168491077 390 0
1986 10 12.7149614932196 1.32723866367425 255.1 59.5904079618562 390 0
1986 11 3.9826202341891 -5.27861438681684 163.1 100.655563115696 390 0
1986 12 -0.444563094756817 -9.04486859252537 125 77.6809388644468 390 0
1987 1 -3.65471362581903 -14.9896407351263 143.5 83.0016293280282 390 0
1987 2 -3.42529273484409 -16.6964163591189 209.8 11.8838462797969 390 0
1987 3 5.43455732076013 -7.25318204703684 301.6 50.4954195809902 390 0
1987 4 13.8786260252201 0.99593857939628 391.2 87.4117066432333 390 0
1987 5 18.6385010673236 4.5102741497287 461.6 54.4379350415923 390 0
1987 6 22.6316307189935 10.550951643381 512.7 157.122924358562 390 0
1987 7 26.0401609603611 13.0483186768415 503.7 100.253840481387 390 0
1987 8 23.2506751659974 9.53876381861893 439.3 74.8593864460305 390 0
1987 9 18.5630935498218 7.64342587991345 346.6 133.640551596811 390 0
1987 10 12.508806793807 -0.0209678916081039 255.1 141.443068816931 390 0
1987 11 5.46991096613808 -4.50756975358472 163.1 72.9294700641946 390 0
1987 12 -0.076785293525213 -7.53685016646201 125 57.120603090893 390 0
1988 1 -3.2253523397132 -15.8294897304842 143.5 44.1209545350713 390 0
1988 2 -0.90590682257111 -13.9568518914205 209.8 70.7262510013426 390 0
1988 3 3.12380350286458 -8.9674884870023 301.6 41.7747975807184 390 0
1988 4 10.5077980029769 -0.419021975847887 391.2 100.220655232799 390 0
1988 5 19.3796367703192 6.06146774230429 461.6 69.2944508711954 390 0
1988 6 22.6132114736494 7.46685117229733 512.7 52.9490049070967 390 0
1988 7 26.4593888914644 13.9164130470402 503.7 112.856755983014 390 0
1988 8 25.2939175909796 13.0472801963994 439.3 152.664572219805 390 0
1988 9 18.8053781638715 5.64702249935988 346.6 53.0589994639214 390 0
1988 10 10.1520113529817 0.529767525741673 255.1 56.4415721252979 390 0
1988 11 5.82156636533461 -3.13704377801003 163.1 140.599082655375 390 0
1988 12 -2.02823260039983 -13.3038681084855 125 42.3107885673595 390 0
1989 1 -0.910000277163166 -13.1265841862299 143.5 38.721549683053 390 0
1989 2 -2.46001975662695 -14.4056494071016 209.8 46.9437098623256 390 0
1989 3 2.82749054037841 -10.1569189061267 301.6 68.1863626295068 390 0
1989 4 8.52018095999411 -3.1293990911562 391.2 75.273376367629 390 0
1989 5 19.7915780484955 6.33478151230204 461.6 137.596333437341 390 0
1989 6 22.7788491943849 11.0494071637618 512.7 130.021406150591 390 0
1989 7 25.8390219394963 12.1768608200123 503.7 71.6783456217029 390 0
1989 8 23.6241445687996 11.2435788892549 439.3 159.049655554528 390 0
1989 9 20.3355732798127 7.82274241943682 346.6 119.376247903283 390 0
1989 10 13.8186620759984 1.84621787882506 255.1 118.714042363187 390 0
1989 11 5.06223924291682 -4.73423184313145 163.1 110.161135623322 390 0
1989 12 -9.3109001894376 -21.9301851892278 125 39.4325418924809 390 0
1990 1 1.18768557682432 -8.39191384127819 143.5 104.828089202288 390 0
1990 2 0.244944448691479 -13.2253206552069 209.8 76.2971540256919 390 0
1990 3 5.29045563124867 -7.9208349682946 301.6 71.1501834237591 390 0
1990 4 11.3515260124759 -0.247082528391078 391.2 86.3680034994545 390 0
1990 5 16.3664688980559 3.6497087535325 461.6 127.660224186754 390 0
1990 6 23.0195230858495 10.4703673465311 512.7 131.155546782381 390 0
1990 7 25.3009641577396 12.5180915736078 503.7 92.1744716209346 390 0
1990 8 25.1368298743277 12.7458644284466 439.3 193.377318008149 390 0
1990 9 18.9922036174296 7.73424025769971 346.6 70.6523124806896 390 0
1990 10 14.1522509367589 3.87002309651641 255.1 176.118927621071 390 0
1990 11 6.46855208345219 -2.83668661839441 163.1 92.9277872043703 390 0
1990 12 1.65662114971778 -8.44451689385541 125 134.740104710935 390 0
1991 1 -3.81181369481037 -14.8925775101747 143.5 64.0622426437557 390 0
1991 2 0.760414161332485 -11.2954692948347 209.8 34.9530842853917 390 0
1991 3 3.91106014348155 -5.26743440776577 301.6 86.0656719789002 390 0
1991 4 13.6018875120122 0.357437229041687 391.2 76.5118214748671 390 0
1991 5 20.5421383950337 5.93762234514585 461.6 91.5519314986663 390 0
1991 6 23.6154126791579 9.65406626803491 512.7 60.1634671676662 390 0
1991 7 25.1875171194597 11.5944021153588 503.7 62.685905184267 390 0
1991 8 24.753394019322 12.6598443107536 439.3 170.016893562853 390 0
1991 9 18.4907498091244 5.70090505921577 346.6 127.841804137607 390 0
1991 10 14.6103239087876 2.24204624811763 255.1 121.941890888687 390 0
1991 11 5.87821207960705 -2.77601101007351 163.1 64.6614698874093 390 0
1991 12 -0.853271953806405 -12.0057371757078 125 80.9750525003611 390 0
1992 1 -3.59569535134566 -14.8074668524387 143.5 66.6555125060667 390 0
1992 2 -1.94882140019259 -13.6374540862403 209.8 62.3449590461673 390 0
1992 3 1.29931589493405 -11.3543486760526 301.6 87.3514291702758 390 0
1992 4 8.71216558207027 -2.41086939046062 391.2 70.1237443609918 390 0
1992 5 19.3019979403025 3.30548676109834 461.6 45.2876041913676 390 0
1992 6 22.0176255954771 8.82932710022631 512.7 76.7385158857027 390 0
1992 7 22.5865128366678 10.4356441468955 503.7 102.623780300117 390 0
1992 8 22.6309837482871 10.9331590669513 439.3 100.307448810324 390 0
1992 9 19.9284877137141 6.7251857777263 346.6 105.41808328543 390 0
1992 10 10.1658628402378 -0.152166933694892 255.1 72.8449028105324 390 0
1992 11 4.08629017991301 -4.4468330876801 163.1 106.080377573068 390 0
1992 12 -0.0987769229445651 -9.64387197802695 125 49.6230468129056 390 0
1993 1 -2.25084089766059 -12.1511626750124 143.5 74.0288879830777 390 0
1993 2 -5.90532841259904 -20.6070921313164 209.8 70.0928675121147 390 0
1993 3 2.8771544883005 -11.013757236697 301.6 82.6925299899727 390 0
1993 4 11.4612222259367 -1.00693733390859 391.2 90.5630750041335 390 0
1993 5 18.252929464619 4.48496902187747 461.6 48.9715155578927 390 0
1993 6 22.0909576483311 8.74999363709844 512.7 103.891913856827 390 0
1993 7 25.4876799827264 12.5946199339557 503.7 101.040991726398 390 0
1993 8 25.0823688751469 12.1564083938321 439.3 95.3942179699164 390 0
1993 9 18.5719909106817 7.19168750951394 346.6 115.008425314126 390 0
1993 10 11.2032317013855 -0.459556497807626 255.1 82.4174067518262 390 0
1993 11 5.73721614457591 -4.71933263473275 163.1 83.3563758337124 390 0
1993 12 -1.16108851649239 -10.8784258160506 125 79.0119224389627 390 0
1994 1 -8.28288915797929 -21.88594550302 143.5 102.670481273596 390 0
1994 2 -4.71201137660426 -17.9614878808197 209.8 36.9990397314169 390 0
1994 3 2.03402698697846 -8.29484914264164 301.6 103.355541363951 390 0
1994 4 10.5059937840693 -1.80451178220997 391.2 101.234269010636 390 0
1994 5 16.7182418924129 3.33274601654732 461.6 101.111237016527 390 0
1994 6 24.1040535262086 11.1808252673868 512.7 101.933605315149 390 0
1994 7 26.1904984773022 14.3652663288032 503.7 116.018339779391 390 0
1994 8 23.3080129023067 10.3860900261886 439.3 123.974801915579 390 0
1994 9 18.0718239248888 7.27754901169393 346.6 102.127404938232 390 0
1994 10 13.904251698531 1.18769383146825 255.1 25.061656528773 390 0
1994 11 8.23547346088306 -2.49298125211807 163.1 75.2390205981353 390 0
1994 12 1.38553267520804 -8.98247532049582 125 68.2782013993847 390 0
1995 1 -0.659109603091836 -9.43017719514035 143.5 79.3997395983956 390 0
1995 2 -3.51343704068159 -15.632827188759 209.8 59.3654157986622 390 0
1995 3 4.96487726189509 -6.01016305343533 301.6 64.0726992886122 390 0
1995 4 7.97531037648556 -3.77957671768466 391.2 52.9041891195331 390 0
1995 5 16.9346777559336 4.04088441104267 461.6 65.2947564939783 390 0
1995 6 25.1179324399805 9.88092420604902 512.7 34.4257895652575 390 0
1995 7 26.5641499556277 13.800607836627 503.7 129.432308585918 390 0
1995 8 25.0156199711897 11.3172399078272 439.3 106.037908078666 390 0
1995 9 18.439172883345 4.3840001722474 346.6 83.974331199616 390 0
1995 10 15.5689157140752 3.53773359032861 255.1 204.7351151362 390 0
1995 11 3.65885892922039 -4.87240156397407 163.1 112.619742597002 390 0
1995 12 -4.17878640571843 -12.9151169756914 125 79.4562757151264 390 0
1996 1 -3.67711139393953 -15.467914593686 143.5 116.980350177314 390 0
1996 2 -2.88602444672082 -13.3756346946452 209.8 74.3770823811913 390 0
1996 3 2.48841316400965 -9.83369612672116 301.6 42.9449121771748 390 0
1996 4 9.76701332549064 -1.39045780778253 391.2 158.677417531729 390 0
1996 5 16.5349989354479 3.65530877684736 461.6 143.824802055829 390 0
1996 6 22.6097634643821 11.2085450107795 512.7 113.524625237449 390 0
1996 7 23.8268162392594 12.3831696910266 503.7 196.294451052744 390 0
1996 8 24.4668706528904 11.6181944834039 439.3 55.4732233898297 390 0
1996 9 20.1104409893901 8.66433538403084 346.6 76.7239695462534 390 0
1996 10 12.4730489751816 0.544746940064455 255.1 148.923316745366 390 0
1996 11 3.2447857776523 -5.7386670793393 163.1 76.7820006896063 390 0
1996 12 1.44730116851831 -5.55035201812868 125 135.096300150251 390 0
1997 1 -4.01077972836336 -15.4925040819518 143.5 87.38272993763 390 0
1997 2 0.560242005075555 -11.9074201482733 209.8 67.4047396914362 390 0
1997 3 1.54644859276645 -10.5379890695981 301.6 98.4704234575787 390 0
1997 4 9.01864873518724 -3.32454223037244 391.2 76.4719444760809 390 0
1997 5 13.8465896964332 2.56155252345501 461.6 89.5408161645732 390 0
1997 6 23.9714754778929 9.60737176999272 512.7 76.0685075685956 390 0
1997 7 24.4025792859508 11.0722973601911 503.7 133.776509697861 390 0
1997 8 23.1693032968011 10.7071506686695 439.3 155.904746157553 390 0
1997 9 18.7111892856503 6.68389795725674 346.6 68.6987938905434 390 0
1997 10 12.4326898325258 -0.330046761786483 255.1 51.3127944277772 390 0
1997 11 4.42430559343045 -5.33570932900296 163.1 128.57395663353 390 0
1997 12 -0.554581908818963 -11.1789361412287 125 67.6763150475699 390 0
1998 1 -1.52462207752005 -11.5621370751765 143.5 139.250074740149 390 0
1998 2 2.17823437447215 -9.86796104007844 209.8 59.915908394903 390 0
1998 3 4.68134215335658 -6.85113020993236 301.6 93.3493064032822 390 0
1998 4 13.1146780641339 -1.02843172223314 391.2 62.6086916515184 390 0
1998 5 21.604478031451 7.1063078735844 461.6 67.4741800141536 390 0
1998 6 21.3243840590474 11.1517624734711 512.7 229.932562525757 390 0
1998 7 24.6346039108494 12.3877635509089 503.7 129.842106403208 390 0
1998 8 24.6478193801274 11.5420500058766 439.3 123.461555829364 390 0
1998 9 20.5410002458715 7.4518984040228 346.6 98.4674090610606 390 0
1998 10 12.971500032667 2.67585597650381 255.1 79.5241651632901 390 0
1998 11 4.97533273302751 -2.05024293532693 163.1 82.5965885720737 390 0
1998 12 3.73107881428441 -7.85633878215614 125 41.590922220623 390 0
1999 1 -2.59434913379467 -14.9560093914652 143.5 142.553408439739 390 0
1999 2 0.246327286799295 -12.936637490915 209.8 35.0629767482621 390 0
1999 3 3.11666421399412 -7.51355445386843 301.6 111.72522459625 390 0
1999 4 11.3971335667638 -1.78663412319981 391.2 19.6755209907849 390 0
1999 5 20.253404196788 5.45351672020037 461.6 86.3320935145366 390 0
1999 6 25.653285864909 11.0939949483606 512.7 72.4312274907658 390 0
1999 7 26.5921075693006 13.1962741136425 503.7 100.03745572187 390 0
1999 8 23.811205725121 10.9887492600504 439.3 66.7535846788648 390 0
1999 9 22.2477597947224 9.33981221407129 346.6 211.522460388623 390 0
1999 10 11.7992834554313 -0.485925826957001 255.1 104.378157992199 390 0
1999 11 8.73922003715023 -1.4468750951859 163.1 80.7361057061116 390 0
1999 12 0.146342429664707 -8.53969893543306 125 47.4336429966836 390 0
2000 1 -4.78676813225875 -15.8173505418912 143.5 94.9742416215256 390 0
2000 2 -0.529916220523271 -13.5263836595399 209.8 88.6246544107899 390 0
2000 3 6.64174943024662 -5.50112305097797 301.6 76.569368453434 390 0
2000 4 9.0971096967681 -1.21199885284703 391.2 157.267209163042 390 0
2000 5 17.0663834956988 5.18644449537551 461.6 140.268994767736 390 0
2000 6 21.4471229733746 9.72982165259983 512.7 84.9593761925561 390 0
2000 7 23.2397880796537 10.9045737749129 503.7 98.8098542496174 390 0
2000 8 22.9541391852584 11.0840612604316 439.3 97.4974896122585 390 0
2000 9 19.3770258438643 6.38520411770227 346.6 65.7759562353324 390 0
2000 10 13.4267430825669 0.906688494684482 255.1 72.5777979977176 390 0
2000 11 5.02828883856262 -2.59103337447093 163.1 85.4398451441813 390 0
2000 12 -3.63051894076915 -14.3655456314267 125 125.796608994268 390 0
2001 1 -2.85613157750592 -14.2212484533721 143.5 38.8026883689058 390 0
2001 2 -1.655039064878 -14.1062763083165 209.8 85.7975789561908 390 0
2001 3 1.21217755087802 -9.85545704120528 301.6 136.903168138523 390 0
2001 4 10.4882932578141 -2.76161032870871 391.2 25.4706644569449 390 0
2001 5 20.0399962886159 5.13911753810643 461.6 48.2075391221092 390 0
2001 6 23.8145228409339 10.4526514861407 512.7 86.3908862354781 390 0
2001 7 23.9337347324484 10.8619448299127 503.7 80.4615240275257 390 0
2001 8 26.9032881292308 12.2714616225629 439.3 49.562899589259 390 0
2001 9 21.1300845836283 7.04942107282878 346.6 109.542011051867 390 0
2001 10 15.228066529644 1.59173830817373 255.1 54.6713755071069 390 0
2001 11 7.90526277371769 -2.09411165898938 163.1 60.5408182773871 390 0
2001 12 2.99873260386736 -6.47048691778728 125 59.9231755526151 390 0
2002 1 0.332107783855449 -9.03814624574033 143.5 62.270769221231 390 0
2002 2 0.921246310604377 -12.0497710919156 209.8 82.4328477937567 390 0
2002 3 3.16254365997703 -7.10082349105969 301.6 94.780339545572 390 0
2002 4 11.7292573276394 -0.0803927975933914 391.2 113.365988366778 390 0
2002 5 15.6977155209986 3.12008014551839 461.6 108.545012716305 390 0
2002 6 21.6340659852858 9.42175885065556 512.7 177.650571087084 390 0
2002 7 25.3803896862515 12.5189093614324 503.7 85.3976132176214 390 0
2002 8 26.2241788159603 12.1929595593229 439.3 40.1912851313206 390 0
2002 9 22.4571093195926 8.62763209486868 346.6 120.701918933825 390 0
2002 10 10.9212677068587 0.56390720850276 255.1 84.6833677373333 390 0
2002 11 3.92758490689098 -4.80797248700913 163.1 112.967976887611 390 0
2002 12 -1.47019897204109 -11.8270378118851 125 68.4515692975342 390 0
2003 1 -7.39641978849558 -18.5159020690228 143.5 49.1071518395886 390 0
2003 2 -4.25589409431004 -16.6044317719739 209.8 47.7427966567713 390 0
2003 3 3.70083695975334 -10.1189548112674 301.6 70.7451273373022 390 0
2003 4 8.82113391254754 -2.90356066299532 391.2 65.587104282302 390 0
2003 5 16.6294822945788 5.0096027794668 461.6 103.10559509795 390 0
2003 6 22.7409790422478 10.1691310563018 512.7 73.3408933621929 390 0
2003 7 24.8401970892609 13.0565151443124 503.7 112.47304450586 390 0
2003 8 24.9785741318819 13.9061150592785 439.3 134.211813559182 390 0
2003 9 20.5234876395591 8.20959974139875 346.6 123.290974177012 390 0
2003 10 11.6797558839025 0.915674706001376 255.1 171.333118990692 390 0
2003 11 6.75431187522102 -3.12748815985974 163.1 114.127093525343 390 0
2003 12 -1.13777890028033 -11.3736640930889 125 177.28252837642 390 0
2004 1 -9.14949413090516 -19.0553262610337 143.5 25.7162072966727 390 0
2004 2 -1.90781204079384 -15.2982352722446 209.8 30.6071606244877 390 0
2004 3 4.68798399411902 -6.27068097154283 301.6 44.2486513043828 390 0
2004 4 10.7070414689244 -1.16080358230297 391.2 86.0745035043741 390 0
2004 5 19.0375168106065 6.14227219860498 461.6 128.9917114916 390 0
2004 6 21.472247383924 8.19762511113453 512.7 75.7898134439307 390 0
2004 7 23.886965162832 13.0751394911884 503.7 127.848435550544 390 0
2004 8 23.6937973723321 12.1801610325217 439.3 188.457396710734 390 0
2004 9 20.8501397723451 7.89214993952987 346.6 76.8997265468576 390 0
2004 10 13.42381030647 0.721635045050163 255.1 38.7017637399627 390 0
2004 11 6.17004887059207 -4.00065758870661 163.1 94.9915059027641 390 0
2004 12 -1.4228610816832 -11.7312246158234 125 108.993015460882 390 0
2005 1 -4.89222786264551 -16.0509442646571 143.5 66.6836509979364 390 0
2005 2 0.0345464478890917 -12.7917617389773 209.8 60.894085478085 390 0
2005 3 1.53821509417013 -10.3365452027181 301.6 70.1665186128255 390 0
2005 4 12.8191761801256 -0.669759481909187 391.2 124.48453443349 390 0
2005 5 14.5183709002741 3.54008854640856 461.6 83.7134448027051 390 0
2005 6 25.0122142514849 12.8377890531255 512.7 127.147654913279 390 0
2005 7 26.254294683307 14.0560085227089 503.7 107.692921673441 390 0
2005 8 25.1648990569345 12.9837193242076 439.3 106.020535701159 390 0
2005 9 22.0939399588786 9.42916372620255 346.6 106.096420351765 390 0
2005 10 12.8284683517459 4.13648845214975 255.1 265.42196079225 390 0
2005 11 7.20587748164794 -3.15193007543437 163.1 137.212989845903 390 0
2005 12 -1.5111805399428 -10.9483666071948 125 94.1977070306752 390 0
2006 1 0.809442514980174 -9.14422845124858 143.5 107.660120392543 390 0
2006 2 -1.74177228094681 -11.3098030422079 209.8 55.4554518123143 390 0
2006 3 2.49640867801444 -7.33349639649532 301.6 43.8476195290183 390 0
2006 4 12.5423725149155 -0.857117577226229 391.2 76.9721739121623 390 0
2006 5 17.5793051573004 6.86635029149807 461.6 177.471671857301 390 0
2006 6 22.419530535064 12.0803784697653 512.7 219.761448963609 390 0
2006 7 26.4745124724601 14.5880207065524 503.7 137.533079867977 390 0
2006 8 23.2603336644719 11.2677619243708 439.3 111.965909231058 390 0
2006 9 19.2860394058012 7.77543610248996 346.6 69.3610926010729 390 0
2006 10 11.6994823165779 1.67366032965614 255.1 192.741101158045 390 0
2006 11 8.60638855890737 -0.0505631033119588 163.1 75.7792143208695 390 0
2006 12 3.06910030658149 -5.44686263861533 125 107.927177642307 390 0
2007 1 -2.48631449370644 -12.9136546489587 143.5 82.731384082821 390 0
2007 2 -5.84764210907037 -17.1108138376186 209.8 66.1844751858031 390 0
2007 3 2.56167122806424 -10.362120314294 301.6 84.8557064213394 390 0
2007 4 8.45162571791215 -1.68284194622812 391.2 125.573423413098 390 0
2007 5 18.7275866641611 4.54932625334184 461.6 68.2142748817324 390 0
2007 6 23.1349252632466 10.9023962346073 512.7 85.4385513617795 390 0
2007 7 23.5747264945648 12.1561941610816 503.7 158.120464088168 390 0
2007 8 24.7499797488725 11.2807429851659 439.3 80.9882174548571 390 0
2007 9 21.510907013512 7.78985712648885 346.6 92.643898077512 390 0
2007 10 15.8250809589682 4.5743488418564 255.1 144.262416439444 390 0
2007 11 4.15301762280997 -4.5793980239934 163.1 118.445316803139 390 0
2007 12 -2.14660757384186 -11.0095813285755 125 123.02402694794 390 0
2008 1 -1.21009454521746 -11.9119331154426 143.5 60.5794310594743 390 0
2008 2 -1.59070349979846 -12.5571873994445 209.8 149.401277493125 390 0
2008 3 1.64030800361359 -10.5353373458302 301.6 117.004004075447 390 0
2008 4 13.3112273570946 -0.391834540616629 391.2 90.4400748539182 390 0
2008 5 16.8973387655081 3.20129388701275 461.6 29.3780016162448 390 0
2008 6 22.8775993440766 12.1067808639519 512.7 158.949050250276 390 0
2008 7 24.9800853873253 13.6751944568253 503.7 185.498501107846 390 0
2008 8 22.855208717562 11.408609381968 439.3 159.945335120307 390 0
2008 9 20.3249913831381 8.36711000827384 346.6 83.8592426926064 390 0
2008 10 12.2597573813114 0.609221386566665 255.1 124.469280843732 390 0
2008 11 5.21663014980898 -3.03324466455628 163.1 83.5795089007566 390 0
2008 12 -0.32331413865065 -11.0848107843809 125 141.341730484325 390 0
2009 1 -6.57133655135049 -18.3272321259119 143.5 72.7323557748878 390 0
2009 2 -1.32944654670326 -13.273996942203 209.8 61.9687373464369 390 0
2009 3 3.93579458060759 -8.28975807697705 301.6 62.8872856505582 390 0
2009 4 12.1611092855882 -0.186293844484378 391.2 66.2254770379557 390 0
2009 5 17.3495095420912 4.78507488540149 461.6 133.80098659277 390 0
2009 6 20.5879422218116 10.1867898275314 512.7 120.663300890497 390 0
2009 7 22.8056115425673 12.468238476809 503.7 174.168147339222 390 0
2009 8 24.5316492953869 12.9017403786367 439.3 109.364005663949 390 0
2009 9 19.4432128985084 6.44683708098624 346.6 57.9939586497394 390 0
2009 10 9.92299423917711 1.17084773591349 255.1 131.743194929194 390 0
2009 11 8.97539178789956 -1.45174235732576 163.1 102.994936081151 390 0
2009 12 -1.98697692121013 -10.4651703904835 125 104.443159258341 390 0
2010 1 -2.90414099323855 -11.1420193599847 143.5 59.3476546217128 390 0
2010 2 -1.87560500612359 -8.7770376834218 209.8 72.8009578375105 390 0
2010 3 7.10224893758303 -3.59517192703562 301.6 101.348421979583 390 0
2010 4 13.7388761985218 1.36356077148462 391.2 90.9439169610762 390 0
2010 5 20.1219909692911 6.07860116038992 461.6 59.4506313853054 390 0
2010 6 21.9938607498391 10.7519502424369 512.7 150.065713711729 390 0
2010 7 26.491322917467 14.7407961027246 503.7 103.847414798096 390 0
2010 8 24.1071107148327 12.0270092338251 439.3 106.28458645891 390 0
2010 9 20.4087154329558 9.27043957955074 346.6 74.3497736410063 390 0
2010 10 12.0839279540791 1.80304804311163 255.1 235.838083737981 390 0
2010 11 5.45496828856094 -3.02831479648853 163.1 79.4767865789405 390 0
2010 12 -2.83568596979012 -10.3316114530177 125 106.070362213613 390 0
2011 1 -4.3674501238839 -14.4089813412032 143.5 56.4372014326063 390 0
2011 2 -2.5618319082766 -15.4737335246527 209.8 84.4707323576651 390 0
2011 3 2.32853207732989 -8.61584873162553 301.6 124.75024134947 390 0
2011 4 9.97061158723698 -0.498771998399336 391.2 163.431122081708 390 0
2011 5 18.8916524670593 7.9120069804162 461.6 182.269781716652 390 0
2011 6 22.3263532350857 10.6163590434159 512.7 108.040144609877 390 0
2011 7 26.3408504208719 13.6059383751442 503.7 76.4109026536737 390 0
2011 8 24.5248981049427 12.6560688150733 439.3 252.977527754416 390 0
2011 9 21.1918344002752 10.2692827643631 346.6 134.497549764895 390 0
2011 10 13.3510229961082 3.55026594497353 255.1 116.123994976923 390 0
2011 11 9.64639310986249 -1.70907840548529 163.1 57.5926705966742 390 0
2011 12 1.90894371451707 -7.80850313902344 125 90.8068725199539 390 0
2012 1 -2.00861237058463 -11.5983693539349 143.5 78.9770420511566 390 0
2012 2 0.749189373122411 -9.74748232755471 209.8 33.4853740254644 390 0
2012 3 9.04957953192896 -3.42568549170204 301.6 48.7525995033672 390 0
2012 4 11.7315839066242 -0.226831136772101 391.2 84.892340888769 390 0
2012 5 19.6133520220985 7.85381510251243 461.6 133.722351861593 390 0
2012 6 22.5319367192531 10.5607366725701 512.7 105.807311173006 390 0
2012 7 26.3208211017887 13.0658549733968 503.7 96.8078616287359 390 0
2012 8 26.0276051270034 12.7696220362614 439.3 92.0966662597604 390 0
2012 9 20.063249734273 7.15756314241774 346.6 134.051501751571 390 0
2012 10 14.5009958504834 4.27751234397413 255.1 136.99018151476 390 0
2012 11 5.60421291636643 -4.62935083008774 163.1 30.2759541504107 390 0
2012 12 0.811423809983029 -6.73656184154869 125 131.858532287151 390 0
2013 1 -2.75268371792369 -13.9959858239691 143.5 41.5187739420423 390 0
2013 2 -2.06908286095155 -11.0638638043432 209.8 55.5409566596893 390 0
2013 3 2.84384250819275 -6.46144112698479 301.6 60.155376998899 390 0
2013 4 10.6544184788586 -1.78886790583069 391.2 60.9630842798489 390 0
2013 5 19.5573064536098 5.5795579978804 461.6 140.93083475926 390 0
2013 6 22.5026979463095 10.8925647145596 512.7 186.956886143193 390 0
2013 7 26.195814314071 15.3758526812987 503.7 185.832835722222 390 0
2013 8 23.650362091778 11.2559701324747 439.3 80.059791819303 390 0
2013 9 19.4622336741326 7.67619513326111 346.6 115.479299402719 390 0
2013 10 14.5738374067133 2.39975566251799 255.1 49.6757512356179 390 0
2013 11 4.88250131314409 -5.20153347587783 163.1 106.209763844174 390 0
2013 12 -2.01159625582135 -10.942963367978 125 87.2247023837566 390 0
2014 1 -3.22535234 -15.82948973 143.5 44.12095454 390 0
2014 2 -0.905906823 -13.95685189 209.8 70.726251 390 0
2014 3 3.123803503 -8.967488487 301.6 41.77479758 390 0
2014 4 10.507798 -0.419021976 391.2 100.2206552 390 0
2014 5 19.37963677 6.061467742 461.6 69.29445087 390 0
2014 6 22.61321147 7.466851172 512.7 52.94900491 390 0
2014 7 26.45938889 13.91641305 503.7 112.856756 390 0
2014 8 25.29391759 13.0472802 439.3 152.6645722 390 0
2014 9 18.80537816 5.647022499 346.6 53.05899946 390 0
2014 10 10.15201135 0.529767526 255.1 56.44157213 390 0
2014 11 5.821566365 -3.137043778 163.1 140.5990827 390 0
2014 12 -2.0282326 -13.30386811 125 42.31078857 390 0
2015 1 0.332107784 -9.038146246 143.5 62.27076922 390 0
2015 2 0.921246311 -12.04977109 209.8 82.43284779 390 0
2015 3 3.16254366 -7.100823491 301.6 94.78033955 390 0
2015 4 11.72925733 -0.080392798 391.2 113.3659884 390 0
2015 5 15.69771552 3.120080146 461.6 108.5450127 390 0
2015 6 21.63406599 9.421758851 512.7 177.6505711 390 0
2015 7 25.38038969 12.51890936 503.7 85.39761322 390 0
2015 8 26.22417882 12.19295956 439.3 40.19128513 390 0
2015 9 22.45710932 8.627632095 346.6 120.7019189 390 0
2015 10 10.92126771 0.563907209 255.1 84.68336774 390 0
2015 11 3.927584907 -4.807972487 163.1 112.9679769 390 0
2015 12 -1.470198972 -11.82703781 125 68.4515693 390 0
2016 1 -7.396419788 -18.51590207 143.5 49.10715184 390 0
2016 2 -4.255894094 -16.60443177 209.8 47.74279666 390 0
2016 3 3.70083696 -10.11895481 301.6 70.74512734 390 0
2016 4 8.821133913 -2.903560663 391.2 65.58710428 390 0
2016 5 16.62948229 5.009602779 461.6 103.1055951 390 0
2016 6 22.74097904 10.16913106 512.7 73.34089336 390 0
2016 7 24.84019709 13.05651514 503.7 112.4730445 390 0
2016 8 24.97857413 13.90611506 439.3 134.2118136 390 0
2016 9 20.52348764 8.209599741 346.6 123.2909742 390 0
2016 10 11.67975588 0.915674706 255.1 171.333119 390 0
2016 11 6.754311875 -3.12748816 163.1 114.1270935 390 0
2016 12 -1.1377789 -11.37366409 125 177.2825284 390 0
2017 1 -0.910000277 -13.12658419 143.5 38.72154968 390 0
2017 2 -2.460019757 -14.40564941 209.8 46.94370986 390 0
2017 3 2.82749054 -10.15691891 301.6 68.18636263 390 0
2017 4 8.52018096 -3.129399091 391.2 75.27337637 390 0
2017 5 19.79157805 6.334781512 461.6 137.5963334 390 0
2017 6 22.77884919 11.04940716 512.7 130.0214062 390 0
2017 7 25.83902194 12.17686082 503.7 71.67834562 390 0
2017 8 23.62414457 11.24357889 439.3 159.0496556 390 0
2017 9 20.33557328 7.822742419 346.6 119.3762479 390 0
2017 10 13.81866208 1.846217879 255.1 118.7140424 390 0
2017 11 5.062239243 -4.734231843 163.1 110.1611356 390 0
2017 12 -9.310900189 -21.93018519 125 39.43254189 390 0
2018 1 0.332107784 -9.038146246 143.5 62.27076922 390 0
2018 2 0.921246311 -12.04977109 209.8 82.43284779 390 0
2018 3 3.16254366 -7.100823491 301.6 94.78033955 390 0
2018 4 11.72925733 -0.080392798 391.2 113.3659884 390 0
2018 5 15.69771552 3.120080146 461.6 108.5450127 390 0
2018 6 21.63406599 9.421758851 512.7 177.6505711 390 0
2018 7 25.38038969 12.51890936 503.7 85.39761322 390 0
2018 8 26.22417882 12.19295956 439.3 40.19128513 390 0
2018 9 22.45710932 8.627632095 346.6 120.7019189 390 0
2018 10 10.92126771 0.563907209 255.1 84.68336774 390 0
2018 11 3.927584907 -4.807972487 163.1 112.9679769 390 0
2018 12 -1.470198972 -11.82703781 125 68.4515693 390 0
2019 1 -2.292270319 -12.7800078 143.5 95.24405115 390 0
2019 2 -0.175369301 -12.38925559 209.8 56.64287064 390 0
2019 3 3.844069163 -5.362536055 301.6 114.1562904 390 0
2019 4 9.566215487 -0.408085082 391.2 134.960451 390 0
2019 5 15.71989681 4.767836883 461.6 162.1566826 390 0
2019 6 24.37409656 9.605768737 512.7 64.32268224 390 0
2019 7 26.01416133 12.30706627 503.7 72.24141707 390 0
2019 8 24.73041753 11.74515884 439.3 167.0313791 390 0
2019 9 21.79657364 7.872878724 346.6 56.76914305 390 0
2019 10 13.17289481 1.41827265 255.1 83.97884529 390 0
2019 11 5.366359503 -2.638045459 163.1 196.993873 390 0
2019 12 -2.70440098 -12.2998261 125 154.9615545 390 0
2020 1 0.809442515 -9.144228451 143.5 107.6601204 390 0
2020 2 -1.741772281 -11.30980304 209.8 55.45545181 390 0
2020 3 2.496408678 -7.333496396 301.6 43.84761953 390 0
2020 4 12.54237251 -0.857117577 391.2 76.97217391 390 0
2020 5 17.57930516 6.866350291 461.6 177.4716719 390 0
2020 6 22.41953054 12.08037847 512.7 219.761449 390 0
2020 7 26.47451247 14.58802071 503.7 137.5330799 390 0
2020 8 23.26033366 11.26776192 439.3 111.9659092 390 0
2020 9 19.28603941 7.775436102 346.6 69.3610926 390 0
2020 10 11.69948232 1.67366033 255.1 192.7411012 390 0
2020 11 8.606388559 -0.050563103 163.1 75.77921432 390 0
2020 12 3.069100307 -5.446862639 125 107.9271776 390 0
2021 1 -2.25363238 -14.45196357 143.5 130.3215116 390 0
2021 2 -3.139998976 -15.62242794 209.8 52.63984566 390 0
2021 3 4.866043643 -7.517795113 301.6 94.36763861 390 0
2021 4 14.38769415 0.608789305 391.2 41.31310767 390 0
2021 5 19.70507726 6.298175471 461.6 105.9221878 390 0
2021 6 21.27412719 8.117920036 512.7 112.5279167 390 0
2021 7 23.53574165 12.11651948 503.7 132.4373187 390 0
2021 8 22.90229183 11.19968256 439.3 138.5503308 390 0
2021 9 17.93972025 6.243427941 346.6 91.74571685 390 0
2021 10 12.71496149 1.327238664 255.1 59.59040796 390 0
2021 11 3.982620234 -5.278614387 163.1 100.6555631 390 0
2021 12 -0.444563095 -9.044868593 125 77.68093886 390 0
2022 1 -2.856131578 -14.22124845 143.5 38.80268837 390 0
2022 2 -1.655039065 -14.10627631 209.8 85.79757896 390 0
2022 3 1.212177551 -9.855457041 301.6 136.9031681 390 0
2022 4 10.48829326 -2.761610329 391.2 25.47066446 390 0
2022 5 20.03999629 5.139117538 461.6 48.20753912 390 0
2022 6 23.81452284 10.45265149 512.7 86.39088624 390 0
2022 7 23.93373473 10.86194483 503.7 80.46152403 390 0
2022 8 26.90328813 12.27146162 439.3 49.56289959 390 0
2022 9 21.13008458 7.049421073 346.6 109.5420111 390 0
2022 10 15.22806653 1.591738308 255.1 54.67137551 390 0
2022 11 7.905262774 -2.094111659 163.1 60.54081828 390 0
2022 12 2.998732604 -6.470486918 125 59.92317555 390 0
2023 1 -2.752683718 -13.99598582 143.5 41.51877394 390 0
2023 2 -2.069082861 -11.0638638 209.8 55.54095666 390 0
2023 3 2.843842508 -6.461441127 301.6 60.155377 390 0
2023 4 10.65441848 -1.788867906 391.2 60.96308428 390 0
2023 5 19.55730645 5.579557998 461.6 140.9308348 390 0
2023 6 22.50269795 10.89256471 512.7 186.9568861 390 0
2023 7 26.19581431 15.37585268 503.7 185.8328357 390 0
2023 8 23.65036209 11.25597013 439.3 80.05979182 390 0
2023 9 19.46223367 7.676195133 346.6 115.4792994 390 0
2023 10 14.57383741 2.399755663 255.1 49.67575124 390 0
2023 11 4.882501313 -5.201533476 163.1 106.2097638 390 0
2023 12 -2.011596256 -10.94296337 125 87.22470238 390 0
2024 1 -3.595695351 -14.80746685 143.5 66.65551251 390 0
2024 2 -1.9488214 -13.63745409 209.8 62.34495905 390 0
2024 3 1.299315895 -11.35434868 301.6 87.35142917 390 0
2024 4 8.712165582 -2.41086939 391.2 70.12374436 390 0
2024 5 19.30199794 3.305486761 461.6 45.28760419 390 0
2024 6 22.0176256 8.8293271 512.7 76.73851589 390 0
2024 7 22.58651284 10.43564415 503.7 102.6237803 390 0
2024 8 22.63098375 10.93315907 439.3 100.3074488 390 0
2024 9 19.92848771 6.725185778 346.6 105.4180833 390 0
2024 10 10.16586284 -0.152166934 255.1 72.84490281 390 0
2024 11 4.08629018 -4.446833088 163.1 106.0803776 390 0
2024 12 -0.098776923 -9.643871978 125 49.62304681 390 0
2025 1 -7.306326219 -20.32809337 143.5 15.92577684 390 0
2025 2 3.26069699 -7.966733033 209.8 172.4164945 390 0
2025 3 3.74030865 -6.739031521 301.6 33.06218441 390 0
2025 4 12.2792126 -0.389576594 391.2 84.80399218 390 0
2025 5 19.5867604 5.126299518 461.6 104.9709867 390 0
2025 6 22.93282234 9.758669931 512.7 108.7810523 390 0
2025 7 25.12028676 12.77489989 503.7 131.2535539 390 0
2025 8 23.33716753 10.61434517 439.3 126.9550623 390 0
2025 9 18.29464011 7.769558197 346.6 152.8877526 390 0
2025 10 10.64501831 -0.366784407 255.1 151.8514105 390 0
2025 11 5.528203358 -3.25397384 163.1 66.79819857 390 0
2025 12 -1.569129246 -9.190966951 125 96.52432926 390 0
2026 1 -3.22535234 -15.82948973 143.5 44.12095454 390 0
2026 2 -0.905906823 -13.95685189 209.8 70.726251 390 0
2026 3 3.123803503 -8.967488487 301.6 41.77479758 390 0
2026 4 10.507798 -0.419021976 391.2 100.2206552 390 0
2026 5 19.37963677 6.061467742 461.6 69.29445087 390 0
2026 6 22.61321147 7.466851172 512.7 52.94900491 390 0
2026 7 26.45938889 13.91641305 503.7 112.856756 390 0
2026 8 25.29391759 13.0472802 439.3 152.6645722 390 0
2026 9 18.80537816 5.647022499 346.6 53.05899946 390 0
2026 10 10.15201135 0.529767526 255.1 56.44157213 390 0
2026 11 5.821566365 -3.137043778 163.1 140.5990827 390 0
2026 12 -2.0282326 -13.30386811 125 42.31078857 390 0
2027 1 -9.149494131 -19.05532626 143.5 25.7162073 390 0
2027 2 -1.907812041 -15.29823527 209.8 30.60716062 390 0
2027 3 4.687983994 -6.270680972 301.6 44.2486513 390 0
2027 4 10.70704147 -1.160803582 391.2 86.0745035 390 0
2027 5 19.03751681 6.142272199 461.6 128.9917115 390 0
2027 6 21.47224738 8.197625111 512.7 75.78981344 390 0
2027 7 23.88696516 13.07513949 503.7 127.8484356 390 0
2027 8 23.69379737 12.18016103 439.3 188.4573967 390 0
2027 9 20.85013977 7.89214994 346.6 76.89972655 390 0
2027 10 13.42381031 0.721635045 255.1 38.70176374 390 0
2027 11 6.170048871 -4.000657589 163.1 94.9915059 390 0
2027 12 -1.422861082 -11.73122462 125 108.9930155 390 0
2028 1 -3.811813695 -14.89257751 143.5 64.06224264 390 0
2028 2 0.760414161 -11.29546929 209.8 34.95308429 390 0
2028 3 3.911060143 -5.267434408 301.6 86.06567198 390 0
2028 4 13.60188751 0.357437229 391.2 76.51182147 390 0
2028 5 20.5421384 5.937622345 461.6 91.5519315 390 0
2028 6 23.61541268 9.654066268 512.7 60.16346717 390 0
2028 7 25.18751712 11.59440212 503.7 62.68590518 390 0
2028 8 24.75339402 12.65984431 439.3 170.0168936 390 0
2028 9 18.49074981 5.700905059 346.6 127.8418041 390 0
2028 10 14.61032391 2.242046248 255.1 121.9418909 390 0
2028 11 5.87821208 -2.77601101 163.1 64.66146989 390 0
2028 12 -0.853271954 -12.00573718 125 80.9750525 390 0
2029 1 -7.396419788 -18.51590207 143.5 49.10715184 390 0
2029 2 -4.255894094 -16.60443177 209.8 47.74279666 390 0
2029 3 3.70083696 -10.11895481 301.6 70.74512734 390 0
2029 4 8.821133913 -2.903560663 391.2 65.58710428 390 0
2029 5 16.62948229 5.009602779 461.6 103.1055951 390 0
2029 6 22.74097904 10.16913106 512.7 73.34089336 390 0
2029 7 24.84019709 13.05651514 503.7 112.4730445 390 0
2029 8 24.97857413 13.90611506 439.3 134.2118136 390 0
2029 9 20.52348764 8.209599741 346.6 123.2909742 390 0
2029 10 11.67975588 0.915674706 255.1 171.333119 390 0
2029 11 6.754311875 -3.12748816 163.1 114.1270935 390 0
2029 12 -1.1377789 -11.37366409 125 177.2825284 390 0
2030 1 -2.008612371 -11.59836935 143.5 78.97704205 390 0
2030 2 0.749189373 -9.747482328 209.8 33.48537403 390 0
2030 3 9.049579532 -3.425685492 301.6 48.7525995 390 0
2030 4 11.73158391 -0.226831137 391.2 84.89234089 390 0
2030 5 19.61335202 7.853815103 461.6 133.7223519 390 0
2030 6 22.53193672 10.56073667 512.7 105.8073112 390 0
2030 7 26.3208211 13.06585497 503.7 96.80786163 390 0
2030 8 26.02760513 12.76962204 439.3 92.09666626 390 0
2030 9 20.06324973 7.157563142 346.6 134.0515018 390 0
2030 10 14.50099585 4.277512344 255.1 136.9901815 390 0
2030 11 5.604212916 -4.62935083 163.1 30.27595415 390 0
2030 12 0.81142381 -6.736561842 125 131.8585323 390 0
2031 1 -3.654713626 -14.98964074 143.5 83.00162933 390 0
2031 2 -3.425292735 -16.69641636 209.8 11.88384628 390 0
2031 3 5.434557321 -7.253182047 301.6 50.49541958 390 0
2031 4 13.87862603 0.995938579 391.2 87.41170664 390 0
2031 5 18.63850107 4.51027415 461.6 54.43793504 390 0
2031 6 22.63163072 10.55095164 512.7 157.1229244 390 0
2031 7 26.04016096 13.04831868 503.7 100.2538405 390 0
2031 8 23.25067517 9.538763819 439.3 74.85938645 390 0
2031 9 18.56309355 7.64342588 346.6 133.6405516 390 0
2031 10 12.50880679 -0.020967892 255.1 141.4430688 390 0
2031 11 5.469910966 -4.507569754 163.1 72.92947006 390 0
2031 12 -0.076785294 -7.536850166 125 57.12060309 390 0
2032 1 -1.210094545 -11.91193312 143.5 60.57943106 390 0
2032 2 -1.5907035 -12.5571874 209.8 149.4012775 390 0
2032 3 1.640308004 -10.53533735 301.6 117.0040041 390 0
2032 4 13.31122736 -0.391834541 391.2 90.44007485 390 0
2032 5 16.89733877 3.201293887 461.6 29.37800162 390 0
2032 6 22.87759934 12.10678086 512.7 158.9490503 390 0
2032 7 24.98008539 13.67519446 503.7 185.4985011 390 0
2032 8 22.85520872 11.40860938 439.3 159.9453351 390 0
2032 9 20.32499138 8.367110008 346.6 83.85924269 390 0
2032 10 12.25975738 0.609221387 255.1 124.4692808 390 0
2032 11 5.21663015 -3.033244665 163.1 83.5795089 390 0
2032 12 -0.323314139 -11.08481078 125 141.3417305 390 0
2033 1 -3.22535234 -15.82948973 143.5 44.12095454 390 0
2033 2 -0.905906823 -13.95685189 209.8 70.726251 390 0
2033 3 3.123803503 -8.967488487 301.6 41.77479758 390 0
2033 4 10.507798 -0.419021976 391.2 100.2206552 390 0
2033 5 19.37963677 6.061467742 461.6 69.29445087 390 0
2033 6 22.61321147 7.466851172 512.7 52.94900491 390 0
2033 7 26.45938889 13.91641305 503.7 112.856756 390 0
2033 8 25.29391759 13.0472802 439.3 152.6645722 390 0
2033 9 18.80537816 5.647022499 346.6 53.05899946 390 0
2033 10 10.15201135 0.529767526 255.1 56.44157213 390 0
2033 11 5.821566365 -3.137043778 163.1 140.5990827 390 0
2033 12 -2.0282326 -13.30386811 125 42.31078857 390 0
2034 1 0.809442515 -9.144228451 143.5 107.6601204 390 0
2034 2 -1.741772281 -11.30980304 209.8 55.45545181 390 0
2034 3 2.496408678 -7.333496396 301.6 43.84761953 390 0
2034 4 12.54237251 -0.857117577 391.2 76.97217391 390 0
2034 5 17.57930516 6.866350291 461.6 177.4716719 390 0
2034 6 22.41953054 12.08037847 512.7 219.761449 390 0
2034 7 26.47451247 14.58802071 503.7 137.5330799 390 0
2034 8 23.26033366 11.26776192 439.3 111.9659092 390 0
2034 9 19.28603941 7.775436102 346.6 69.3610926 390 0
2034 10 11.69948232 1.67366033 255.1 192.7411012 390 0
2034 11 8.606388559 -0.050563103 163.1 75.77921432 390 0
2034 12 3.069100307 -5.446862639 125 107.9271776 390 0
2035 1 -2.008612371 -11.59836935 143.5 78.97704205 390 0
2035 2 0.749189373 -9.747482328 209.8 33.48537403 390 0
2035 3 9.049579532 -3.425685492 301.6 48.7525995 390 0
2035 4 11.73158391 -0.226831137 391.2 84.89234089 390 0
2035 5 19.61335202 7.853815103 461.6 133.7223519 390 0
2035 6 22.53193672 10.56073667 512.7 105.8073112 390 0
2035 7 26.3208211 13.06585497 503.7 96.80786163 390 0
2035 8 26.02760513 12.76962204 439.3 92.09666626 390 0
2035 9 20.06324973 7.157563142 346.6 134.0515018 390 0
2035 10 14.50099585 4.277512344 255.1 136.9901815 390 0
2035 11 5.604212916 -4.62935083 163.1 30.27595415 390 0
2035 12 0.81142381 -6.736561842 125 131.8585323 390 0
2036 1 -3.811813695 -14.89257751 143.5 64.06224264 390 0
2036 2 0.760414161 -11.29546929 209.8 34.95308429 390 0
2036 3 3.911060143 -5.267434408 301.6 86.06567198 390 0
2036 4 13.60188751 0.357437229 391.2 76.51182147 390 0
2036 5 20.5421384 5.937622345 461.6 91.5519315 390 0
2036 6 23.61541268 9.654066268 512.7 60.16346717 390 0
2036 7 25.18751712 11.59440212 503.7 62.68590518 390 0
2036 8 24.75339402 12.65984431 439.3 170.0168936 390 0
2036 9 18.49074981 5.700905059 346.6 127.8418041 390 0
2036 10 14.61032391 2.242046248 255.1 121.9418909 390 0
2036 11 5.87821208 -2.77601101 163.1 64.66146989 390 0
2036 12 -0.853271954 -12.00573718 125 80.9750525 390 0
2037 1 -4.010779728 -15.49250408 143.5 87.38272994 390 0
2037 2 0.560242005 -11.90742015 209.8 67.40473969 390 0
2037 3 1.546448593 -10.53798907 301.6 98.47042346 390 0
2037 4 9.018648735 -3.32454223 391.2 76.47194448 390 0
2037 5 13.8465897 2.561552523 461.6 89.54081616 390 0
2037 6 23.97147548 9.60737177 512.7 76.06850757 390 0
2037 7 24.40257929 11.07229736 503.7 133.7765097 390 0
2037 8 23.1693033 10.70715067 439.3 155.9047462 390 0
2037 9 18.71118929 6.683897957 346.6 68.69879389 390 0
2037 10 12.43268983 -0.330046762 255.1 51.31279443 390 0
2037 11 4.424305593 -5.335709329 163.1 128.5739566 390 0
2037 12 -0.554581909 -11.17893614 125 67.67631505 390 0
2038 1 -0.910000277 -13.12658419 143.5 38.72154968 390 0
2038 2 -2.460019757 -14.40564941 209.8 46.94370986 390 0
2038 3 2.82749054 -10.15691891 301.6 68.18636263 390 0
2038 4 8.52018096 -3.129399091 391.2 75.27337637 390 0
2038 5 19.79157805 6.334781512 461.6 137.5963334 390 0
2038 6 22.77884919 11.04940716 512.7 130.0214062 390 0
2038 7 25.83902194 12.17686082 503.7 71.67834562 390 0
2038 8 23.62414457 11.24357889 439.3 159.0496556 390 0
2038 9 20.33557328 7.822742419 346.6 119.3762479 390 0
2038 10 13.81866208 1.846217879 255.1 118.7140424 390 0
2038 11 5.062239243 -4.734231843 163.1 110.1611356 390 0
2038 12 -9.310900189 -21.93018519 125 39.43254189 390 0
2039 1 -2.292270319 -12.7800078 143.5 95.24405115 390 0
2039 2 -0.175369301 -12.38925559 209.8 56.64287064 390 0
2039 3 3.844069163 -5.362536055 301.6 114.1562904 390 0
2039 4 9.566215487 -0.408085082 391.2 134.960451 390 0
2039 5 15.71989681 4.767836883 461.6 162.1566826 390 0
2039 6 24.37409656 9.605768737 512.7 64.32268224 390 0
2039 7 26.01416133 12.30706627 503.7 72.24141707 390 0
2039 8 24.73041753 11.74515884 439.3 167.0313791 390 0
2039 9 21.79657364 7.872878724 346.6 56.76914305 390 0
2039 10 13.17289481 1.41827265 255.1 83.97884529 390 0
2039 11 5.366359503 -2.638045459 163.1 196.993873 390 0
2039 12 -2.70440098 -12.2998261 125 154.9615545 390 0
2040 1 0.332107784 -9.038146246 143.5 62.27076922 390 0
2040 2 0.921246311 -12.04977109 209.8 82.43284779 390 0
2040 3 3.16254366 -7.100823491 301.6 94.78033955 390 0
2040 4 11.72925733 -0.080392798 391.2 113.3659884 390 0
2040 5 15.69771552 3.120080146 461.6 108.5450127 390 0
2040 6 21.63406599 9.421758851 512.7 177.6505711 390 0
2040 7 25.38038969 12.51890936 503.7 85.39761322 390 0
2040 8 26.22417882 12.19295956 439.3 40.19128513 390 0
2040 9 22.45710932 8.627632095 346.6 120.7019189 390 0
2040 10 10.92126771 0.563907209 255.1 84.68336774 390 0
2040 11 3.927584907 -4.807972487 163.1 112.9679769 390 0
2040 12 -1.470198972 -11.82703781 125 68.4515693 390 0
2041 1 -1.524622078 -11.56213708 143.5 139.2500747 390 0
2041 2 2.178234374 -9.86796104 209.8 59.91590839 390 0
2041 3 4.681342153 -6.85113021 301.6 93.3493064 390 0
2041 4 13.11467806 -1.028431722 391.2 62.60869165 390 0
2041 5 21.60447803 7.106307874 461.6 67.47418001 390 0
2041 6 21.32438406 11.15176247 512.7 229.9325625 390 0
2041 7 24.63460391 12.38776355 503.7 129.8421064 390 0
2041 8 24.64781938 11.54205001 439.3 123.4615558 390 0
2041 9 20.54100025 7.451898404 346.6 98.46740906 390 0
2041 10 12.97150003 2.675855977 255.1 79.52416516 390 0
2041 11 4.975332733 -2.050242935 163.1 82.59658857 390 0
2041 12 3.731078814 -7.856338782 125 41.59092222 390 0
2042 1 -3.811813695 -14.89257751 143.5 64.06224264 390 0
2042 2 0.760414161 -11.29546929 209.8 34.95308429 390 0
2042 3 3.911060143 -5.267434408 301.6 86.06567198 390 0
2042 4 13.60188751 0.357437229 391.2 76.51182147 390 0
2042 5 20.5421384 5.937622345 461.6 91.5519315 390 0
2042 6 23.61541268 9.654066268 512.7 60.16346717 390 0
2042 7 25.18751712 11.59440212 503.7 62.68590518 390 0
2042 8 24.75339402 12.65984431 439.3 170.0168936 390 0
2042 9 18.49074981 5.700905059 346.6 127.8418041 390 0
2042 10 14.61032391 2.242046248 255.1 121.9418909 390 0
2042 11 5.87821208 -2.77601101 163.1 64.66146989 390 0
2042 12 -0.853271954 -12.00573718 125 80.9750525 390 0
2043 1 -2.250840898 -12.15116268 143.5 74.02888798 390 0
2043 2 -5.905328413 -20.60709213 209.8 70.09286751 390 0
2043 3 2.877154488 -11.01375724 301.6 82.69252999 390 0
2043 4 11.46122223 -1.006937334 391.2 90.563075 390 0
2043 5 18.25292946 4.484969022 461.6 48.97151556 390 0
2043 6 22.09095765 8.749993637 512.7 103.8919139 390 0
2043 7 25.48767998 12.59461993 503.7 101.0409917 390 0
2043 8 25.08236888 12.15640839 439.3 95.39421797 390 0
2043 9 18.57199091 7.19168751 346.6 115.0084253 390 0
2043 10 11.2032317 -0.459556498 255.1 82.41740675 390 0
2043 11 5.737216145 -4.719332635 163.1 83.35637583 390 0
2043 12 -1.161088516 -10.87842582 125 79.01192244 390 0
2044 1 -4.892227863 -16.05094426 143.5 66.683651 390 0
2044 2 0.034546448 -12.79176174 209.8 60.89408548 390 0
2044 3 1.538215094 -10.3365452 301.6 70.16651861 390 0
2044 4 12.81917618 -0.669759482 391.2 124.4845344 390 0
2044 5 14.5183709 3.540088546 461.6 83.7134448 390 0
2044 6 25.01221425 12.83778905 512.7 127.1476549 390 0
2044 7 26.25429468 14.05600852 503.7 107.6929217 390 0
2044 8 25.16489906 12.98371932 439.3 106.0205357 390 0
2044 9 22.09393996 9.429163726 346.6 106.0964204 390 0
2044 10 12.82846835 4.136488452 255.1 265.4219608 390 0
2044 11 7.205877482 -3.151930075 163.1 137.2129898 390 0
2044 12 -1.51118054 -10.94836661 125 94.19770703 390 0
2045 1 -3.595695351 -14.80746685 143.5 66.65551251 390 0
2045 2 -1.9488214 -13.63745409 209.8 62.34495905 390 0
2045 3 1.299315895 -11.35434868 301.6 87.35142917 390 0
2045 4 8.712165582 -2.41086939 391.2 70.12374436 390 0
2045 5 19.30199794 3.305486761 461.6 45.28760419 390 0
2045 6 22.0176256 8.8293271 512.7 76.73851589 390 0
2045 7 22.58651284 10.43564415 503.7 102.6237803 390 0
2045 8 22.63098375 10.93315907 439.3 100.3074488 390 0
2045 9 19.92848771 6.725185778 346.6 105.4180833 390 0
2045 10 10.16586284 -0.152166934 255.1 72.84490281 390 0
2045 11 4.08629018 -4.446833088 163.1 106.0803776 390 0
2045 12 -0.098776923 -9.643871978 125 49.62304681 390 0
2046 1 -4.641726457 -16.53182209 143.5 36.04721483 390 0
2046 2 2.436921193 -8.245789687 209.8 79.07020465 390 0
2046 3 0.0133566 -11.79391034 301.6 80.10792656 390 0
2046 4 11.40498094 -0.469171961 391.2 76.29313905 390 0
2046 5 16.32616142 3.909407817 461.6 222.7643103 390 0
2046 6 23.68732227 9.569161481 512.7 88.70670183 390 0
2046 7 24.80876996 12.46356013 503.7 133.7213544 390 0
2046 8 25.53827849 13.00263881 439.3 62.55119034 390 0
2046 9 18.71786408 4.955896254 346.6 54.25298829 390 0
2046 10 14.72034324 1.980309287 255.1 78.60960577 390 0
2046 11 5.932440523 -4.072735673 163.1 89.30477925 390 0
2046 12 1.420898122 -8.091065935 125 96.0537822 390 0
2047 1 -7.396419788 -18.51590207 143.5 49.10715184 390 0
2047 2 -4.255894094 -16.60443177 209.8 47.74279666 390 0
2047 3 3.70083696 -10.11895481 301.6 70.74512734 390 0
2047 4 8.821133913 -2.903560663 391.2 65.58710428 390 0
2047 5 16.62948229 5.009602779 461.6 103.1055951 390 0
2047 6 22.74097904 10.16913106 512.7 73.34089336 390 0
2047 7 24.84019709 13.05651514 503.7 112.4730445 390 0
2047 8 24.97857413 13.90611506 439.3 134.2118136 390 0
2047 9 20.52348764 8.209599741 346.6 123.2909742 390 0
2047 10 11.67975588 0.915674706 255.1 171.333119 390 0
2047 11 6.754311875 -3.12748816 163.1 114.1270935 390 0
2047 12 -1.1377789 -11.37366409 125 177.2825284 390 0
2048 1 -0.659109603 -9.430177195 143.5 79.3997396 390 0
2048 2 -3.513437041 -15.63282719 209.8 59.3654158 390 0
2048 3 4.964877262 -6.010163053 301.6 64.07269929 390 0
2048 4 7.975310376 -3.779576718 391.2 52.90418912 390 0
2048 5 16.93467776 4.040884411 461.6 65.29475649 390 0
2048 6 25.11793244 9.880924206 512.7 34.42578957 390 0
2048 7 26.56414996 13.80060784 503.7 129.4323086 390 0
2048 8 25.01561997 11.31723991 439.3 106.0379081 390 0
2048 9 18.43917288 4.384000172 346.6 83.9743312 390 0
2048 10 15.56891571 3.53773359 255.1 204.7351151 390 0
2048 11 3.658858929 -4.872401564 163.1 112.6197426 390 0
2048 12 -4.178786406 -12.91511698 125 79.45627572 390 0
2049 1 1.187685577 -8.391913841 143.5 104.8280892 390 0
2049 2 0.244944449 -13.22532066 209.8 76.29715403 390 0
2049 3 5.290455631 -7.920834968 301.6 71.15018342 390 0
2049 4 11.35152601 -0.247082528 391.2 86.3680035 390 0
2049 5 16.3664689 3.649708754 461.6 127.6602242 390 0
2049 6 23.01952309 10.47036735 512.7 131.1555468 390 0
2049 7 25.30096416 12.51809157 503.7 92.17447162 390 0
2049 8 25.13682987 12.74586443 439.3 193.377318 390 0
2049 9 18.99220362 7.734240258 346.6 70.65231248 390 0
2049 10 14.15225094 3.870023097 255.1 176.1189276 390 0
2049 11 6.468552083 -2.836686618 163.1 92.9277872 390 0
2049 12 1.65662115 -8.444516894 125 134.7401047 390 0
2050 1 -0.910000277 -13.12658419 143.5 38.72154968 390 0
2050 2 -2.460019757 -14.40564941 209.8 46.94370986 390 0
2050 3 2.82749054 -10.15691891 301.6 68.18636263 390 0
2050 4 8.52018096 -3.129399091 391.2 75.27337637 390 0
2050 5 19.79157805 6.334781512 461.6 137.5963334 390 0
2050 6 22.77884919 11.04940716 512.7 130.0214062 390 0
2050 7 25.83902194 12.17686082 503.7 71.67834562 390 0
2050 8 23.62414457 11.24357889 439.3 159.0496556 390 0
2050 9 20.33557328 7.822742419 346.6 119.3762479 390 0
2050 10 13.81866208 1.846217879 255.1 118.7140424 390 0
2050 11 5.062239243 -4.734231843 163.1 110.1611356 390 0
2050 12 -9.310900189 -21.93018519 125 39.43254189 390 0
2051 1 -0.910000277 -13.12658419 143.5 38.72154968 390 0
2051 2 -2.460019757 -14.40564941 209.8 46.94370986 390 0
2051 3 2.82749054 -10.15691891 301.6 68.18636263 390 0
2051 4 8.52018096 -3.129399091 391.2 75.27337637 390 0
2051 5 19.79157805 6.334781512 461.6 137.5963334 390 0
2051 6 22.77884919 11.04940716 512.7 130.0214062 390 0
2051 7 25.83902194 12.17686082 503.7 71.67834562 390 0
2051 8 23.62414457 11.24357889 439.3 159.0496556 390 0
2051 9 20.33557328 7.822742419 346.6 119.3762479 390 0
2051 10 13.81866208 1.846217879 255.1 118.7140424 390 0
2051 11 5.062239243 -4.734231843 163.1 110.1611356 390 0
2051 12 -9.310900189 -21.93018519 125 39.43254189 390 0
2052 1 -4.641726457 -16.53182209 143.5 36.04721483 390 0
2052 2 2.436921193 -8.245789687 209.8 79.07020465 390 0
2052 3 0.0133566 -11.79391034 301.6 80.10792656 390 0
2052 4 11.40498094 -0.469171961 391.2 76.29313905 390 0
2052 5 16.32616142 3.909407817 461.6 222.7643103 390 0
2052 6 23.68732227 9.569161481 512.7 88.70670183 390 0
2052 7 24.80876996 12.46356013 503.7 133.7213544 390 0
2052 8 25.53827849 13.00263881 439.3 62.55119034 390 0
2052 9 18.71786408 4.955896254 346.6 54.25298829 390 0
2052 10 14.72034324 1.980309287 255.1 78.60960577 390 0
2052 11 5.932440523 -4.072735673 163.1 89.30477925 390 0
2052 12 1.420898122 -8.091065935 125 96.0537822 390 0
2053 1 -2.008612371 -11.59836935 143.5 78.97704205 390 0
2053 2 0.749189373 -9.747482328 209.8 33.48537403 390 0
2053 3 9.049579532 -3.425685492 301.6 48.7525995 390 0
2053 4 11.73158391 -0.226831137 391.2 84.89234089 390 0
2053 5 19.61335202 7.853815103 461.6 133.7223519 390 0
2053 6 22.53193672 10.56073667 512.7 105.8073112 390 0
2053 7 26.3208211 13.06585497 503.7 96.80786163 390 0
2053 8 26.02760513 12.76962204 439.3 92.09666626 390 0
2053 9 20.06324973 7.157563142 346.6 134.0515018 390 0
2053 10 14.50099585 4.277512344 255.1 136.9901815 390 0
2053 11 5.604212916 -4.62935083 163.1 30.27595415 390 0
2053 12 0.81142381 -6.736561842 125 131.8585323 390 0
2054 1 -3.595695351 -14.80746685 143.5 66.65551251 390 0
2054 2 -1.9488214 -13.63745409 209.8 62.34495905 390 0
2054 3 1.299315895 -11.35434868 301.6 87.35142917 390 0
2054 4 8.712165582 -2.41086939 391.2 70.12374436 390 0
2054 5 19.30199794 3.305486761 461.6 45.28760419 390 0
2054 6 22.0176256 8.8293271 512.7 76.73851589 390 0
2054 7 22.58651284 10.43564415 503.7 102.6237803 390 0
2054 8 22.63098375 10.93315907 439.3 100.3074488 390 0
2054 9 19.92848771 6.725185778 346.6 105.4180833 390 0
2054 10 10.16586284 -0.152166934 255.1 72.84490281 390 0
2054 11 4.08629018 -4.446833088 163.1 106.0803776 390 0
2054 12 -0.098776923 -9.643871978 125 49.62304681 390 0
2055 1 -0.910000277 -13.12658419 143.5 38.72154968 390 0
2055 2 -2.460019757 -14.40564941 209.8 46.94370986 390 0
2055 3 2.82749054 -10.15691891 301.6 68.18636263 390 0
2055 4 8.52018096 -3.129399091 391.2 75.27337637 390 0
2055 5 19.79157805 6.334781512 461.6 137.5963334 390 0
2055 6 22.77884919 11.04940716 512.7 130.0214062 390 0
2055 7 25.83902194 12.17686082 503.7 71.67834562 390 0
2055 8 23.62414457 11.24357889 439.3 159.0496556 390 0
2055 9 20.33557328 7.822742419 346.6 119.3762479 390 0
2055 10 13.81866208 1.846217879 255.1 118.7140424 390 0
2055 11 5.062239243 -4.734231843 163.1 110.1611356 390 0
2055 12 -9.310900189 -21.93018519 125 39.43254189 390 0
2056 1 -6.525269407 -16.64890758 143.5 38.64745309 390 0
2056 2 -0.94849081 -12.05969235 209.8 61.85008778 390 0
2056 3 4.438210112 -8.061788995 301.6 77.03670794 390 0
2056 4 10.85973245 -1.289747693 391.2 54.94048694 390 0
2056 5 18.72002276 4.379664025 461.6 87.60576187 390 0
2056 6 20.11628074 8.741794655 512.7 93.63583139 390 0
2056 7 25.85488665 11.57434784 503.7 69.51713302 390 0
2056 8 23.5518741 10.55112086 439.3 110.4187189 390 0
2056 9 20.17124215 7.485512309 346.6 113.6795942 390 0
2056 10 13.79959965 1.754211913 255.1 90.97762883 390 0
2056 11 5.553464675 -2.839982675 163.1 113.4697039 390 0
2056 12 -3.24319719 -13.19966867 125 61.95713999 390 0
2057 1 -2.008612371 -11.59836935 143.5 78.97704205 390 0
2057 2 0.749189373 -9.747482328 209.8 33.48537403 390 0
2057 3 9.049579532 -3.425685492 301.6 48.7525995 390 0
2057 4 11.73158391 -0.226831137 391.2 84.89234089 390 0
2057 5 19.61335202 7.853815103 461.6 133.7223519 390 0
2057 6 22.53193672 10.56073667 512.7 105.8073112 390 0
2057 7 26.3208211 13.06585497 503.7 96.80786163 390 0
2057 8 26.02760513 12.76962204 439.3 92.09666626 390 0
2057 9 20.06324973 7.157563142 346.6 134.0515018 390 0
2057 10 14.50099585 4.277512344 255.1 136.9901815 390 0
2057 11 5.604212916 -4.62935083 163.1 30.27595415 390 0
2057 12 0.81142381 -6.736561842 125 131.8585323 390 0
2058 1 -4.010779728 -15.49250408 143.5 87.38272994 390 0
2058 2 0.560242005 -11.90742015 209.8 67.40473969 390 0
2058 3 1.546448593 -10.53798907 301.6 98.47042346 390 0
2058 4 9.018648735 -3.32454223 391.2 76.47194448 390 0
2058 5 13.8465897 2.561552523 461.6 89.54081616 390 0
2058 6 23.97147548 9.60737177 512.7 76.06850757 390 0
2058 7 24.40257929 11.07229736 503.7 133.7765097 390 0
2058 8 23.1693033 10.70715067 439.3 155.9047462 390 0
2058 9 18.71118929 6.683897957 346.6 68.69879389 390 0
2058 10 12.43268983 -0.330046762 255.1 51.31279443 390 0
2058 11 4.424305593 -5.335709329 163.1 128.5739566 390 0
2058 12 -0.554581909 -11.17893614 125 67.67631505 390 0
2059 1 -6.525269407 -16.64890758 143.5 38.64745309 390 0
2059 2 -0.94849081 -12.05969235 209.8 61.85008778 390 0
2059 3 4.438210112 -8.061788995 301.6 77.03670794 390 0
2059 4 10.85973245 -1.289747693 391.2 54.94048694 390 0
2059 5 18.72002276 4.379664025 461.6 87.60576187 390 0
2059 6 20.11628074 8.741794655 512.7 93.63583139 390 0
2059 7 25.85488665 11.57434784 503.7 69.51713302 390 0
2059 8 23.5518741 10.55112086 439.3 110.4187189 390 0
2059 9 20.17124215 7.485512309 346.6 113.6795942 390 0
2059 10 13.79959965 1.754211913 255.1 90.97762883 390 0
2059 11 5.553464675 -2.839982675 163.1 113.4697039 390 0
2059 12 -3.24319719 -13.19966867 125 61.95713999 390 0
2060 1 -7.306326219 -20.32809337 143.5 15.92577684 390 0
2060 2 3.26069699 -7.966733033 209.8 172.4164945 390 0
2060 3 3.74030865 -6.739031521 301.6 33.06218441 390 0
2060 4 12.2792126 -0.389576594 391.2 84.80399218 390 0
2060 5 19.5867604 5.126299518 461.6 104.9709867 390 0
2060 6 22.93282234 9.758669931 512.7 108.7810523 390 0
2060 7 25.12028676 12.77489989 503.7 131.2535539 390 0
2060 8 23.33716753 10.61434517 439.3 126.9550623 390 0
2060 9 18.29464011 7.769558197 346.6 152.8877526 390 0
2060 10 10.64501831 -0.366784407 255.1 151.8514105 390 0
2060 11 5.528203358 -3.25397384 163.1 66.79819857 390 0
2060 12 -1.569129246 -9.190966951 125 96.52432926 390 0
2061 1 -2.486314494 -12.91365465 143.5 82.73138408 390 0
2061 2 -5.847642109 -17.11081384 209.8 66.18447519 390 0
2061 3 2.561671228 -10.36212031 301.6 84.85570642 390 0
2061 4 8.451625718 -1.682841946 391.2 125.5734234 390 0
2061 5 18.72758666 4.549326253 461.6 68.21427488 390 0
2061 6 23.13492526 10.90239623 512.7 85.43855136 390 0
2061 7 23.57472649 12.15619416 503.7 158.1204641 390 0
2061 8 24.74997975 11.28074299 439.3 80.98821745 390 0
2061 9 21.51090701 7.789857126 346.6 92.64389808 390 0
2061 10 15.82508096 4.574348842 255.1 144.2624164 390 0
2061 11 4.153017623 -4.579398024 163.1 118.4453168 390 0
2061 12 -2.146607574 -11.00958133 125 123.0240269 390 0
2062 1 -2.292270319 -12.7800078 143.5 95.24405115 390 0
2062 2 -0.175369301 -12.38925559 209.8 56.64287064 390 0
2062 3 3.844069163 -5.362536055 301.6 114.1562904 390 0
2062 4 9.566215487 -0.408085082 391.2 134.960451 390 0
2062 5 15.71989681 4.767836883 461.6 162.1566826 390 0
2062 6 24.37409656 9.605768737 512.7 64.32268224 390 0
2062 7 26.01416133 12.30706627 503.7 72.24141707 390 0
2062 8 24.73041753 11.74515884 439.3 167.0313791 390 0
2062 9 21.79657364 7.872878724 346.6 56.76914305 390 0
2062 10 13.17289481 1.41827265 255.1 83.97884529 390 0
2062 11 5.366359503 -2.638045459 163.1 196.993873 390 0
2062 12 -2.70440098 -12.2998261 125 154.9615545 390 0
2063 1 -2.008612371 -11.59836935 143.5 78.97704205 390 0
2063 2 0.749189373 -9.747482328 209.8 33.48537403 390 0
2063 3 9.049579532 -3.425685492 301.6 48.7525995 390 0
2063 4 11.73158391 -0.226831137 391.2 84.89234089 390 0
2063 5 19.61335202 7.853815103 461.6 133.7223519 390 0
2063 6 22.53193672 10.56073667 512.7 105.8073112 390 0
2063 7 26.3208211 13.06585497 503.7 96.80786163 390 0
2063 8 26.02760513 12.76962204 439.3 92.09666626 390 0
2063 9 20.06324973 7.157563142 346.6 134.0515018 390 0
2063 10 14.50099585 4.277512344 255.1 136.9901815 390 0
2063 11 5.604212916 -4.62935083 163.1 30.27595415 390 0
2063 12 0.81142381 -6.736561842 125 131.8585323 390 0
2064 1 -4.786768132 -15.81735054 143.5 94.97424162 390 0
2064 2 -0.529916221 -13.52638366 209.8 88.62465441 390 0
2064 3 6.64174943 -5.501123051 301.6 76.56936845 390 0
2064 4 9.097109697 -1.211998853 391.2 157.2672092 390 0
2064 5 17.0663835 5.186444495 461.6 140.2689948 390 0
2064 6 21.44712297 9.729821653 512.7 84.95937619 390 0
2064 7 23.23978808 10.90457377 503.7 98.80985425 390 0
2064 8 22.95413919 11.08406126 439.3 97.49748961 390 0
2064 9 19.37702584 6.385204118 346.6 65.77595624 390 0
2064 10 13.42674308 0.906688495 255.1 72.577798 390 0
2064 11 5.028288839 -2.591033374 163.1 85.43984514 390 0
2064 12 -3.630518941 -14.36554563 125 125.796609 390 0
2065 1 -7.306326219 -20.32809337 143.5 15.92577684 390 0
2065 2 3.26069699 -7.966733033 209.8 172.4164945 390 0
2065 3 3.74030865 -6.739031521 301.6 33.06218441 390 0
2065 4 12.2792126 -0.389576594 391.2 84.80399218 390 0
2065 5 19.5867604 5.126299518 461.6 104.9709867 390 0
2065 6 22.93282234 9.758669931 512.7 108.7810523 390 0
2065 7 25.12028676 12.77489989 503.7 131.2535539 390 0
2065 8 23.33716753 10.61434517 439.3 126.9550623 390 0
2065 9 18.29464011 7.769558197 346.6 152.8877526 390 0
2065 10 10.64501831 -0.366784407 255.1 151.8514105 390 0
2065 11 5.528203358 -3.25397384 163.1 66.79819857 390 0
2065 12 -1.569129246 -9.190966951 125 96.52432926 390 0
2066 1 -6.571336551 -18.32723213 143.5 72.73235577 390 0
2066 2 -1.329446547 -13.27399694 209.8 61.96873735 390 0
2066 3 3.935794581 -8.289758077 301.6 62.88728565 390 0
2066 4 12.16110929 -0.186293844 391.2 66.22547704 390 0
2066 5 17.34950954 4.785074885 461.6 133.8009866 390 0
2066 6 20.58794222 10.18678983 512.7 120.6633009 390 0
2066 7 22.80561154 12.46823848 503.7 174.1681473 390 0
2066 8 24.5316493 12.90174038 439.3 109.3640057 390 0
2066 9 19.4432129 6.446837081 346.6 57.99395865 390 0
2066 10 9.922994239 1.170847736 255.1 131.7431949 390 0
2066 11 8.975391788 -1.451742357 163.1 102.9949361 390 0
2066 12 -1.986976921 -10.46517039 125 104.4431593 390 0
2067 1 -4.641726457 -16.53182209 143.5 36.04721483 390 0
2067 2 2.436921193 -8.245789687 209.8 79.07020465 390 0
2067 3 0.0133566 -11.79391034 301.6 80.10792656 390 0
2067 4 11.40498094 -0.469171961 391.2 76.29313905 390 0
2067 5 16.32616142 3.909407817 461.6 222.7643103 390 0
2067 6 23.68732227 9.569161481 512.7 88.70670183 390 0
2067 7 24.80876996 12.46356013 503.7 133.7213544 390 0
2067 8 25.53827849 13.00263881 439.3 62.55119034 390 0
2067 9 18.71786408 4.955896254 346.6 54.25298829 390 0
2067 10 14.72034324 1.980309287 255.1 78.60960577 390 0
2067 11 5.932440523 -4.072735673 163.1 89.30477925 390 0
2067 12 1.420898122 -8.091065935 125 96.0537822 390 0
2068 1 -0.659109603 -9.430177195 143.5 79.3997396 390 0
2068 2 -3.513437041 -15.63282719 209.8 59.3654158 390 0
2068 3 4.964877262 -6.010163053 301.6 64.07269929 390 0
2068 4 7.975310376 -3.779576718 391.2 52.90418912 390 0
2068 5 16.93467776 4.040884411 461.6 65.29475649 390 0
2068 6 25.11793244 9.880924206 512.7 34.42578957 390 0
2068 7 26.56414996 13.80060784 503.7 129.4323086 390 0
2068 8 25.01561997 11.31723991 439.3 106.0379081 390 0
2068 9 18.43917288 4.384000172 346.6 83.9743312 390 0
2068 10 15.56891571 3.53773359 255.1 204.7351151 390 0
2068 11 3.658858929 -4.872401564 163.1 112.6197426 390 0
2068 12 -4.178786406 -12.91511698 125 79.45627572 390 0
2069 1 -2.008612371 -11.59836935 143.5 78.97704205 390 0
2069 2 0.749189373 -9.747482328 209.8 33.48537403 390 0
2069 3 9.049579532 -3.425685492 301.6 48.7525995 390 0
2069 4 11.73158391 -0.226831137 391.2 84.89234089 390 0
2069 5 19.61335202 7.853815103 461.6 133.7223519 390 0
2069 6 22.53193672 10.56073667 512.7 105.8073112 390 0
2069 7 26.3208211 13.06585497 503.7 96.80786163 390 0
2069 8 26.02760513 12.76962204 439.3 92.09666626 390 0
2069 9 20.06324973 7.157563142 346.6 134.0515018 390 0
2069 10 14.50099585 4.277512344 255.1 136.9901815 390 0
2069 11 5.604212916 -4.62935083 163.1 30.27595415 390 0
2069 12 0.81142381 -6.736561842 125 131.8585323 390 0
2070 1 -8.282889158 -21.8859455 143.5 102.6704813 390 0
2070 2 -4.712011377 -17.96148788 209.8 36.99903973 390 0
2070 3 2.034026987 -8.294849143 301.6 103.3555414 390 0
2070 4 10.50599378 -1.804511782 391.2 101.234269 390 0
2070 5 16.71824189 3.332746017 461.6 101.111237 390 0
2070 6 24.10405353 11.18082527 512.7 101.9336053 390 0
2070 7 26.19049848 14.36526633 503.7 116.0183398 390 0
2070 8 23.3080129 10.38609003 439.3 123.9748019 390 0
2070 9 18.07182392 7.277549012 346.6 102.1274049 390 0
2070 10 13.9042517 1.187693831 255.1 25.06165653 390 0
2070 11 8.235473461 -2.492981252 163.1 75.2390206 390 0
2070 12 1.385532675 -8.98247532 125 68.2782014 390 0
2071 1 -2.25363238 -14.45196357 143.5 130.3215116 390 0
2071 2 -3.139998976 -15.62242794 209.8 52.63984566 390 0
2071 3 4.866043643 -7.517795113 301.6 94.36763861 390 0
2071 4 14.38769415 0.608789305 391.2 41.31310767 390 0
2071 5 19.70507726 6.298175471 461.6 105.9221878 390 0
2071 6 21.27412719 8.117920036 512.7 112.5279167 390 0
2071 7 23.53574165 12.11651948 503.7 132.4373187 390 0
2071 8 22.90229183 11.19968256 439.3 138.5503308 390 0
2071 9 17.93972025 6.243427941 346.6 91.74571685 390 0
2071 10 12.71496149 1.327238664 255.1 59.59040796 390 0
2071 11 3.982620234 -5.278614387 163.1 100.6555631 390 0
2071 12 -0.444563095 -9.044868593 125 77.68093886 390 0
2072 1 -7.306326219 -20.32809337 143.5 15.92577684 390 0
2072 2 3.26069699 -7.966733033 209.8 172.4164945 390 0
2072 3 3.74030865 -6.739031521 301.6 33.06218441 390 0
2072 4 12.2792126 -0.389576594 391.2 84.80399218 390 0
2072 5 19.5867604 5.126299518 461.6 104.9709867 390 0
2072 6 22.93282234 9.758669931 512.7 108.7810523 390 0
2072 7 25.12028676 12.77489989 503.7 131.2535539 390 0
2072 8 23.33716753 10.61434517 439.3 126.9550623 390 0
2072 9 18.29464011 7.769558197 346.6 152.8877526 390 0
2072 10 10.64501831 -0.366784407 255.1 151.8514105 390 0
2072 11 5.528203358 -3.25397384 163.1 66.79819857 390 0
2072 12 -1.569129246 -9.190966951 125 96.52432926 390 0
2073 1 -3.595695351 -14.80746685 143.5 66.65551251 390 0
2073 2 -1.9488214 -13.63745409 209.8 62.34495905 390 0
2073 3 1.299315895 -11.35434868 301.6 87.35142917 390 0
2073 4 8.712165582 -2.41086939 391.2 70.12374436 390 0
2073 5 19.30199794 3.305486761 461.6 45.28760419 390 0
2073 6 22.0176256 8.8293271 512.7 76.73851589 390 0
2073 7 22.58651284 10.43564415 503.7 102.6237803 390 0
2073 8 22.63098375 10.93315907 439.3 100.3074488 390 0
2073 9 19.92848771 6.725185778 346.6 105.4180833 390 0
2073 10 10.16586284 -0.152166934 255.1 72.84490281 390 0
2073 11 4.08629018 -4.446833088 163.1 106.0803776 390 0
2073 12 -0.098776923 -9.643871978 125 49.62304681 390 0
2074 1 -8.282889158 -21.8859455 143.5 102.6704813 390 0
2074 2 -4.712011377 -17.96148788 209.8 36.99903973 390 0
2074 3 2.034026987 -8.294849143 301.6 103.3555414 390 0
2074 4 10.50599378 -1.804511782 391.2 101.234269 390 0
2074 5 16.71824189 3.332746017 461.6 101.111237 390 0
2074 6 24.10405353 11.18082527 512.7 101.9336053 390 0
2074 7 26.19049848 14.36526633 503.7 116.0183398 390 0
2074 8 23.3080129 10.38609003 439.3 123.9748019 390 0
2074 9 18.07182392 7.277549012 346.6 102.1274049 390 0
2074 10 13.9042517 1.187693831 255.1 25.06165653 390 0
2074 11 8.235473461 -2.492981252 163.1 75.2390206 390 0
2074 12 1.385532675 -8.98247532 125 68.2782014 390 0
2075 1 -6.571336551 -18.32723213 143.5 72.73235577 390 0
2075 2 -1.329446547 -13.27399694 209.8 61.96873735 390 0
2075 3 3.935794581 -8.289758077 301.6 62.88728565 390 0
2075 4 12.16110929 -0.186293844 391.2 66.22547704 390 0
2075 5 17.34950954 4.785074885 461.6 133.8009866 390 0
2075 6 20.58794222 10.18678983 512.7 120.6633009 390 0
2075 7 22.80561154 12.46823848 503.7 174.1681473 390 0
2075 8 24.5316493 12.90174038 439.3 109.3640057 390 0
2075 9 19.4432129 6.446837081 346.6 57.99395865 390 0
2075 10 9.922994239 1.170847736 255.1 131.7431949 390 0
2075 11 8.975391788 -1.451742357 163.1 102.9949361 390 0
2075 12 -1.986976921 -10.46517039 125 104.4431593 390 0
2076 1 1.187685577 -8.391913841 143.5 104.8280892 390 0
2076 2 0.244944449 -13.22532066 209.8 76.29715403 390 0
2076 3 5.290455631 -7.920834968 301.6 71.15018342 390 0
2076 4 11.35152601 -0.247082528 391.2 86.3680035 390 0
2076 5 16.3664689 3.649708754 461.6 127.6602242 390 0
2076 6 23.01952309 10.47036735 512.7 131.1555468 390 0
2076 7 25.30096416 12.51809157 503.7 92.17447162 390 0
2076 8 25.13682987 12.74586443 439.3 193.377318 390 0
2076 9 18.99220362 7.734240258 346.6 70.65231248 390 0
2076 10 14.15225094 3.870023097 255.1 176.1189276 390 0
2076 11 6.468552083 -2.836686618 163.1 92.9277872 390 0
2076 12 1.65662115 -8.444516894 125 134.7401047 390 0
2077 1 -4.892227863 -16.05094426 143.5 66.683651 390 0
2077 2 0.034546448 -12.79176174 209.8 60.89408548 390 0
2077 3 1.538215094 -10.3365452 301.6 70.16651861 390 0
2077 4 12.81917618 -0.669759482 391.2 124.4845344 390 0
2077 5 14.5183709 3.540088546 461.6 83.7134448 390 0
2077 6 25.01221425 12.83778905 512.7 127.1476549 390 0
2077 7 26.25429468 14.05600852 503.7 107.6929217 390 0
2077 8 25.16489906 12.98371932 439.3 106.0205357 390 0
2077 9 22.09393996 9.429163726 346.6 106.0964204 390 0
2077 10 12.82846835 4.136488452 255.1 265.4219608 390 0
2077 11 7.205877482 -3.151930075 163.1 137.2129898 390 0
2077 12 -1.51118054 -10.94836661 125 94.19770703 390 0
2078 1 -2.856131578 -14.22124845 143.5 38.80268837 390 0
2078 2 -1.655039065 -14.10627631 209.8 85.79757896 390 0
2078 3 1.212177551 -9.855457041 301.6 136.9031681 390 0
2078 4 10.48829326 -2.761610329 391.2 25.47066446 390 0
2078 5 20.03999629 5.139117538 461.6 48.20753912 390 0
2078 6 23.81452284 10.45265149 512.7 86.39088624 390 0
2078 7 23.93373473 10.86194483 503.7 80.46152403 390 0
2078 8 26.90328813 12.27146162 439.3 49.56289959 390 0
2078 9 21.13008458 7.049421073 346.6 109.5420111 390 0
2078 10 15.22806653 1.591738308 255.1 54.67137551 390 0
2078 11 7.905262774 -2.094111659 163.1 60.54081828 390 0
2078 12 2.998732604 -6.470486918 125 59.92317555 390 0
2079 1 1.187685577 -8.391913841 143.5 104.8280892 390 0
2079 2 0.244944449 -13.22532066 209.8 76.29715403 390 0
2079 3 5.290455631 -7.920834968 301.6 71.15018342 390 0
2079 4 11.35152601 -0.247082528 391.2 86.3680035 390 0
2079 5 16.3664689 3.649708754 461.6 127.6602242 390 0
2079 6 23.01952309 10.47036735 512.7 131.1555468 390 0
2079 7 25.30096416 12.51809157 503.7 92.17447162 390 0
2079 8 25.13682987 12.74586443 439.3 193.377318 390 0
2079 9 18.99220362 7.734240258 346.6 70.65231248 390 0
2079 10 14.15225094 3.870023097 255.1 176.1189276 390 0
2079 11 6.468552083 -2.836686618 163.1 92.9277872 390 0
2079 12 1.65662115 -8.444516894 125 134.7401047 390 0
2080 1 -7.306326219 -20.32809337 143.5 15.92577684 390 0
2080 2 3.26069699 -7.966733033 209.8 172.4164945 390 0
2080 3 3.74030865 -6.739031521 301.6 33.06218441 390 0
2080 4 12.2792126 -0.389576594 391.2 84.80399218 390 0
2080 5 19.5867604 5.126299518 461.6 104.9709867 390 0
2080 6 22.93282234 9.758669931 512.7 108.7810523 390 0
2080 7 25.12028676 12.77489989 503.7 131.2535539 390 0
2080 8 23.33716753 10.61434517 439.3 126.9550623 390 0
2080 9 18.29464011 7.769558197 346.6 152.8877526 390 0
2080 10 10.64501831 -0.366784407 255.1 151.8514105 390 0
2080 11 5.528203358 -3.25397384 163.1 66.79819857 390 0
2080 12 -1.569129246 -9.190966951 125 96.52432926 390 0
2081 1 -2.008612371 -11.59836935 143.5 78.97704205 390 0
2081 2 0.749189373 -9.747482328 209.8 33.48537403 390 0
2081 3 9.049579532 -3.425685492 301.6 48.7525995 390 0
2081 4 11.73158391 -0.226831137 391.2 84.89234089 390 0
2081 5 19.61335202 7.853815103 461.6 133.7223519 390 0
2081 6 22.53193672 10.56073667 512.7 105.8073112 390 0
2081 7 26.3208211 13.06585497 503.7 96.80786163 390 0
2081 8 26.02760513 12.76962204 439.3 92.09666626 390 0
2081 9 20.06324973 7.157563142 346.6 134.0515018 390 0
2081 10 14.50099585 4.277512344 255.1 136.9901815 390 0
2081 11 5.604212916 -4.62935083 163.1 30.27595415 390 0
2081 12 0.81142381 -6.736561842 125 131.8585323 390 0
2082 1 -7.79366328 -21.03918898 143.5 74.15634682 390 0
2082 2 -2.318698909 -14.66752905 209.8 72.97767169 390 0
2082 3 2.964743894 -9.424879671 301.6 68.64616494 390 0
2082 4 9.337853803 -3.263779909 391.2 79.98285421 390 0
2082 5 20.0253786 4.977559556 461.6 37.89552842 390 0
2082 6 20.39570458 9.034814877 512.7 161.0022595 390 0
2082 7 25.75259856 11.22955758 503.7 62.41085005 390 0
2082 8 22.61577427 9.506791024 439.3 96.62275578 390 0
2082 9 20.07420003 7.809336592 346.6 71.27202721 390 0
2082 10 13.7688345 0.879407938 255.1 53.16371144 390 0
2082 11 7.832313687 -1.773495037 163.1 102.1801624 390 0
2082 12 2.752618665 -7.80404505 125 51.25075866 390 0
2083 1 -6.571336551 -18.32723213 143.5 72.73235577 390 0
2083 2 -1.329446547 -13.27399694 209.8 61.96873735 390 0
2083 3 3.935794581 -8.289758077 301.6 62.88728565 390 0
2083 4 12.16110929 -0.186293844 391.2 66.22547704 390 0
2083 5 17.34950954 4.785074885 461.6 133.8009866 390 0
2083 6 20.58794222 10.18678983 512.7 120.6633009 390 0
2083 7 22.80561154 12.46823848 503.7 174.1681473 390 0
2083 8 24.5316493 12.90174038 439.3 109.3640057 390 0
2083 9 19.4432129 6.446837081 346.6 57.99395865 390 0
2083 10 9.922994239 1.170847736 255.1 131.7431949 390 0
2083 11 8.975391788 -1.451742357 163.1 102.9949361 390 0
2083 12 -1.986976921 -10.46517039 125 104.4431593 390 0
2084 1 -3.811813695 -14.89257751 143.5 64.06224264 390 0
2084 2 0.760414161 -11.29546929 209.8 34.95308429 390 0
2084 3 3.911060143 -5.267434408 301.6 86.06567198 390 0
2084 4 13.60188751 0.357437229 391.2 76.51182147 390 0
2084 5 20.5421384 5.937622345 461.6 91.5519315 390 0
2084 6 23.61541268 9.654066268 512.7 60.16346717 390 0
2084 7 25.18751712 11.59440212 503.7 62.68590518 390 0
2084 8 24.75339402 12.65984431 439.3 170.0168936 390 0
2084 9 18.49074981 5.700905059 346.6 127.8418041 390 0
2084 10 14.61032391 2.242046248 255.1 121.9418909 390 0
2084 11 5.87821208 -2.77601101 163.1 64.66146989 390 0
2084 12 -0.853271954 -12.00573718 125 80.9750525 390 0
2085 1 -2.008612371 -11.59836935 143.5 78.97704205 390 0
2085 2 0.749189373 -9.747482328 209.8 33.48537403 390 0
2085 3 9.049579532 -3.425685492 301.6 48.7525995 390 0
2085 4 11.73158391 -0.226831137 391.2 84.89234089 390 0
2085 5 19.61335202 7.853815103 461.6 133.7223519 390 0
2085 6 22.53193672 10.56073667 512.7 105.8073112 390 0
2085 7 26.3208211 13.06585497 503.7 96.80786163 390 0
2085 8 26.02760513 12.76962204 439.3 92.09666626 390 0
2085 9 20.06324973 7.157563142 346.6 134.0515018 390 0
2085 10 14.50099585 4.277512344 255.1 136.9901815 390 0
2085 11 5.604212916 -4.62935083 163.1 30.27595415 390 0
2085 12 0.81142381 -6.736561842 125 131.8585323 390 0
2086 1 -4.892227863 -16.05094426 143.5 66.683651 390 0
2086 2 0.034546448 -12.79176174 209.8 60.89408548 390 0
2086 3 1.538215094 -10.3365452 301.6 70.16651861 390 0
2086 4 12.81917618 -0.669759482 391.2 124.4845344 390 0
2086 5 14.5183709 3.540088546 461.6 83.7134448 390 0
2086 6 25.01221425 12.83778905 512.7 127.1476549 390 0
2086 7 26.25429468 14.05600852 503.7 107.6929217 390 0
2086 8 25.16489906 12.98371932 439.3 106.0205357 390 0
2086 9 22.09393996 9.429163726 346.6 106.0964204 390 0
2086 10 12.82846835 4.136488452 255.1 265.4219608 390 0
2086 11 7.205877482 -3.151930075 163.1 137.2129898 390 0
2086 12 -1.51118054 -10.94836661 125 94.19770703 390 0
2087 1 -2.904140993 -11.14201936 143.5 59.34765462 390 0
2087 2 -1.875605006 -8.777037683 209.8 72.80095784 390 0
2087 3 7.102248938 -3.595171927 301.6 101.348422 390 0
2087 4 13.7388762 1.363560771 391.2 90.94391696 390 0
2087 5 20.12199097 6.07860116 461.6 59.45063139 390 0
2087 6 21.99386075 10.75195024 512.7 150.0657137 390 0
2087 7 26.49132292 14.7407961 503.7 103.8474148 390 0
2087 8 24.10711071 12.02700923 439.3 106.2845865 390 0
2087 9 20.40871543 9.27043958 346.6 74.34977364 390 0
2087 10 12.08392795 1.803048043 255.1 235.8380837 390 0
2087 11 5.454968289 -3.028314796 163.1 79.47678658 390 0
2087 12 -2.83568597 -10.33161145 125 106.0703622 390 0
2088 1 -3.811813695 -14.89257751 143.5 64.06224264 390 0
2088 2 0.760414161 -11.29546929 209.8 34.95308429 390 0
2088 3 3.911060143 -5.267434408 301.6 86.06567198 390 0
2088 4 13.60188751 0.357437229 391.2 76.51182147 390 0
2088 5 20.5421384 5.937622345 461.6 91.5519315 390 0
2088 6 23.61541268 9.654066268 512.7 60.16346717 390 0
2088 7 25.18751712 11.59440212 503.7 62.68590518 390 0
2088 8 24.75339402 12.65984431 439.3 170.0168936 390 0
2088 9 18.49074981 5.700905059 346.6 127.8418041 390 0
2088 10 14.61032391 2.242046248 255.1 121.9418909 390 0
2088 11 5.87821208 -2.77601101 163.1 64.66146989 390 0
2088 12 -0.853271954 -12.00573718 125 80.9750525 390 0
2089 1 -2.752683718 -13.99598582 143.5 41.51877394 390 0
2089 2 -2.069082861 -11.0638638 209.8 55.54095666 390 0
2089 3 2.843842508 -6.461441127 301.6 60.155377 390 0
2089 4 10.65441848 -1.788867906 391.2 60.96308428 390 0
2089 5 19.55730645 5.579557998 461.6 140.9308348 390 0
2089 6 22.50269795 10.89256471 512.7 186.9568861 390 0
2089 7 26.19581431 15.37585268 503.7 185.8328357 390 0
2089 8 23.65036209 11.25597013 439.3 80.05979182 390 0
2089 9 19.46223367 7.676195133 346.6 115.4792994 390 0
2089 10 14.57383741 2.399755663 255.1 49.67575124 390 0
2089 11 4.882501313 -5.201533476 163.1 106.2097638 390 0
2089 12 -2.011596256 -10.94296337 125 87.22470238 390 0
2090 1 -4.010779728 -15.49250408 143.5 87.38272994 390 0
2090 2 0.560242005 -11.90742015 209.8 67.40473969 390 0
2090 3 1.546448593 -10.53798907 301.6 98.47042346 390 0
2090 4 9.018648735 -3.32454223 391.2 76.47194448 390 0
2090 5 13.8465897 2.561552523 461.6 89.54081616 390 0
2090 6 23.97147548 9.60737177 512.7 76.06850757 390 0
2090 7 24.40257929 11.07229736 503.7 133.7765097 390 0
2090 8 23.1693033 10.70715067 439.3 155.9047462 390 0
2090 9 18.71118929 6.683897957 346.6 68.69879389 390 0
2090 10 12.43268983 -0.330046762 255.1 51.31279443 390 0
2090 11 4.424305593 -5.335709329 163.1 128.5739566 390 0
2090 12 -0.554581909 -11.17893614 125 67.67631505 390 0
2091 1 -2.250840898 -12.15116268 143.5 74.02888798 390 0
2091 2 -5.905328413 -20.60709213 209.8 70.09286751 390 0
2091 3 2.877154488 -11.01375724 301.6 82.69252999 390 0
2091 4 11.46122223 -1.006937334 391.2 90.563075 390 0
2091 5 18.25292946 4.484969022 461.6 48.97151556 390 0
2091 6 22.09095765 8.749993637 512.7 103.8919139 390 0
2091 7 25.48767998 12.59461993 503.7 101.0409917 390 0
2091 8 25.08236888 12.15640839 439.3 95.39421797 390 0
2091 9 18.57199091 7.19168751 346.6 115.0084253 390 0
2091 10 11.2032317 -0.459556498 255.1 82.41740675 390 0
2091 11 5.737216145 -4.719332635 163.1 83.35637583 390 0
2091 12 -1.161088516 -10.87842582 125 79.01192244 390 0
2092 1 -6.571336551 -18.32723213 143.5 72.73235577 390 0
2092 2 -1.329446547 -13.27399694 209.8 61.96873735 390 0
2092 3 3.935794581 -8.289758077 301.6 62.88728565 390 0
2092 4 12.16110929 -0.186293844 391.2 66.22547704 390 0
2092 5 17.34950954 4.785074885 461.6 133.8009866 390 0
2092 6 20.58794222 10.18678983 512.7 120.6633009 390 0
2092 7 22.80561154 12.46823848 503.7 174.1681473 390 0
2092 8 24.5316493 12.90174038 439.3 109.3640057 390 0
2092 9 19.4432129 6.446837081 346.6 57.99395865 390 0
2092 10 9.922994239 1.170847736 255.1 131.7431949 390 0
2092 11 8.975391788 -1.451742357 163.1 102.9949361 390 0
2092 12 -1.986976921 -10.46517039 125 104.4431593 390 0
2093 1 -6.571336551 -18.32723213 143.5 72.73235577 390 0
2093 2 -1.329446547 -13.27399694 209.8 61.96873735 390 0
2093 3 3.935794581 -8.289758077 301.6 62.88728565 390 0
2093 4 12.16110929 -0.186293844 391.2 66.22547704 390 0
2093 5 17.34950954 4.785074885 461.6 133.8009866 390 0
2093 6 20.58794222 10.18678983 512.7 120.6633009 390 0
2093 7 22.80561154 12.46823848 503.7 174.1681473 390 0
2093 8 24.5316493 12.90174038 439.3 109.3640057 390 0
2093 9 19.4432129 6.446837081 346.6 57.99395865 390 0
2093 10 9.922994239 1.170847736 255.1 131.7431949 390 0
2093 11 8.975391788 -1.451742357 163.1 102.9949361 390 0
2093 12 -1.986976921 -10.46517039 125 104.4431593 390 0
2094 1 -4.786768132 -15.81735054 143.5 94.97424162 390 0
2094 2 -0.529916221 -13.52638366 209.8 88.62465441 390 0
2094 3 6.64174943 -5.501123051 301.6 76.56936845 390 0
2094 4 9.097109697 -1.211998853 391.2 157.2672092 390 0
2094 5 17.0663835 5.186444495 461.6 140.2689948 390 0
2094 6 21.44712297 9.729821653 512.7 84.95937619 390 0
2094 7 23.23978808 10.90457377 503.7 98.80985425 390 0
2094 8 22.95413919 11.08406126 439.3 97.49748961 390 0
2094 9 19.37702584 6.385204118 346.6 65.77595624 390 0
2094 10 13.42674308 0.906688495 255.1 72.577798 390 0
2094 11 5.028288839 -2.591033374 163.1 85.43984514 390 0
2094 12 -3.630518941 -14.36554563 125 125.796609 390 0
2095 1 -6.571336551 -18.32723213 143.5 72.73235577 390 0
2095 2 -1.329446547 -13.27399694 209.8 61.96873735 390 0
2095 3 3.935794581 -8.289758077 301.6 62.88728565 390 0
2095 4 12.16110929 -0.186293844 391.2 66.22547704 390 0
2095 5 17.34950954 4.785074885 461.6 133.8009866 390 0
2095 6 20.58794222 10.18678983 512.7 120.6633009 390 0
2095 7 22.80561154 12.46823848 503.7 174.1681473 390 0
2095 8 24.5316493 12.90174038 439.3 109.3640057 390 0
2095 9 19.4432129 6.446837081 346.6 57.99395865 390 0
2095 10 9.922994239 1.170847736 255.1 131.7431949 390 0
2095 11 8.975391788 -1.451742357 163.1 102.9949361 390 0
2095 12 -1.986976921 -10.46517039 125 104.4431593 390 0
2096 1 -2.250840898 -12.15116268 143.5 74.02888798 390 0
2096 2 -5.905328413 -20.60709213 209.8 70.09286751 390 0
2096 3 2.877154488 -11.01375724 301.6 82.69252999 390 0
2096 4 11.46122223 -1.006937334 391.2 90.563075 390 0
2096 5 18.25292946 4.484969022 461.6 48.97151556 390 0
2096 6 22.09095765 8.749993637 512.7 103.8919139 390 0
2096 7 25.48767998 12.59461993 503.7 101.0409917 390 0
2096 8 25.08236888 12.15640839 439.3 95.39421797 390 0
2096 9 18.57199091 7.19168751 346.6 115.0084253 390 0
2096 10 11.2032317 -0.459556498 255.1 82.41740675 390 0
2096 11 5.737216145 -4.719332635 163.1 83.35637583 390 0
2096 12 -1.161088516 -10.87842582 125 79.01192244 390 0
2097 1 -2.752683718 -13.99598582 143.5 41.51877394 390 0
2097 2 -2.069082861 -11.0638638 209.8 55.54095666 390 0
2097 3 2.843842508 -6.461441127 301.6 60.155377 390 0
2097 4 10.65441848 -1.788867906 391.2 60.96308428 390 0
2097 5 19.55730645 5.579557998 461.6 140.9308348 390 0
2097 6 22.50269795 10.89256471 512.7 186.9568861 390 0
2097 7 26.19581431 15.37585268 503.7 185.8328357 390 0
2097 8 23.65036209 11.25597013 439.3 80.05979182 390 0
2097 9 19.46223367 7.676195133 346.6 115.4792994 390 0
2097 10 14.57383741 2.399755663 255.1 49.67575124 390 0
2097 11 4.882501313 -5.201533476 163.1 106.2097638 390 0
2097 12 -2.011596256 -10.94296337 125 87.22470238 390 0
2098 1 -6.525269407 -16.64890758 143.5 38.64745309 390 0
2098 2 -0.94849081 -12.05969235 209.8 61.85008778 390 0
2098 3 4.438210112 -8.061788995 301.6 77.03670794 390 0
2098 4 10.85973245 -1.289747693 391.2 54.94048694 390 0
2098 5 18.72002276 4.379664025 461.6 87.60576187 390 0
2098 6 20.11628074 8.741794655 512.7 93.63583139 390 0
2098 7 25.85488665 11.57434784 503.7 69.51713302 390 0
2098 8 23.5518741 10.55112086 439.3 110.4187189 390 0
2098 9 20.17124215 7.485512309 346.6 113.6795942 390 0
2098 10 13.79959965 1.754211913 255.1 90.97762883 390 0
2098 11 5.553464675 -2.839982675 163.1 113.4697039 390 0
2098 12 -3.24319719 -13.19966867 125 61.95713999 390 0
2099 1 0.332107784 -9.038146246 143.5 62.27076922 390 0
2099 2 0.921246311 -12.04977109 209.8 82.43284779 390 0
2099 3 3.16254366 -7.100823491 301.6 94.78033955 390 0
2099 4 11.72925733 -0.080392798 391.2 113.3659884 390 0
2099 5 15.69771552 3.120080146 461.6 108.5450127 390 0
2099 6 21.63406599 9.421758851 512.7 177.6505711 390 0
2099 7 25.38038969 12.51890936 503.7 85.39761322 390 0
2099 8 26.22417882 12.19295956 439.3 40.19128513 390 0
2099 9 22.45710932 8.627632095 346.6 120.7019189 390 0
2099 10 10.92126771 0.563907209 255.1 84.68336774 390 0
2099 11 3.927584907 -4.807972487 163.1 112.9679769 390 0
2099 12 -1.470198972 -11.82703781 125 68.4515693 390 0
2100-2200 1 0.332107784 -9.038146246 143.5 62.27076922 390 0
2100-2200 2 0.921246311 -12.04977109 209.8 82.43284779 390 0
2100-2200 3 3.16254366 -7.100823491 301.6 94.78033955 390 0
2100-2200 4 11.72925733 -0.080392798 391.2 113.3659884 390 0
2100-2200 5 15.69771552 3.120080146 461.6 108.5450127 390 0
2100-2200 6 21.63406599 9.421758851 512.7 177.6505711 390 0
2100-2200 7 25.38038969 12.51890936 503.7 85.39761322 390 0
2100-2200 8 26.22417882 12.19295956 439.3 40.19128513 390 0
2100-2200 9 22.45710932 8.627632095 346.6 120.7019189 390 0
2100-2200 10 10.92126771 0.563907209 255.1 84.68336774 390 0
2100-2200 11 3.927584907 -4.807972487 163.1 112.9679769 390 0
2100-2200 12 -1.470198972 -11.82703781 125 68.4515693 390 0
