Year Month Tmax Tmin PAR Prec CO2 O3
1200-1980 1 -3.57765465922089 -14.5728736006938 143.5 73.6829296074534 390 0
1200-1980 2 -1.40337524326253 -13.3378311615517 209.8 65.9809483721196 390 0
1200-1980 3 3.52618891492205 -8.11144643823193 301.6 78.9704801033059 390 0
1200-1980 4 11.0264154696093 -1.12856923372585 391.2 86.7281837596864 390 0
1200-1980 5 18.1811044146515 4.99567279211375 461.6 102.659520316508 390 0
1200-1980 6 22.691650223973 10.1402803334636 512.7 113.039307369339 390 0
1200-1980 7 25.1793200096188 12.7304503469973 503.7 114.581802720552 390 0
1200-1980 8 24.2573628389205 11.6875791957937 439.3 117.849339691306 390 0
1200-1980 9 19.9068507724086 7.47724861195641 346.6 99.1412527037305 390 0
1200-1980 10 12.9184152206204 1.54160211285671 255.1 112.765515659994 390 0
1200-1980 11 5.92509830504553 -3.40629854707269 163.1 95.6454477193467 390 0
1200-1980 12 -0.708237579885092 -10.2708850129766 125 90.5610724074863 390 0
1981 1 -7.30632621875111 -20.32809337312 143.5 15.925776837709 390 0
1981 2 3.26069698990161 -7.96673303276662 209.8 172.416494471811 390 0
1981 3 3.74030865013609 -6.73903152053184 301.6 33.0621844060739 390 0
1981 4 12.279212600396 -0.389576594405935 391.2 84.8039921828209 390 0
1981 5 19.5867604005677 5.12629951811994 461.6 104.970986724056 390 0
1981 6 22.9328223380028 9.7586699311151 512.7 108.781052280547 390 0
1981 7 25.1202867633074 12.774899893625 503.7 131.253553923087 390 0
1981 8 23.3371675296959 10.6143451698941 439.3 126.955062299793 390 0
1981 9 18.2946401051666 7.7695581967334 346.6 152.887752574828 390 0
1981 10 10.6450183086342 -0.366784406538471 255.1 151.851410518103 390 0
1981 11 5.52820335757418 -3.25397383966614 163.1 66.7981985671686 390 0
1981 12 -1.56912924590485 -9.19096695060719 125 96.5243292601818 390 0
1982 1 -7.79366327983485 -21.0391889765566 143.5 74.1563468158854 390 0
1982 2 -2.31869890862466 -14.6675290517027 209.8 72.9776716903389 390 0
1982 3 2.96474389449824 -9.4248796705812 301.6 68.6461649402973 390 0
1982 4 9.33785380253695 -3.26377990920334 391.2 79.9828542136203 390 0
1982 5 20.0253785984024 4.97755955635922 461.6 37.8955284201252 390 0
1982 6 20.3957045804499 9.03481487708542 512.7 161.002259549008 390 0
1982 7 25.7525985581281 11.2295575842916 503.7 62.4108500522595 390 0
1982 8 22.6157742741636 9.50679102412381 439.3 96.6227557759579 390 0
1982 9 20.0742000290315 7.8093365924409 346.6 71.2720272076922 390 0
1982 10 13.7688344990005 0.879407938207439 255.1 53.1637114419499 390 0
1982 11 7.83231368704326 -1.77349503695268 163.1 102.180162361657 390 0
1982 12 2.75261866534476 -7.80404504980711 125 51.2507586610515 390 0
1983 1 -2.29227031878751 -12.7800078037097 143.5 95.2440511506303 390 0
1983 2 -0.175369301041623 -12.3892555948777 209.8 56.6428706354741 390 0
1983 3 3.84406916278727 -5.36253605480617 301.6 114.156290417455 390 0
1983 4 9.56621548712805 -0.408085081648028 391.2 134.960451017979 390 0
1983 5 15.7198968056921 4.76783688271488 461.6 162.156682589533 390 0
1983 6 24.3740965607425 9.60576873716541 512.7 64.3226822405304 390 0
1983 7 26.0141613281123 12.3070662720828 503.7 72.2414170675886 390 0
1983 8 24.7304175330438 11.7451588356219 439.3 167.0313790574 390 0
1983 9 21.7965736442754 7.87287872403475 346.6 56.7691430467463 390 0
1983 10 13.1728948065151 1.41827264974964 255.1 83.9788452850584 390 0
1983 11 5.36635950253906 -2.63804545939227 163.1 196.993873013611 390 0
1983 12 -2.70440098007049 -12.2998261040725 125 154.961554478722 390 0
1984 1 -4.64172645656609 -16.5318220912037 143.5 36.0472148333487 390 0
1984 2 2.4369211925415 -8.24578968725123 209.8 79.0702046530411 390 0
1984 3 0.0133565997223392 -11.7939103431112 301.6 80.1079265573828 390 0
1984 4 11.4049809359994 -0.469171960797177 391.2 76.2931390504071 390 0
1984 5 16.3261614150192 3.90940781717143 461.6 222.764310318002 390 0
1984 6 23.6873222652244 9.56916148136321 512.7 88.7067018263143 390 0
1984 7 24.8087699595193 12.4635601273316 503.7 133.721354426006 390 0
1984 8 25.5382784916873 13.0026388130493 439.3 62.5511903428391 390 0
1984 9 18.7178640803533 4.95589625389424 346.6 54.2529882918763 390 0
1984 10 14.7203432438453 1.98030928739559 255.1 78.6096057705059 390 0
1984 11 5.93244052317417 -4.07273567333725 163.1 89.3047792479469 390 0
1984 12 1.42089812195467 -8.09106593479541 125 96.0537822008827 390 0
1985 1 -6.52526940686883 -16.6489075768248 143.5 38.6474530892557 390 0
1985 2 -0.948490809617779 -12.0596923528884 209.8 61.8500877762818 390 0
1985 3 4.43821011247856 -8.06178899500978 301.6 77.0367079408783 390 0
1985 4 10.8597324547741 -1.28974769300862 391.2 54.9404869407678 390 0
1985 5 18.7200227635943 4.3796640246499 461.6 87.6057618663375 390 0
1985 6 20.1162807371803 8.74179465498697 512.7 93.6358313928001 390 0
1985 7 25.8548866452533 11.574347836401 503.7 69.5171330216674 390 0
1985 8 23.5518741028106 10.5511208560311 439.3 110.418718886815 390 0
1985 9 20.171242153354 7.48551230948228 346.6 113.679594168878 390 0
1985 10 13.7995996462823 1.75421191293901 255.1 90.9776288304155 390 0
1985 11 5.55346467468913 -2.83998267508237 163.1 113.469703935147 390 0
1985 12 -3.24319718994344 -13.1996686746411 125 61.9571399884455 390 0
1986 1 -2.2536323802242 -14.4519635739255 143.5 130.321511567866 390 0
1986 2 -3.13999897559312 -15.6224279385744 209.8 52.6398456562078 390 0
1986 3 4.86604364335836 -7.51779511272494 301.6 94.3676386063134 390 0
1986 4 14.387694152885 0.608789305348457 391.2 41.3131076652 390 0
1986 5 19.7050772557152 6.29817547113832 461.6 105.922187813042 390 0
1986 6 21.2741271893095 8.11792003641695 512.7 112.527916748713 390 0
1986 7 23.5357416520245 12.1165194839688 503.7 132.437318698234 390 0
1986 8 22.9022918252306 11.1996825600964 439.3 138.550330762357 390 0
1986 9 17.9397202485161 6.24342794142466 346.6 91.7457168491077 390 0
1986 10 12.7149614932196 1.32723866367425 255.1 59.5904079618562 390 0
1986 11 3.9826202341891 -5.27861438681684 163.1 100.655563115696 390 0
1986 12 -0.444563094756817 -9.04486859252537 125 77.6809388644468 390 0
1987 1 -3.65471362581903 -14.9896407351263 143.5 83.0016293280282 390 0
1987 2 -3.42529273484409 -16.6964163591189 209.8 11.8838462797969 390 0
1987 3 5.43455732076013 -7.25318204703684 301.6 50.4954195809902 390 0
1987 4 13.8786260252201 0.99593857939628 391.2 87.4117066432333 390 0
1987 5 18.6385010673236 4.5102741497287 461.6 54.4379350415923 390 0
1987 6 22.6316307189935 10.550951643381 512.7 157.122924358562 390 0
1987 7 26.0401609603611 13.0483186768415 503.7 100.253840481387 390 0
1987 8 23.2506751659974 9.53876381861893 439.3 74.8593864460305 390 0
1987 9 18.5630935498218 7.64342587991345 346.6 133.640551596811 390 0
1987 10 12.508806793807 -0.0209678916081039 255.1 141.443068816931 390 0
1987 11 5.46991096613808 -4.50756975358472 163.1 72.9294700641946 390 0
1987 12 -0.076785293525213 -7.53685016646201 125 57.120603090893 390 0
1988 1 -3.2253523397132 -15.8294897304842 143.5 44.1209545350713 390 0
1988 2 -0.90590682257111 -13.9568518914205 209.8 70.7262510013426 390 0
1988 3 3.12380350286458 -8.9674884870023 301.6 41.7747975807184 390 0
1988 4 10.5077980029769 -0.419021975847887 391.2 100.220655232799 390 0
1988 5 19.3796367703192 6.06146774230429 461.6 69.2944508711954 390 0
1988 6 22.6132114736494 7.46685117229733 512.7 52.9490049070967 390 0
1988 7 26.4593888914644 13.9164130470402 503.7 112.856755983014 390 0
1988 8 25.2939175909796 13.0472801963994 439.3 152.664572219805 390 0
1988 9 18.8053781638715 5.64702249935988 346.6 53.0589994639214 390 0
1988 10 10.1520113529817 0.529767525741673 255.1 56.4415721252979 390 0
1988 11 5.82156636533461 -3.13704377801003 163.1 140.599082655375 390 0
1988 12 -2.02823260039983 -13.3038681084855 125 42.3107885673595 390 0
1989 1 -0.910000277163166 -13.1265841862299 143.5 38.721549683053 390 0
1989 2 -2.46001975662695 -14.4056494071016 209.8 46.9437098623256 390 0
1989 3 2.82749054037841 -10.1569189061267 301.6 68.1863626295068 390 0
1989 4 8.52018095999411 -3.1293990911562 391.2 75.273376367629 390 0
1989 5 19.7915780484955 6.33478151230204 461.6 137.596333437341 390 0
1989 6 22.7788491943849 11.0494071637618 512.7 130.021406150591 390 0
1989 7 25.8390219394963 12.1768608200123 503.7 71.6783456217029 390 0
1989 8 23.6241445687996 11.2435788892549 439.3 159.049655554528 390 0
1989 9 20.3355732798127 7.82274241943682 346.6 119.376247903283 390 0
1989 10 13.8186620759984 1.84621787882506 255.1 118.714042363187 390 0
1989 11 5.06223924291682 -4.73423184313145 163.1 110.161135623322 390 0
1989 12 -9.3109001894376 -21.9301851892278 125 39.4325418924809 390 0
1990 1 1.18768557682432 -8.39191384127819 143.5 104.828089202288 390 0
1990 2 0.244944448691479 -13.2253206552069 209.8 76.2971540256919 390 0
1990 3 5.29045563124867 -7.9208349682946 301.6 71.1501834237591 390 0
1990 4 11.3515260124759 -0.247082528391078 391.2 86.3680034994545 390 0
1990 5 16.3664688980559 3.6497087535325 461.6 127.660224186754 390 0
1990 6 23.0195230858495 10.4703673465311 512.7 131.155546782381 390 0
1990 7 25.3009641577396 12.5180915736078 503.7 92.1744716209346 390 0
1990 8 25.1368298743277 12.7458644284466 439.3 193.377318008149 390 0
1990 9 18.9922036174296 7.73424025769971 346.6 70.6523124806896 390 0
1990 10 14.1522509367589 3.87002309651641 255.1 176.118927621071 390 0
1990 11 6.46855208345219 -2.83668661839441 163.1 92.9277872043703 390 0
1990 12 1.65662114971778 -8.44451689385541 125 134.740104710935 390 0
1991 1 -3.81181369481037 -14.8925775101747 143.5 64.0622426437557 390 0
1991 2 0.760414161332485 -11.2954692948347 209.8 34.9530842853917 390 0
1991 3 3.91106014348155 -5.26743440776577 301.6 86.0656719789002 390 0
1991 4 13.6018875120122 0.357437229041687 391.2 76.5118214748671 390 0
1991 5 20.5421383950337 5.93762234514585 461.6 91.5519314986663 390 0
1991 6 23.6154126791579 9.65406626803491 512.7 60.1634671676662 390 0
1991 7 25.1875171194597 11.5944021153588 503.7 62.685905184267 390 0
1991 8 24.753394019322 12.6598443107536 439.3 170.016893562853 390 0
1991 9 18.4907498091244 5.70090505921577 346.6 127.841804137607 390 0
1991 10 14.6103239087876 2.24204624811763 255.1 121.941890888687 390 0
1991 11 5.87821207960705 -2.77601101007351 163.1 64.6614698874093 390 0
1991 12 -0.853271953806405 -12.0057371757078 125 80.9750525003611 390 0
1992 1 -3.59569535134566 -14.8074668524387 143.5 66.6555125060667 390 0
1992 2 -1.94882140019259 -13.6374540862403 209.8 62.3449590461673 390 0
1992 3 1.29931589493405 -11.3543486760526 301.6 87.3514291702758 390 0
1992 4 8.71216558207027 -2.41086939046062 391.2 70.1237443609918 390 0
1992 5 19.3019979403025 3.30548676109834 461.6 45.2876041913676 390 0
1992 6 22.0176255954771 8.82932710022631 512.7 76.7385158857027 390 0
1992 7 22.5865128366678 10.4356441468955 503.7 102.623780300117 390 0
1992 8 22.6309837482871 10.9331590669513 439.3 100.307448810324 390 0
1992 9 19.9284877137141 6.7251857777263 346.6 105.41808328543 390 0
1992 10 10.1658628402378 -0.152166933694892 255.1 72.8449028105324 390 0
1992 11 4.08629017991301 -4.4468330876801 163.1 106.080377573068 390 0
1992 12 -0.0987769229445651 -9.64387197802695 125 49.6230468129056 390 0
1993 1 -2.25084089766059 -12.1511626750124 143.5 74.0288879830777 390 0
1993 2 -5.90532841259904 -20.6070921313164 209.8 70.0928675121147 390 0
1993 3 2.8771544883005 -11.013757236697 301.6 82.6925299899727 390 0
1993 4 11.4612222259367 -1.00693733390859 391.2 90.5630750041335 390 0
1993 5 18.252929464619 4.48496902187747 461.6 48.9715155578927 390 0
1993 6 22.0909576483311 8.74999363709844 512.7 103.891913856827 390 0
1993 7 25.4876799827264 12.5946199339557 503.7 101.040991726398 390 0
1993 8 25.0823688751469 12.1564083938321 439.3 95.3942179699164 390 0
1993 9 18.5719909106817 7.19168750951394 346.6 115.008425314126 390 0
1993 10 11.2032317013855 -0.459556497807626 255.1 82.4174067518262 390 0
1993 11 5.73721614457591 -4.71933263473275 163.1 83.3563758337124 390 0
1993 12 -1.16108851649239 -10.8784258160506 125 79.0119224389627 390 0
1994 1 -8.28288915797929 -21.88594550302 143.5 102.670481273596 390 0
1994 2 -4.71201137660426 -17.9614878808197 209.8 36.9990397314169 390 0
1994 3 2.03402698697846 -8.29484914264164 301.6 103.355541363951 390 0
1994 4 10.5059937840693 -1.80451178220997 391.2 101.234269010636 390 0
1994 5 16.7182418924129 3.33274601654732 461.6 101.111237016527 390 0
1994 6 24.1040535262086 11.1808252673868 512.7 101.933605315149 390 0
1994 7 26.1904984773022 14.3652663288032 503.7 116.018339779391 390 0
1994 8 23.3080129023067 10.3860900261886 439.3 123.974801915579 390 0
1994 9 18.0718239248888 7.27754901169393 346.6 102.127404938232 390 0
1994 10 13.904251698531 1.18769383146825 255.1 25.061656528773 390 0
1994 11 8.23547346088306 -2.49298125211807 163.1 75.2390205981353 390 0
1994 12 1.38553267520804 -8.98247532049582 125 68.2782013993847 390 0
1995 1 -0.659109603091836 -9.43017719514035 143.5 79.3997395983956 390 0
1995 2 -3.51343704068159 -15.632827188759 209.8 59.3654157986622 390 0
1995 3 4.96487726189509 -6.01016305343533 301.6 64.0726992886122 390 0
1995 4 7.97531037648556 -3.77957671768466 391.2 52.9041891195331 390 0
1995 5 16.9346777559336 4.04088441104267 461.6 65.2947564939783 390 0
1995 6 25.1179324399805 9.88092420604902 512.7 34.4257895652575 390 0
1995 7 26.5641499556277 13.800607836627 503.7 129.432308585918 390 0
1995 8 25.0156199711897 11.3172399078272 439.3 106.037908078666 390 0
1995 9 18.439172883345 4.3840001722474 346.6 83.974331199616 390 0
1995 10 15.5689157140752 3.53773359032861 255.1 204.7351151362 390 0
1995 11 3.65885892922039 -4.87240156397407 163.1 112.619742597002 390 0
1995 12 -4.17878640571843 -12.9151169756914 125 79.4562757151264 390 0
1996 1 -3.67711139393953 -15.467914593686 143.5 116.980350177314 390 0
1996 2 -2.88602444672082 -13.3756346946452 209.8 74.3770823811913 390 0
1996 3 2.48841316400965 -9.83369612672116 301.6 42.9449121771748 390 0
1996 4 9.76701332549064 -1.39045780778253 391.2 158.677417531729 390 0
1996 5 16.5349989354479 3.65530877684736 461.6 143.824802055829 390 0
1996 6 22.6097634643821 11.2085450107795 512.7 113.524625237449 390 0
1996 7 23.8268162392594 12.3831696910266 503.7 196.294451052744 390 0
1996 8 24.4668706528904 11.6181944834039 439.3 55.4732233898297 390 0
1996 9 20.1104409893901 8.66433538403084 346.6 76.7239695462534 390 0
1996 10 12.4730489751816 0.544746940064455 255.1 148.923316745366 390 0
1996 11 3.2447857776523 -5.7386670793393 163.1 76.7820006896063 390 0
1996 12 1.44730116851831 -5.55035201812868 125 135.096300150251 390 0
1997 1 -4.01077972836336 -15.4925040819518 143.5 87.38272993763 390 0
1997 2 0.560242005075555 -11.9074201482733 209.8 67.4047396914362 390 0
1997 3 1.54644859276645 -10.5379890695981 301.6 98.4704234575787 390 0
1997 4 9.01864873518724 -3.32454223037244 391.2 76.4719444760809 390 0
1997 5 13.8465896964332 2.56155252345501 461.6 89.5408161645732 390 0
1997 6 23.9714754778929 9.60737176999272 512.7 76.0685075685956 390 0
1997 7 24.4025792859508 11.0722973601911 503.7 133.776509697861 390 0
1997 8 23.1693032968011 10.7071506686695 439.3 155.904746157553 390 0
1997 9 18.7111892856503 6.68389795725674 346.6 68.6987938905434 390 0
1997 10 12.4326898325258 -0.330046761786483 255.1 51.3127944277772 390 0
1997 11 4.42430559343045 -5.33570932900296 163.1 128.57395663353 390 0
1997 12 -0.554581908818963 -11.1789361412287 125 67.6763150475699 390 0
1998 1 -1.52462207752005 -11.5621370751765 143.5 139.250074740149 390 0
1998 2 2.17823437447215 -9.86796104007844 209.8 59.915908394903 390 0
1998 3 4.68134215335658 -6.85113020993236 301.6 93.3493064032822 390 0
1998 4 13.1146780641339 -1.02843172223314 391.2 62.6086916515184 390 0
1998 5 21.604478031451 7.1063078735844 461.6 67.4741800141536 390 0
1998 6 21.3243840590474 11.1517624734711 512.7 229.932562525757 390 0
1998 7 24.6346039108494 12.3877635509089 503.7 129.842106403208 390 0
1998 8 24.6478193801274 11.5420500058766 439.3 123.461555829364 390 0
1998 9 20.5410002458715 7.4518984040228 346.6 98.4674090610606 390 0
1998 10 12.971500032667 2.67585597650381 255.1 79.5241651632901 390 0
1998 11 4.97533273302751 -2.05024293532693 163.1 82.5965885720737 390 0
1998 12 3.73107881428441 -7.85633878215614 125 41.590922220623 390 0
1999 1 -2.59434913379467 -14.9560093914652 143.5 142.553408439739 390 0
1999 2 0.246327286799295 -12.936637490915 209.8 35.0629767482621 390 0
1999 3 3.11666421399412 -7.51355445386843 301.6 111.72522459625 390 0
1999 4 11.3971335667638 -1.78663412319981 391.2 19.6755209907849 390 0
1999 5 20.253404196788 5.45351672020037 461.6 86.3320935145366 390 0
1999 6 25.653285864909 11.0939949483606 512.7 72.4312274907658 390 0
1999 7 26.5921075693006 13.1962741136425 503.7 100.03745572187 390 0
1999 8 23.811205725121 10.9887492600504 439.3 66.7535846788648 390 0
1999 9 22.2477597947224 9.33981221407129 346.6 211.522460388623 390 0
1999 10 11.7992834554313 -0.485925826957001 255.1 104.378157992199 390 0
1999 11 8.73922003715023 -1.4468750951859 163.1 80.7361057061116 390 0
1999 12 0.146342429664707 -8.53969893543306 125 47.4336429966836 390 0
2000 1 -4.78676813225875 -15.8173505418912 143.5 94.9742416215256 390 0
2000 2 -0.529916220523271 -13.5263836595399 209.8 88.6246544107899 390 0
2000 3 6.64174943024662 -5.50112305097797 301.6 76.569368453434 390 0
2000 4 9.0971096967681 -1.21199885284703 391.2 157.267209163042 390 0
2000 5 17.0663834956988 5.18644449537551 461.6 140.268994767736 390 0
2000 6 21.4471229733746 9.72982165259983 512.7 84.9593761925561 390 0
2000 7 23.2397880796537 10.9045737749129 503.7 98.8098542496174 390 0
2000 8 22.9541391852584 11.0840612604316 439.3 97.4974896122585 390 0
2000 9 19.3770258438643 6.38520411770227 346.6 65.7759562353324 390 0
2000 10 13.4267430825669 0.906688494684482 255.1 72.5777979977176 390 0
2000 11 5.02828883856262 -2.59103337447093 163.1 85.4398451441813 390 0
2000 12 -3.63051894076915 -14.3655456314267 125 125.796608994268 390 0
2001 1 -2.85613157750592 -14.2212484533721 143.5 38.8026883689058 390 0
2001 2 -1.655039064878 -14.1062763083165 209.8 85.7975789561908 390 0
2001 3 1.21217755087802 -9.85545704120528 301.6 136.903168138523 390 0
2001 4 10.4882932578141 -2.76161032870871 391.2 25.4706644569449 390 0
2001 5 20.0399962886159 5.13911753810643 461.6 48.2075391221092 390 0
2001 6 23.8145228409339 10.4526514861407 512.7 86.3908862354781 390 0
2001 7 23.9337347324484 10.8619448299127 503.7 80.4615240275257 390 0
2001 8 26.9032881292308 12.2714616225629 439.3 49.562899589259 390 0
2001 9 21.1300845836283 7.04942107282878 346.6 109.542011051867 390 0
2001 10 15.228066529644 1.59173830817373 255.1 54.6713755071069 390 0
2001 11 7.90526277371769 -2.09411165898938 163.1 60.5408182773871 390 0
2001 12 2.99873260386736 -6.47048691778728 125 59.9231755526151 390 0
2002 1 0.332107783855449 -9.03814624574033 143.5 62.270769221231 390 0
2002 2 0.921246310604377 -12.0497710919156 209.8 82.4328477937567 390 0
2002 3 3.16254365997703 -7.10082349105969 301.6 94.780339545572 390 0
2002 4 11.7292573276394 -0.0803927975933914 391.2 113.365988366778 390 0
2002 5 15.6977155209986 3.12008014551839 461.6 108.545012716305 390 0
2002 6 21.6340659852858 9.42175885065556 512.7 177.650571087084 390 0
2002 7 25.3803896862515 12.5189093614324 503.7 85.3976132176214 390 0
2002 8 26.2241788159603 12.1929595593229 439.3 40.1912851313206 390 0
2002 9 22.4571093195926 8.62763209486868 346.6 120.701918933825 390 0
2002 10 10.9212677068587 0.56390720850276 255.1 84.6833677373333 390 0
2002 11 3.92758490689098 -4.80797248700913 163.1 112.967976887611 390 0
2002 12 -1.47019897204109 -11.8270378118851 125 68.4515692975342 390 0
2003 1 -7.39641978849558 -18.5159020690228 143.5 49.1071518395886 390 0
2003 2 -4.25589409431004 -16.6044317719739 209.8 47.7427966567713 390 0
2003 3 3.70083695975334 -10.1189548112674 301.6 70.7451273373022 390 0
2003 4 8.82113391254754 -2.90356066299532 391.2 65.587104282302 390 0
2003 5 16.6294822945788 5.0096027794668 461.6 103.10559509795 390 0
2003 6 22.7409790422478 10.1691310563018 512.7 73.3408933621929 390 0
2003 7 24.8401970892609 13.0565151443124 503.7 112.47304450586 390 0
2003 8 24.9785741318819 13.9061150592785 439.3 134.211813559182 390 0
2003 9 20.5234876395591 8.20959974139875 346.6 123.290974177012 390 0
2003 10 11.6797558839025 0.915674706001376 255.1 171.333118990692 390 0
2003 11 6.75431187522102 -3.12748815985974 163.1 114.127093525343 390 0
2003 12 -1.13777890028033 -11.3736640930889 125 177.28252837642 390 0
2004 1 -9.14949413090516 -19.0553262610337 143.5 25.7162072966727 390 0
2004 2 -1.90781204079384 -15.2982352722446 209.8 30.6071606244877 390 0
2004 3 4.68798399411902 -6.27068097154283 301.6 44.2486513043828 390 0
2004 4 10.7070414689244 -1.16080358230297 391.2 86.0745035043741 390 0
2004 5 19.0375168106065 6.14227219860498 461.6 128.9917114916 390 0
2004 6 21.472247383924 8.19762511113453 512.7 75.7898134439307 390 0
2004 7 23.886965162832 13.0751394911884 503.7 127.848435550544 390 0
2004 8 23.6937973723321 12.1801610325217 439.3 188.457396710734 390 0
2004 9 20.8501397723451 7.89214993952987 346.6 76.8997265468576 390 0
2004 10 13.42381030647 0.721635045050163 255.1 38.7017637399627 390 0
2004 11 6.17004887059207 -4.00065758870661 163.1 94.9915059027641 390 0
2004 12 -1.4228610816832 -11.7312246158234 125 108.993015460882 390 0
2005 1 -4.89222786264551 -16.0509442646571 143.5 66.6836509979364 390 0
2005 2 0.0345464478890917 -12.7917617389773 209.8 60.894085478085 390 0
2005 3 1.53821509417013 -10.3365452027181 301.6 70.1665186128255 390 0
2005 4 12.8191761801256 -0.669759481909187 391.2 124.48453443349 390 0
2005 5 14.5183709002741 3.54008854640856 461.6 83.7134448027051 390 0
2005 6 25.0122142514849 12.8377890531255 512.7 127.147654913279 390 0
2005 7 26.254294683307 14.0560085227089 503.7 107.692921673441 390 0
2005 8 25.1648990569345 12.9837193242076 439.3 106.020535701159 390 0
2005 9 22.0939399588786 9.42916372620255 346.6 106.096420351765 390 0
2005 10 12.8284683517459 4.13648845214975 255.1 265.42196079225 390 0
2005 11 7.20587748164794 -3.15193007543437 163.1 137.212989845903 390 0
2005 12 -1.5111805399428 -10.9483666071948 125 94.1977070306752 390 0
2006 1 0.809442514980174 -9.14422845124858 143.5 107.660120392543 390 0
2006 2 -1.74177228094681 -11.3098030422079 209.8 55.4554518123143 390 0
2006 3 2.49640867801444 -7.33349639649532 301.6 43.8476195290183 390 0
2006 4 12.5423725149155 -0.857117577226229 391.2 76.9721739121623 390 0
2006 5 17.5793051573004 6.86635029149807 461.6 177.471671857301 390 0
2006 6 22.419530535064 12.0803784697653 512.7 219.761448963609 390 0
2006 7 26.4745124724601 14.5880207065524 503.7 137.533079867977 390 0
2006 8 23.2603336644719 11.2677619243708 439.3 111.965909231058 390 0
2006 9 19.2860394058012 7.77543610248996 346.6 69.3610926010729 390 0
2006 10 11.6994823165779 1.67366032965614 255.1 192.741101158045 390 0
2006 11 8.60638855890737 -0.0505631033119588 163.1 75.7792143208695 390 0
2006 12 3.06910030658149 -5.44686263861533 125 107.927177642307 390 0
2007 1 -2.48631449370644 -12.9136546489587 143.5 82.731384082821 390 0
2007 2 -5.84764210907037 -17.1108138376186 209.8 66.1844751858031 390 0
2007 3 2.56167122806424 -10.362120314294 301.6 84.8557064213394 390 0
2007 4 8.45162571791215 -1.68284194622812 391.2 125.573423413098 390 0
2007 5 18.7275866641611 4.54932625334184 461.6 68.2142748817324 390 0
2007 6 23.1349252632466 10.9023962346073 512.7 85.4385513617795 390 0
2007 7 23.5747264945648 12.1561941610816 503.7 158.120464088168 390 0
2007 8 24.7499797488725 11.2807429851659 439.3 80.9882174548571 390 0
2007 9 21.510907013512 7.78985712648885 346.6 92.643898077512 390 0
2007 10 15.8250809589682 4.5743488418564 255.1 144.262416439444 390 0
2007 11 4.15301762280997 -4.5793980239934 163.1 118.445316803139 390 0
2007 12 -2.14660757384186 -11.0095813285755 125 123.02402694794 390 0
2008 1 -1.21009454521746 -11.9119331154426 143.5 60.5794310594743 390 0
2008 2 -1.59070349979846 -12.5571873994445 209.8 149.401277493125 390 0
2008 3 1.64030800361359 -10.5353373458302 301.6 117.004004075447 390 0
2008 4 13.3112273570946 -0.391834540616629 391.2 90.4400748539182 390 0
2008 5 16.8973387655081 3.20129388701275 461.6 29.3780016162448 390 0
2008 6 22.8775993440766 12.1067808639519 512.7 158.949050250276 390 0
2008 7 24.9800853873253 13.6751944568253 503.7 185.498501107846 390 0
2008 8 22.855208717562 11.408609381968 439.3 159.945335120307 390 0
2008 9 20.3249913831381 8.36711000827384 346.6 83.8592426926064 390 0
2008 10 12.2597573813114 0.609221386566665 255.1 124.469280843732 390 0
2008 11 5.21663014980898 -3.03324466455628 163.1 83.5795089007566 390 0
2008 12 -0.32331413865065 -11.0848107843809 125 141.341730484325 390 0
2009 1 -6.57133655135049 -18.3272321259119 143.5 72.7323557748878 390 0
2009 2 -1.32944654670326 -13.273996942203 209.8 61.9687373464369 390 0
2009 3 3.93579458060759 -8.28975807697705 301.6 62.8872856505582 390 0
2009 4 12.1611092855882 -0.186293844484378 391.2 66.2254770379557 390 0
2009 5 17.3495095420912 4.78507488540149 461.6 133.80098659277 390 0
2009 6 20.5879422218116 10.1867898275314 512.7 120.663300890497 390 0
2009 7 22.8056115425673 12.468238476809 503.7 174.168147339222 390 0
2009 8 24.5316492953869 12.9017403786367 439.3 109.364005663949 390 0
2009 9 19.4432128985084 6.44683708098624 346.6 57.9939586497394 390 0
2009 10 9.92299423917711 1.17084773591349 255.1 131.743194929194 390 0
2009 11 8.97539178789956 -1.45174235732576 163.1 102.994936081151 390 0
2009 12 -1.98697692121013 -10.4651703904835 125 104.443159258341 390 0
2010 1 -2.90414099323855 -11.1420193599847 143.5 59.3476546217128 390 0
2010 2 -1.87560500612359 -8.7770376834218 209.8 72.8009578375105 390 0
2010 3 7.10224893758303 -3.59517192703562 301.6 101.348421979583 390 0
2010 4 13.7388761985218 1.36356077148462 391.2 90.9439169610762 390 0
2010 5 20.1219909692911 6.07860116038992 461.6 59.4506313853054 390 0
2010 6 21.9938607498391 10.7519502424369 512.7 150.065713711729 390 0
2010 7 26.491322917467 14.7407961027246 503.7 103.847414798096 390 0
2010 8 24.1071107148327 12.0270092338251 439.3 106.28458645891 390 0
2010 9 20.4087154329558 9.27043957955074 346.6 74.3497736410063 390 0
2010 10 12.0839279540791 1.80304804311163 255.1 235.838083737981 390 0
2010 11 5.45496828856094 -3.02831479648853 163.1 79.4767865789405 390 0
2010 12 -2.83568596979012 -10.3316114530177 125 106.070362213613 390 0
2011 1 -4.3674501238839 -14.4089813412032 143.5 56.4372014326063 390 0
2011 2 -2.5618319082766 -15.4737335246527 209.8 84.4707323576651 390 0
2011 3 2.32853207732989 -8.61584873162553 301.6 124.75024134947 390 0
2011 4 9.97061158723698 -0.498771998399336 391.2 163.431122081708 390 0
2011 5 18.8916524670593 7.9120069804162 461.6 182.269781716652 390 0
2011 6 22.3263532350857 10.6163590434159 512.7 108.040144609877 390 0
2011 7 26.3408504208719 13.6059383751442 503.7 76.4109026536737 390 0
2011 8 24.5248981049427 12.6560688150733 439.3 252.977527754416 390 0
2011 9 21.1918344002752 10.2692827643631 346.6 134.497549764895 390 0
2011 10 13.3510229961082 3.55026594497353 255.1 116.123994976923 390 0
2011 11 9.64639310986249 -1.70907840548529 163.1 57.5926705966742 390 0
2011 12 1.90894371451707 -7.80850313902344 125 90.8068725199539 390 0
2012 1 -2.00861237058463 -11.5983693539349 143.5 78.9770420511566 390 0
2012 2 0.749189373122411 -9.74748232755471 209.8 33.4853740254644 390 0
2012 3 9.04957953192896 -3.42568549170204 301.6 48.7525995033672 390 0
2012 4 11.7315839066242 -0.226831136772101 391.2 84.892340888769 390 0
2012 5 19.6133520220985 7.85381510251243 461.6 133.722351861593 390 0
2012 6 22.5319367192531 10.5607366725701 512.7 105.807311173006 390 0
2012 7 26.3208211017887 13.0658549733968 503.7 96.8078616287359 390 0
2012 8 26.0276051270034 12.7696220362614 439.3 92.0966662597604 390 0
2012 9 20.063249734273 7.15756314241774 346.6 134.051501751571 390 0
2012 10 14.5009958504834 4.27751234397413 255.1 136.99018151476 390 0
2012 11 5.60421291636643 -4.62935083008774 163.1 30.2759541504107 390 0
2012 12 0.811423809983029 -6.73656184154869 125 131.858532287151 390 0
2013 1 -2.75268371792369 -13.9959858239691 143.5 41.5187739420423 390 0
2013 2 -2.06908286095155 -11.0638638043432 209.8 55.5409566596893 390 0
2013 3 2.84384250819275 -6.46144112698479 301.6 60.155376998899 390 0
2013 4 10.6544184788586 -1.78886790583069 391.2 60.9630842798489 390 0
2013 5 19.5573064536098 5.5795579978804 461.6 140.93083475926 390 0
2013 6 22.5026979463095 10.8925647145596 512.7 186.956886143193 390 0
2013 7 26.195814314071 15.3758526812987 503.7 185.832835722222 390 0
2013 8 23.650362091778 11.2559701324747 439.3 80.059791819303 390 0
2013 9 19.4622336741326 7.67619513326111 346.6 115.479299402719 390 0
2013 10 14.5738374067133 2.39975566251799 255.1 49.6757512356179 390 0
2013 11 4.88250131314409 -5.20153347587783 163.1 106.209763844174 390 0
2013 12 -2.01159625582135 -10.942963367978 125 87.2247023837566 390 0
2014 1 -2.0043893 -12.296278 143.5 47.0752112 390 0
2014 2 3.6079352 -7.866874 209.8 59.85270435 390 0
2014 3 3.0202558 -9.213153 301.6 54.9285063 390 0
2014 4 11.541779 0.46114963 391.2 161.423265 390 0
2014 5 19.370298 4.37829 461.6 75.00109 390 0
2014 6 25.30645 11.822476 512.7 94.145199 390 0
2014 7 28.916174 14.574385 503.7 78.28182 390 0
2014 8 26.055933 10.571468 439.3 59.2276049 390 0
2014 9 23.274227 9.777493 346.6 112.040562 390 0
2014 10 15.895484 3.5924008 255.1 177.1139027 390 0
2014 11 8.727815 -2.1883984 163.1 65.476692 390 0
2014 12 3.792892 -5.024361 125 61.0350444 390 0
2015 1 -2.4593894 -13.507468 143.5 106.9138168 390 0
2015 2 -2.9711618 -14.960096 209.8 142.89016675 390 0
2015 3 1.4553744 -8.562411 301.6 88.0903812 390 0
2015 4 12.939959 1.1803279 391.2 69.714639 390 0
2015 5 16.629889 3.7114933 461.6 146.2011305 390 0
2015 6 24.628809 10.192977 512.7 59.822364 390 0
2015 7 26.000452 12.006426 503.7 116.2202648 390 0
2015 8 26.410276 12.512529 439.3 66.122907 390 0
2015 9 20.834208 8.666422 346.6 58.736706 390 0
2015 10 16.607618 3.1835213 255.1 116.4675022 390 0
2015 11 9.101296 -0.5872159 163.1 128.215728 390 0
2015 12 1.7436506 -8.001716 125 105.800241 390 0
2016 1 -3.8850768 -15.618083 143.5 96.1778255 390 0
2016 2 -0.70538926 -14.47746 209.8 76.407323 390 0
2016 3 -0.45178288 -12.133009 301.6 75.8755225 390 0
2016 4 11.951152 -0.33191356 391.2 105.615414 390 0
2016 5 16.228086 3.4726446 461.6 132.9626084 390 0
2016 6 25.905474 12.29985 512.7 85.66902 390 0
2016 7 26.395071 11.840125 503.7 56.2917964 390 0
2016 8 27.467264 13.662989 439.3 74.9921465 390 0
2016 9 20.179747 7.41059 346.6 132.463002 390 0
2016 10 12.338162 0.95879203 255.1 216.6887073 390 0
2016 11 5.6456685 -3.258171 163.1 86.967516 390 0
2016 12 -1.0682998 -10.304421 125 44.0891269 390 0
2017 1 1.01157 -9.471625 143.5 193.342164 390 0
2017 2 -0.3665037 -12.619425 209.8 51.4787207 390 0
2017 3 0.54221594 -10.16166 301.6 76.3068162 390 0
2017 4 11.196044 -0.33721954 391.2 98.644794 390 0
2017 5 21.084162 6.4466715 461.6 185.6693416 390 0
2017 6 24.685305 10.602153 512.7 93.054141 390 0
2017 7 26.02165 12.857494 503.7 177.5566075 390 0
2017 8 24.949575 11.070896 439.3 49.1475209 390 0
2017 9 19.966238 5.483956 346.6 80.65572 390 0
2017 10 15.463841 1.3576322 255.1 61.1160474 390 0
2017 11 8.16478 -0.68279684 163.1 113.750688 390 0
2017 12 -1.0783218 -10.781223 125 41.9154689 390 0
2018 1 2.3238554 -9.15148 143.5 65.4131682 390 0
2018 2 3.1656518 -8.589677 209.8 65.930626875 390 0
2018 3 6.8173184 -5.4445877 301.6 47.1926392 390 0
2018 4 12.104402 -0.30232045 391.2 94.646994 390 0
2018 5 19.065327 5.8573804 461.6 199.458247 390 0
2018 6 24.333431 11.666821 512.7 75.671631 390 0
2018 7 26.485302 12.763033 503.7 99.4925594 390 0
2018 8 23.247028 9.776699 439.3 101.0097118 390 0
2018 9 20.194168 8.646827 346.6 118.359345 390 0
2018 10 15.102503 2.5189686 255.1 54.6366537 390 0
2018 11 10.059743 0.19706094 163.1 159.21753 390 0
2018 12 2.5104554 -6.4018416 125 163.2353205 390 0
2019 1 1.6791785 -10.016223 143.5 63.837959 390 0
2019 2 -1.4859179 -14.452554 209.8 84.5877885 390 0
2019 3 3.8682063 -6.9345474 301.6 96.7750064 390 0
2019 4 12.504149 -0.3220463 391.2 78.339879 390 0
2019 5 19.14961 5.308223 461.6 112.0379649 390 0
2019 6 27.67326 13.249188 512.7 102.513771 390 0
2019 7 27.480936 13.693467 503.7 109.1116982 390 0
2019 8 26.843267 13.853481 439.3 143.9102708 390 0
2019 9 19.88439 8.520074 346.6 58.540317 390 0
2019 10 14.41877 2.3133428 255.1 92.745769 390 0
2019 11 5.799614 -2.8184006 163.1 124.747311 390 0
2019 12 1.7965465 -7.0472054 125 106.6001433 390 0
2020 1 -0.20760521 -11.426709 143.5 50.0318207 390 0
2020 2 1.5428662 -11.3333845 209.8 60.1505215 390 0
2020 3 4.5311275 -6.5970573 301.6 67.1855684 390 0
2020 4 12.845434 0.020158531 391.2 63.856767 390 0
2020 5 19.12516 3.8083823 461.6 83.491649 390 0
2020 6 24.24507 10.339066 512.7 106.917429 390 0
2020 7 27.168999 13.758862 503.7 100.0722098 390 0
2020 8 25.02061 12.014292 439.3 122.4499194 390 0
2020 9 22.476765 8.548299 346.6 58.149654 390 0
2020 10 14.003632 2.4805803 255.1 128.9122507 390 0
2020 11 6.020688 -2.6475449 163.1 117.65613 390 0
2020 12 -0.1843071 -9.018781 125 72.552896 390 0
2021 1 -2.846555 -13.212077 143.5 84.8574935 390 0
2021 2 -0.3974832 -13.927188 209.8 75.963755625 390 0
2021 3 4.4506426 -7.5054193 301.6 110.3609207 390 0
2021 4 12.167469 -1.0374297 391.2 45.927507 390 0
2021 5 18.74305 4.351107 461.6 109.5086687 390 0
2021 6 27.542753 13.418502 512.7 141.24831 390 0
2021 7 27.650074 14.045226 503.7 106.0383985 390 0
2021 8 26.367762 13.523056 439.3 93.5072344 390 0
2021 9 23.020786 9.000065 346.6 52.436061 390 0
2021 10 14.9703665 3.2657745 255.1 149.3471593 390 0
2021 11 8.093631 -1.8555925 163.1 128.999862 390 0
2021 12 2.2300606 -6.508841 125 63.756429 390 0
2022 1 -0.87695163 -11.631327 143.5 33.1676409 390 0
2022 2 -0.14160591 -13.561586 209.8 30.59909485 390 0
2022 3 4.708872 -5.4376636 301.6 81.727532 390 0
2022 4 11.939476 -0.43252632 391.2 78.630525 390 0
2022 5 20.983515 5.225666 461.6 79.7307662 390 0
2022 6 26.212067 12.010526 512.7 149.50134 390 0
2022 7 28.274126 13.932877 503.7 77.015935 390 0
2022 8 23.137478 10.865796 439.3 177.5737567 390 0
2022 9 19.513735 7.607057 346.6 117.159771 390 0
2022 10 11.378391 -0.13695945 255.1 57.9940343 390 0
2022 11 6.3495584 -2.2429962 163.1 147.055365 390 0
2022 12 3.1759248 -5.3285136 125 89.1142523 390 0
2023 1 -1.0444959 -11.734385 143.5 69.4395722 390 0
2023 2 -1.9806494 -15.377116 209.8 56.156104275 390 0
2023 3 0.20067628 -12.749316 301.6 61.6803218 390 0
2023 4 13.546644 1.1618359 391.2 114.757869 390 0
2023 5 20.084723 5.0042486 461.6 56.3960959 390 0
2023 6 22.834015 8.953727 512.7 106.991838 390 0
2023 7 28.846748 15.078379 503.7 175.970384 390 0
2023 8 26.016237 11.691858 439.3 71.351925 390 0
2023 9 19.747969 7.4326134 346.6 142.18488 390 0
2023 10 15.279711 1.5414268 255.1 25.1366135 390 0
2023 11 10.204596 0.08437156 163.1 52.393086 390 0
2023 12 2.9421155 -6.215902 125 78.057876 390 0
2024 1 -2.9169722 -14.735435 143.5 75.7757676 390 0
2024 2 1.377879 -10.714857 209.8 70.775015975 390 0
2024 3 6.291166 -5.2767324 301.6 57.8754004 390 0
2024 4 13.144646 0.46699277 391.2 90.645132 390 0
2024 5 20.939186 5.228707 461.6 107.0569345 390 0
2024 6 23.28862 10.647689 512.7 120.00294 390 0
2024 7 28.408445 14.760426 503.7 100.7104285 390 0
2024 8 27.156847 13.417877 439.3 128.3226555 390 0
2024 9 19.989746 6.076676 346.6 172.969152 390 0
2024 10 16.711138 3.5054755 255.1 61.7650913 390 0
2024 11 8.409875 -1.727899 163.1 61.9641 390 0
2024 12 -1.7922496 -14.04363 125 130.8472366 390 0
2025 1 -0.8378613 -11.691937 143.5 155.9772657 390 0
2025 2 -1.7592636 -15.154143 209.8 33.4574807 390 0
2025 3 2.3107703 -9.863441 301.6 123.6410417 390 0
2025 4 8.86121 -2.8831546 391.2 92.246289 390 0
2025 5 18.345703 4.9400864 461.6 202.937253 390 0
2025 6 23.993803 11.077886 512.7 143.45775 390 0
2025 7 27.550213 13.178983 503.7 114.556687 390 0
2025 8 25.314346 11.907595 439.3 80.667084 390 0
2025 9 22.667744 10.401747 346.6 55.76799 390 0
2025 10 12.816622 0.92758614 255.1 114.218043 390 0
2025 11 11.095152 0.9127435 163.1 95.352045 390 0
2025 12 6.79695 -3.5327725 125 113.4968683 390 0
2026 1 -3.1802864 -14.032308 143.5 25.1644267 390 0
2026 2 -2.2919667 -15.004151 209.8 64.33854445 390 0
2026 3 1.2631327 -9.818972 301.6 41.2597352 390 0
2026 4 9.026255 -2.1366925 391.2 102.117399 390 0
2026 5 18.241993 5.1960855 461.6 97.1860633 390 0
2026 6 26.20855 11.606146 512.7 63.972672 390 0
2026 7 27.015995 13.931736 503.7 149.4617043 390 0
2026 8 26.529 12.8040285 439.3 142.758038 390 0
2026 9 20.842443 8.247543 346.6 90.281574 390 0
2026 10 12.056371 0.8523719 255.1 100.503736 390 0
2026 11 6.951283 -1.6392069 163.1 67.293435 390 0
2026 12 4.7820964 -4.2036066 125 157.3565983 390 0
2027 1 -4.161183 -14.627174 143.5 37.8386775 390 0
2027 2 -0.321617 -13.029372 209.8 68.20482815 390 0
2027 3 2.628916 -8.449865 301.6 67.0685093 390 0
2027 4 13.224078 0.2245585 391.2 99.097452 390 0
2027 5 16.998472 4.5206985 461.6 80.790309 390 0
2027 6 25.120144 12.592656 512.7 223.796955 390 0
2027 7 27.677523 14.724057 503.7 122.773361 390 0
2027 8 27.475138 12.933728 439.3 65.6545497 390 0
2027 9 21.771135 8.700208 346.6 43.658043 390 0
2027 10 16.63904 3.5417964 255.1 97.6829375 390 0
2027 11 6.7424135 -2.116625 163.1 136.6827 390 0
2027 12 -0.45119095 -10.650758 125 43.4228315 390 0
2028 1 -6.651338 -18.981186 143.5 68.6481236 390 0
2028 2 -2.3863497 -15.440044 209.8 66.624938425 390 0
2028 3 2.264883 -6.966017 301.6 95.7213505 390 0
2028 4 8.976406 -2.642089 391.2 76.090164 390 0
2028 5 18.838972 4.815104 461.6 77.5737025 390 0
2028 6 24.737373 10.618828 512.7 87.202242 390 0
2028 7 29.423113 14.845036 503.7 83.35125 390 0
2028 8 28.969612 15.363663 439.3 72.5578467 390 0
2028 9 27.831663 14.626855 346.6 105.741198 390 0
2028 10 20.320183 6.3329577 255.1 109.594827 390 0
2028 11 12.346167 1.2600856 163.1 113.38932 390 0
2028 12 2.0006645 -6.8804603 125 84.0896235 390 0
2029 1 -2.3323421 -12.7618475 143.5 70.5193208 390 0
2029 2 -0.025483528 -13.358687 209.8 57.5140846 390 0
2029 3 4.6451626 -6.130293 301.6 65.9621751 390 0
2029 4 13.483801 1.0486152 391.2 65.747274 390 0
2029 5 17.605076 4.772684 461.6 132.8809823 390 0
2029 6 23.820078 11.005899 512.7 181.05975 390 0
2029 7 26.513897 13.169625 503.7 118.1563977 390 0
2029 8 25.107248 11.742147 439.3 143.8678163 390 0
2029 9 23.624489 10.386645 346.6 59.203347 390 0
2029 10 13.088201 0.25618544 255.1 81.3929676 390 0
2029 11 10.076324 -0.62770975 163.1 73.769838 390 0
2029 12 3.9856827 -4.121924 125 100.6592382 390 0
2030 1 -3.5452895 -14.380554 143.5 91.8990908 390 0
2030 2 -0.40295842 -10.77476 209.8 67.7219735 390 0
2030 3 3.5388775 -7.947016 301.6 94.2101687 390 0
2030 4 13.715122 0.8865029 391.2 61.22967 390 0
2030 5 22.089165 7.7082896 461.6 132.0024764 390 0
2030 6 22.407421 9.970625 512.7 94.066986 390 0
2030 7 27.23295 14.013438 503.7 105.4798622 390 0
2030 8 24.626783 11.890011 439.3 90.9458935 390 0
2030 9 21.119116 8.645981 346.6 53.181573 390 0
2030 10 13.732899 3.812079 255.1 225.212086 390 0
2030 11 9.590705 -0.3765534 163.1 80.391456 390 0
2030 12 -0.22857074 -9.633447 125 161.6753664 390 0
2031 1 -5.7773023 -18.925444 143.5 109.248371 390 0
2031 2 1.2682165 -10.772713 209.8 69.658751125 390 0
2031 3 4.7095003 -5.804096 301.6 76.8058015 390 0
2031 4 13.460516 1.2804247 391.2 89.788836 390 0
2031 5 17.906828 5.443933 461.6 69.0383516 390 0
2031 6 25.963905 12.3080015 512.7 80.938884 390 0
2031 7 27.424318 13.96448 503.7 85.25806 390 0
2031 8 25.72349 11.889901 439.3 107.005056 390 0
2031 9 21.317226 8.824795 346.6 130.635552 390 0
2031 10 14.4507675 1.5810248 255.1 49.3275286 390 0
2031 11 6.1146603 -3.1791425 163.1 141.546849 390 0
2031 12 1.756001 -7.574179 125 253.301713 390 0
2032 1 -1.9847692 -14.342645 143.5 58.8935272 390 0
2032 2 1.3107103 -10.290056 209.8 62.384539975 390 0
2032 3 1.5709395 -11.692226 301.6 32.7098298 390 0
2032 4 15.380832 3.4799433 391.2 84.37962 390 0
2032 5 21.236599 5.9706845 461.6 102.678355 390 0
2032 6 25.47176 11.396338 512.7 114.913008 390 0
2032 7 27.427668 14.329689 503.7 102.7870348 390 0
2032 8 27.897907 15.104038 439.3 100.2731704 390 0
2032 9 21.75226 7.667681 346.6 37.873776 390 0
2032 10 14.596289 2.7407072 255.1 173.3368627 390 0
2032 11 8.372732 -2.4866066 163.1 105.381789 390 0
2032 12 3.2893136 -5.984448 125 147.001535 390 0
2033 1 -0.36920318 -12.084971 143.5 37.7532043 390 0
2033 2 -0.06745621 -12.805175 209.8 73.699229975 390 0
2033 3 6.0050163 -5.4346356 301.6 59.8331434 390 0
2033 4 13.7732115 2.2172606 391.2 88.099881 390 0
2033 5 22.611923 8.256538 461.6 94.178899 390 0
2033 6 26.533768 12.570323 512.7 164.79723 390 0
2033 7 28.907942 13.838171 503.7 51.6892295 390 0
2033 8 25.80638 12.944971 439.3 175.5530775 390 0
2033 9 19.88637 5.674149 346.6 114.975894 390 0
2033 10 12.569035 0.6264942 255.1 25.15171856 390 0
2033 11 7.279771 -1.5463475 163.1 95.67933 390 0
2033 12 3.6912913 -4.563116 125 182.5805946 390 0
2034 1 0.26619852 -10.443879 143.5 167.9052504 390 0
2034 2 2.446497 -11.194847 209.8 139.55768375 390 0
2034 3 7.200216 -5.545926 301.6 57.126428 390 0
2034 4 14.712697 2.0522723 391.2 91.474179 390 0
2034 5 16.031757 5.340189 461.6 237.2335357 390 0
2034 6 28.425673 14.457993 512.7 178.04919 390 0
2034 7 27.367605 14.321828 503.7 157.488215 390 0
2034 8 27.766035 14.084194 439.3 92.1288907 390 0
2034 9 21.823969 8.2192745 346.6 44.381523 390 0
2034 10 16.997993 5.0147686 255.1 138.9889433 390 0
2034 11 6.0070305 -3.4650612 163.1 85.935345 390 0
2034 12 -1.6629231 -12.85196 125 143.6551904 390 0
2035 1 1.3604517 -9.508865 143.5 165.0303538 390 0
2035 2 1.2710103 -10.652025 209.8 62.87070835 390 0
2035 3 6.864677 -4.3268557 301.6 72.5258733 390 0
2035 4 15.559282 2.1305897 391.2 70.058178 390 0
2035 5 19.64425 6.2694707 461.6 198.718587 390 0
2035 6 24.57014 12.100404 512.7 113.392488 390 0
2035 7 28.901455 14.903696 503.7 107.6960615 390 0
2035 8 27.333805 13.395983 439.3 60.3567334 390 0
2035 9 21.73115 7.78577 346.6 35.48886 390 0
2035 10 15.044281 1.4745026 255.1 100.2094003 390 0
2035 11 10.693846 -0.042570617 163.1 103.952208 390 0
2035 12 6.6345243 -3.553786 125 87.8045271 390 0
2036 1 4.904648 -3.8134992 143.5 134.908993 390 0
2036 2 0.27109158 -11.476782 209.8 56.4824285 390 0
2036 3 5.82421 -4.1544695 301.6 50.9217966 390 0
2036 4 13.636171 0.94752264 391.2 54.983511 390 0
2036 5 19.32609 7.771405 461.6 173.3442686 390 0
2036 6 26.857233 13.47287 512.7 213.38136 390 0
2036 7 27.947372 14.824162 503.7 101.8933916 390 0
2036 8 26.232225 14.202354 439.3 151.942873 390 0
2036 9 21.677307 7.8947706 346.6 46.275573 390 0
2036 10 17.7299 4.9990993 255.1 76.6883084 390 0
2036 11 10.597792 0.39371842 163.1 80.324514 390 0
2036 12 3.8635132 -5.3537774 125 135.5383333 390 0
2037 1 1.3976518 -8.480047 143.5 82.3607628 390 0
2037 2 2.658398 -9.317639 209.8 72.6821763 390 0
2037 3 6.043579 -6.5462065 301.6 65.4818952 390 0
2037 4 14.961447 2.5407262 391.2 85.604238 390 0
2037 5 21.577097 7.513419 461.6 101.40255 390 0
2037 6 26.480253 13.029894 512.7 133.164381 390 0
2037 7 27.869762 14.098219 503.7 43.7240337 390 0
2037 8 27.712524 14.210875 439.3 112.2562948 390 0
2037 9 21.540213 9.104346 346.6 124.545579 390 0
2037 10 17.954784 5.3837924 255.1 124.995131 390 0
2037 11 6.7847033 -1.6879122 163.1 140.61471 390 0
2037 12 3.0244527 -6.2134857 125 77.5381145 390 0
2038 1 0.96362805 -12.386656 143.5 120.439836 390 0
2038 2 1.1594406 -11.815486 209.8 80.9905239 390 0
2038 3 4.061839 -8.47978 301.6 48.0580042 390 0
2038 4 14.4005575 1.074917 391.2 63.590991 390 0
2038 5 21.204779 6.841284 461.6 102.5955416 390 0
2038 6 26.111767 11.850397 512.7 95.634648 390 0
2038 7 29.073553 15.1345625 503.7 134.7147284 390 0
2038 8 27.849453 15.002079 439.3 155.487723 390 0
2038 9 20.975613 9.03752 346.6 118.557552 390 0
2038 10 14.3485155 2.6257813 255.1 140.8718244 390 0
2038 11 6.848452 -2.645972 163.1 74.893191 390 0
2038 12 3.8178024 -4.197149 125 121.2175268 390 0
2039 1 2.2221205 -8.153398 143.5 256.527263 390 0
2039 2 2.0365899 -9.55534 209.8 21.62704062 390 0
2039 3 7.0373054 -3.4861383 301.6 116.7181434 390 0
2039 4 14.39481 1.7555342 391.2 66.9003 390 0
2039 5 23.63662 9.359322 461.6 93.915368 390 0
2039 6 22.781303 9.896519 512.7 159.41628 390 0
2039 7 27.863735 13.765802 503.7 83.0403572 390 0
2039 8 25.460684 12.543714 439.3 142.437932 390 0
2039 9 21.211077 9.91897 346.6 94.81752 390 0
2039 10 14.600388 2.4107676 255.1 76.1716345 390 0
2039 11 11.055918 -0.21718 163.1 156.006975 390 0
2039 12 4.0136046 -5.225755 125 152.724569 390 0
2040 1 -0.40981245 -10.896184 143.5 71.390179 390 0
2040 2 0.9422825 -11.639729 209.8 38.163221625 390 0
2040 3 3.018618 -8.597243 301.6 78.5960887 390 0
2040 4 12.062046 -0.21621151 391.2 81.125556 390 0
2040 5 18.475657 6.759181 461.6 137.9953313 390 0
2040 6 27.04272 13.074075 512.7 112.41867 390 0
2040 7 26.880816 12.7902355 503.7 100.8969617 390 0
2040 8 26.142073 13.27935 439.3 132.779448 390 0
2040 9 23.96132 10.796316 346.6 66.060105 390 0
2040 10 17.933378 3.600646 255.1 60.9351252 390 0
2040 11 8.566767 -2.567151 163.1 121.001802 390 0
2040 12 2.9581234 -6.8632703 125 40.3800265 390 0
2041 1 1.4791294 -8.743873 143.5 126.5472545 390 0
2041 2 -0.30336064 -13.028317 209.8 60.779536 390 0
2041 3 8.304031 -3.430665 301.6 59.2003652 390 0
2041 4 13.559126 1.4717408 391.2 111.129828 390 0
2041 5 24.126173 9.524735 461.6 97.1761092 390 0
2041 6 26.540815 11.976028 512.7 57.59655 390 0
2041 7 29.074438 14.638932 503.7 81.391151 390 0
2041 8 28.864046 15.684608 439.3 69.503736 390 0
2041 9 24.955866 10.80111 346.6 38.831355 390 0
2041 10 19.448874 5.870079 255.1 23.6054553 390 0
2041 11 4.683882 -5.040172 163.1 34.204929 390 0
2041 12 2.654259 -7.1970267 125 119.7641507 390 0
2042 1 2.2945137 -7.605669 143.5 92.6964077 390 0
2042 2 2.7490528 -9.74314 209.8 129.993157525 390 0
2042 3 8.375202 -2.129669 301.6 93.6322977 390 0
2042 4 13.308269 1.440246 391.2 171.04911 390 0
2042 5 19.510077 6.6097045 461.6 140.396861 390 0
2042 6 24.566801 12.2841425 512.7 192.580662 390 0
2042 7 30.669992 15.474018 503.7 64.5765371 390 0
2042 8 26.467537 12.705268 439.3 61.9394539 390 0
2042 9 24.000246 10.962498 346.6 207.41244 390 0
2042 10 19.252682 5.81293 255.1 158.3892207 390 0
2042 11 9.5406475 -1.0810652 163.1 41.55711 390 0
2042 12 1.2989022 -8.08029 125 38.4130393 390 0
2043 1 -4.4892483 -17.090553 143.5 49.2975888 390 0
2043 2 -0.11428567 -12.428605 209.8 65.8622195 390 0
2043 3 7.8383446 -5.2867565 301.6 68.4315235 390 0
2043 4 14.312559 1.3203402 391.2 60.906945 390 0
2043 5 23.226557 7.984425 461.6 48.7153499 390 0
2043 6 25.739101 11.46485 512.7 122.847978 390 0
2043 7 27.47406 14.435858 503.7 86.191966 390 0
2043 8 25.852625 12.473598 439.3 124.4997634 390 0
2043 9 22.34389 9.075948 346.6 43.890585 390 0
2043 10 17.452576 5.4172564 255.1 52.4543746 390 0
2043 11 9.585501 -0.277482 163.1 210.438939 390 0
2043 12 6.0798593 -4.015607 125 156.862139 390 0
2044 1 0.9688571 -8.0227 143.5 84.4724487 390 0
2044 2 2.8056936 -8.772494 209.8 143.608374975 390 0
2044 3 4.588345 -6.7500606 301.6 111.7686803 390 0
2044 4 13.450246 0.86450416 391.2 38.390532 390 0
2044 5 23.657442 8.177009 461.6 59.6605664 390 0
2044 6 27.278038 12.952369 512.7 94.428834 390 0
2044 7 28.032137 15.401805 503.7 163.195842 390 0
2044 8 28.356916 14.115079 439.3 91.7968094 390 0
2044 9 22.524519 10.271214 346.6 85.38894 390 0
2044 10 18.098671 4.6422915 255.1 56.9819494 390 0
2044 11 8.178156 -1.9552466 163.1 92.91903 390 0
2044 12 2.4774537 -6.185713 125 151.978957 390 0
2045 1 0.32178816 -10.427969 143.5 76.8743983 390 0
2045 2 -1.8279805 -15.462066 209.8 51.113490575 390 0
2045 3 8.108981 -3.1927693 301.6 100.5642356 390 0
2045 4 12.13823 0.10470492 391.2 101.706576 390 0
2045 5 22.278208 8.142485 461.6 162.5380995 390 0
2045 6 23.596815 10.509611 512.7 93.439242 390 0
2045 7 28.228634 14.641732 503.7 72.2662638 390 0
2045 8 26.630423 13.0784645 439.3 166.0429595 390 0
2045 9 21.912214 8.461872 346.6 147.729105 390 0
2045 10 19.480751 6.752101 255.1 51.3280702 390 0
2045 11 5.250391 -3.7634673 163.1 73.05057 390 0
2045 12 1.3489693 -8.255756 125 49.4034197 390 0
2046 1 -0.100157306 -10.4703 143.5 34.0020369 390 0
2046 2 -1.4845247 -14.58791 209.8 45.296163 390 0
2046 3 4.9688087 -7.309179 301.6 85.6880765 390 0
2046 4 13.74826 1.3805625 391.2 87.142146 390 0
2046 5 22.862318 7.517911 461.6 135.0384087 390 0
2046 6 26.53609 13.669947 512.7 111.854409 390 0
2046 7 28.626036 14.313498 503.7 44.3867827 390 0
2046 8 28.70031 15.261096 439.3 99.3071422 390 0
2046 9 24.5294 11.111964 346.6 81.22443 390 0
2046 10 19.02456 6.603352 255.1 176.7634973 390 0
2046 11 9.041043 -0.961138 163.1 67.095438 390 0
2046 12 -0.062321242 -8.598483 125 136.2819985 390 0
2047 1 -2.1351266 -13.377372 143.5 25.8969629 390 0
2047 2 2.9411383 -9.2474375 209.8 71.23951095 390 0
2047 3 8.9654665 -1.1628599 301.6 81.9744377 390 0
2047 4 14.52572 2.3257887 391.2 98.00052 390 0
2047 5 19.375553 5.3411508 461.6 41.608665 390 0
2047 6 26.219416 13.193361 512.7 111.743718 390 0
2047 7 28.443909 15.645129 503.7 118.0321869 390 0
2047 8 26.3535 13.667774 439.3 94.1558815 390 0
2047 9 27.904055 14.8178215 346.6 50.054097 390 0
2047 10 15.78394 3.38071 255.1 52.9142007 390 0
2047 11 7.8815346 -2.1012313 163.1 89.026488 390 0
2047 12 0.13889283 -8.418455 125 79.507529 390 0
2048 1 -1.6310438 -13.900277 143.5 69.7177073 390 0
2048 2 -0.057802357 -12.1549425 209.8 55.73331195 390 0
2048 3 5.5400934 -5.874802 301.6 97.0182076 390 0
2048 4 11.960996 0.5476447 391.2 95.595168 390 0
2048 5 23.102 8.0876045 461.6 80.6048453 390 0
2048 6 26.938993 13.00629 512.7 85.673589 390 0
2048 7 29.48616 15.5395565 503.7 98.2840244 390 0
2048 8 27.906227 14.464117 439.3 105.1625989 390 0
2048 9 23.263899 11.51255 346.6 97.67256 390 0
2048 10 15.351707 3.454764 255.1 100.1976048 390 0
2048 11 7.66737 -2.3331153 163.1 113.648499 390 0
2048 12 4.3536553 -3.4371302 125 111.3645271 390 0
2049 1 1.6740819 -8.453453 143.5 88.5914218 390 0
2049 2 1.5908587 -9.751258 209.8 48.123423 390 0
2049 3 9.032607 -1.7272725 301.6 70.7200954 390 0
2049 4 15.387764 3.068335 391.2 142.902561 390 0
2049 5 19.799778 6.1997705 461.6 75.3579186 390 0
2049 6 28.420586 14.501264 512.7 67.94079 390 0
2049 7 28.24057 15.306394 503.7 120.9008835 390 0
2049 8 28.177633 14.204357 439.3 60.824356 390 0
2049 9 22.739279 9.29874 346.6 59.940552 390 0
2049 10 17.977432 5.511288 255.1 107.1622322 390 0
2049 11 7.2061696 -2.8870711 163.1 124.29111 390 0
2049 12 4.0534163 -4.1156697 125 179.968733 390 0
2050 1 1.3944443 -8.49064 143.5 240.7735466 390 0
2050 2 -1.7115544 -12.893648 209.8 60.2040044 390 0
2050 3 3.7294798 -7.901039 301.6 122.8119808 390 0
2050 4 13.998887 0.8613969 391.2 83.274594 390 0
2050 5 23.334791 7.088458 461.6 74.7648886 390 0
2050 6 25.439678 12.142488 512.7 58.378122 390 0
2050 7 30.539536 16.370173 503.7 76.5193367 390 0
2050 8 28.497114 15.094435 439.3 138.4107034 390 0
2050 9 23.847622 12.100079 346.6 128.31972 390 0
2050 10 17.70447 3.5117414 255.1 49.1658946 390 0
2050 11 5.959141 -3.2094808 163.1 126.63066 390 0
2050 12 2.8688822 -6.574767 125 138.241772 390 0
2051 1 3.2328866 -6.9036045 143.5 217.8330506 390 0
2051 2 0.99537015 -11.40681 209.8 60.311136875 390 0
2051 3 3.8968117 -7.816991 301.6 42.9723798 390 0
2051 4 15.160295 2.6765926 391.2 69.966888 390 0
2051 5 23.593275 8.333688 461.6 36.1500238 390 0
2051 6 27.158348 13.324152 512.7 96.483492 390 0
2051 7 29.279274 15.459134 503.7 74.7741111 390 0
2051 8 26.961445 14.656905 439.3 194.2363993 390 0
2051 9 23.004318 10.982731 346.6 80.12418 390 0
2051 10 16.784025 4.474851 255.1 63.719756 390 0
2051 11 5.6399775 -3.307957 163.1 92.94237 390 0
2051 12 5.2669587 -3.1920357 125 85.4670434 390 0
2052 1 0.5873068 -9.7128525 143.5 55.573328 390 0
2052 2 2.2318573 -8.693121 209.8 71.66548705 390 0
2052 3 5.1777883 -6.894741 301.6 93.987939 390 0
2052 4 11.193282 0.28590536 391.2 95.891877 390 0
2052 5 24.325684 8.381903 461.6 74.0171872 390 0
2052 6 24.628603 11.2196245 512.7 129.83844 390 0
2052 7 28.975454 15.413675 503.7 172.5867526 390 0
2052 8 27.065535 13.955093 439.3 108.371846 390 0
2052 9 22.566093 8.526466 346.6 84.5241 390 0
2052 10 18.91985 5.7174263 255.1 58.6888404 390 0
2052 11 9.038683 -0.9134959 163.1 124.0482 390 0
2052 12 0.8383801 -7.594146 125 112.3450137 390 0
2053 1 -2.9914627 -14.645366 143.5 23.4162375 390 0
2053 2 -0.8330449 -13.525219 209.8 63.5211985 390 0
2053 3 6.815201 -4.5937138 301.6 95.4961696 390 0
2053 4 15.20497 3.9082198 391.2 84.559236 390 0
2053 5 19.50031 6.017243 461.6 79.8432125 390 0
2053 6 28.594353 14.562905 512.7 131.50332 390 0
2053 7 28.84625 15.911373 503.7 151.5119606 390 0
2053 8 27.778353 14.574414 439.3 96.1272924 390 0
2053 9 22.64085 10.274041 346.6 80.789751 390 0
2053 10 16.734226 4.024847 255.1 54.8708618 390 0
2053 11 8.561034 -1.7339352 163.1 70.801371 390 0
2053 12 5.1070247 -4.253022 125 126.8853033 390 0
2054 1 1.0018021 -9.100867 143.5 102.0274945 390 0
2054 2 6.013933 -5.899361 209.8 74.2756006 390 0
2054 3 10.137516 0.40364578 301.6 139.923119 390 0
2054 4 15.423428 3.1064513 391.2 72.490395 390 0
2054 5 24.539236 9.77187 461.6 102.6088902 390 0
2054 6 27.024416 14.245511 512.7 186.587478 390 0
2054 7 30.128578 16.938187 503.7 127.304197 390 0
2054 8 28.865616 15.394581 439.3 127.1458645 390 0
2054 9 28.053713 14.728599 346.6 163.708191 390 0
2054 10 17.12678 4.4909673 255.1 22.87582256 390 0
2054 11 12.226468 0.72169566 163.1 55.716186 390 0
2054 12 5.740608 -3.3577132 125 111.635154 390 0
2055 1 0.6086864 -9.25605 143.5 92.8421945 390 0
2055 2 0.5789757 -12.097816 209.8 71.089664475 390 0
2055 3 4.790315 -7.3677545 301.6 88.6156142 390 0
2055 4 16.365675 3.6366081 391.2 86.682822 390 0
2055 5 20.734327 6.335315 461.6 39.5059536 390 0
2055 6 26.923172 13.174516 512.7 108.1023 390 0
2055 7 30.768135 16.993576 503.7 147.6770653 390 0
2055 8 27.907187 15.088667 439.3 159.926086 390 0
2055 9 23.365862 9.205378 346.6 88.789272 390 0
2055 10 17.897705 5.9822636 255.1 83.826108 390 0
2055 11 11.99087 0.869848 163.1 89.285688 390 0
2055 12 8.799134 -1.8385445 125 109.9969156 390 0
2056 1 2.0222769 -8.564894 143.5 138.6677895 390 0
2056 2 1.3863851 -9.7786665 209.8 43.763360375 390 0
2056 3 7.0461297 -4.0827556 301.6 94.0909365 390 0
2056 4 13.78968 1.9652869 391.2 92.093268 390 0
2056 5 20.061592 5.974698 461.6 41.1901185 390 0
2056 6 27.965153 14.179333 512.7 160.25811 390 0
2056 7 30.523272 15.868548 503.7 60.0956266 390 0
2056 8 30.899664 17.164354 439.3 77.6196972 390 0
2056 9 26.988098 11.824198 346.6 41.393919 390 0
2056 10 13.486708 2.4975336 255.1 129.7776436 390 0
2056 11 9.810316 -0.14802945 163.1 110.676054 390 0
2056 12 5.4509835 -3.5355067 125 124.378448 390 0
2057 1 2.1016052 -7.748323 143.5 26.7095659 390 0
2057 2 1.653049 -10.707547 209.8 138.260068025 390 0
2057 3 8.1499 -3.4886086 301.6 104.9058135 390 0
2057 4 14.266944 2.9310558 391.2 112.267629 390 0
2057 5 19.755487 6.8466597 461.6 75.32225 390 0
2057 6 29.62559 15.706793 512.7 91.820253 390 0
2057 7 32.950104 18.596235 503.7 104.1753915 390 0
2057 8 30.376522 16.65879 439.3 186.9046854 390 0
2057 9 23.630682 11.67103 346.6 154.644555 390 0
2057 10 17.799309 6.3242006 255.1 68.3406594 390 0
2057 11 12.876395 1.6643742 163.1 114.182418 390 0
2057 12 4.5603013 -6.8347983 125 119.032963 390 0
2058 1 2.0018182 -7.899997 143.5 112.2507644 390 0
2058 2 2.8039372 -9.338545 209.8 174.783202 390 0
2058 3 9.228979 -3.1771173 301.6 42.2897071 390 0
2058 4 15.100827 2.60509 391.2 82.78284 390 0
2058 5 23.277454 9.281435 461.6 144.02073 390 0
2058 6 26.273363 13.429592 512.7 101.72427 390 0
2058 7 30.25242 16.128036 503.7 72.9902998 390 0
2058 8 28.025118 14.670038 439.3 63.1818626 390 0
2058 9 25.83719 12.794562 346.6 100.834974 390 0
2058 10 16.791054 3.8034673 255.1 157.9118083 390 0
2058 11 11.490809 -0.14368849 163.1 84.942942 390 0
2058 12 0.38842598 -9.898286 125 96.4589924 390 0
2059 1 5.3056574 -5.5903597 143.5 170.886074 390 0
2059 2 4.63765 -7.1398897 209.8 15.99816145 390 0
2059 3 5.197233 -6.012382 301.6 107.9810879 390 0
2059 4 16.233786 3.0872538 391.2 67.408668 390 0
2059 5 21.180407 7.897773 461.6 59.2309963 390 0
2059 6 25.08954 12.100623 512.7 334.48053 390 0
2059 7 30.718395 16.42671 503.7 109.2759207 390 0
2059 8 28.781332 16.123396 439.3 165.27898 390 0
2059 9 26.421862 12.913475 346.6 66.725091 390 0
2059 10 19.339819 5.732088 255.1 73.5167511 390 0
2059 11 11.539901 0.40026933 163.1 129.071718 390 0
2059 12 5.8297358 -3.552099 125 130.031794 390 0
2060 1 3.38178 -6.30991 143.5 71.2512122 390 0
2060 2 4.926866 -6.136595 209.8 79.0764169 390 0
2060 3 7.12369 -5.205716 301.6 97.502006 390 0
2060 4 17.222303 4.4439516 391.2 79.60203 390 0
2060 5 22.207283 7.9444623 461.6 74.7795733 390 0
2060 6 25.925343 12.582444 512.7 96.689736 390 0
2060 7 31.034685 16.807686 503.7 89.5628998 390 0
2060 8 31.664728 16.411364 439.3 39.2852057 390 0
2060 9 24.493574 11.949675 346.6 151.83864 390 0
2060 10 19.05047 6.2972336 255.1 81.8193168 390 0
2060 11 8.443458 -1.9274486 163.1 127.186032 390 0
2060 12 3.5396674 -4.9743996 125 138.3451167 390 0
2061 1 2.7118146 -6.7463455 143.5 104.3053466 390 0
2061 2 4.690687 -6.7638187 209.8 72.7588242 390 0
2061 3 6.991843 -5.2559333 301.6 91.8475409 390 0
2061 4 15.512 3.3780746 391.2 139.56705 390 0
2061 5 25.076235 11.246593 461.6 109.014941 390 0
2061 6 28.282808 14.293173 512.7 213.7512 390 0
2061 7 33.367146 18.03321 503.7 64.8840323 390 0
2061 8 32.12541 17.955933 439.3 69.0621379 390 0
2061 9 26.492443 12.7761755 346.6 86.162418 390 0
2061 10 20.270914 6.85291 255.1 72.2475801 390 0
2061 11 14.13046 2.8784087 163.1 76.273578 390 0
2061 12 2.5098698 -5.971368 125 40.8565182 390 0
2062 1 -0.84101593 -11.475898 143.5 37.3046033 390 0
2062 2 2.9125109 -9.657833 209.8 72.6126361 390 0
2062 3 7.5413427 -3.8041008 301.6 76.621522 390 0
2062 4 15.950211 3.1158602 391.2 115.128708 390 0
2062 5 24.895748 10.83228 461.6 128.1682445 390 0
2062 6 26.67111 13.922075 512.7 172.10115 390 0
2062 7 32.639805 17.679695 503.7 82.6397442 390 0
2062 8 31.60015 17.13845 439.3 68.0618795 390 0
2062 9 24.16295 11.190223 346.6 60.766668 390 0
2062 10 18.760107 4.81079 255.1 56.6182698 390 0
2062 11 10.788584 0.405883 163.1 70.325469 390 0
2062 12 4.784255 -3.0809517 125 82.9591155 390 0
2063 1 3.0773814 -6.060949 143.5 138.5849823 390 0
2063 2 1.8136845 -10.154068 209.8 103.93860345 390 0
2063 3 10.190602 -1.0528712 301.6 113.472059 390 0
2063 4 15.665334 3.089321 391.2 86.581929 390 0
2063 5 21.671755 8.624442 461.6 126.0250533 390 0
2063 6 28.557203 14.699959 512.7 97.70481 390 0
2063 7 32.61248 17.809597 503.7 48.5069617 390 0
2063 8 30.78121 17.351454 439.3 195.9358224 390 0
2063 9 27.584637 13.301038 346.6 105.31266 390 0
2063 10 17.669674 5.8874364 255.1 221.8262474 390 0
2063 11 11.720234 1.2652084 163.1 127.97361 390 0
2063 12 7.3641133 -2.0334673 125 88.0706993 390 0
2064 1 3.0221512 -6.6339884 143.5 56.1354944 390 0
2064 2 1.0914248 -11.934043 209.8 20.67364945 390 0
2064 3 8.176002 -5.0227 301.6 56.3071476 390 0
2064 4 14.503244 1.7657994 391.2 100.86165 390 0
2064 5 18.406832 7.087649 461.6 110.629235 390 0
2064 6 28.36775 14.268497 512.7 74.881896 390 0
2064 7 31.443745 17.052267 503.7 110.2286375 390 0
2064 8 30.294134 16.06152 439.3 75.9077098 390 0
2064 9 23.639568 8.734585 346.6 65.086491 390 0
2064 10 14.474039 3.6317842 255.1 115.780939 390 0
2064 11 7.489993 -2.0541391 163.1 113.046891 390 0
2064 12 5.058489 -4.087617 125 85.1361649 390 0
2065 1 3.3219373 -6.8660526 143.5 52.7169477 390 0
2065 2 5.6492624 -6.5405083 209.8 73.54842865 390 0
2065 3 8.478554 -3.4474766 301.6 96.2157385 390 0
2065 4 14.880487 2.9215915 391.2 112.057821 390 0
2065 5 25.09009 10.823688 461.6 37.318203 390 0
2065 6 27.88308 13.721982 512.7 124.06152 390 0
2065 7 33.270195 18.905632 503.7 122.535777 390 0
2065 8 30.264008 15.573141 439.3 56.101816 390 0
2065 9 25.630949 11.000354 346.6 60.779301 390 0
2065 10 20.89876 7.4392686 255.1 66.2365964 390 0
2065 11 11.083174 1.2578188 163.1 96.76548 390 0
2065 12 5.2194796 -3.9184296 125 177.26885 390 0
2066 1 3.243736 -6.969914 143.5 132.5300437 390 0
2066 2 1.9358294 -9.83098 209.8 76.43709285 390 0
2066 3 6.2327094 -5.204555 301.6 69.3409922 390 0
2066 4 15.124767 2.0686069 391.2 65.833806 390 0
2066 5 22.07239 7.148719 461.6 97.9484432 390 0
2066 6 27.638935 13.879845 512.7 162.38223 390 0
2066 7 32.912086 18.452778 503.7 50.8291965 390 0
2066 8 31.289448 16.867945 439.3 124.8230004 390 0
2066 9 26.855812 12.97139 346.6 102.76056 390 0
2066 10 20.424032 7.1326 255.1 71.5486758 390 0
2066 11 7.4848394 -1.8245476 163.1 165.06198 390 0
2066 12 4.9696727 -4.107058 125 71.9747863 390 0
2067 1 -0.73730844 -12.256461 143.5 43.6472436 390 0
2067 2 5.214542 -6.366244 209.8 100.27797975 390 0
2067 3 11.341726 -0.7674203 301.6 109.7049421 390 0
2067 4 15.027961 3.0201077 391.2 170.73369 390 0
2067 5 20.455116 8.055306 461.6 107.678438 390 0
2067 6 28.836456 15.454653 512.7 91.735218 390 0
2067 7 32.338024 17.985706 503.7 130.286738 390 0
2067 8 29.861126 16.7109 439.3 106.492006 390 0
2067 9 24.155205 11.65129 346.6 71.0652 390 0
2067 10 18.44982 7.338229 255.1 103.8165076 390 0
2067 11 8.7467985 -0.654864 163.1 53.884503 390 0
2067 12 5.226097 -4.0272946 125 75.729032 390 0
2068 1 5.17274 -5.220762 143.5 46.5715542 390 0
2068 2 4.8599734 -6.351483 209.8 93.95977685 390 0
2068 3 7.1706996 -4.9913726 301.6 101.1852617 390 0
2068 4 16.770502 4.5594125 391.2 106.432458 390 0
2068 5 24.166517 9.361038 461.6 50.5240604 390 0
2068 6 27.220695 13.751383 512.7 161.78436 390 0
2068 7 35.867653 20.50766 503.7 44.6089442 390 0
2068 8 29.9574 16.89358 439.3 156.819421 390 0
2068 9 25.515898 13.00719 346.6 74.754159 390 0
2068 10 18.815956 5.641036 255.1 58.1511578 390 0
2068 11 8.052515 -1.3801119 163.1 97.481325 390 0
2068 12 4.2991023 -4.96432 125 37.868484 390 0
2069 1 -0.81527275 -11.586214 143.5 24.4486088 390 0
2069 2 1.5471376 -10.09478 209.8 60.712541125 390 0
2069 3 8.480598 -3.481568 301.6 68.3915893 390 0
2069 4 17.175758 4.4170437 391.2 64.56597 390 0
2069 5 21.921877 8.669798 461.6 205.989451 390 0
2069 6 25.54535 13.762392 512.7 146.969892 390 0
2069 7 31.591831 18.071363 503.7 87.3559106 390 0
2069 8 30.579716 16.98962 439.3 126.910807 390 0
2069 9 26.525919 13.086219 346.6 49.401567 390 0
2069 10 21.627558 8.2946615 255.1 74.62816 390 0
2069 11 11.013422 -0.3439801 163.1 84.716349 390 0
2069 12 5.682381 -2.0016973 125 105.9221888 390 0
2070 1 2.7109222 -6.7557883 143.5 49.3357653 390 0
2070 2 3.4856842 -8.371969 209.8 102.1871995 390 0
2070 3 8.704815 -3.8040679 301.6 147.8437306 390 0
2070 4 14.697316 2.926556 391.2 81.62151 390 0
2070 5 19.55811 7.4246697 461.6 140.029325 390 0
2070 6 28.016144 14.157416 512.7 97.37772 390 0
2070 7 32.74003 18.942158 503.7 90.2905194 390 0
2070 8 32.081326 18.23289 439.3 92.861244 390 0
2070 9 25.08721 11.196368 346.6 142.89012 390 0
2070 10 17.242922 5.7800407 255.1 160.351561 390 0
2070 11 12.197205 1.470894 163.1 77.003688 390 0
2070 12 3.8736541 -5.6915164 125 79.1824072 390 0
2071 1 3.1581974 -6.949308 143.5 134.042171 390 0
2071 2 5.457102 -5.873158 209.8 145.2547765 390 0
2071 3 12.056362 0.49097338 301.6 95.906994 390 0
2071 4 16.113773 3.0342298 391.2 76.608711 390 0
2071 5 25.040327 9.8006735 461.6 105.240102 390 0
2071 6 26.786331 14.500012 512.7 165.410742 390 0
2071 7 34.318527 19.192738 503.7 67.1208683 390 0
2071 8 33.151356 19.595438 439.3 147.1024307 390 0
2071 9 27.227308 13.993989 346.6 53.268126 390 0
2071 10 22.22997 9.505832 255.1 82.1491754 390 0
2071 11 8.61718 -1.0108715 163.1 81.400167 390 0
2071 12 2.6134014 -6.023711 125 82.911453 390 0
2072 1 2.3716505 -7.5435114 143.5 136.7941185 390 0
2072 2 4.5869255 -7.709817 209.8 84.5550185 390 0
2072 3 4.974625 -8.07551 301.6 70.2268358 390 0
2072 4 15.653891 3.8414543 391.2 107.58342 390 0
2072 5 23.4455 9.195219 461.6 87.9046385 390 0
2072 6 31.689121 16.359829 512.7 97.705479 390 0
2072 7 32.98089 19.214506 503.7 120.575957 390 0
2072 8 32.74993 18.843596 439.3 149.4732487 390 0
2072 9 25.36964 12.916161 346.6 93.598416 390 0
2072 10 17.447042 6.9986086 255.1 193.255922 390 0
2072 11 13.361211 2.7138193 163.1 93.781821 390 0
2072 12 6.9634147 -0.9794331 125 131.227805 390 0
2073 1 2.2278514 -7.1023064 143.5 45.2913317 390 0
2073 2 4.702965 -7.977868 209.8 21.6077809 390 0
2073 3 5.543139 -5.875249 301.6 107.8120418 390 0
2073 4 17.876451 5.427425 391.2 88.394343 390 0
2073 5 22.759413 8.342357 461.6 70.6974406 390 0
2073 6 29.173637 14.600043 512.7 56.071515 390 0
2073 7 32.31853 18.559412 503.7 110.287119 390 0
2073 8 33.32262 19.369417 439.3 147.897342 390 0
2073 9 27.16645 14.994518 346.6 127.254108 390 0
2073 10 18.570637 6.5370884 255.1 101.3109016 390 0
2073 11 12.416782 2.9084587 163.1 126.110601 390 0
2073 12 3.676938 -5.0290437 125 178.150831 390 0
2074 1 3.9624066 -5.82752 143.5 129.9813973 390 0
2074 2 4.7716765 -6.841467 209.8 45.027836025 390 0
2074 3 7.500572 -4.5176334 301.6 114.4043406 390 0
2074 4 15.659389 2.691655 391.2 66.060561 390 0
2074 5 25.59201 11.412209 461.6 116.1518323 390 0
2074 6 26.933252 14.576382 512.7 147.81135 390 0
2074 7 33.916046 19.775425 503.7 134.261837 390 0
2074 8 31.480852 17.750391 439.3 90.078374 390 0
2074 9 28.792645 15.53399 346.6 96.279966 390 0
2074 10 22.065584 8.4897375 255.1 69.1429952 390 0
2074 11 14.109289 4.102586 163.1 90.554802 390 0
2074 12 9.178164 -0.4863048 125 122.709842 390 0
2075 1 1.9967529 -7.2511573 143.5 145.2899413 390 0
2075 2 3.4592373 -7.265657 209.8 159.264920475 390 0
2075 3 7.7381105 -3.941967 301.6 69.9981085 390 0
2075 4 18.439909 6.513195 391.2 93.297021 390 0
2075 5 23.390015 10.410306 461.6 94.3578 390 0
2075 6 27.271029 13.885844 512.7 83.359302 390 0
2075 7 33.131462 19.23667 503.7 106.912428 390 0
2075 8 31.089478 17.94574 439.3 154.347171 390 0
2075 9 26.378202 13.848848 346.6 135.007338 390 0
2075 10 19.424667 6.4774547 255.1 22.0314737 390 0
2075 11 10.477863 0.69218516 163.1 69.529689 390 0
2075 12 7.4383593 -0.39107695 125 136.2062407 390 0
2076 1 1.5982066 -9.479757 143.5 60.4660983 390 0
2076 2 8.1626 -3.1127694 209.8 72.49013845 390 0
2076 3 8.7094 -1.6357745 301.6 101.7284995 390 0
2076 4 16.430964 3.9611123 391.2 90.648216 390 0
2076 5 25.098001 10.759431 461.6 118.1475658 390 0
2076 6 27.465313 14.140968 512.7 119.139234 390 0
2076 7 32.88364 18.449701 503.7 92.049571 390 0
2076 8 34.385395 20.117172 439.3 70.4303756 390 0
2076 9 29.727345 15.557279 346.6 61.002675 390 0
2076 10 22.183676 8.691802 255.1 42.5600302 390 0
2076 11 10.834891 0.5903677 163.1 94.939941 390 0
2076 12 7.3547792 -1.8034409 125 150.334934 390 0
2077 1 1.1051264 -7.6493554 143.5 43.8632764 390 0
2077 2 5.8680797 -5.1740146 209.8 72.207200575 390 0
2077 3 7.541208 -4.7282267 301.6 25.8277399 390 0
2077 4 18.500525 6.5070057 391.2 95.328606 390 0
2077 5 25.005596 10.344763 461.6 72.5704637 390 0
2077 6 31.861332 17.139318 512.7 69.744693 390 0
2077 7 32.11206 19.798101 503.7 194.885964 390 0
2077 8 31.082695 17.67487 439.3 123.7006051 390 0
2077 9 26.512653 14.637012 346.6 133.155111 390 0
2077 10 23.347288 10.272815 255.1 36.2655763 390 0
2077 11 12.299441 2.3214898 163.1 140.235585 390 0
2077 12 7.0807147 -2.1577375 125 101.637375 390 0
2078 1 3.0877256 -6.2115893 143.5 152.781144 390 0
2078 2 8.007842 -3.2671688 209.8 176.54984965 390 0
2078 3 10.092239 -2.0292363 301.6 29.67803166 390 0
2078 4 18.41662 5.3724775 391.2 69.283626 390 0
2078 5 22.710222 9.884992 461.6 115.0160915 390 0
2078 6 28.389101 15.55347 512.7 142.688712 390 0
2078 7 36.58443 20.768646 503.7 47.8623849 390 0
2078 8 31.93873 18.591602 439.3 141.166002 390 0
2078 9 27.947037 15.505627 346.6 97.876839 390 0
2078 10 17.59063 6.365894 255.1 74.8387616 390 0
2078 11 14.361059 3.0990345 163.1 69.68121 390 0
2078 12 7.7943134 -1.2192674 125 142.086051 390 0
2079 1 4.2466083 -5.635091 143.5 95.5425611 390 0
2079 2 7.940076 -3.823415 209.8 76.324033525 390 0
2079 3 11.063274 0.2828872 301.6 91.2923154 390 0
2079 4 16.171045 4.141418 391.2 128.85624 390 0
2079 5 20.030222 8.834832 461.6 144.33724 390 0
2079 6 30.504208 17.378342 512.7 64.939164 390 0
2079 7 33.614674 19.099085 503.7 110.6986905 390 0
2079 8 30.176308 17.076866 439.3 113.847035 390 0
2079 9 29.816473 15.871962 346.6 47.532759 390 0
2079 10 23.705366 10.704528 255.1 106.6998455 390 0
2079 11 13.849527 3.536473 163.1 99.214755 390 0
2079 12 4.0307765 -7.4284477 125 96.5632702 390 0
2080 1 4.707311 -5.263183 143.5 64.6911565 390 0
2080 2 7.362461 -3.035403 209.8 78.622397025 390 0
2080 3 9.1698885 -2.0983872 301.6 112.2480829 390 0
2080 4 19.140388 6.6986856 391.2 107.093661 390 0
2080 5 24.682756 9.967632 461.6 69.546764 390 0
2080 6 29.73662 16.7557 512.7 213.54144 390 0
2080 7 37.11783 20.84153 503.7 73.516035 390 0
2080 8 33.887894 19.324343 439.3 116.5674276 390 0
2080 9 26.453285 14.636645 346.6 150.197382 390 0
2080 10 20.48335 6.8517594 255.1 22.0802305 390 0
2080 11 13.207997 1.6328464 163.1 124.461378 390 0
2080 12 7.637175 -1.706822 125 96.3665318 390 0
2081 1 3.126014 -6.436544 143.5 66.6807427 390 0
2081 2 4.7384086 -6.275081 209.8 72.542177775 390 0
2081 3 8.41322 -3.1793518 301.6 88.4909136 390 0
2081 4 19.32287 6.8471193 391.2 55.007433 390 0
2081 5 23.19988 9.812306 461.6 127.552755 390 0
2081 6 29.806395 15.246951 512.7 51.296286 390 0
2081 7 34.8152 21.062449 503.7 149.065484 390 0
2081 8 32.518387 19.270967 439.3 133.675596 390 0
2081 9 26.44282 13.940501 346.6 58.514838 390 0
2081 10 21.942694 8.78443 255.1 78.5276345 390 0
2081 11 10.667034 0.18957105 163.1 86.744199 390 0
2081 12 7.7669134 -0.54496133 125 135.081818 390 0
2082 1 4.325503 -4.8353148 143.5 78.3145529 390 0
2082 2 5.14142 -5.4538317 209.8 70.7373785 390 0
2082 3 6.1666017 -6.9936523 301.6 101.6763544 390 0
2082 4 18.344254 6.497058 391.2 95.808126 390 0
2082 5 22.540234 9.217068 461.6 104.8981844 390 0
2082 6 29.94141 16.307222 512.7 212.04729 390 0
2082 7 34.901653 21.013435 503.7 93.0925877 390 0
2082 8 33.57071 19.369308 439.3 68.9377163 390 0
2082 9 30.12552 17.026976 346.6 114.393654 390 0
2082 10 21.494282 8.140805 255.1 55.3094591 390 0
2082 11 14.771584 4.0116873 163.1 154.377909 390 0
2082 12 6.827961 -2.7933505 125 80.9586235 390 0
2083 1 3.6304734 -5.866454 143.5 169.798811 390 0
2083 2 4.3659086 -6.624725 209.8 79.08143975 390 0
2083 3 8.036081 -4.1583056 301.6 101.8590312 390 0
2083 4 18.288132 6.560315 391.2 112.027302 390 0
2083 5 22.591833 9.049803 461.6 132.581637 390 0
2083 6 27.294662 15.30514 512.7 252.46701 390 0
2083 7 35.036766 20.317743 503.7 64.6461104 390 0
2083 8 33.670628 20.208454 439.3 109.3648473 390 0
2083 9 24.407303 11.641289 346.6 134.018355 390 0
2083 10 18.016302 6.2845163 255.1 81.398746 390 0
2083 11 10.091934 -0.1530637 163.1 107.554644 390 0
2083 12 7.304936 -1.2509934 125 135.9145493 390 0
2084 1 3.272633 -6.027109 143.5 117.2338346 390 0
2084 2 6.2068233 -6.650399 209.8 92.4399212 390 0
2084 3 9.627755 -1.3524842 301.6 71.5478977 390 0
2084 4 14.601502 3.1782427 391.2 82.910385 390 0
2084 5 19.90557 6.6195636 461.6 136.839549 390 0
2084 6 30.140709 16.04265 512.7 120.62343 390 0
2084 7 36.336823 20.976547 503.7 51.9060838 390 0
2084 8 34.917862 20.657059 439.3 119.9726567 390 0
2084 9 26.267227 12.524077 346.6 87.100776 390 0
2084 10 21.637775 8.812373 255.1 111.5118608 390 0
2084 11 12.294718 1.4409888 163.1 102.806496 390 0
2084 12 9.197044 0.10676254 125 143.466946 390 0
2085 1 6.6300707 -2.7055414 143.5 83.9743686 390 0
2085 2 3.947655 -6.3379545 209.8 69.27164985 390 0
2085 3 10.296999 0.007649391 301.6 74.346804 390 0
2085 4 17.006489 5.8063602 391.2 98.133159 390 0
2085 5 24.64164 10.382807 461.6 88.9866129 390 0
2085 6 29.755552 16.690317 512.7 120.97041 390 0
2085 7 36.470177 21.367125 503.7 98.6738308 390 0
2085 8 34.982925 20.65126 439.3 95.8719547 390 0
2085 9 26.556929 12.485044 346.6 137.96217 390 0
2085 10 18.350645 6.423286 255.1 63.2456296 390 0
2085 11 13.783192 2.9257977 163.1 73.644933 390 0
2085 12 2.5450344 -5.433024 125 88.981811 390 0
2086 1 1.2941471 -7.8176713 143.5 92.0605698 390 0
2086 2 6.479088 -3.761317 209.8 78.797818225 390 0
2086 3 7.528214 -2.7879393 301.6 91.0592264 390 0
2086 4 16.659817 5.1020174 391.2 80.35407 390 0
2086 5 19.221014 8.501258 461.6 124.6884387 390 0
2086 6 30.659866 16.89932 512.7 152.838162 390 0
2086 7 34.48843 21.019958 503.7 119.0883786 390 0
2086 8 34.714054 20.472324 439.3 126.4412996 390 0
2086 9 29.41531 16.672426 346.6 91.878834 390 0
2086 10 21.76479 9.953728 255.1 227.64106 390 0
2086 11 10.241705 -0.13497089 163.1 72.80319 390 0
2086 12 6.962071 -2.3672786 125 282.0533605 390 0
2087 1 2.1868482 -8.647199 143.5 149.1257263 390 0
2087 2 4.8507395 -5.793369 209.8 75.865366525 390 0
2087 3 8.054015 -3.7984111 301.6 57.7464962 390 0
2087 4 18.197166 6.3569527 391.2 109.511124 390 0
2087 5 20.345093 7.925855 461.6 94.275402 390 0
2087 6 30.741474 16.90242 512.7 121.43328 390 0
2087 7 34.40359 20.336603 503.7 97.179606 390 0
2087 8 33.188686 19.613852 439.3 163.0639835 390 0
2087 9 31.730799 17.986506 346.6 42.9816 390 0
2087 10 25.863789 12.683161 255.1 68.4634163 390 0
2087 11 13.282364 2.5414405 163.1 80.191635 390 0
2087 12 3.2237554 -4.7242656 125 62.8134648 390 0
2088 1 2.5457976 -6.224642 143.5 40.1949689 390 0
2088 2 2.8952754 -8.566498 209.8 91.568027325 390 0
2088 3 9.515412 -1.7093518 301.6 92.4801548 390 0
2088 4 15.276538 3.5250256 391.2 121.496142 390 0
2088 5 24.083982 10.029023 461.6 72.0980547 390 0
2088 6 30.621666 17.316235 512.7 148.698492 390 0
2088 7 35.30104 21.214954 503.7 79.5198732 390 0
2088 8 36.24617 22.707573 439.3 69.5386916 390 0
2088 9 28.124586 15.729875 346.6 134.731278 390 0
2088 10 21.173443 8.257667 255.1 40.5114386 390 0
2088 11 14.621873 3.754538 163.1 127.67322 390 0
2088 12 6.9035945 -2.3014665 125 96.9298545 390 0
2089 1 3.362536 -5.481283 143.5 37.784784 390 0
2089 2 2.9214728 -7.7271595 209.8 57.16288625 390 0
2089 3 8.577295 -2.8288891 301.6 87.1417564 390 0
2089 4 15.839992 4.259191 391.2 98.859936 390 0
2089 5 22.564255 8.882814 461.6 112.4154364 390 0
2089 6 31.337494 17.863935 512.7 150.039039 390 0
2089 7 35.457523 21.65337 503.7 148.435626 390 0
2089 8 32.617485 20.235334 439.3 185.1504667 390 0
2089 9 28.393461 16.418083 346.6 65.832447 390 0
2089 10 24.066917 11.063059 255.1 42.3017165 390 0
2089 11 14.329583 2.2007527 163.1 91.656261 390 0
2089 12 7.55665 -0.3069458 125 109.0964958 390 0
2090 1 2.2665105 -7.42154 143.5 82.4945247 390 0
2090 2 5.7014585 -3.6249077 209.8 56.2701919 390 0
2090 3 10.374285 -1.8177025 301.6 127.3779584 390 0
2090 4 16.919502 4.6489162 391.2 91.838895 390 0
2090 5 23.563423 10.874166 461.6 161.590197 390 0
2090 6 30.205957 15.670911 512.7 73.504614 390 0
2090 7 36.293816 21.428928 503.7 81.9241805 390 0
2090 8 34.88453 20.29308 439.3 102.6645135 390 0
2090 9 30.070807 17.670109 346.6 95.62044 390 0
2090 10 20.028973 8.082042 255.1 80.9360865 390 0
2090 11 11.122793 1.897352 163.1 71.136123 390 0
2090 12 6.6639347 -1.948426 125 160.039422 390 0
2091 1 2.609638 -6.1248145 143.5 24.3522546 390 0
2091 2 10.119342 -1.265278 209.8 40.2214686 390 0
2091 3 11.027963 -0.5041423 301.6 83.4948947 390 0
2091 4 18.586346 6.808095 391.2 80.157708 390 0
2091 5 25.113579 11.0088 461.6 96.060816 390 0
2091 6 27.822454 16.082026 512.7 323.54112 390 0
2091 7 36.903316 22.277655 503.7 95.7189108 390 0
2091 8 34.03215 21.53505 439.3 162.6753365 390 0
2091 9 28.014603 15.465983 346.6 56.028357 390 0
2091 10 22.224436 9.592397 255.1 58.6877647 390 0
2091 11 11.598316 0.885011 163.1 203.63121 390 0
2091 12 7.5959888 -0.5561367 125 99.2806372 390 0
2092 1 5.18841 -4.6704054 143.5 100.4227857 390 0
2092 2 5.3712635 -5.9098997 209.8 68.9143156 390 0
2092 3 11.515954 0.37804213 301.6 131.7974207 390 0
2092 4 16.879122 5.443354 391.2 162.608229 390 0
2092 5 24.8466 11.851834 461.6 195.58272 390 0
2092 6 30.794077 17.082874 512.7 110.415915 390 0
2092 7 37.873856 22.163282 503.7 90.436238 390 0
2092 8 34.0749 20.779982 439.3 191.323909 390 0
2092 9 31.408686 17.18536 346.6 48.190188 390 0
2092 10 24.596977 10.720232 255.1 23.64927535 390 0
2092 11 17.43376 5.7061424 163.1 55.096131 390 0
2092 12 6.7094016 -2.6189363 125 146.962258 390 0
2093 1 2.0896091 -7.410405 143.5 136.326964 390 0
2093 2 5.631782 -5.353079 209.8 72.766124 390 0
2093 3 11.871167 0.33067104 301.6 68.3399557 390 0
2093 4 18.287018 6.7336116 391.2 98.698698 390 0
2093 5 26.72154 11.81498 461.6 72.61254 390 0
2093 6 30.683197 17.696499 512.7 166.273242 390 0
2093 7 35.670837 21.183407 503.7 152.529765 390 0
2093 8 31.905537 17.592155 439.3 68.0322187 390 0
2093 9 28.939993 15.631867 346.6 36.574017 390 0
2093 10 24.13335 11.356358 255.1 79.1866356 390 0
2093 11 10.570098 1.13592 163.1 118.416066 390 0
2093 12 6.547303 -2.3949792 125 65.6900478 390 0
2094 1 4.6700115 -4.844986 143.5 93.6118625 390 0
2094 2 6.6225543 -4.481751 209.8 96.738961 390 0
2094 3 8.902357 -2.2169445 301.6 109.940043 390 0
2094 4 16.225056 4.0120053 391.2 85.556115 390 0
2094 5 26.384432 12.026702 461.6 78.8128593 390 0
2094 6 28.362915 15.048368 512.7 105.752106 390 0
2094 7 40.816006 24.167969 503.7 49.9308103 390 0
2094 8 36.673363 22.262592 439.3 32.0157491 390 0
2094 9 31.460892 17.482931 346.6 106.752405 390 0
2094 10 20.048943 8.4825 255.1 63.3344043 390 0
2094 11 15.606504 4.0335546 163.1 112.351941 390 0
2094 12 6.314789 -3.2505598 125 101.2340278 390 0
2095 1 5.084981 -3.8305197 143.5 43.4601307 390 0
2095 2 10.15986 -1.2428293 209.8 23.881859005 390 0
2095 3 13.105086 0.9856339 301.6 107.1697931 390 0
2095 4 18.751047 6.234564 391.2 84.887874 390 0
2095 5 24.557283 11.599183 461.6 143.329337 390 0
2095 6 32.5058 17.912403 512.7 49.973421 390 0
2095 7 37.612576 22.43562 503.7 63.9367157 390 0
2095 8 36.677265 22.297323 439.3 84.2219811 390 0
2095 9 27.485502 15.457034 346.6 121.70592 390 0
2095 10 22.70434 9.719028 255.1 40.7963875 390 0
2095 11 14.567081 4.4785047 163.1 126.032538 390 0
2095 12 8.32599 -0.31154254 125 301.881069 390 0
2096 1 4.2316575 -4.8582306 143.5 98.1666553 390 0
2096 2 8.763151 -2.5736325 209.8 89.009831625 390 0
2096 3 10.721751 -0.44071668 301.6 56.5669834 390 0
2096 4 17.883001 5.385361 391.2 90.838467 390 0
2096 5 22.203651 10.310147 461.6 133.5447357 390 0
2096 6 32.673492 18.928545 512.7 140.28939 390 0
2096 7 36.768215 22.505306 503.7 148.6506947 390 0
2096 8 33.645847 20.108438 439.3 120.4801205 390 0
2096 9 26.76737 13.074036 346.6 136.787481 390 0
2096 10 20.607117 8.969015 255.1 95.2265843 390 0
2096 11 12.22391 2.4635966 163.1 147.052932 390 0
2096 12 4.7891135 -2.7879138 125 34.4210422 390 0
2097 1 5.0042324 -3.9031355 143.5 48.2176635 390 0
2097 2 3.9728167 -5.758835 209.8 97.089868375 390 0
2097 3 10.957933 -0.38419178 301.6 97.0760412 390 0
2097 4 18.93371 6.916157 391.2 81.687492 390 0
2097 5 25.845795 13.121092 461.6 143.1417126 390 0
2097 6 30.578884 17.586885 512.7 129.504618 390 0
2097 7 35.988525 22.212925 503.7 120.283534 390 0
2097 8 32.96789 19.40765 439.3 64.8334558 390 0
2097 9 31.83746 17.515469 346.6 31.547553 390 0
2097 10 22.980122 11.354509 255.1 172.03729 390 0
2097 11 14.370773 3.1192262 163.1 151.001058 390 0
2097 12 7.005128 -0.9418441 125 211.2918615 390 0
2098 1 4.1165686 -5.4560323 143.5 203.5336403 390 0
2098 2 6.111926 -5.2386875 209.8 162.443715 390 0
2098 3 9.656231 -1.0550288 301.6 178.8250035 390 0
2098 4 18.493673 6.092811 391.2 86.9505 390 0
2098 5 25.232985 10.33432 461.6 114.8964842 390 0
2098 6 28.666452 16.079407 512.7 227.474742 390 0
2098 7 36.82831 22.427977 503.7 130.3718795 390 0
2098 8 33.773018 20.85239 439.3 141.8239584 390 0
2098 9 28.024914 16.598824 346.6 118.944927 390 0
2098 10 21.97949 10.011489 255.1 79.6978163 390 0
2098 11 14.22876 2.6673431 163.1 40.545753 390 0
2098 12 2.5504491 -8.4228945 125 84.867491 390 0
2099 1 5.023648 -4.0662975 143.5 60.1314502 390 0
2099 2 5.859478 -5.182484 209.8 136.319660275 390 0
2099 3 8.588372 -2.8746505 301.6 65.1697469 390 0
2099 4 17.293907 4.87782 391.2 71.7738 390 0
2099 5 19.610292 7.9694104 461.6 164.380135 390 0
2099 6 27.941168 15.211398 512.7 220.55409 390 0
2099 7 36.665825 21.393042 503.7 87.709602 390 0
2099 8 35.441463 21.606636 439.3 104.4798921 390 0
2099 9 30.148335 17.36735 346.6 58.354299 390 0
2099 10 23.489998 10.784093 255.1 62.1678402 390 0
2099 11 14.991488 3.660016 163.1 154.789782 390 0
2099 12 7.282514 -1.5020643 125 172.3278623 390 0
2100-2200 1 5.023648 -4.0662975 143.5 60.1314502 390 0
2100-2200 2 5.859478 -5.182484 209.8 136.319660275 390 0
2100-2200 3 8.588372 -2.8746505 301.6 65.1697469 390 0
2100-2200 4 17.293907 4.87782 391.2 71.7738 390 0
2100-2200 5 19.610292 7.9694104 461.6 164.380135 390 0
2100-2200 6 27.941168 15.211398 512.7 220.55409 390 0
2100-2200 7 36.665825 21.393042 503.7 87.709602 390 0
2100-2200 8 35.441463 21.606636 439.3 104.4798921 390 0
2100-2200 9 30.148335 17.36735 346.6 58.354299 390 0
2100-2200 10 23.489998 10.784093 255.1 62.1678402 390 0
2100-2200 11 14.991488 3.660016 163.1 154.789782 390 0
2100-2200 12 7.282514 -1.5020643 125 172.3278623 390 0
