Year Month Tmax Tmin PAR Prec CO2 O3
1200-1980 1 -3.57765465922089 -14.5728736006938 143.5 73.6829296074534 390 0
1200-1980 2 -1.40337524326253 -13.3378311615517 209.8 65.9809483721196 390 0
1200-1980 3 3.52618891492205 -8.11144643823193 301.6 78.9704801033059 390 0
1200-1980 4 11.0264154696093 -1.12856923372585 391.2 86.7281837596864 390 0
1200-1980 5 18.1811044146515 4.99567279211375 461.6 102.659520316508 390 0
1200-1980 6 22.691650223973 10.1402803334636 512.7 113.039307369339 390 0
1200-1980 7 25.1793200096188 12.7304503469973 503.7 114.581802720552 390 0
1200-1980 8 24.2573628389205 11.6875791957937 439.3 117.849339691306 390 0
1200-1980 9 19.9068507724086 7.47724861195641 346.6 99.1412527037305 390 0
1200-1980 10 12.9184152206204 1.54160211285671 255.1 112.765515659994 390 0
1200-1980 11 5.92509830504553 -3.40629854707269 163.1 95.6454477193467 390 0
1200-1980 12 -0.708237579885092 -10.2708850129766 125 90.5610724074863 390 0
1981 1 -7.30632621875111 -20.32809337312 143.5 15.925776837709 390 0
1981 2 3.26069698990161 -7.96673303276662 209.8 172.416494471811 390 0
1981 3 3.74030865013609 -6.73903152053184 301.6 33.0621844060739 390 0
1981 4 12.279212600396 -0.389576594405935 391.2 84.8039921828209 390 0
1981 5 19.5867604005677 5.12629951811994 461.6 104.970986724056 390 0
1981 6 22.9328223380028 9.7586699311151 512.7 108.781052280547 390 0
1981 7 25.1202867633074 12.774899893625 503.7 131.253553923087 390 0
1981 8 23.3371675296959 10.6143451698941 439.3 126.955062299793 390 0
1981 9 18.2946401051666 7.7695581967334 346.6 152.887752574828 390 0
1981 10 10.6450183086342 -0.366784406538471 255.1 151.851410518103 390 0
1981 11 5.52820335757418 -3.25397383966614 163.1 66.7981985671686 390 0
1981 12 -1.56912924590485 -9.19096695060719 125 96.5243292601818 390 0
1982 1 -7.79366327983485 -21.0391889765566 143.5 74.1563468158854 390 0
1982 2 -2.31869890862466 -14.6675290517027 209.8 72.9776716903389 390 0
1982 3 2.96474389449824 -9.4248796705812 301.6 68.6461649402973 390 0
1982 4 9.33785380253695 -3.26377990920334 391.2 79.9828542136203 390 0
1982 5 20.0253785984024 4.97755955635922 461.6 37.8955284201252 390 0
1982 6 20.3957045804499 9.03481487708542 512.7 161.002259549008 390 0
1982 7 25.7525985581281 11.2295575842916 503.7 62.4108500522595 390 0
1982 8 22.6157742741636 9.50679102412381 439.3 96.6227557759579 390 0
1982 9 20.0742000290315 7.8093365924409 346.6 71.2720272076922 390 0
1982 10 13.7688344990005 0.879407938207439 255.1 53.1637114419499 390 0
1982 11 7.83231368704326 -1.77349503695268 163.1 102.180162361657 390 0
1982 12 2.75261866534476 -7.80404504980711 125 51.2507586610515 390 0
1983 1 -2.29227031878751 -12.7800078037097 143.5 95.2440511506303 390 0
1983 2 -0.175369301041623 -12.3892555948777 209.8 56.6428706354741 390 0
1983 3 3.84406916278727 -5.36253605480617 301.6 114.156290417455 390 0
1983 4 9.56621548712805 -0.408085081648028 391.2 134.960451017979 390 0
1983 5 15.7198968056921 4.76783688271488 461.6 162.156682589533 390 0
1983 6 24.3740965607425 9.60576873716541 512.7 64.3226822405304 390 0
1983 7 26.0141613281123 12.3070662720828 503.7 72.2414170675886 390 0
1983 8 24.7304175330438 11.7451588356219 439.3 167.0313790574 390 0
1983 9 21.7965736442754 7.87287872403475 346.6 56.7691430467463 390 0
1983 10 13.1728948065151 1.41827264974964 255.1 83.9788452850584 390 0
1983 11 5.36635950253906 -2.63804545939227 163.1 196.993873013611 390 0
1983 12 -2.70440098007049 -12.2998261040725 125 154.961554478722 390 0
1984 1 -4.64172645656609 -16.5318220912037 143.5 36.0472148333487 390 0
1984 2 2.4369211925415 -8.24578968725123 209.8 79.0702046530411 390 0
1984 3 0.0133565997223392 -11.7939103431112 301.6 80.1079265573828 390 0
1984 4 11.4049809359994 -0.469171960797177 391.2 76.2931390504071 390 0
1984 5 16.3261614150192 3.90940781717143 461.6 222.764310318002 390 0
1984 6 23.6873222652244 9.56916148136321 512.7 88.7067018263143 390 0
1984 7 24.8087699595193 12.4635601273316 503.7 133.721354426006 390 0
1984 8 25.5382784916873 13.0026388130493 439.3 62.5511903428391 390 0
1984 9 18.7178640803533 4.95589625389424 346.6 54.2529882918763 390 0
1984 10 14.7203432438453 1.98030928739559 255.1 78.6096057705059 390 0
1984 11 5.93244052317417 -4.07273567333725 163.1 89.3047792479469 390 0
1984 12 1.42089812195467 -8.09106593479541 125 96.0537822008827 390 0
1985 1 -6.52526940686883 -16.6489075768248 143.5 38.6474530892557 390 0
1985 2 -0.948490809617779 -12.0596923528884 209.8 61.8500877762818 390 0
1985 3 4.43821011247856 -8.06178899500978 301.6 77.0367079408783 390 0
1985 4 10.8597324547741 -1.28974769300862 391.2 54.9404869407678 390 0
1985 5 18.7200227635943 4.3796640246499 461.6 87.6057618663375 390 0
1985 6 20.1162807371803 8.74179465498697 512.7 93.6358313928001 390 0
1985 7 25.8548866452533 11.574347836401 503.7 69.5171330216674 390 0
1985 8 23.5518741028106 10.5511208560311 439.3 110.418718886815 390 0
1985 9 20.171242153354 7.48551230948228 346.6 113.679594168878 390 0
1985 10 13.7995996462823 1.75421191293901 255.1 90.9776288304155 390 0
1985 11 5.55346467468913 -2.83998267508237 163.1 113.469703935147 390 0
1985 12 -3.24319718994344 -13.1996686746411 125 61.9571399884455 390 0
1986 1 -2.2536323802242 -14.4519635739255 143.5 130.321511567866 390 0
1986 2 -3.13999897559312 -15.6224279385744 209.8 52.6398456562078 390 0
1986 3 4.86604364335836 -7.51779511272494 301.6 94.3676386063134 390 0
1986 4 14.387694152885 0.608789305348457 391.2 41.3131076652 390 0
1986 5 19.7050772557152 6.29817547113832 461.6 105.922187813042 390 0
1986 6 21.2741271893095 8.11792003641695 512.7 112.527916748713 390 0
1986 7 23.5357416520245 12.1165194839688 503.7 132.437318698234 390 0
1986 8 22.9022918252306 11.1996825600964 439.3 138.550330762357 390 0
1986 9 17.9397202485161 6.24342794142466 346.6 91.7457168491077 390 0
1986 10 12.7149614932196 1.32723866367425 255.1 59.5904079618562 390 0
1986 11 3.9826202341891 -5.27861438681684 163.1 100.655563115696 390 0
1986 12 -0.444563094756817 -9.04486859252537 125 77.6809388644468 390 0
1987 1 -3.65471362581903 -14.9896407351263 143.5 83.0016293280282 390 0
1987 2 -3.42529273484409 -16.6964163591189 209.8 11.8838462797969 390 0
1987 3 5.43455732076013 -7.25318204703684 301.6 50.4954195809902 390 0
1987 4 13.8786260252201 0.99593857939628 391.2 87.4117066432333 390 0
1987 5 18.6385010673236 4.5102741497287 461.6 54.4379350415923 390 0
1987 6 22.6316307189935 10.550951643381 512.7 157.122924358562 390 0
1987 7 26.0401609603611 13.0483186768415 503.7 100.253840481387 390 0
1987 8 23.2506751659974 9.53876381861893 439.3 74.8593864460305 390 0
1987 9 18.5630935498218 7.64342587991345 346.6 133.640551596811 390 0
1987 10 12.508806793807 -0.0209678916081039 255.1 141.443068816931 390 0
1987 11 5.46991096613808 -4.50756975358472 163.1 72.9294700641946 390 0
1987 12 -0.076785293525213 -7.53685016646201 125 57.120603090893 390 0
1988 1 -3.2253523397132 -15.8294897304842 143.5 44.1209545350713 390 0
1988 2 -0.90590682257111 -13.9568518914205 209.8 70.7262510013426 390 0
1988 3 3.12380350286458 -8.9674884870023 301.6 41.7747975807184 390 0
1988 4 10.5077980029769 -0.419021975847887 391.2 100.220655232799 390 0
1988 5 19.3796367703192 6.06146774230429 461.6 69.2944508711954 390 0
1988 6 22.6132114736494 7.46685117229733 512.7 52.9490049070967 390 0
1988 7 26.4593888914644 13.9164130470402 503.7 112.856755983014 390 0
1988 8 25.2939175909796 13.0472801963994 439.3 152.664572219805 390 0
1988 9 18.8053781638715 5.64702249935988 346.6 53.0589994639214 390 0
1988 10 10.1520113529817 0.529767525741673 255.1 56.4415721252979 390 0
1988 11 5.82156636533461 -3.13704377801003 163.1 140.599082655375 390 0
1988 12 -2.02823260039983 -13.3038681084855 125 42.3107885673595 390 0
1989 1 -0.910000277163166 -13.1265841862299 143.5 38.721549683053 390 0
1989 2 -2.46001975662695 -14.4056494071016 209.8 46.9437098623256 390 0
1989 3 2.82749054037841 -10.1569189061267 301.6 68.1863626295068 390 0
1989 4 8.52018095999411 -3.1293990911562 391.2 75.273376367629 390 0
1989 5 19.7915780484955 6.33478151230204 461.6 137.596333437341 390 0
1989 6 22.7788491943849 11.0494071637618 512.7 130.021406150591 390 0
1989 7 25.8390219394963 12.1768608200123 503.7 71.6783456217029 390 0
1989 8 23.6241445687996 11.2435788892549 439.3 159.049655554528 390 0
1989 9 20.3355732798127 7.82274241943682 346.6 119.376247903283 390 0
1989 10 13.8186620759984 1.84621787882506 255.1 118.714042363187 390 0
1989 11 5.06223924291682 -4.73423184313145 163.1 110.161135623322 390 0
1989 12 -9.3109001894376 -21.9301851892278 125 39.4325418924809 390 0
1990 1 1.18768557682432 -8.39191384127819 143.5 104.828089202288 390 0
1990 2 0.244944448691479 -13.2253206552069 209.8 76.2971540256919 390 0
1990 3 5.29045563124867 -7.9208349682946 301.6 71.1501834237591 390 0
1990 4 11.3515260124759 -0.247082528391078 391.2 86.3680034994545 390 0
1990 5 16.3664688980559 3.6497087535325 461.6 127.660224186754 390 0
1990 6 23.0195230858495 10.4703673465311 512.7 131.155546782381 390 0
1990 7 25.3009641577396 12.5180915736078 503.7 92.1744716209346 390 0
1990 8 25.1368298743277 12.7458644284466 439.3 193.377318008149 390 0
1990 9 18.9922036174296 7.73424025769971 346.6 70.6523124806896 390 0
1990 10 14.1522509367589 3.87002309651641 255.1 176.118927621071 390 0
1990 11 6.46855208345219 -2.83668661839441 163.1 92.9277872043703 390 0
1990 12 1.65662114971778 -8.44451689385541 125 134.740104710935 390 0
1991 1 -3.81181369481037 -14.8925775101747 143.5 64.0622426437557 390 0
1991 2 0.760414161332485 -11.2954692948347 209.8 34.9530842853917 390 0
1991 3 3.91106014348155 -5.26743440776577 301.6 86.0656719789002 390 0
1991 4 13.6018875120122 0.357437229041687 391.2 76.5118214748671 390 0
1991 5 20.5421383950337 5.93762234514585 461.6 91.5519314986663 390 0
1991 6 23.6154126791579 9.65406626803491 512.7 60.1634671676662 390 0
1991 7 25.1875171194597 11.5944021153588 503.7 62.685905184267 390 0
1991 8 24.753394019322 12.6598443107536 439.3 170.016893562853 390 0
1991 9 18.4907498091244 5.70090505921577 346.6 127.841804137607 390 0
1991 10 14.6103239087876 2.24204624811763 255.1 121.941890888687 390 0
1991 11 5.87821207960705 -2.77601101007351 163.1 64.6614698874093 390 0
1991 12 -0.853271953806405 -12.0057371757078 125 80.9750525003611 390 0
1992 1 -3.59569535134566 -14.8074668524387 143.5 66.6555125060667 390 0
1992 2 -1.94882140019259 -13.6374540862403 209.8 62.3449590461673 390 0
1992 3 1.29931589493405 -11.3543486760526 301.6 87.3514291702758 390 0
1992 4 8.71216558207027 -2.41086939046062 391.2 70.1237443609918 390 0
1992 5 19.3019979403025 3.30548676109834 461.6 45.2876041913676 390 0
1992 6 22.0176255954771 8.82932710022631 512.7 76.7385158857027 390 0
1992 7 22.5865128366678 10.4356441468955 503.7 102.623780300117 390 0
1992 8 22.6309837482871 10.9331590669513 439.3 100.307448810324 390 0
1992 9 19.9284877137141 6.7251857777263 346.6 105.41808328543 390 0
1992 10 10.1658628402378 -0.152166933694892 255.1 72.8449028105324 390 0
1992 11 4.08629017991301 -4.4468330876801 163.1 106.080377573068 390 0
1992 12 -0.0987769229445651 -9.64387197802695 125 49.6230468129056 390 0
1993 1 -2.25084089766059 -12.1511626750124 143.5 74.0288879830777 390 0
1993 2 -5.90532841259904 -20.6070921313164 209.8 70.0928675121147 390 0
1993 3 2.8771544883005 -11.013757236697 301.6 82.6925299899727 390 0
1993 4 11.4612222259367 -1.00693733390859 391.2 90.5630750041335 390 0
1993 5 18.252929464619 4.48496902187747 461.6 48.9715155578927 390 0
1993 6 22.0909576483311 8.74999363709844 512.7 103.891913856827 390 0
1993 7 25.4876799827264 12.5946199339557 503.7 101.040991726398 390 0
1993 8 25.0823688751469 12.1564083938321 439.3 95.3942179699164 390 0
1993 9 18.5719909106817 7.19168750951394 346.6 115.008425314126 390 0
1993 10 11.2032317013855 -0.459556497807626 255.1 82.4174067518262 390 0
1993 11 5.73721614457591 -4.71933263473275 163.1 83.3563758337124 390 0
1993 12 -1.16108851649239 -10.8784258160506 125 79.0119224389627 390 0
1994 1 -8.28288915797929 -21.88594550302 143.5 102.670481273596 390 0
1994 2 -4.71201137660426 -17.9614878808197 209.8 36.9990397314169 390 0
1994 3 2.03402698697846 -8.29484914264164 301.6 103.355541363951 390 0
1994 4 10.5059937840693 -1.80451178220997 391.2 101.234269010636 390 0
1994 5 16.7182418924129 3.33274601654732 461.6 101.111237016527 390 0
1994 6 24.1040535262086 11.1808252673868 512.7 101.933605315149 390 0
1994 7 26.1904984773022 14.3652663288032 503.7 116.018339779391 390 0
1994 8 23.3080129023067 10.3860900261886 439.3 123.974801915579 390 0
1994 9 18.0718239248888 7.27754901169393 346.6 102.127404938232 390 0
1994 10 13.904251698531 1.18769383146825 255.1 25.061656528773 390 0
1994 11 8.23547346088306 -2.49298125211807 163.1 75.2390205981353 390 0
1994 12 1.38553267520804 -8.98247532049582 125 68.2782013993847 390 0
1995 1 -0.659109603091836 -9.43017719514035 143.5 79.3997395983956 390 0
1995 2 -3.51343704068159 -15.632827188759 209.8 59.3654157986622 390 0
1995 3 4.96487726189509 -6.01016305343533 301.6 64.0726992886122 390 0
1995 4 7.97531037648556 -3.77957671768466 391.2 52.9041891195331 390 0
1995 5 16.9346777559336 4.04088441104267 461.6 65.2947564939783 390 0
1995 6 25.1179324399805 9.88092420604902 512.7 34.4257895652575 390 0
1995 7 26.5641499556277 13.800607836627 503.7 129.432308585918 390 0
1995 8 25.0156199711897 11.3172399078272 439.3 106.037908078666 390 0
1995 9 18.439172883345 4.3840001722474 346.6 83.974331199616 390 0
1995 10 15.5689157140752 3.53773359032861 255.1 204.7351151362 390 0
1995 11 3.65885892922039 -4.87240156397407 163.1 112.619742597002 390 0
1995 12 -4.17878640571843 -12.9151169756914 125 79.4562757151264 390 0
1996 1 -3.67711139393953 -15.467914593686 143.5 116.980350177314 390 0
1996 2 -2.88602444672082 -13.3756346946452 209.8 74.3770823811913 390 0
1996 3 2.48841316400965 -9.83369612672116 301.6 42.9449121771748 390 0
1996 4 9.76701332549064 -1.39045780778253 391.2 158.677417531729 390 0
1996 5 16.5349989354479 3.65530877684736 461.6 143.824802055829 390 0
1996 6 22.6097634643821 11.2085450107795 512.7 113.524625237449 390 0
1996 7 23.8268162392594 12.3831696910266 503.7 196.294451052744 390 0
1996 8 24.4668706528904 11.6181944834039 439.3 55.4732233898297 390 0
1996 9 20.1104409893901 8.66433538403084 346.6 76.7239695462534 390 0
1996 10 12.4730489751816 0.544746940064455 255.1 148.923316745366 390 0
1996 11 3.2447857776523 -5.7386670793393 163.1 76.7820006896063 390 0
1996 12 1.44730116851831 -5.55035201812868 125 135.096300150251 390 0
1997 1 -4.01077972836336 -15.4925040819518 143.5 87.38272993763 390 0
1997 2 0.560242005075555 -11.9074201482733 209.8 67.4047396914362 390 0
1997 3 1.54644859276645 -10.5379890695981 301.6 98.4704234575787 390 0
1997 4 9.01864873518724 -3.32454223037244 391.2 76.4719444760809 390 0
1997 5 13.8465896964332 2.56155252345501 461.6 89.5408161645732 390 0
1997 6 23.9714754778929 9.60737176999272 512.7 76.0685075685956 390 0
1997 7 24.4025792859508 11.0722973601911 503.7 133.776509697861 390 0
1997 8 23.1693032968011 10.7071506686695 439.3 155.904746157553 390 0
1997 9 18.7111892856503 6.68389795725674 346.6 68.6987938905434 390 0
1997 10 12.4326898325258 -0.330046761786483 255.1 51.3127944277772 390 0
1997 11 4.42430559343045 -5.33570932900296 163.1 128.57395663353 390 0
1997 12 -0.554581908818963 -11.1789361412287 125 67.6763150475699 390 0
1998 1 -1.52462207752005 -11.5621370751765 143.5 139.250074740149 390 0
1998 2 2.17823437447215 -9.86796104007844 209.8 59.915908394903 390 0
1998 3 4.68134215335658 -6.85113020993236 301.6 93.3493064032822 390 0
1998 4 13.1146780641339 -1.02843172223314 391.2 62.6086916515184 390 0
1998 5 21.604478031451 7.1063078735844 461.6 67.4741800141536 390 0
1998 6 21.3243840590474 11.1517624734711 512.7 229.932562525757 390 0
1998 7 24.6346039108494 12.3877635509089 503.7 129.842106403208 390 0
1998 8 24.6478193801274 11.5420500058766 439.3 123.461555829364 390 0
1998 9 20.5410002458715 7.4518984040228 346.6 98.4674090610606 390 0
1998 10 12.971500032667 2.67585597650381 255.1 79.5241651632901 390 0
1998 11 4.97533273302751 -2.05024293532693 163.1 82.5965885720737 390 0
1998 12 3.73107881428441 -7.85633878215614 125 41.590922220623 390 0
1999 1 -2.59434913379467 -14.9560093914652 143.5 142.553408439739 390 0
1999 2 0.246327286799295 -12.936637490915 209.8 35.0629767482621 390 0
1999 3 3.11666421399412 -7.51355445386843 301.6 111.72522459625 390 0
1999 4 11.3971335667638 -1.78663412319981 391.2 19.6755209907849 390 0
1999 5 20.253404196788 5.45351672020037 461.6 86.3320935145366 390 0
1999 6 25.653285864909 11.0939949483606 512.7 72.4312274907658 390 0
1999 7 26.5921075693006 13.1962741136425 503.7 100.03745572187 390 0
1999 8 23.811205725121 10.9887492600504 439.3 66.7535846788648 390 0
1999 9 22.2477597947224 9.33981221407129 346.6 211.522460388623 390 0
1999 10 11.7992834554313 -0.485925826957001 255.1 104.378157992199 390 0
1999 11 8.73922003715023 -1.4468750951859 163.1 80.7361057061116 390 0
1999 12 0.146342429664707 -8.53969893543306 125 47.4336429966836 390 0
2000 1 -4.78676813225875 -15.8173505418912 143.5 94.9742416215256 390 0
2000 2 -0.529916220523271 -13.5263836595399 209.8 88.6246544107899 390 0
2000 3 6.64174943024662 -5.50112305097797 301.6 76.569368453434 390 0
2000 4 9.0971096967681 -1.21199885284703 391.2 157.267209163042 390 0
2000 5 17.0663834956988 5.18644449537551 461.6 140.268994767736 390 0
2000 6 21.4471229733746 9.72982165259983 512.7 84.9593761925561 390 0
2000 7 23.2397880796537 10.9045737749129 503.7 98.8098542496174 390 0
2000 8 22.9541391852584 11.0840612604316 439.3 97.4974896122585 390 0
2000 9 19.3770258438643 6.38520411770227 346.6 65.7759562353324 390 0
2000 10 13.4267430825669 0.906688494684482 255.1 72.5777979977176 390 0
2000 11 5.02828883856262 -2.59103337447093 163.1 85.4398451441813 390 0
2000 12 -3.63051894076915 -14.3655456314267 125 125.796608994268 390 0
2001 1 -2.85613157750592 -14.2212484533721 143.5 38.8026883689058 390 0
2001 2 -1.655039064878 -14.1062763083165 209.8 85.7975789561908 390 0
2001 3 1.21217755087802 -9.85545704120528 301.6 136.903168138523 390 0
2001 4 10.4882932578141 -2.76161032870871 391.2 25.4706644569449 390 0
2001 5 20.0399962886159 5.13911753810643 461.6 48.2075391221092 390 0
2001 6 23.8145228409339 10.4526514861407 512.7 86.3908862354781 390 0
2001 7 23.9337347324484 10.8619448299127 503.7 80.4615240275257 390 0
2001 8 26.9032881292308 12.2714616225629 439.3 49.562899589259 390 0
2001 9 21.1300845836283 7.04942107282878 346.6 109.542011051867 390 0
2001 10 15.228066529644 1.59173830817373 255.1 54.6713755071069 390 0
2001 11 7.90526277371769 -2.09411165898938 163.1 60.5408182773871 390 0
2001 12 2.99873260386736 -6.47048691778728 125 59.9231755526151 390 0
2002 1 0.332107783855449 -9.03814624574033 143.5 62.270769221231 390 0
2002 2 0.921246310604377 -12.0497710919156 209.8 82.4328477937567 390 0
2002 3 3.16254365997703 -7.10082349105969 301.6 94.780339545572 390 0
2002 4 11.7292573276394 -0.0803927975933914 391.2 113.365988366778 390 0
2002 5 15.6977155209986 3.12008014551839 461.6 108.545012716305 390 0
2002 6 21.6340659852858 9.42175885065556 512.7 177.650571087084 390 0
2002 7 25.3803896862515 12.5189093614324 503.7 85.3976132176214 390 0
2002 8 26.2241788159603 12.1929595593229 439.3 40.1912851313206 390 0
2002 9 22.4571093195926 8.62763209486868 346.6 120.701918933825 390 0
2002 10 10.9212677068587 0.56390720850276 255.1 84.6833677373333 390 0
2002 11 3.92758490689098 -4.80797248700913 163.1 112.967976887611 390 0
2002 12 -1.47019897204109 -11.8270378118851 125 68.4515692975342 390 0
2003 1 -7.39641978849558 -18.5159020690228 143.5 49.1071518395886 390 0
2003 2 -4.25589409431004 -16.6044317719739 209.8 47.7427966567713 390 0
2003 3 3.70083695975334 -10.1189548112674 301.6 70.7451273373022 390 0
2003 4 8.82113391254754 -2.90356066299532 391.2 65.587104282302 390 0
2003 5 16.6294822945788 5.0096027794668 461.6 103.10559509795 390 0
2003 6 22.7409790422478 10.1691310563018 512.7 73.3408933621929 390 0
2003 7 24.8401970892609 13.0565151443124 503.7 112.47304450586 390 0
2003 8 24.9785741318819 13.9061150592785 439.3 134.211813559182 390 0
2003 9 20.5234876395591 8.20959974139875 346.6 123.290974177012 390 0
2003 10 11.6797558839025 0.915674706001376 255.1 171.333118990692 390 0
2003 11 6.75431187522102 -3.12748815985974 163.1 114.127093525343 390 0
2003 12 -1.13777890028033 -11.3736640930889 125 177.28252837642 390 0
2004 1 -9.14949413090516 -19.0553262610337 143.5 25.7162072966727 390 0
2004 2 -1.90781204079384 -15.2982352722446 209.8 30.6071606244877 390 0
2004 3 4.68798399411902 -6.27068097154283 301.6 44.2486513043828 390 0
2004 4 10.7070414689244 -1.16080358230297 391.2 86.0745035043741 390 0
2004 5 19.0375168106065 6.14227219860498 461.6 128.9917114916 390 0
2004 6 21.472247383924 8.19762511113453 512.7 75.7898134439307 390 0
2004 7 23.886965162832 13.0751394911884 503.7 127.848435550544 390 0
2004 8 23.6937973723321 12.1801610325217 439.3 188.457396710734 390 0
2004 9 20.8501397723451 7.89214993952987 346.6 76.8997265468576 390 0
2004 10 13.42381030647 0.721635045050163 255.1 38.7017637399627 390 0
2004 11 6.17004887059207 -4.00065758870661 163.1 94.9915059027641 390 0
2004 12 -1.4228610816832 -11.7312246158234 125 108.993015460882 390 0
2005 1 -4.89222786264551 -16.0509442646571 143.5 66.6836509979364 390 0
2005 2 0.0345464478890917 -12.7917617389773 209.8 60.894085478085 390 0
2005 3 1.53821509417013 -10.3365452027181 301.6 70.1665186128255 390 0
2005 4 12.8191761801256 -0.669759481909187 391.2 124.48453443349 390 0
2005 5 14.5183709002741 3.54008854640856 461.6 83.7134448027051 390 0
2005 6 25.0122142514849 12.8377890531255 512.7 127.147654913279 390 0
2005 7 26.254294683307 14.0560085227089 503.7 107.692921673441 390 0
2005 8 25.1648990569345 12.9837193242076 439.3 106.020535701159 390 0
2005 9 22.0939399588786 9.42916372620255 346.6 106.096420351765 390 0
2005 10 12.8284683517459 4.13648845214975 255.1 265.42196079225 390 0
2005 11 7.20587748164794 -3.15193007543437 163.1 137.212989845903 390 0
2005 12 -1.5111805399428 -10.9483666071948 125 94.1977070306752 390 0
2006 1 0.809442514980174 -9.14422845124858 143.5 107.660120392543 390 0
2006 2 -1.74177228094681 -11.3098030422079 209.8 55.4554518123143 390 0
2006 3 2.49640867801444 -7.33349639649532 301.6 43.8476195290183 390 0
2006 4 12.5423725149155 -0.857117577226229 391.2 76.9721739121623 390 0
2006 5 17.5793051573004 6.86635029149807 461.6 177.471671857301 390 0
2006 6 22.419530535064 12.0803784697653 512.7 219.761448963609 390 0
2006 7 26.4745124724601 14.5880207065524 503.7 137.533079867977 390 0
2006 8 23.2603336644719 11.2677619243708 439.3 111.965909231058 390 0
2006 9 19.2860394058012 7.77543610248996 346.6 69.3610926010729 390 0
2006 10 11.6994823165779 1.67366032965614 255.1 192.741101158045 390 0
2006 11 8.60638855890737 -0.0505631033119588 163.1 75.7792143208695 390 0
2006 12 3.06910030658149 -5.44686263861533 125 107.927177642307 390 0
2007 1 -2.48631449370644 -12.9136546489587 143.5 82.731384082821 390 0
2007 2 -5.84764210907037 -17.1108138376186 209.8 66.1844751858031 390 0
2007 3 2.56167122806424 -10.362120314294 301.6 84.8557064213394 390 0
2007 4 8.45162571791215 -1.68284194622812 391.2 125.573423413098 390 0
2007 5 18.7275866641611 4.54932625334184 461.6 68.2142748817324 390 0
2007 6 23.1349252632466 10.9023962346073 512.7 85.4385513617795 390 0
2007 7 23.5747264945648 12.1561941610816 503.7 158.120464088168 390 0
2007 8 24.7499797488725 11.2807429851659 439.3 80.9882174548571 390 0
2007 9 21.510907013512 7.78985712648885 346.6 92.643898077512 390 0
2007 10 15.8250809589682 4.5743488418564 255.1 144.262416439444 390 0
2007 11 4.15301762280997 -4.5793980239934 163.1 118.445316803139 390 0
2007 12 -2.14660757384186 -11.0095813285755 125 123.02402694794 390 0
2008 1 -1.21009454521746 -11.9119331154426 143.5 60.5794310594743 390 0
2008 2 -1.59070349979846 -12.5571873994445 209.8 149.401277493125 390 0
2008 3 1.64030800361359 -10.5353373458302 301.6 117.004004075447 390 0
2008 4 13.3112273570946 -0.391834540616629 391.2 90.4400748539182 390 0
2008 5 16.8973387655081 3.20129388701275 461.6 29.3780016162448 390 0
2008 6 22.8775993440766 12.1067808639519 512.7 158.949050250276 390 0
2008 7 24.9800853873253 13.6751944568253 503.7 185.498501107846 390 0
2008 8 22.855208717562 11.408609381968 439.3 159.945335120307 390 0
2008 9 20.3249913831381 8.36711000827384 346.6 83.8592426926064 390 0
2008 10 12.2597573813114 0.609221386566665 255.1 124.469280843732 390 0
2008 11 5.21663014980898 -3.03324466455628 163.1 83.5795089007566 390 0
2008 12 -0.32331413865065 -11.0848107843809 125 141.341730484325 390 0
2009 1 -6.57133655135049 -18.3272321259119 143.5 72.7323557748878 390 0
2009 2 -1.32944654670326 -13.273996942203 209.8 61.9687373464369 390 0
2009 3 3.93579458060759 -8.28975807697705 301.6 62.8872856505582 390 0
2009 4 12.1611092855882 -0.186293844484378 391.2 66.2254770379557 390 0
2009 5 17.3495095420912 4.78507488540149 461.6 133.80098659277 390 0
2009 6 20.5879422218116 10.1867898275314 512.7 120.663300890497 390 0
2009 7 22.8056115425673 12.468238476809 503.7 174.168147339222 390 0
2009 8 24.5316492953869 12.9017403786367 439.3 109.364005663949 390 0
2009 9 19.4432128985084 6.44683708098624 346.6 57.9939586497394 390 0
2009 10 9.92299423917711 1.17084773591349 255.1 131.743194929194 390 0
2009 11 8.97539178789956 -1.45174235732576 163.1 102.994936081151 390 0
2009 12 -1.98697692121013 -10.4651703904835 125 104.443159258341 390 0
2010 1 -2.90414099323855 -11.1420193599847 143.5 59.3476546217128 390 0
2010 2 -1.87560500612359 -8.7770376834218 209.8 72.8009578375105 390 0
2010 3 7.10224893758303 -3.59517192703562 301.6 101.348421979583 390 0
2010 4 13.7388761985218 1.36356077148462 391.2 90.9439169610762 390 0
2010 5 20.1219909692911 6.07860116038992 461.6 59.4506313853054 390 0
2010 6 21.9938607498391 10.7519502424369 512.7 150.065713711729 390 0
2010 7 26.491322917467 14.7407961027246 503.7 103.847414798096 390 0
2010 8 24.1071107148327 12.0270092338251 439.3 106.28458645891 390 0
2010 9 20.4087154329558 9.27043957955074 346.6 74.3497736410063 390 0
2010 10 12.0839279540791 1.80304804311163 255.1 235.838083737981 390 0
2010 11 5.45496828856094 -3.02831479648853 163.1 79.4767865789405 390 0
2010 12 -2.83568596979012 -10.3316114530177 125 106.070362213613 390 0
2011 1 -4.3674501238839 -14.4089813412032 143.5 56.4372014326063 390 0
2011 2 -2.5618319082766 -15.4737335246527 209.8 84.4707323576651 390 0
2011 3 2.32853207732989 -8.61584873162553 301.6 124.75024134947 390 0
2011 4 9.97061158723698 -0.498771998399336 391.2 163.431122081708 390 0
2011 5 18.8916524670593 7.9120069804162 461.6 182.269781716652 390 0
2011 6 22.3263532350857 10.6163590434159 512.7 108.040144609877 390 0
2011 7 26.3408504208719 13.6059383751442 503.7 76.4109026536737 390 0
2011 8 24.5248981049427 12.6560688150733 439.3 252.977527754416 390 0
2011 9 21.1918344002752 10.2692827643631 346.6 134.497549764895 390 0
2011 10 13.3510229961082 3.55026594497353 255.1 116.123994976923 390 0
2011 11 9.64639310986249 -1.70907840548529 163.1 57.5926705966742 390 0
2011 12 1.90894371451707 -7.80850313902344 125 90.8068725199539 390 0
2012 1 -2.00861237058463 -11.5983693539349 143.5 78.9770420511566 390 0
2012 2 0.749189373122411 -9.74748232755471 209.8 33.4853740254644 390 0
2012 3 9.04957953192896 -3.42568549170204 301.6 48.7525995033672 390 0
2012 4 11.7315839066242 -0.226831136772101 391.2 84.892340888769 390 0
2012 5 19.6133520220985 7.85381510251243 461.6 133.722351861593 390 0
2012 6 22.5319367192531 10.5607366725701 512.7 105.807311173006 390 0
2012 7 26.3208211017887 13.0658549733968 503.7 96.8078616287359 390 0
2012 8 26.0276051270034 12.7696220362614 439.3 92.0966662597604 390 0
2012 9 20.063249734273 7.15756314241774 346.6 134.051501751571 390 0
2012 10 14.5009958504834 4.27751234397413 255.1 136.99018151476 390 0
2012 11 5.60421291636643 -4.62935083008774 163.1 30.2759541504107 390 0
2012 12 0.811423809983029 -6.73656184154869 125 131.858532287151 390 0
2013 1 -2.75268371792369 -13.9959858239691 143.5 41.5187739420423 390 0
2013 2 -2.06908286095155 -11.0638638043432 209.8 55.5409566596893 390 0
2013 3 2.84384250819275 -6.46144112698479 301.6 60.155376998899 390 0
2013 4 10.6544184788586 -1.78886790583069 391.2 60.9630842798489 390 0
2013 5 19.5573064536098 5.5795579978804 461.6 140.93083475926 390 0
2013 6 22.5026979463095 10.8925647145596 512.7 186.956886143193 390 0
2013 7 26.195814314071 15.3758526812987 503.7 185.832835722222 390 0
2013 8 23.650362091778 11.2559701324747 439.3 80.059791819303 390 0
2013 9 19.4622336741326 7.67619513326111 346.6 115.479299402719 390 0
2013 10 14.5738374067133 2.39975566251799 255.1 49.6757512356179 390 0
2013 11 4.88250131314409 -5.20153347587783 163.1 106.209763844174 390 0
2013 12 -2.01159625582135 -10.942963367978 125 87.2247023837566 390 0
2014 1 -5.498248 -15.264964 143.5 51.3803362 399 0
2014 2 3.214235 -8.806834 209.8 76.259971 399.92 0
2014 3 3.8500261 -8.121799 301.6 103.5533393 400.9 0
2014 4 13.106409 -0.07261292 391.2 74.631228 402.36 0
2014 5 22.426235 6.9479575 461.6 78.423087 402.9 0
2014 6 22.694572 9.352723 512.7 105.303762 402.35 0
2014 7 26.417337 11.523794 503.7 93.2136582 400.83 0
2014 8 24.987055 11.840522 439.3 144.2287617 398.24 0
2014 9 20.887396 7.4648304 346.6 65.697255 397.24 0
2014 10 12.37154 0.760558 255.1 88.557917 397.1 0
2014 11 6.049305 -4.7734766 163.1 71.576859 398.53 0
2014 12 1.9436255 -7.3011208 125 82.3763062 399.74 0
2015 1 -2.5012784 -12.76092 143.5 58.1463125 401.63 0
2015 2 -0.24164046 -13.341289 209.8 76.27084725 402.55 0
2015 3 4.8182054 -7.341793 301.6 71.5484464 403.53 0
2015 4 9.244227 -2.5906737 391.2 77.354487 404.99 0
2015 5 22.853027 5.93966 461.6 40.355118 405.53 0
2015 6 25.534946 10.987475 512.7 92.237391 404.98 0
2015 7 28.276915 13.319734 503.7 82.4747684 403.46 0
2015 8 25.731258 11.180847 439.3 123.5797113 400.87 0
2015 9 19.274952 5.7017384 346.6 88.918434 399.87 0
2015 10 15.693909 1.214224 255.1 52.5618764 399.73 0
2015 11 5.078446 -4.8341193 163.1 75.17643 401.16 0
2015 12 -0.5433404 -9.957274 125 64.8758669 402.37 0
2016 1 -2.5410585 -13.739358 143.5 70.951436 404.33 0
2016 2 -0.35055923 -13.8553915 209.8 74.497642775 405.25 0
2016 3 10.028409 -1.9815519 301.6 46.9062457 406.23 0
2016 4 15.290683 0.61804235 391.2 23.674938 407.69 0
2016 5 18.265299 2.8793879 461.6 69.8847663 408.23 0
2016 6 23.13239 10.163475 512.7 130.556859 407.68 0
2016 7 26.70747 13.236541 503.7 123.820076 406.16 0
2016 8 26.163929 11.610701 439.3 117.6257645 403.57 0
2016 9 23.55861 11.20375 346.6 107.539809 402.57 0
2016 10 14.888724 1.5759435 255.1 68.7903764 402.43 0
2016 11 9.888211 -1.3303059 163.1 64.119909 403.86 0
2016 12 2.1925006 -7.2335668 125 34.3376243 405.07 0
2017 1 -1.7345175 -12.871113 143.5 72.7139131 407.1 0
2017 2 -0.84662455 -13.464797 209.8 29.000639225 408.02 0
2017 3 4.421867 -8.484236 301.6 93.1466517 409 0
2017 4 8.477165 -2.7213748 391.2 113.587839 410.46 0
2017 5 22.161951 7.4535527 461.6 114.3366025 411 0
2017 6 27.070436 10.769519 512.7 65.70636 410.45 0
2017 7 27.787949 14.440627 503.7 110.319142 408.93 0
2017 8 27.372232 14.754759 439.3 167.7434924 406.34 0
2017 9 22.565783 8.298682 346.6 52.883985 405.34 0
2017 10 19.455215 3.028312 255.1 44.846801 405.2 0
2017 11 5.9818277 -3.6000068 163.1 61.957041 406.63 0
2017 12 -0.9665117 -12.455771 125 97.1872475 407.84 0
2018 1 -1.8300445 -12.044337 143.5 144.306736 409.93 0
2018 2 -2.2439418 -15.317881 209.8 108.765553825 410.85 0
2018 3 5.9665213 -7.2990375 301.6 80.5077347 411.83 0
2018 4 10.162443 -1.2223614 391.2 66.595839 413.29 0
2018 5 18.181162 4.7157564 461.6 141.560663 413.83 0
2018 6 26.255264 10.954197 512.7 51.415839 413.28 0
2018 7 30.088995 13.440983 503.7 50.1579535 411.76 0
2018 8 27.108414 10.711332 439.3 65.2660205 409.17 0
2018 9 22.089235 8.197769 346.6 110.142144 408.17 0
2018 10 15.812854 0.5418849 255.1 34.7013008 408.03 0
2018 11 4.9000597 -5.071267 163.1 81.766992 409.46 0
2018 12 2.671632 -7.452349 125 148.39886 410.67 0
2019 1 -5.8251925 -17.640488 143.5 53.0429406 412.82 0
2019 2 -4.323404 -16.40693 209.8 41.284970925 413.74 0
2019 3 4.111038 -8.40101 301.6 112.8960356 414.72 0
2019 4 13.328391 -0.74443394 391.2 19.172505 416.18 0
2019 5 24.062363 8.519673 461.6 71.597011 416.72 0
2019 6 24.893408 11.224479 512.7 96.49458 416.17 0
2019 7 26.776958 13.873944 503.7 163.7216175 414.65 0
2019 8 25.8019 11.792847 439.3 118.4507954 412.06 0
2019 9 24.080837 11.236845 346.6 100.457655 411.06 0
2019 10 14.424305 1.168275 255.1 67.670861 410.92 0
2019 11 10.352374 0.29705197 163.1 101.896155 412.35 0
2019 12 0.2594161 -10.278857 125 139.3561414 413.56 0
2020 1 -0.35946453 -11.214877 143.5 62.767684 415.78 0
2020 2 3.0080974 -10.255815 209.8 66.51405435 416.7 0
2020 3 7.663057 -5.1331754 301.6 88.8295452 417.68 0
2020 4 13.630336 -0.6984193 391.2 51.589641 419.14 0
2020 5 21.03871 6.507984 461.6 129.635056 419.68 0
2020 6 25.718077 10.400749 512.7 69.84918 419.13 0
2020 7 28.765406 14.462589 503.7 108.090986 417.61 0
2020 8 27.50903 14.420361 439.3 111.0512752 415.02 0
2020 9 20.949451 8.377815 346.6 157.60866 414.02 0
2020 10 13.584439 1.6331358 255.1 129.7377776 413.88 0
2020 11 8.173356 -1.331552 163.1 116.28159 415.31 0
2020 12 3.579917 -6.427894 125 128.942919 416.52 0
2021 1 -0.45183843 -9.927983 143.5 52.8439733 418.8 0
2021 2 0.77626276 -11.782537 209.8 79.161706475 419.72 0
2021 3 6.6811843 -5.965757 301.6 30.27208125 420.7 0
2021 4 11.244765 -1.5174268 391.2 77.470308 422.16 0
2021 5 18.68556 5.0583463 461.6 81.0148513 422.7 0
2021 6 23.836763 9.922846 512.7 108.561231 422.15 0
2021 7 27.519924 13.217575 503.7 117.4162293 420.63 0
2021 8 27.391682 14.515804 439.3 105.9951752 418.04 0
2021 9 23.46496 9.628542 346.6 118.106796 417.04 0
2021 10 13.871968 2.0416462 255.1 85.7815663 416.9 0
2021 11 10.298226 -0.8546773 163.1 80.05704 418.33 0
2021 12 1.6450186 -9.367326 125 46.2273612 419.54 0
2022 1 -3.6321023 -18.951971 143.5 158.3929593 421.86 0
2022 2 -1.2313107 -14.751239 209.8 76.1370496 422.78 0
2022 3 5.9938183 -6.690328 301.6 52.7161975 423.76 0
2022 4 10.704052 -2.4600322 391.2 89.124576 425.22 0
2022 5 22.764927 5.9751163 461.6 34.7604953 425.76 0
2022 6 23.230343 9.744226 512.7 232.207545 425.21 0
2022 7 26.562136 12.274679 503.7 108.3882264 423.69 0
2022 8 26.34276 12.354425 439.3 118.7841942 421.1 0
2022 9 21.916624 8.141906 346.6 103.012818 420.1 0
2022 10 11.826314 -1.1961919 255.1 102.5975876 419.96 0
2022 11 5.970164 -4.0264964 163.1 77.843844 421.39 0
2022 12 -0.37644345 -9.73831 125 207.2868537 422.6 0
2023 1 -4.669048 -13.678441 143.5 112.3976982 424.99 0
2023 2 -1.8334836 -14.437174 209.8 60.6383312 425.91 0
2023 3 1.8691114 -10.718527 301.6 86.5412616 426.89 0
2023 4 17.08136 1.5811212 391.2 65.596341 428.35 0
2023 5 18.349321 5.7017126 461.6 117.4715798 428.89 0
2023 6 25.149824 9.83087 512.7 49.154334 428.34 0
2023 7 28.117819 13.409353 503.7 87.8716297 426.82 0
2023 8 25.65314 12.449228 439.3 162.685117 424.23 0
2023 9 20.966198 7.6448703 346.6 54.472983 423.23 0
2023 10 11.247177 -0.25156847 255.1 108.8621792 423.09 0
2023 11 2.6826837 -5.321776 163.1 147.500595 424.52 0
2023 12 -0.38975382 -8.675012 125 153.1345037 425.73 0
2024 1 -1.334978 -13.056811 143.5 86.4215303 428.2 0
2024 2 -1.7535868 -14.260574 209.8 82.709284975 429.12 0
2024 3 0.8903863 -11.536273 301.6 88.4856653 430.1 0
2024 4 13.200699 0.05911648 391.2 37.838349 431.56 0
2024 5 18.014147 3.4385052 461.6 111.7164205 432.1 0
2024 6 25.52871 10.419206 512.7 57.674175 431.55 0
2024 7 30.641369 13.770014 503.7 111.0794883 430.03 0
2024 8 27.025331 12.9166355 439.3 127.183173 427.44 0
2024 9 22.656666 10.794275 346.6 152.76786 426.44 0
2024 10 16.723812 4.509533 255.1 75.1684931 426.3 0
2024 11 9.908706 -0.63524675 163.1 125.990268 427.73 0
2024 12 3.1759927 -7.071482 125 154.758851 428.94 0
2025 1 -1.5397067 -14.04207 143.5 67.2223313 431.47 0
2025 2 -0.9166302 -11.557462 209.8 63.303467275 432.39 0
2025 3 3.3995297 -8.277143 301.6 88.9310826 433.37 0
2025 4 8.72073 -3.3104012 391.2 53.518425 434.83 0
2025 5 20.349659 5.8152947 461.6 73.8277865 435.37 0
2025 6 25.87622 8.286124 512.7 43.821864 434.82 0
2025 7 28.22434 14.203165 503.7 92.1928313 433.3 0
2025 8 26.523235 11.8088 439.3 77.3742268 430.71 0
2025 9 20.92649 7.3482275 346.6 93.341868 429.71 0
2025 10 15.911051 1.8706151 255.1 94.0860447 429.57 0
2025 11 7.3805227 -4.1467805 163.1 89.987226 431 0
2025 12 2.0750475 -7.741647 125 58.1892909 432.21 0
2026 1 -3.6298547 -15.507479 143.5 198.006796 434.83 0
2026 2 -1.9238043 -12.194692 209.8 98.541149975 435.75 0
2026 3 2.4585454 -8.4267025 301.6 81.1675635 436.73 0
2026 4 13.773004 1.501971 391.2 78.360666 438.19 0
2026 5 21.635872 6.0412607 461.6 56.7082907 438.73 0
2026 6 25.49601 9.983069 512.7 65.23578 438.18 0
2026 7 26.602213 13.06308 503.7 107.3065124 436.66 0
2026 8 27.56068 14.541104 439.3 95.3106997 434.07 0
2026 9 21.985735 8.892373 346.6 82.664424 433.07 0
2026 10 14.428997 1.8001392 255.1 108.5350486 432.93 0
2026 11 6.212681 -3.9920297 163.1 72.493272 434.36 0
2026 12 3.6772037 -5.71329 125 131.9151587 435.57 0
2027 1 -1.0686438 -12.323959 143.5 77.5717061 438.24 0
2027 2 -1.4473947 -14.5151 209.8 61.17822825 439.16 0
2027 3 4.070486 -7.0848503 301.6 46.4100814 440.14 0
2027 4 12.131458 -0.420602 391.2 101.27652 441.6 0
2027 5 19.785955 5.3591003 461.6 46.4856439 442.14 0
2027 6 25.150454 10.724774 512.7 112.249239 441.59 0
2027 7 28.04278 12.810041 503.7 120.2041058 440.07 0
2027 8 25.227982 11.587897 439.3 151.435713 437.48 0
2027 9 23.626427 7.375893 346.6 72.451674 436.48 0
2027 10 15.043457 2.1850493 255.1 100.4790166 436.34 0
2027 11 6.204891 -3.6416175 163.1 76.88316 437.77 0
2027 12 5.8056064 -5.316005 125 121.9745995 438.98 0
2028 1 -1.5019414 -13.0997 143.5 33.1119308 441.72 0
2028 2 1.165511 -11.620213 209.8 90.109722775 442.64 0
2028 3 5.785781 -6.3219843 301.6 91.8500612 443.62 0
2028 4 11.597415 0.06776825 391.2 138.452955 445.08 0
2028 5 19.361269 4.8658967 461.6 72.013589 445.62 0
2028 6 26.387453 11.489889 512.7 127.470561 445.07 0
2028 7 28.114786 15.861577 503.7 138.8750183 443.55 0
2028 8 25.787449 12.322994 439.3 195.3265825 440.96 0
2028 9 21.92573 7.6667643 346.6 67.294728 439.96 0
2028 10 14.405728 1.5086548 255.1 60.3320047 439.82 0
2028 11 6.237694 -2.954345 163.1 106.039968 441.25 0
2028 12 -1.4224937 -13.3944845 125 103.3681794 442.46 0
2029 1 -7.1455545 -19.53434 143.5 75.9324416 445.25 0
2029 2 -2.0623348 -14.42786 209.8 71.995873625 446.17 0
2029 3 4.7364798 -7.439927 301.6 68.4205185 447.15 0
2029 4 10.723972 -2.089205 391.2 24.545211 448.61 0
2029 5 23.67224 6.2084785 461.6 33.8490209 449.15 0
2029 6 25.876907 11.409636 512.7 93.978888 448.6 0
2029 7 28.512732 14.810079 503.7 130.5349395 447.08 0
2029 8 26.058615 11.390886 439.3 98.1248053 444.49 0
2029 9 20.096054 7.3344245 346.6 166.08195 443.49 0
2029 10 13.17568 0.858551 255.1 97.7220936 443.35 0
2029 11 10.791307 0.120255016 163.1 119.589858 444.78 0
2029 12 -2.6049397 -9.654719 125 67.0695726 445.99 0
2030 1 1.0114747 -9.553617 143.5 88.0776557 448.83 0
2030 2 1.7147326 -9.858527 209.8 151.5697815 449.75 0
2030 3 9.2285385 -1.9725641 301.6 64.5147572 450.73 0
2030 4 13.4974165 -0.57732373 391.2 92.045682 452.19 0
2030 5 19.572096 5.018731 461.6 71.3319362 452.73 0
2030 6 26.820295 10.561326 512.7 56.4795 452.18 0
2030 7 29.562494 14.88454 503.7 127.8598937 450.66 0
2030 8 26.181437 12.204555 439.3 149.273091 448.07 0
2030 9 20.387445 7.53486 346.6 110.243775 447.07 0
2030 10 15.944641 2.0996826 255.1 53.3675974 446.93 0
2030 11 10.224224 -0.31713238 163.1 95.531088 448.36 0
2030 12 2.7696517 -6.2503896 125 108.4198092 449.57 0
2031 1 2.0319324 -9.7395315 143.5 189.974882 452.47 0
2031 2 -1.4992515 -14.659826 209.8 77.00868075 453.39 0
2031 3 8.085053 -4.8697424 301.6 65.4923112 454.37 0
2031 4 15.723994 0.6074578 391.2 32.183811 455.83 0
2031 5 23.243086 8.184124 461.6 118.573388 456.37 0
2031 6 25.157646 11.372471 512.7 137.289978 455.82 0
2031 7 28.51596 13.095931 503.7 86.5514916 454.3 0
2031 8 26.76969 11.922913 439.3 78.6395786 451.71 0
2031 9 20.870245 8.608302 346.6 133.271742 450.71 0
2031 10 14.336503 1.1487662 255.1 39.0969985 450.57 0
2031 11 8.084133 -3.244684 163.1 94.544712 452 0
2031 12 1.4188492 -8.178944 125 201.9957117 453.21 0
2032 1 -4.5209646 -19.336641 143.5 100.197301 456.18 0
2032 2 -0.17070608 -13.36871 209.8 149.4389292 457.1 0
2032 3 7.7892656 -5.762951 301.6 30.8922409 458.08 0
2032 4 9.643581 -2.3777752 391.2 86.826261 459.54 0
2032 5 24.262287 8.124198 461.6 58.6828915 460.08 0
2032 6 25.0915 9.756309 512.7 63.673326 459.53 0
2032 7 26.799109 13.476238 503.7 114.2714126 458.01 0
2032 8 25.664436 10.829624 439.3 140.2805025 455.42 0
2032 9 19.773241 4.1444044 346.6 49.282194 454.42 0
2032 10 14.250371 0.96473306 255.1 41.8554932 454.28 0
2032 11 10.8414755 0.041614845 163.1 126.70464 455.71 0
2032 12 1.0484282 -7.7912607 125 176.083813 456.92 0
2033 1 -3.7729247 -15.95129 143.5 49.702796 459.96 0
2033 2 1.8894038 -11.248785 209.8 36.192710675 460.88 0
2033 3 7.8000135 -4.6062074 301.6 95.709183 461.86 0
2033 4 14.67 0.7904986 391.2 65.999301 463.32 0
2033 5 18.863335 3.5698113 461.6 89.1546825 463.86 0
2033 6 24.943464 10.421743 512.7 113.028588 463.31 0
2033 7 28.38163 13.901774 503.7 137.8321814 461.79 0
2033 8 26.38124 12.276259 439.3 101.148319 459.2 0
2033 9 21.10028 7.0188303 346.6 83.774658 458.2 0
2033 10 14.185441 1.7218242 255.1 116.5695573 458.06 0
2033 11 8.226758 -0.677972 163.1 110.057016 459.49 0
2033 12 2.621085 -6.8737917 125 175.006966 460.7 0
2034 1 0.09584117 -11.038305 143.5 91.7089895 463.85 0
2034 2 0.91941196 -10.921021 209.8 65.588251 464.77 0
2034 3 8.707825 -2.5511305 301.6 93.9723646 465.75 0
2034 4 14.238343 1.9387391 391.2 96.936351 467.21 0
2034 5 21.397408 4.6926317 461.6 62.7834227 467.75 0
2034 6 26.249962 11.192395 512.7 114.481938 467.2 0
2034 7 27.530224 11.9077215 503.7 99.0358116 465.68 0
2034 8 25.595467 11.634934 439.3 131.3813387 463.09 0
2034 9 22.095356 7.7990055 346.6 54.937866 462.09 0
2034 10 15.998885 2.6554222 255.1 54.2063086 461.95 0
2034 11 4.4759755 -4.8262057 163.1 81.571656 463.38 0
2034 12 -4.207074 -14.070917 125 32.7473057 464.59 0
2035 1 -2.8136384 -13.781333 143.5 70.6858373 467.85 0
2035 2 -0.43177536 -12.88042 209.8 81.799731025 468.77 0
2035 3 6.8714314 -5.9277515 301.6 102.9281654 469.75 0
2035 4 14.280251 0.34371603 391.2 69.58806 471.21 0
2035 5 18.296038 3.7656105 461.6 63.5401172 471.75 0
2035 6 27.807423 13.332365 512.7 93.35229 471.2 0
2035 7 29.346437 15.563597 503.7 103.1299537 469.68 0
2035 8 27.218098 14.859465 439.3 154.2492544 467.09 0
2035 9 22.646265 7.7034984 346.6 70.877424 466.09 0
2035 10 16.649464 1.9329782 255.1 47.056853 465.95 0
2035 11 8.752285 0.027146714 163.1 97.087296 467.38 0
2035 12 -1.4327346 -12.7366705 125 37.7245045 468.59 0
2036 1 0.028668674 -11.913687 143.5 90.321724 471.96 0
2036 2 3.8432083 -8.6185465 209.8 62.448249375 472.88 0
2036 3 5.4755497 -7.339891 301.6 38.076246 473.86 0
2036 4 14.1103945 0.8672719 391.2 51.838614 475.32 0
2036 5 18.567793 4.5937047 461.6 104.9153336 475.86 0
2036 6 23.99955 10.155957 512.7 214.72272 475.31 0
2036 7 27.371944 12.508917 503.7 109.8970336 473.79 0
2036 8 25.483873 11.606425 439.3 117.544436 471.2 0
2036 9 21.875978 8.007026 346.6 59.89893 470.2 0
2036 10 16.02911 2.4534485 255.1 37.6844773 470.06 0
2036 11 7.7941794 -3.510043 163.1 35.751264 471.49 0
2036 12 0.41002145 -9.716474 125 35.5321256 472.7 0
2037 1 -2.8962364 -12.949299 143.5 136.5484714 476.18 0
2037 2 -1.0023586 -13.599613 209.8 59.192499025 477.1 0
2037 3 4.531293 -8.363416 301.6 56.458099 478.08 0
2037 4 15.50869 3.0015776 391.2 88.633353 479.54 0
2037 5 22.94047 6.8299475 461.6 38.6583299 480.08 0
2037 6 26.836996 10.379685 512.7 67.395645 479.53 0
2037 7 30.78438 14.35771 503.7 125.5711885 478.01 0
2037 8 26.484762 12.015867 439.3 154.3826474 475.42 0
2037 9 19.620947 4.3088655 346.6 145.59057 474.42 0
2037 10 16.84799 3.777585 255.1 105.0989404 474.28 0
2037 11 5.15885 -4.679164 163.1 114.803208 475.71 0
2037 12 1.2282593 -7.851071 125 86.6327922 476.92 0
2038 1 1.5429944 -8.629901 143.5 83.4540584 480.51 0
2038 2 3.6034882 -7.9481153 209.8 61.78337715 481.43 0
2038 3 7.919812 -5.0440526 301.6 84.3154926 482.41 0
2038 4 9.704111 -2.178438 391.2 150.912681 483.87 0
2038 5 18.947596 6.2515955 461.6 109.02359 484.41 0
2038 6 24.1903 9.10655 512.7 51.243255 483.86 0
2038 7 27.376074 12.931286 503.7 98.9612597 482.34 0
2038 8 26.793282 12.716333 439.3 88.428833 479.75 0
2038 9 20.013285 6.6629524 346.6 86.799324 478.75 0
2038 10 15.486561 3.034793 255.1 76.4010872 478.61 0
2038 11 10.091409 -0.60146767 163.1 100.11738 480.04 0
2038 12 2.4587076 -7.986017 125 124.3791424 481.25 0
2039 1 -3.7297738 -14.361307 143.5 64.1799448 484.93 0
2039 2 4.6127462 -8.386101 209.8 139.59106395 485.85 0
2039 3 5.318344 -6.8954377 301.6 51.016266 486.83 0
2039 4 13.121325 -1.0931542 391.2 21.880149 488.29 0
2039 5 22.621729 7.198635 461.6 135.380503 488.83 0
2039 6 26.18892 10.63826 512.7 67.770411 488.28 0
2039 7 27.989475 14.82921 503.7 134.858339 486.76 0
2039 8 26.30648 12.706346 439.3 170.050965 484.17 0
2039 9 23.47346 8.622694 346.6 98.126808 483.17 0
2039 10 18.535675 4.942514 255.1 93.0705994 483.03 0
2039 11 9.906548 -1.110814 163.1 44.722782 484.46 0
2039 12 2.554046 -6.282524 125 46.6412205 485.67 0
2040 1 -4.9227786 -17.81217 143.5 70.3424534 489.44 0
2040 2 0.15958878 -13.735941 209.8 14.7667939525 490.36 0
2040 3 6.3399115 -5.856536 301.6 75.0226846 491.34 0
2040 4 14.032195 0.39303073 391.2 71.418171 492.8 0
2040 5 20.737938 7.3171897 461.6 126.1696063 493.34 0
2040 6 25.734837 11.028427 512.7 94.73694 492.79 0
2040 7 28.95632 14.3408165 503.7 52.3190224 491.27 0
2040 8 26.877323 13.936997 439.3 102.128446 488.68 0
2040 9 22.689604 9.234513 346.6 101.882514 487.68 0
2040 10 14.714977 2.8377042 255.1 81.043362 487.54 0
2040 11 5.2368145 -4.4483953 163.1 65.449656 488.97 0
2040 12 4.111841 -4.735817 125 65.9055753 490.18 0
2041 1 -0.59498227 -10.728621 143.5 42.2840992 494.03 0
2041 2 3.9207673 -9.070294 209.8 55.652067775 494.95 0
2041 3 5.6027474 -6.732059 301.6 93.6145657 495.93 0
2041 4 13.992515 0.40233678 391.2 76.44987 497.39 0
2041 5 17.817106 4.325635 461.6 61.5624722 497.93 0
2041 6 26.992323 11.984844 512.7 94.664427 497.38 0
2041 7 31.168274 13.569414 503.7 62.4866132 495.86 0
2041 8 28.06858 11.758551 439.3 145.2846217 493.27 0
2041 9 19.933624 5.088335 346.6 137.09067 492.27 0
2041 10 20.93159 4.813321 255.1 61.9661666 492.13 0
2041 11 9.945999 -0.6953679 163.1 96.196131 493.56 0
2041 12 2.8845313 -6.80702 125 85.648412 494.77 0
2042 1 -0.05359075 -10.501361 143.5 121.8810136 498.73 0
2042 2 2.3422475 -10.166272 209.8 19.8144596 499.65 0
2042 3 5.6877837 -6.3084893 301.6 92.4669023 500.63 0
2042 4 13.816507 -0.043649577 391.2 31.186503 502.09 0
2042 5 21.10929 6.1427126 461.6 68.505567 502.63 0
2042 6 26.403435 11.05419 512.7 76.156476 502.08 0
2042 7 28.788761 14.8889 503.7 136.3721 500.56 0
2042 8 27.287472 11.918406 439.3 81.268267 497.97 0
2042 9 22.387932 8.816806 346.6 66.466635 496.97 0
2042 10 15.182259 3.7286515 255.1 144.4122786 496.83 0
2042 11 4.807528 -3.816132 163.1 114.08742 498.26 0
2042 12 3.4319637 -5.5941253 125 44.3354746 499.47 0
2043 1 -0.12219163 -11.702552 143.5 72.8653636 503.53 0
2043 2 3.070032 -8.937749 209.8 83.27778515 504.45 0
2043 3 7.174768 -5.120755 301.6 87.7684741 505.43 0
2043 4 13.730394 0.4115416 391.2 60.30456 506.89 0
2043 5 20.037851 3.9277346 461.6 37.4627994 507.43 0
2043 6 28.04125 12.52438 512.7 108.52113 506.88 0
2043 7 28.91402 14.055581 503.7 112.5872973 505.36 0
2043 8 26.954695 11.86728 439.3 120.5499666 502.77 0
2043 9 20.739395 7.899332 346.6 86.186544 501.77 0
2043 10 17.464632 2.4868994 255.1 52.2768841 501.63 0
2043 11 8.872294 -0.810525 163.1 134.578128 503.06 0
2043 12 4.8623524 -4.4946623 125 65.806707 504.27 0
2044 1 -4.8825107 -17.445332 143.5 102.609473 508.43 0
2044 2 1.291748 -11.979036 209.8 63.358809025 509.35 0
2044 3 7.314237 -5.3803387 301.6 64.4708984 510.33 0
2044 4 12.578478 -0.29801103 391.2 75.803718 511.79 0
2044 5 20.884542 6.368399 461.6 89.7865214 512.33 0
2044 6 22.604256 11.519151 512.7 213.98628 511.78 0
2044 7 28.4252 13.868365 503.7 103.0781 510.26 0
2044 8 26.592472 11.209938 439.3 113.939105 507.67 0
2044 9 22.170055 7.455099 346.6 52.419483 506.67 0
2044 10 13.22735 1.2540326 255.1 89.4375048 506.53 0
2044 11 8.85685 -1.0139675 163.1 115.218759 507.96 0
2044 12 3.6771889 -5.846555 125 102.6933404 509.17 0
2045 1 -0.000277 -11.126402 143.5 79.0766724 513.46 0
2045 2 1.5438627 -11.375769 209.8 15.241285755 514.38 0
2045 3 6.2904506 -6.575776 301.6 92.5779815 515.36 0
2045 4 11.748297 0.84148806 391.2 156.30522 516.82 0
2045 5 17.501072 4.2696786 461.6 166.953445 517.36 0
2045 6 23.95001 11.100191 512.7 199.84536 516.81 0
2045 7 28.66787 15.773375 503.7 158.7594196 515.29 0
2045 8 26.930185 13.596353 439.3 124.252712 512.7 0
2045 9 22.00441 7.2914424 346.6 53.584782 511.7 0
2045 10 17.394953 2.3224196 255.1 49.9703818 511.56 0
2045 11 5.364932 -4.3404517 163.1 85.778196 512.99 0
2045 12 1.976099 -7.9725 125 49.3468695 514.2 0
2046 1 -4.4732265 -16.420359 143.5 62.3456748 518.61 0
2046 2 4.412486 -7.6451664 209.8 82.485160775 519.53 0
2046 3 5.687793 -7.482214 301.6 89.815494 520.51 0
2046 4 11.722421 1.0396008 391.2 194.735412 521.97 0
2046 5 21.849464 6.6571035 461.6 161.032724 522.51 0
2046 6 27.807163 12.638707 512.7 126.910701 521.96 0
2046 7 27.921732 13.901542 503.7 80.1869591 520.44 0
2046 8 29.713005 15.579462 439.3 116.1253366 517.85 0
2046 9 22.941774 10.1063175 346.6 124.936911 516.85 0
2046 10 15.032974 2.5274417 255.1 84.1436596 516.71 0
2046 11 7.020359 -0.6575334 163.1 177.60582 518.14 0
2046 12 -2.3377438 -13.942375 125 142.984586 519.35 0
2047 1 -5.071663 -17.10894 143.5 161.3275774 523.9 0
2047 2 3.4034579 -8.701538 209.8 100.29672645 524.82 0
2047 3 7.128982 -6.0516543 301.6 76.4815818 525.8 0
2047 4 15.345079 2.2288833 391.2 92.131326 527.26 0
2047 5 21.132689 5.790155 461.6 132.64156 527.8 0
2047 6 23.269766 11.128659 512.7 213.8826 527.25 0
2047 7 29.379734 14.46136 503.7 92.2561271 525.73 0
2047 8 27.507044 12.685957 439.3 81.6373437 523.14 0
2047 9 23.900225 9.791328 346.6 92.6127 522.14 0
2047 10 14.674981 1.3812238 255.1 77.920267 522 0
2047 11 8.206333 -2.9150288 163.1 60.734595 523.43 0
2047 12 2.481439 -6.5666213 125 65.3712748 524.64 0
2048 1 1.3302569 -9.415332 143.5 154.5338065 529.32 0
2048 2 -1.0075662 -13.878576 209.8 40.897115375 530.24 0
2048 3 6.1591554 -6.426408 301.6 76.848132 531.22 0
2048 4 15.070534 0.99793327 391.2 63.563712 532.68 0
2048 5 20.62261 4.822072 461.6 103.6427774 533.22 0
2048 6 27.157806 12.496057 512.7 112.545948 532.67 0
2048 7 27.671392 13.268096 503.7 87.6610312 531.15 0
2048 8 27.522917 13.368796 439.3 150.627884 528.56 0
2048 9 21.207014 7.916503 346.6 95.197707 527.56 0
2048 10 15.075501 2.3452172 255.1 48.9620169 527.42 0
2048 11 10.6071825 0.61674756 163.1 110.853531 528.85 0
2048 12 4.249995 -5.1663594 125 126.3317053 530.06 0
2049 1 -4.7676272 -16.924599 143.5 61.9753922 534.88 0
2049 2 2.3430464 -9.140228 209.8 94.817263225 535.8 0
2049 3 4.9911747 -7.657375 301.6 87.2240397 536.78 0
2049 4 14.947683 1.2595011 391.2 102.89982 538.24 0
2049 5 17.806736 3.8123884 461.6 140.953125 538.78 0
2049 6 25.453274 10.218794 512.7 68.34339 538.23 0
2049 7 28.515295 15.983515 503.7 119.412899 536.71 0
2049 8 26.886187 13.08085 439.3 133.1490517 534.12 0
2049 9 21.544338 8.286411 346.6 69.509448 533.12 0
2049 10 13.588811 1.2700485 255.1 130.664008 532.98 0
2049 11 8.07468 -2.2063243 163.1 132.65805 534.41 0
2049 12 3.1204467 -6.5955667 125 170.1312953 535.62 0
2050 1 1.5455874 -8.635728 143.5 107.1054712 540.54 0
2050 2 4.009456 -8.779303 209.8 16.07509185 541.46 0
2050 3 6.592827 -5.8415074 301.6 94.7494726 542.44 0
2050 4 15.573244 3.0969398 391.2 79.241229 543.9 0
2050 5 20.670712 2.7611957 461.6 49.5977184 544.44 0
2050 6 27.318254 12.375908 512.7 92.752491 543.89 0
2050 7 29.02176 15.028775 503.7 127.0912456 542.37 0
2050 8 27.623981 13.832538 439.3 124.26226 539.78 0
2050 9 20.94906 8.385416 346.6 58.85973 538.78 0
2050 10 16.898178 2.0639434 255.1 80.9995373 538.64 0
2050 11 7.012133 -2.4478383 163.1 63.09459 540.07 0
2050 12 1.4625024 -7.173815 125 58.8045138 541.28 0
2051 1 -1.5359905 -13.165019 143.5 104.8328333 546.32 0
2051 2 -0.4057564 -12.762103 209.8 64.623872275 547.24 0
2051 3 5.5809093 -7.424548 301.6 36.6034081 548.22 0
2051 4 15.617374 1.2517625 391.2 34.411812 549.68 0
2051 5 22.783808 7.5773244 461.6 128.4546876 550.22 0
2051 6 25.113161 11.311737 512.7 111.765939 549.67 0
2051 7 29.032116 15.167895 503.7 131.07327 548.15 0
2051 8 27.347422 14.662799 439.3 124.4341023 545.56 0
2051 9 21.390348 8.434769 346.6 83.175789 544.56 0
2051 10 17.707716 3.2783322 255.1 57.6853301 544.42 0
2051 11 8.9817705 -2.1858015 163.1 67.849746 545.85 0
2051 12 1.3760463 -8.26745 125 37.8616144 547.06 0
2052 1 -4.634663 -15.674254 143.5 70.8047285 552.21 0
2052 2 2.4070382 -9.690671 209.8 176.062912875 553.13 0
2052 3 5.980885 -5.9693074 301.6 67.4178204 554.11 0
2052 4 13.334517 -1.2809185 391.2 24.873552 555.57 0
2052 5 22.64385 7.5280447 461.6 87.2205956 556.11 0
2052 6 26.290169 11.647028 512.7 108.247512 555.56 0
2052 7 28.585651 14.042694 503.7 125.748214 554.04 0
2052 8 26.241446 13.243992 439.3 106.4333726 551.45 0
2052 9 21.006413 7.4049044 346.6 93.374511 550.45 0
2052 10 16.539581 3.6293085 255.1 91.3213252 550.31 0
2052 11 11.414652 0.15915798 163.1 105.922422 551.74 0
2052 12 5.972637 -4.727525 125 94.6031681 552.95 0
2053 1 -2.3564827 -16.959732 143.5 110.0628588 558.21 0
2053 2 -1.5018026 -14.433869 209.8 102.8230392 559.13 0
2053 3 8.98653 -4.112326 301.6 68.6092558 560.11 0
2053 4 14.663805 1.169178 391.2 88.638189 561.57 0
2053 5 21.178665 5.2958474 461.6 126.84332 562.11 0
2053 6 27.241392 12.426216 512.7 108.405375 561.56 0
2053 7 29.018452 14.016325 503.7 78.0033408 560.04 0
2053 8 30.01674 14.108363 439.3 93.1485675 557.45 0
2053 9 23.94018 9.126609 346.6 101.251086 556.45 0
2053 10 15.453296 3.099022 255.1 53.9108569 556.31 0
2053 11 10.275519 0.7347523 163.1 106.618458 557.74 0
2053 12 1.7604568 -7.3569384 125 95.8988813 558.95 0
2054 1 4.097058 -6.5923934 143.5 128.2751325 564.31 0
2054 2 2.5119648 -9.973463 209.8 41.9496906 565.23 0
2054 3 9.720842 -3.756588 301.6 86.50023 566.21 0
2054 4 13.431281 -0.6525569 391.2 76.908675 567.67 0
2054 5 19.65767 5.9405537 461.6 121.6694541 568.21 0
2054 6 27.197527 11.71879 512.7 93.836868 567.66 0
2054 7 29.425056 14.918072 503.7 102.6542556 566.14 0
2054 8 27.173004 13.227682 439.3 139.8107316 563.55 0
2054 9 22.254017 10.275563 346.6 129.777861 562.55 0
2054 10 17.167755 4.0124254 255.1 66.8046063 562.41 0
2054 11 11.452759 0.13089508 163.1 119.573364 563.84 0
2054 12 -1.7788174 -10.68309 125 137.973498 565.05 0
2055 1 -4.4802794 -17.67914 143.5 67.3664999 570.52 0
2055 2 0.73965013 -12.144052 209.8 60.84155605 571.44 0
2055 3 7.1582894 -5.377901 301.6 100.8682185 572.42 0
2055 4 14.991651 1.6013607 391.2 138.80238 573.88 0
2055 5 22.237848 8.081529 461.6 71.5271463 574.42 0
2055 6 26.524715 11.28088 512.7 57.430359 573.87 0
2055 7 30.050512 15.146429 503.7 79.8329112 572.35 0
2055 8 26.893248 14.025016 439.3 186.6086757 569.76 0
2055 9 23.338991 10.712265 346.6 90.306438 568.76 0
2055 10 18.635399 5.3405786 255.1 84.3352117 568.62 0
2055 11 5.918167 -3.3440382 163.1 90.350376 570.05 0
2055 12 -1.8291445 -10.443429 125 41.6656151 571.26 0
2056 1 1.2109971 -9.027029 143.5 138.3774156 576.84 0
2056 2 3.1912289 -9.5417 209.8 73.607112375 577.76 0
2056 3 8.069651 -4.8714237 301.6 28.7920901 578.74 0
2056 4 14.355531 0.39395827 391.2 72.416346 580.2 0
2056 5 22.821873 5.7314353 461.6 39.6030983 580.74 0
2056 6 24.985453 10.702792 512.7 74.40138 580.19 0
2056 7 29.414127 14.928209 503.7 105.9996113 578.67 0
2056 8 27.205997 15.653641 439.3 178.4879157 576.08 0
2056 9 21.869013 8.559775 346.6 103.31838 575.08 0
2056 10 15.303225 1.9660273 255.1 109.7910198 574.94 0
2056 11 7.4039345 -3.7216702 163.1 73.255578 576.37 0
2056 12 3.4955666 -5.781051 125 37.8733665 577.58 0
2057 1 1.8879743 -8.31806 143.5 89.014981 583.3 0
2057 2 -0.27220204 -12.828155 209.8 64.9150422 584.22 0
2057 3 7.479219 -5.098017 301.6 97.9113982 585.2 0
2057 4 14.498124 1.5206362 391.2 108.540174 586.66 0
2057 5 18.53971 3.4659321 461.6 38.8058527 587.2 0
2057 6 26.520926 12.768232 512.7 99.396924 586.65 0
2057 7 29.547993 15.283218 503.7 158.994071 585.13 0
2057 8 30.951273 14.2837925 439.3 106.466741 582.54 0
2057 9 25.152067 11.550637 346.6 166.67976 581.54 0
2057 10 14.061883 1.1759069 255.1 59.8610031 581.4 0
2057 11 7.4585075 -0.71146834 163.1 92.802366 582.83 0
2057 12 2.5241 -5.295008 125 70.6518334 584.04 0
2058 1 3.667045 -5.6423535 143.5 57.1417482 589.91 0
2058 2 1.7092496 -10.018422 209.8 138.8540045 590.83 0
2058 3 7.978819 -4.6199574 301.6 81.3221388 591.81 0
2058 4 17.81781 3.3484318 391.2 77.442792 593.27 0
2058 5 23.576452 8.350747 461.6 79.8991396 593.81 0
2058 6 26.163094 11.283613 512.7 142.83048 593.26 0
2058 7 30.478659 15.602301 503.7 130.238998 591.74 0
2058 8 28.177034 15.822547 439.3 179.7252683 589.15 0
2058 9 23.995924 9.129808 346.6 51.910455 588.15 0
2058 10 17.71892 3.167416 255.1 33.04135 588.01 0
2058 11 9.092435 -2.584142 163.1 57.697971 589.44 0
2058 12 3.3793893 -5.5603986 125 80.8136117 590.65 0
2059 1 1.3322009 -9.389275 143.5 40.542699 596.65 0
2059 2 0.7250907 -11.72059 209.8 73.32267725 597.57 0
2059 3 9.252869 -3.8239782 301.6 72.240664 598.55 0
2059 4 15.884544 3.0813503 391.2 77.823378 600.01 0
2059 5 24.112011 6.589194 461.6 67.1328715 600.55 0
2059 6 29.087893 13.155992 512.7 103.958682 600 0
2059 7 29.952204 16.739662 503.7 123.1148508 598.48 0
2059 8 27.973484 12.737213 439.3 105.1599515 595.89 0
2059 9 22.15941 9.112209 346.6 71.63049 594.89 0
2059 10 16.191439 2.804255 255.1 74.4993457 594.75 0
2059 11 10.131867 -0.46257415 163.1 62.63541 596.18 0
2059 12 2.1688166 -8.363747 125 97.3502393 597.39 0
2060 1 1.4858898 -8.040555 143.5 85.4553502 603.52 0
2060 2 1.1795831 -9.931019 209.8 106.33482495 604.44 0
2060 3 8.457593 -4.1778693 301.6 38.1028099 605.42 0
2060 4 15.869987 1.9388071 391.2 43.570605 606.88 0
2060 5 23.932266 7.911851 461.6 86.703869 607.42 0
2060 6 27.504957 11.9416065 512.7 105.368499 606.87 0
2060 7 28.275188 12.856789 503.7 94.654594 605.35 0
2060 8 28.702686 12.734963 439.3 89.8282226 602.76 0
2060 9 21.755964 8.782054 346.6 108.095799 601.76 0
2060 10 18.35447 4.3024654 255.1 50.5914203 601.62 0
2060 11 8.53446 -2.4905293 163.1 116.81616 603.05 0
2060 12 3.5107503 -5.136908 125 57.0128347 604.26 0
2061 1 0.31987137 -11.082266 143.5 74.0285487 610.52 0
2061 2 1.0815572 -11.140383 209.8 64.826074475 611.44 0
2061 3 12.167359 0.39583096 301.6 76.930623 612.42 0
2061 4 11.435432 -1.2923973 391.2 62.067777 613.88 0
2061 5 18.41712 2.492216 461.6 120.3386644 614.42 0
2061 6 26.788116 11.905774 512.7 96.26781 613.87 0
2061 7 32.615288 15.896111 503.7 87.9206252 612.35 0
2061 8 27.742264 14.016974 439.3 143.654341 609.76 0
2061 9 23.144579 7.5571856 346.6 31.378215 608.76 0
2061 10 16.326605 3.2348511 255.1 99.4687979 608.62 0
2061 11 6.499212 -2.6323624 163.1 101.133771 610.05 0
2061 12 1.3994746 -7.623414 125 101.603926 611.26 0
2062 1 -1.6034914 -11.429073 143.5 140.5330657 617.61 0
2062 2 -0.34428972 -12.94444 209.8 48.33289675 618.53 0
2062 3 7.1355314 -5.5978966 301.6 38.7102611 619.51 0
2062 4 15.112691 0.36205265 391.2 47.364024 620.97 0
2062 5 22.71264 9.5759535 461.6 159.3301513 621.51 0
2062 6 26.639174 10.943384 512.7 54.127614 620.96 0
2062 7 28.14681 15.719627 503.7 163.744759 619.44 0
2062 8 30.459213 15.688346 439.3 139.63857 616.85 0
2062 9 24.496265 11.222909 346.6 87.954198 615.85 0
2062 10 15.990385 2.3498895 255.1 28.4804905 615.71 0
2062 11 7.708905 -2.2402656 163.1 98.657304 617.14 0
2062 12 3.1134262 -5.923682 125 208.5566075 618.35 0
2063 1 -0.5991086 -11.79836 143.5 53.5942198 624.76 0
2063 2 3.6439013 -8.395146 209.8 69.31529045 625.68 0
2063 3 5.0906277 -6.334013 301.6 103.0593016 626.66 0
2063 4 15.968965 2.5658655 391.2 101.506455 628.12 0
2063 5 18.806177 6.4851975 461.6 191.594384 628.66 0
2063 6 28.777018 12.502191 512.7 43.861614 628.11 0
2063 7 29.854876 13.962163 503.7 92.9673105 626.59 0
2063 8 27.81522 12.841412 439.3 137.6156867 624 0
2063 9 22.466627 9.171078 346.6 64.126452 623 0
2063 10 19.772987 5.288005 255.1 51.153348 622.86 0
2063 11 6.7051086 -2.355429 163.1 163.479222 624.29 0
2063 12 -1.5814456 -9.101652 125 32.7967817 625.5 0
2064 1 1.7856708 -8.157478 143.5 64.8438253 631.99 0
2064 2 5.544692 -6.288903 209.8 99.712146375 632.91 0
2064 3 6.6941943 -5.9146748 301.6 78.9351791 633.89 0
2064 4 13.067747 -0.79564345 391.2 58.74729 635.35 0
2064 5 20.72502 4.59797 461.6 55.2316584 635.89 0
2064 6 26.786829 12.018439 512.7 90.504633 635.34 0
2064 7 31.194214 15.574736 503.7 82.5941928 633.82 0
2064 8 29.17189 13.271784 439.3 96.7962848 631.23 0
2064 9 23.66515 10.208042 346.6 82.179495 630.23 0
2064 10 15.235588 5.880379 255.1 171.687207 630.09 0
2064 11 11.860257 1.3405482 163.1 116.133105 631.52 0
2064 12 3.1967876 -6.2696085 125 259.630146 632.73 0
2065 1 -1.0655532 -11.888022 143.5 50.7910355 639.29 0
2065 2 -0.11845319 -12.456616 209.8 41.891690525 640.21 0
2065 3 8.133429 -3.6147919 301.6 61.4153772 641.19 0
2065 4 11.877674 -0.4725314 391.2 87.753711 642.65 0
2065 5 22.576397 8.945541 461.6 142.164698 643.19 0
2065 6 26.730888 12.235237 512.7 106.46793 642.64 0
2065 7 30.410858 16.043278 503.7 82.2727073 641.12 0
2065 8 28.891966 14.323812 439.3 97.4148526 638.53 0
2065 9 26.00509 9.91161 346.6 58.381686 637.53 0
2065 10 16.507563 5.6389627 255.1 86.4627634 637.39 0
2065 11 6.831547 -2.9041147 163.1 66.008805 638.82 0
2065 12 5.5569363 -3.637148 125 203.5208714 640.03 0
2066 1 -0.08711244 -9.958984 143.5 32.17087 646.65 0
2066 2 -0.39795086 -12.501826 209.8 41.48942465 647.57 0
2066 3 8.538273 -3.1113052 301.6 80.565187 648.55 0
2066 4 15.450787 1.7823265 391.2 80.77647 650.01 0
2066 5 23.17187 6.4052205 461.6 36.763954 650.55 0
2066 6 28.233181 12.468332 512.7 83.719476 650 0
2066 7 30.60267 14.742471 503.7 86.614186 648.48 0
2066 8 28.542099 15.986438 439.3 137.221872 645.89 0
2066 9 22.016958 9.448638 346.6 116.206011 644.89 0
2066 10 19.82614 6.2056556 255.1 31.6579564 644.75 0
2066 11 9.54927 -0.84090257 163.1 90.051414 646.18 0
2066 12 4.4654613 -3.5091016 125 72.744228 647.39 0
2067 1 -1.3577042 -12.426149 143.5 61.7357343 654.1 0
2067 2 3.1241026 -8.402874 209.8 98.43833975 655.02 0
2067 3 6.8665414 -4.791006 301.6 101.7941172 656 0
2067 4 18.262789 3.644542 391.2 73.597641 657.46 0
2067 5 24.743391 10.046332 461.6 134.3977565 658 0
2067 6 28.929409 15.934815 512.7 217.46517 657.45 0
2067 7 30.65164 14.747629 503.7 78.6968418 655.93 0
2067 8 30.765995 14.912557 439.3 128.5222583 653.34 0
2067 9 23.083591 8.701514 346.6 54.491319 652.34 0
2067 10 19.847055 5.715669 255.1 48.1068788 652.2 0
2067 11 10.695768 1.277731 163.1 118.025679 653.63 0
2067 12 6.600256 -2.9860535 125 255.713544 654.84 0
2068 1 -3.0812113 -14.154558 143.5 103.274547 661.64 0
2068 2 -1.3150012 -13.676694 209.8 163.4776085 662.56 0
2068 3 6.9553638 -5.6216764 301.6 30.41039426 663.54 0
2068 4 18.708014 4.5777626 391.2 85.131348 665 0
2068 5 22.821693 8.432552 461.6 117.7919803 665.54 0
2068 6 27.336414 12.595733 512.7 181.088034 664.99 0
2068 7 31.496672 16.622374 503.7 121.326188 663.47 0
2068 8 30.5588 15.461454 439.3 100.3601471 660.88 0
2068 9 24.981838 11.877619 346.6 121.08552 659.88 0
2068 10 16.328245 4.111816 255.1 99.44924 659.74 0
2068 11 9.638898 0.6082593 163.1 56.779428 661.17 0
2068 12 5.1288953 -3.3782675 125 90.998733 662.38 0
2069 1 1.0160681 -8.278729 143.5 134.072179 669.3 0
2069 2 -1.8367816 -14.35091 209.8 75.871406375 670.22 0
2069 3 7.372453 -4.570191 301.6 101.857723 671.2 0
2069 4 15.608084 2.259112 391.2 89.401611 672.66 0
2069 5 22.749578 5.731918 461.6 32.6909043 673.2 0
2069 6 28.549078 12.758212 512.7 63.103974 672.65 0
2069 7 32.106976 16.751715 503.7 107.0232313 671.13 0
2069 8 32.02887 17.581654 439.3 143.609453 668.54 0
2069 9 23.474157 9.38685 346.6 64.593543 667.54 0
2069 10 17.416416 5.5222344 255.1 113.795296 667.4 0
2069 11 7.841525 -0.509739 163.1 72.139398 668.83 0
2069 12 3.2236757 -5.234036 125 40.0610985 670.04 0
2070 1 1.2148722 -8.970873 143.5 45.7238468 677.08 0
2070 2 1.8292663 -9.442774 209.8 89.018391375 678 0
2070 3 6.4585805 -5.5922074 301.6 73.36553 678.98 0
2070 4 10.964411 -0.6331202 391.2 69.02229 680.44 0
2070 5 19.952755 6.3818517 461.6 91.849559 680.98 0
2070 6 27.106936 12.370151 512.7 133.737432 680.43 0
2070 7 31.646456 16.46997 503.7 147.429614 678.91 0
2070 8 29.44235 14.034541 439.3 118.4538427 676.32 0
2070 9 22.55832 9.367231 346.6 125.51496 675.32 0
2070 10 16.289927 2.788905 255.1 46.1530015 675.18 0
2070 11 7.6715736 -0.53078806 163.1 98.223804 676.61 0
2070 12 3.5805254 -5.3476157 125 103.9863535 677.82 0
2071 1 0.02917322 -10.44516 143.5 107.8295289 684.95 0
2071 2 -1.5688167 -14.276678 209.8 62.552667025 685.87 0
2071 3 6.8226156 -5.0233283 301.6 79.1569748 686.85 0
2071 4 14.376899 0.63437206 391.2 86.866644 688.31 0
2071 5 23.936996 8.084755 461.6 105.6456037 688.85 0
2071 6 28.998842 13.430149 512.7 103.38429 688.3 0
2071 7 30.176447 14.345623 503.7 52.3290447 686.78 0
2071 8 29.031855 13.320113 439.3 114.705022 684.19 0
2071 9 22.662838 9.581759 346.6 80.51478 683.19 0
2071 10 16.825794 4.2522564 255.1 92.4438941 683.05 0
2071 11 11.364205 3.231135 163.1 103.385139 684.48 0
2071 12 5.5374107 -2.4412599 125 161.800594 685.69 0
2072 1 2.8104982 -7.130834 143.5 56.6290733 692.9 0
2072 2 0.29823533 -11.713676 209.8 105.14328515 693.82 0
2072 3 7.3354764 -4.699386 301.6 70.5042424 694.8 0
2072 4 15.275414 1.7134143 391.2 39.397584 696.26 0
2072 5 19.175577 5.9273596 461.6 127.366414 696.8 0
2072 6 26.866302 13.237448 512.7 110.179425 696.25 0
2072 7 29.3761 15.294124 503.7 156.88387 694.73 0
2072 8 29.85673 15.138943 439.3 98.0117607 692.14 0
2072 9 22.74015 10.097242 346.6 88.395975 691.14 0
2072 10 19.947147 6.3932123 255.1 79.4049872 691 0
2072 11 15.214774 3.6395633 163.1 70.65255 692.43 0
2072 12 5.2179184 -5.087994 125 63.2676644 693.64 0
2073 1 2.6852214 -8.1407 143.5 68.636666 700.89 0
2073 2 -0.1550552 -11.947689 209.8 64.48443875 701.81 0
2073 3 6.1841955 -6.720077 301.6 31.1143528 702.79 0
2073 4 12.345863 -0.2460062 391.2 67.355211 704.25 0
2073 5 19.346752 6.0610175 461.6 143.935573 704.79 0
2073 6 28.780817 12.862013 512.7 50.564991 704.24 0
2073 7 31.911905 15.887465 503.7 62.1641078 702.72 0
2073 8 29.53957 14.95873 439.3 111.7150317 700.13 0
2073 9 24.263226 10.738467 346.6 119.310087 699.13 0
2073 10 17.71575 5.7959194 255.1 104.400033 698.99 0
2073 11 9.249467 1.2808139 163.1 109.837038 700.42 0
2073 12 4.025331 -4.159634 125 53.8124536 701.63 0
2074 1 1.4976598 -8.848148 143.5 84.6742711 708.93 0
2074 2 0.36363664 -10.5495615 209.8 140.569867125 709.85 0
2074 3 5.633176 -7.3422403 301.6 107.3926614 710.83 0
2074 4 16.693975 4.020567 391.2 70.664541 712.29 0
2074 5 24.101969 8.842366 461.6 63.8494507 712.83 0
2074 6 28.996756 11.574681 512.7 49.748712 712.28 0
2074 7 31.364332 14.489134 503.7 91.6916481 710.76 0
2074 8 30.514032 16.140835 439.3 96.361795 708.17 0
2074 9 26.358164 12.205397 346.6 85.672839 707.17 0
2074 10 18.705936 2.9840348 255.1 48.2057595 707.03 0
2074 11 9.727329 1.3403273 163.1 121.842855 708.46 0
2074 12 4.5947046 -4.6525493 125 189.6918086 709.67 0
2075 1 2.4097369 -7.386569 143.5 112.1428565 717.02 0
2075 2 3.9023685 -6.5351157 209.8 69.332638775 717.94 0
2075 3 6.7360473 -4.920677 301.6 104.6002093 718.92 0
2075 4 17.00655 2.1817749 391.2 33.701619 720.38 0
2075 5 21.274523 6.826393 461.6 107.5501569 720.92 0
2075 6 28.81351 15.116189 512.7 97.69395 720.37 0
2075 7 32.87721 16.001652 503.7 61.9723573 718.85 0
2075 8 32.368484 16.695726 439.3 92.554995 716.26 0
2075 9 26.9927 12.048748 346.6 50.032413 715.26 0
2075 10 18.188381 4.43452 255.1 97.5477868 715.12 0
2075 11 9.698519 1.8252486 163.1 182.70408 716.55 0
2075 12 3.987218 -3.2787666 125 65.1997022 717.76 0
2076 1 3.325611 -6.534712 143.5 90.2282497 725.14 0
2076 2 1.797265 -9.36048 209.8 63.27964405 726.06 0
2076 3 5.7467504 -6.668731 301.6 75.5408899 727.04 0
2076 4 16.896189 3.1898155 391.2 66.71751 728.5 0
2076 5 23.278471 8.225304 461.6 74.2918131 729.04 0
2076 6 28.514584 14.199807 512.7 116.93607 728.49 0
2076 7 32.29564 16.023647 503.7 62.327825 726.97 0
2076 8 29.13276 14.833405 439.3 106.9859724 724.38 0
2076 9 25.4186 10.9287195 346.6 55.716363 723.38 0
2076 10 18.315798 4.2355456 255.1 107.1502972 723.24 0
2076 11 7.4212885 -2.0047586 163.1 80.553624 724.67 0
2076 12 3.6895516 -4.5679636 125 76.6319225 725.88 0
2077 1 0.3077954 -8.87443 143.5 81.5525618 733.31 0
2077 2 3.382309 -7.289075 209.8 184.4440692 734.23 0
2077 3 6.603535 -6.18796 301.6 69.393965 735.21 0
2077 4 15.316019 2.8717437 391.2 154.240395 736.67 0
2077 5 24.68177 7.2428308 461.6 55.999237 737.21 0
2077 6 29.797256 14.511852 512.7 130.268241 736.66 0
2077 7 31.69965 15.939196 503.7 87.2048848 735.14 0
2077 8 30.65344 16.864586 439.3 127.7886867 732.55 0
2077 9 23.201532 9.159255 346.6 93.177924 731.55 0
2077 10 17.747694 4.0094986 255.1 70.7483302 731.41 0
2077 11 6.532536 -2.7020795 163.1 83.76024 732.84 0
2077 12 -1.7029413 -9.968412 125 82.355003 734.05 0
2078 1 0.17539676 -11.144677 143.5 99.601357 741.52 0
2078 2 2.9433825 -9.675674 209.8 55.33268175 742.44 0
2078 3 8.93837 -3.016162 301.6 93.9617502 743.42 0
2078 4 18.03853 4.9885783 391.2 129.7635 744.88 0
2078 5 20.51288 6.4490604 461.6 153.6262257 745.42 0
2078 6 27.531515 13.147838 512.7 97.671711 744.87 0
2078 7 30.066565 15.873671 503.7 146.2593888 743.35 0
2078 8 28.954098 15.013475 439.3 209.667229 740.76 0
2078 9 24.69557 10.509214 346.6 103.370361 739.76 0
2078 10 16.454823 3.1807733 255.1 79.3977518 739.62 0
2078 11 9.0687275 -0.2305353 163.1 241.49985 741.05 0
2078 12 -0.2637311 -7.5010524 125 149.543039 742.26 0
2079 1 1.9433254 -6.5234237 143.5 176.2674446 749.8 0
2079 2 6.5296826 -6.430862 209.8 67.1986931 750.72 0
2079 3 10.662265 -0.12891366 301.6 127.196751 751.7 0
2079 4 14.591961 2.3557637 391.2 176.082831 753.16 0
2079 5 26.762722 11.029737 461.6 69.8529355 753.7 0
2079 6 27.33383 12.413041 512.7 72.269196 753.15 0
2079 7 33.402294 16.544207 503.7 79.752584 751.63 0
2079 8 29.891752 14.829613 439.3 84.028755 749.04 0
2079 9 23.344364 9.1612425 346.6 91.291416 748.04 0
2079 10 16.99053 3.8501983 255.1 72.1596734 747.9 0
2079 11 13.5488 1.6566066 163.1 121.432215 749.33 0
2079 12 4.23226 -3.5932963 125 34.391307 750.54 0
2080 1 1.8931295 -7.0067334 143.5 149.1959568 758.18 0
2080 2 2.6150749 -10.475747 209.8 17.1793787 759.1 0
2080 3 8.380625 -4.501709 301.6 68.1544734 760.08 0
2080 4 17.941374 3.9901476 391.2 66.977199 761.54 0
2080 5 21.468939 7.499456 461.6 54.00851 762.08 0
2080 6 29.224033 13.388265 512.7 91.901094 761.53 0
2080 7 31.785519 17.186075 503.7 139.1955366 760.01 0
2080 8 29.315008 15.45338 439.3 88.513246 757.42 0
2080 9 24.505558 10.573205 346.6 111.14178 756.42 0
2080 10 19.5931 4.991515 255.1 78.3677458 756.28 0
2080 11 11.221388 1.2323424 163.1 125.880159 757.71 0
2080 12 3.9313831 -4.579468 125 104.580298 758.92 0
2081 1 -3.02697 -15.007437 143.5 97.6494854 766.64 0
2081 2 2.8538854 -10.206752 209.8 93.43272225 767.56 0
2081 3 8.321326 -4.4512777 301.6 142.4708633 768.54 0
2081 4 17.46582 3.4518297 391.2 54.770433 770 0
2081 5 26.360962 9.948305 461.6 72.7890292 770.54 0
2081 6 32.27539 14.197317 512.7 53.237358 769.99 0
2081 7 31.931496 15.332869 503.7 89.3415567 768.47 0
2081 8 29.141138 15.080624 439.3 145.374872 765.88 0
2081 9 26.63753 11.697018 346.6 76.794705 764.88 0
2081 10 20.139414 5.687232 255.1 43.4539462 764.74 0
2081 11 7.363264 -2.3282351 163.1 131.44302 766.17 0
2081 12 4.1358356 -3.8414714 125 61.7122642 767.38 0
2082 1 0.10863381 -9.310439 143.5 68.6124984 775.17 0
2082 2 7.823798 -4.0130143 209.8 162.71755355 776.09 0
2082 3 10.136846 -1.2922304 301.6 94.8188909 777.07 0
2082 4 17.470266 3.7792387 391.2 195.34428 778.53 0
2082 5 21.639624 8.002767 461.6 131.473914 779.07 0
2082 6 28.312721 13.709721 512.7 89.096862 778.52 0
2082 7 31.487638 17.006704 503.7 80.5624218 777 0
2082 8 29.995922 14.620525 439.3 84.7788775 774.41 0
2082 9 25.185331 11.18789 346.6 108.85083 773.41 0
2082 10 17.74328 5.100797 255.1 49.8174836 773.27 0
2082 11 9.172452 -1.5147991 163.1 62.598582 774.7 0
2082 12 2.214769 -5.72461 125 27.3055626 775.91 0
2083 1 1.8830997 -8.005072 143.5 66.3342464 783.75 0
2083 2 1.1408893 -11.612825 209.8 34.375518125 784.67 0
2083 3 7.6077867 -4.553248 301.6 70.3554455 785.65 0
2083 4 16.315748 1.9039367 391.2 102.635001 787.11 0
2083 5 24.503065 10.028671 461.6 130.179106 787.65 0
2083 6 29.188862 13.837632 512.7 71.642469 787.1 0
2083 7 32.391407 16.821705 503.7 103.5421762 785.58 0
2083 8 31.26611 17.243692 439.3 124.050251 782.99 0
2083 9 23.51341 10.172749 346.6 122.93592 781.99 0
2083 10 17.062113 4.6002884 255.1 89.9189317 781.85 0
2083 11 6.8191557 -2.0930216 163.1 254.40204 783.28 0
2083 12 5.219639 -3.7794735 125 180.3608613 784.49 0
2084 1 0.58557916 -10.940662 143.5 58.1794608 792.37 0
2084 2 2.068204 -10.189452 209.8 55.2084891 793.29 0
2084 3 8.629195 -4.4009333 301.6 59.4359683 794.27 0
2084 4 19.9309 5.0401692 391.2 59.327694 795.73 0
2084 5 22.142809 6.3552804 461.6 79.8640569 796.27 0
2084 6 28.045753 13.365306 512.7 128.545731 795.72 0
2084 7 32.686375 16.707731 503.7 86.679751 794.2 0
2084 8 31.057026 14.899663 439.3 77.2620905 791.61 0
2084 9 25.588837 10.921887 346.6 60.058893 790.61 0
2084 10 17.639767 5.456525 255.1 107.4850786 790.47 0
2084 11 7.693565 -2.4947 163.1 50.328066 791.9 0
2084 12 4.788491 -4.5932345 125 204.095537 793.11 0
2085 1 2.4262104 -9.079221 143.5 145.2218126 801.02 0
2085 2 1.8851466 -9.804693 209.8 59.33485925 801.94 0
2085 3 10.486054 -1.2479372 301.6 102.164468 802.92 0
2085 4 16.784567 2.9722033 391.2 114.155766 804.38 0
2085 5 23.895536 7.2417645 461.6 33.610355 804.92 0
2085 6 31.703762 14.078762 512.7 46.620282 804.37 0
2085 7 31.137405 16.475441 503.7 105.931371 802.85 0
2085 8 30.777357 16.457502 439.3 122.5271869 800.26 0
2085 9 23.150928 8.385939 346.6 112.728195 799.26 0
2085 10 17.571922 4.776192 255.1 56.4760852 799.12 0
2085 11 9.093236 1.06153 163.1 88.023498 800.55 0
2085 12 2.4973686 -8.115202 125 213.29147 801.76 0
2086 1 -1.1668061 -12.476853 143.5 92.3162826 809.71 0
2086 2 1.0603375 -10.974182 209.8 54.810302525 810.63 0
2086 3 9.675186 -3.8140388 301.6 32.3303309 811.61 0
2086 4 14.434855 2.3753722 391.2 131.254548 813.07 0
2086 5 25.418865 9.765928 461.6 69.8319082 813.61 0
2086 6 29.630198 13.568879 512.7 104.925612 813.06 0
2086 7 33.13688 17.299511 503.7 142.3930068 811.54 0
2086 8 30.432945 16.058018 439.3 155.539183 808.95 0
2086 9 24.715342 12.321597 346.6 112.098018 807.95 0
2086 10 19.484352 5.476023 255.1 43.0481655 807.81 0
2086 11 10.289921 0.25110504 163.1 80.690382 809.24 0
2086 12 2.7569401 -6.542218 125 67.3257752 810.45 0
2087 1 3.3925188 -5.3408356 143.5 107.3837117 818.42 0
2087 2 1.808529 -10.221583 209.8 122.092997 819.34 0
2087 3 11.072563 -0.48838407 301.6 150.2974767 820.32 0
2087 4 15.200026 0.74002564 391.2 68.521308 821.78 0
2087 5 25.639254 7.716023 461.6 32.3330248 822.32 0
2087 6 29.144453 14.198586 512.7 119.629611 821.77 0
2087 7 31.47916 15.550801 503.7 92.6147754 820.25 0
2087 8 31.541471 16.187939 439.3 138.744437 817.66 0
2087 9 27.63475 14.339731 346.6 89.647158 816.66 0
2087 10 19.289417 7.393097 255.1 123.8877893 816.52 0
2087 11 7.0742683 -2.2511144 163.1 62.532729 817.95 0
2087 12 -1.0887363 -9.846191 125 57.6960561 819.16 0
2088 1 1.7423983 -7.510917 143.5 91.2606458 827.16 0
2088 2 2.052012 -8.845991 209.8 76.405517825 828.08 0
2088 3 8.209135 -3.6717458 301.6 118.7380383 829.06 0
2088 4 14.55093 2.3979032 391.2 86.337075 830.52 0
2088 5 25.75829 11.2112665 461.6 108.4735694 831.06 0
2088 6 28.423426 12.536936 512.7 99.816834 830.51 0
2088 7 31.532614 15.721023 503.7 92.8775965 828.99 0
2088 8 30.23987 17.595734 439.3 182.099673 826.4 0
2088 9 25.614422 11.452146 346.6 52.787133 825.4 0
2088 10 19.389622 6.1295047 255.1 127.377512 825.26 0
2088 11 7.6042814 -0.54079616 163.1 68.493849 826.69 0
2088 12 -0.5132556 -9.885157 125 48.7603929 827.9 0
2089 1 2.2625935 -8.237904 143.5 51.2328692 835.96 0
2089 2 4.431451 -7.1413555 209.8 64.95180675 836.88 0
2089 3 9.395283 -4.1277523 301.6 25.0658498 837.86 0
2089 4 16.272343 2.2804232 391.2 28.068333 839.32 0
2089 5 22.506207 7.3498583 461.6 94.282625 839.86 0
2089 6 26.378374 12.024383 512.7 57.652902 839.31 0
2089 7 34.48269 17.857325 503.7 79.6796348 837.79 0
2089 8 30.271502 15.812989 439.3 173.154437 835.2 0
2089 9 24.764313 11.340251 346.6 84.155775 834.2 0
2089 10 19.122509 6.2015285 255.1 97.3069726 834.06 0
2089 11 12.558046 1.6491481 163.1 68.429655 835.49 0
2089 12 2.9596546 -6.232911 125 164.0928363 836.7 0
2090 1 5.9068713 -1.5799738 143.5 155.519126 844.8 0
2090 2 5.5002003 -5.7867246 209.8 94.41045475 845.72 0
2090 3 8.060651 -4.403186 301.6 88.4688075 846.7 0
2090 4 12.629648 2.067613 391.2 82.491645 848.16 0
2090 5 24.611599 7.9151335 461.6 54.2194526 848.7 0
2090 6 29.540125 13.31622 512.7 67.636701 848.15 0
2090 7 31.600004 17.362047 503.7 128.8764767 846.63 0
2090 8 30.191677 15.882336 439.3 132.549583 844.04 0
2090 9 24.806652 11.679154 346.6 183.02028 843.04 0
2090 10 21.615091 8.145806 255.1 65.830298 842.9 0
2090 11 13.230696 1.9066423 163.1 98.724618 844.33 0
2090 12 2.3716245 -4.9314566 125 55.2334719 845.54 0
2091 1 0.47035727 -8.715987 143.5 243.11657 853.73 0
2091 2 5.8444114 -5.7874017 209.8 98.23099605 854.65 0
2091 3 7.2852097 -4.216163 301.6 95.6620165 855.63 0
2091 4 17.40585 3.9884171 391.2 76.5873 857.09 0
2091 5 25.484816 9.606942 461.6 51.627927 857.63 0
2091 6 31.168308 13.425979 512.7 101.1108 857.08 0
2091 7 32.11746 16.853132 503.7 77.6146349 855.56 0
2091 8 30.363201 16.050121 439.3 126.5768347 852.97 0
2091 9 24.679047 11.476323 346.6 87.536844 851.97 0
2091 10 21.284578 7.4228663 255.1 74.6253173 851.83 0
2091 11 9.197182 -0.06337759 163.1 90.2634 853.26 0
2091 12 4.3685684 -4.406795 125 204.1442535 854.47 0
2092 1 1.2025886 -9.430349 143.5 52.9432818 862.73 0
2092 2 2.2786899 -8.949551 209.8 99.304193775 863.65 0
2092 3 6.169087 -6.136226 301.6 45.9751266 864.63 0
2092 4 15.185426 1.9953648 391.2 141.85908 866.09 0
2092 5 24.953373 9.923265 461.6 117.4698376 866.63 0
2092 6 25.809343 11.603572 512.7 101.200554 866.08 0
2092 7 31.526302 18.644411 503.7 153.3050564 864.56 0
2092 8 32.43624 16.684124 439.3 73.0847568 861.97 0
2092 9 24.109434 10.802552 346.6 86.128191 860.97 0
2092 10 16.854362 4.19358 255.1 145.187508 860.83 0
2092 11 7.9100027 -1.5666945 163.1 91.524252 862.26 0
2092 12 5.0139904 -3.6872296 125 49.8648082 863.47 0
2093 1 2.044656 -8.436751 143.5 54.8671976 871.78 0
2093 2 2.2084546 -9.461732 209.8 117.03169875 872.7 0
2093 3 8.169603 -3.9442873 301.6 120.1101665 873.68 0
2093 4 17.395634 3.072118 391.2 39.057528 875.14 0
2093 5 22.368645 5.9098644 461.6 32.3916985 875.68 0
2093 6 29.72788 14.707152 512.7 205.53999 875.13 0
2093 7 35.15328 18.252756 503.7 65.567356 873.61 0
2093 8 32.239372 16.642921 439.3 76.2061654 871.02 0
2093 9 23.987335 11.518557 346.6 80.053848 870.02 0
2093 10 21.822432 7.9279327 255.1 72.2849878 869.88 0
2093 11 12.406111 2.573238 163.1 119.929842 871.31 0
2093 12 3.1059415 -6.6972365 125 54.5008985 872.52 0
2094 1 0.25584748 -10.947218 143.5 120.2034393 880.86 0
2094 2 2.6310258 -9.421912 209.8 104.029085375 881.78 0
2094 3 6.643599 -5.393262 301.6 99.7230692 882.76 0
2094 4 17.591019 3.5754325 391.2 73.413168 884.22 0
2094 5 25.454206 11.197007 461.6 137.725219 884.76 0
2094 6 29.729183 12.7581415 512.7 51.836367 884.21 0
2094 7 34.779713 18.002913 503.7 137.520495 882.69 0
2094 8 31.113716 16.715673 439.3 145.143302 880.1 0
2094 9 27.446001 12.986081 346.6 55.421361 879.1 0
2094 10 18.8465 7.220158 255.1 134.9384213 878.96 0
2094 11 14.202442 3.4579751 163.1 140.500716 880.39 0
2094 12 0.21865161 -8.586077 125 150.422571 881.6 0
2095 1 0.8073946 -9.34365 143.5 97.249325 889.98 0
2095 2 6.6051173 -5.2907767 209.8 66.773861125 890.9 0
2095 3 9.102119 -3.2574816 301.6 99.8208277 891.88 0
2095 4 17.541529 2.6866097 391.2 69.640002 893.34 0
2095 5 26.2866 8.793816 461.6 53.3038738 893.88 0
2095 6 28.917234 13.9878025 512.7 167.08329 893.33 0
2095 7 33.553562 17.8526 503.7 88.7192286 891.81 0
2095 8 32.705616 17.5447 439.3 132.5643514 889.22 0
2095 9 25.071562 11.180567 346.6 78.338571 888.22 0
2095 10 23.087587 9.149105 255.1 50.7617281 888.08 0
2095 11 9.087768 -0.37100658 163.1 123.336525 889.51 0
2095 12 2.1396644 -5.6393776 125 114.940529 890.72 0
2096 1 -0.14705187 -9.823994 143.5 117.340952 899.12 0
2096 2 1.5628432 -9.775638 209.8 84.12685585 900.04 0
2096 3 6.7072563 -4.431934 301.6 103.8481555 901.02 0
2096 4 16.333672 2.6517859 391.2 76.219932 902.48 0
2096 5 27.56643 12.086973 461.6 93.8011609 903.02 0
2096 6 30.007607 13.857672 512.7 96.045171 902.47 0
2096 7 32.673775 18.391212 503.7 129.9011476 900.95 0
2096 8 31.929914 16.619377 439.3 101.7856387 898.36 0
2096 9 26.238354 12.315871 346.6 142.693335 897.36 0
2096 10 17.739914 5.648353 255.1 102.429611 897.22 0
2096 11 11.485657 2.0787513 163.1 164.69832 898.65 0
2096 12 3.9892085 -4.52765 125 75.9079764 899.86 0
2097 1 1.4047881 -8.249473 143.5 94.658717 908.29 0
2097 2 5.256856 -6.3479104 209.8 45.392696075 909.21 0
2097 3 6.8301005 -5.816622 301.6 41.6131104 910.19 0
2097 4 14.939719 1.699873 391.2 74.640771 911.65 0
2097 5 22.370525 8.788552 461.6 85.956118 912.19 0
2097 6 31.244545 14.0095005 512.7 65.28654 911.64 0
2097 7 31.641264 18.669847 503.7 135.732167 910.12 0
2097 8 31.086573 16.391006 439.3 126.888518 907.53 0
2097 9 26.11855 12.959318 346.6 90.230004 906.53 0
2097 10 19.85613 7.529804 255.1 110.452628 906.39 0
2097 11 14.249876 3.35876 163.1 61.473741 907.82 0
2097 12 3.9811902 -5.253056 125 196.533893 909.03 0
2098 1 -3.8329716 -15.976188 143.5 68.3183983 917.47 0
2098 2 6.0126376 -5.3268166 209.8 121.83966795 918.39 0
2098 3 6.997329 -5.1142454 301.6 45.0946646 919.37 0
2098 4 13.542594 0.21316619 391.2 105.370959 920.83 0
2098 5 24.863197 10.023923 461.6 217.1137483 921.37 0
2098 6 27.102678 11.014267 512.7 57.154254 920.82 0
2098 7 31.541754 16.851349 503.7 165.316366 919.3 0
2098 8 30.67958 16.65151 439.3 117.2200954 916.71 0
2098 9 24.173313 10.895013 346.6 71.227704 915.71 0
2098 10 19.633839 8.466452 255.1 184.1303187 915.57 0
2098 11 14.168431 1.1070943 163.1 55.364511 917 0
2098 12 4.0287385 -4.948568 125 145.6655807 918.21 0
2099 1 3.12446 -6.2741346 143.5 85.3571763 926.67 0
2099 2 3.8118882 -6.6094904 209.8 58.358135275 927.59 0
2099 3 7.860937 -4.3349156 301.6 60.5425815 928.57 0
2099 4 19.698738 4.705765 391.2 89.86029 930.03 0
2099 5 23.975782 8.500899 461.6 70.628757 930.57 0
2099 6 28.030691 12.551257 512.7 96.093585 930.02 0
2099 7 33.87055 17.762667 503.7 80.0005747 928.5 0
2099 8 31.997145 15.327419 439.3 90.9591677 925.91 0
2099 9 26.309275 12.936858 346.6 94.51155 924.91 0
2099 10 19.410276 6.8751636 255.1 73.928149 924.77 0
2099 11 14.565301 2.9409013 163.1 91.934895 926.2 0
2099 12 5.0990024 -3.481473 125 108.810341 927.41 0
2100-2200 1 3.12446 -6.2741346 143.5 85.3571763 926.67 0
2100-2200 2 3.8118882 -6.6094904 209.8 58.358135275 927.59 0
2100-2200 3 7.860937 -4.3349156 301.6 60.5425815 928.57 0
2100-2200 4 19.698738 4.705765 391.2 89.86029 930.03 0
2100-2200 5 23.975782 8.500899 461.6 70.628757 930.57 0
2100-2200 6 28.030691 12.551257 512.7 96.093585 930.02 0
2100-2200 7 33.87055 17.762667 503.7 80.0005747 928.5 0
2100-2200 8 31.997145 15.327419 439.3 90.9591677 925.91 0
2100-2200 9 26.309275 12.936858 346.6 94.51155 924.91 0
2100-2200 10 19.410276 6.8751636 255.1 73.928149 924.77 0
2100-2200 11 14.565301 2.9409013 163.1 91.934895 926.2 0
2100-2200 12 5.0990024 -3.481473 125 108.810341 927.41 0
