Year Month Tmax Tmin PAR Prec CO2 O3
1200-1980 1 -3.57765465922089 -14.5728736006938 143.5 73.6829296074534 390 0
1200-1980 2 -1.40337524326253 -13.3378311615517 209.8 65.9809483721196 390 0
1200-1980 3 3.52618891492205 -8.11144643823193 301.6 78.9704801033059 390 0
1200-1980 4 11.0264154696093 -1.12856923372585 391.2 86.7281837596864 390 0
1200-1980 5 18.1811044146515 4.99567279211375 461.6 102.659520316508 390 0
1200-1980 6 22.691650223973 10.1402803334636 512.7 113.039307369339 390 0
1200-1980 7 25.1793200096188 12.7304503469973 503.7 114.581802720552 390 0
1200-1980 8 24.2573628389205 11.6875791957937 439.3 117.849339691306 390 0
1200-1980 9 19.9068507724086 7.47724861195641 346.6 99.1412527037305 390 0
1200-1980 10 12.9184152206204 1.54160211285671 255.1 112.765515659994 390 0
1200-1980 11 5.92509830504553 -3.40629854707269 163.1 95.6454477193467 390 0
1200-1980 12 -0.708237579885092 -10.2708850129766 125 90.5610724074863 390 0
1981 1 -7.30632621875111 -20.32809337312 143.5 15.925776837709 390 0
1981 2 3.26069698990161 -7.96673303276662 209.8 172.416494471811 390 0
1981 3 3.74030865013609 -6.73903152053184 301.6 33.0621844060739 390 0
1981 4 12.279212600396 -0.389576594405935 391.2 84.8039921828209 390 0
1981 5 19.5867604005677 5.12629951811994 461.6 104.970986724056 390 0
1981 6 22.9328223380028 9.7586699311151 512.7 108.781052280547 390 0
1981 7 25.1202867633074 12.774899893625 503.7 131.253553923087 390 0
1981 8 23.3371675296959 10.6143451698941 439.3 126.955062299793 390 0
1981 9 18.2946401051666 7.7695581967334 346.6 152.887752574828 390 0
1981 10 10.6450183086342 -0.366784406538471 255.1 151.851410518103 390 0
1981 11 5.52820335757418 -3.25397383966614 163.1 66.7981985671686 390 0
1981 12 -1.56912924590485 -9.19096695060719 125 96.5243292601818 390 0
1982 1 -7.79366327983485 -21.0391889765566 143.5 74.1563468158854 390 0
1982 2 -2.31869890862466 -14.6675290517027 209.8 72.9776716903389 390 0
1982 3 2.96474389449824 -9.4248796705812 301.6 68.6461649402973 390 0
1982 4 9.33785380253695 -3.26377990920334 391.2 79.9828542136203 390 0
1982 5 20.0253785984024 4.97755955635922 461.6 37.8955284201252 390 0
1982 6 20.3957045804499 9.03481487708542 512.7 161.002259549008 390 0
1982 7 25.7525985581281 11.2295575842916 503.7 62.4108500522595 390 0
1982 8 22.6157742741636 9.50679102412381 439.3 96.6227557759579 390 0
1982 9 20.0742000290315 7.8093365924409 346.6 71.2720272076922 390 0
1982 10 13.7688344990005 0.879407938207439 255.1 53.1637114419499 390 0
1982 11 7.83231368704326 -1.77349503695268 163.1 102.180162361657 390 0
1982 12 2.75261866534476 -7.80404504980711 125 51.2507586610515 390 0
1983 1 -2.29227031878751 -12.7800078037097 143.5 95.2440511506303 390 0
1983 2 -0.175369301041623 -12.3892555948777 209.8 56.6428706354741 390 0
1983 3 3.84406916278727 -5.36253605480617 301.6 114.156290417455 390 0
1983 4 9.56621548712805 -0.408085081648028 391.2 134.960451017979 390 0
1983 5 15.7198968056921 4.76783688271488 461.6 162.156682589533 390 0
1983 6 24.3740965607425 9.60576873716541 512.7 64.3226822405304 390 0
1983 7 26.0141613281123 12.3070662720828 503.7 72.2414170675886 390 0
1983 8 24.7304175330438 11.7451588356219 439.3 167.0313790574 390 0
1983 9 21.7965736442754 7.87287872403475 346.6 56.7691430467463 390 0
1983 10 13.1728948065151 1.41827264974964 255.1 83.9788452850584 390 0
1983 11 5.36635950253906 -2.63804545939227 163.1 196.993873013611 390 0
1983 12 -2.70440098007049 -12.2998261040725 125 154.961554478722 390 0
1984 1 -4.64172645656609 -16.5318220912037 143.5 36.0472148333487 390 0
1984 2 2.4369211925415 -8.24578968725123 209.8 79.0702046530411 390 0
1984 3 0.0133565997223392 -11.7939103431112 301.6 80.1079265573828 390 0
1984 4 11.4049809359994 -0.469171960797177 391.2 76.2931390504071 390 0
1984 5 16.3261614150192 3.90940781717143 461.6 222.764310318002 390 0
1984 6 23.6873222652244 9.56916148136321 512.7 88.7067018263143 390 0
1984 7 24.8087699595193 12.4635601273316 503.7 133.721354426006 390 0
1984 8 25.5382784916873 13.0026388130493 439.3 62.5511903428391 390 0
1984 9 18.7178640803533 4.95589625389424 346.6 54.2529882918763 390 0
1984 10 14.7203432438453 1.98030928739559 255.1 78.6096057705059 390 0
1984 11 5.93244052317417 -4.07273567333725 163.1 89.3047792479469 390 0
1984 12 1.42089812195467 -8.09106593479541 125 96.0537822008827 390 0
1985 1 -6.52526940686883 -16.6489075768248 143.5 38.6474530892557 390 0
1985 2 -0.948490809617779 -12.0596923528884 209.8 61.8500877762818 390 0
1985 3 4.43821011247856 -8.06178899500978 301.6 77.0367079408783 390 0
1985 4 10.8597324547741 -1.28974769300862 391.2 54.9404869407678 390 0
1985 5 18.7200227635943 4.3796640246499 461.6 87.6057618663375 390 0
1985 6 20.1162807371803 8.74179465498697 512.7 93.6358313928001 390 0
1985 7 25.8548866452533 11.574347836401 503.7 69.5171330216674 390 0
1985 8 23.5518741028106 10.5511208560311 439.3 110.418718886815 390 0
1985 9 20.171242153354 7.48551230948228 346.6 113.679594168878 390 0
1985 10 13.7995996462823 1.75421191293901 255.1 90.9776288304155 390 0
1985 11 5.55346467468913 -2.83998267508237 163.1 113.469703935147 390 0
1985 12 -3.24319718994344 -13.1996686746411 125 61.9571399884455 390 0
1986 1 -2.2536323802242 -14.4519635739255 143.5 130.321511567866 390 0
1986 2 -3.13999897559312 -15.6224279385744 209.8 52.6398456562078 390 0
1986 3 4.86604364335836 -7.51779511272494 301.6 94.3676386063134 390 0
1986 4 14.387694152885 0.608789305348457 391.2 41.3131076652 390 0
1986 5 19.7050772557152 6.29817547113832 461.6 105.922187813042 390 0
1986 6 21.2741271893095 8.11792003641695 512.7 112.527916748713 390 0
1986 7 23.5357416520245 12.1165194839688 503.7 132.437318698234 390 0
1986 8 22.9022918252306 11.1996825600964 439.3 138.550330762357 390 0
1986 9 17.9397202485161 6.24342794142466 346.6 91.7457168491077 390 0
1986 10 12.7149614932196 1.32723866367425 255.1 59.5904079618562 390 0
1986 11 3.9826202341891 -5.27861438681684 163.1 100.655563115696 390 0
1986 12 -0.444563094756817 -9.04486859252537 125 77.6809388644468 390 0
1987 1 -3.65471362581903 -14.9896407351263 143.5 83.0016293280282 390 0
1987 2 -3.42529273484409 -16.6964163591189 209.8 11.8838462797969 390 0
1987 3 5.43455732076013 -7.25318204703684 301.6 50.4954195809902 390 0
1987 4 13.8786260252201 0.99593857939628 391.2 87.4117066432333 390 0
1987 5 18.6385010673236 4.5102741497287 461.6 54.4379350415923 390 0
1987 6 22.6316307189935 10.550951643381 512.7 157.122924358562 390 0
1987 7 26.0401609603611 13.0483186768415 503.7 100.253840481387 390 0
1987 8 23.2506751659974 9.53876381861893 439.3 74.8593864460305 390 0
1987 9 18.5630935498218 7.64342587991345 346.6 133.640551596811 390 0
1987 10 12.508806793807 -0.0209678916081039 255.1 141.443068816931 390 0
1987 11 5.46991096613808 -4.50756975358472 163.1 72.9294700641946 390 0
1987 12 -0.076785293525213 -7.53685016646201 125 57.120603090893 390 0
1988 1 -3.2253523397132 -15.8294897304842 143.5 44.1209545350713 390 0
1988 2 -0.90590682257111 -13.9568518914205 209.8 70.7262510013426 390 0
1988 3 3.12380350286458 -8.9674884870023 301.6 41.7747975807184 390 0
1988 4 10.5077980029769 -0.419021975847887 391.2 100.220655232799 390 0
1988 5 19.3796367703192 6.06146774230429 461.6 69.2944508711954 390 0
1988 6 22.6132114736494 7.46685117229733 512.7 52.9490049070967 390 0
1988 7 26.4593888914644 13.9164130470402 503.7 112.856755983014 390 0
1988 8 25.2939175909796 13.0472801963994 439.3 152.664572219805 390 0
1988 9 18.8053781638715 5.64702249935988 346.6 53.0589994639214 390 0
1988 10 10.1520113529817 0.529767525741673 255.1 56.4415721252979 390 0
1988 11 5.82156636533461 -3.13704377801003 163.1 140.599082655375 390 0
1988 12 -2.02823260039983 -13.3038681084855 125 42.3107885673595 390 0
1989 1 -0.910000277163166 -13.1265841862299 143.5 38.721549683053 390 0
1989 2 -2.46001975662695 -14.4056494071016 209.8 46.9437098623256 390 0
1989 3 2.82749054037841 -10.1569189061267 301.6 68.1863626295068 390 0
1989 4 8.52018095999411 -3.1293990911562 391.2 75.273376367629 390 0
1989 5 19.7915780484955 6.33478151230204 461.6 137.596333437341 390 0
1989 6 22.7788491943849 11.0494071637618 512.7 130.021406150591 390 0
1989 7 25.8390219394963 12.1768608200123 503.7 71.6783456217029 390 0
1989 8 23.6241445687996 11.2435788892549 439.3 159.049655554528 390 0
1989 9 20.3355732798127 7.82274241943682 346.6 119.376247903283 390 0
1989 10 13.8186620759984 1.84621787882506 255.1 118.714042363187 390 0
1989 11 5.06223924291682 -4.73423184313145 163.1 110.161135623322 390 0
1989 12 -9.3109001894376 -21.9301851892278 125 39.4325418924809 390 0
1990 1 1.18768557682432 -8.39191384127819 143.5 104.828089202288 390 0
1990 2 0.244944448691479 -13.2253206552069 209.8 76.2971540256919 390 0
1990 3 5.29045563124867 -7.9208349682946 301.6 71.1501834237591 390 0
1990 4 11.3515260124759 -0.247082528391078 391.2 86.3680034994545 390 0
1990 5 16.3664688980559 3.6497087535325 461.6 127.660224186754 390 0
1990 6 23.0195230858495 10.4703673465311 512.7 131.155546782381 390 0
1990 7 25.3009641577396 12.5180915736078 503.7 92.1744716209346 390 0
1990 8 25.1368298743277 12.7458644284466 439.3 193.377318008149 390 0
1990 9 18.9922036174296 7.73424025769971 346.6 70.6523124806896 390 0
1990 10 14.1522509367589 3.87002309651641 255.1 176.118927621071 390 0
1990 11 6.46855208345219 -2.83668661839441 163.1 92.9277872043703 390 0
1990 12 1.65662114971778 -8.44451689385541 125 134.740104710935 390 0
1991 1 -3.81181369481037 -14.8925775101747 143.5 64.0622426437557 390 0
1991 2 0.760414161332485 -11.2954692948347 209.8 34.9530842853917 390 0
1991 3 3.91106014348155 -5.26743440776577 301.6 86.0656719789002 390 0
1991 4 13.6018875120122 0.357437229041687 391.2 76.5118214748671 390 0
1991 5 20.5421383950337 5.93762234514585 461.6 91.5519314986663 390 0
1991 6 23.6154126791579 9.65406626803491 512.7 60.1634671676662 390 0
1991 7 25.1875171194597 11.5944021153588 503.7 62.685905184267 390 0
1991 8 24.753394019322 12.6598443107536 439.3 170.016893562853 390 0
1991 9 18.4907498091244 5.70090505921577 346.6 127.841804137607 390 0
1991 10 14.6103239087876 2.24204624811763 255.1 121.941890888687 390 0
1991 11 5.87821207960705 -2.77601101007351 163.1 64.6614698874093 390 0
1991 12 -0.853271953806405 -12.0057371757078 125 80.9750525003611 390 0
1992 1 -3.59569535134566 -14.8074668524387 143.5 66.6555125060667 390 0
1992 2 -1.94882140019259 -13.6374540862403 209.8 62.3449590461673 390 0
1992 3 1.29931589493405 -11.3543486760526 301.6 87.3514291702758 390 0
1992 4 8.71216558207027 -2.41086939046062 391.2 70.1237443609918 390 0
1992 5 19.3019979403025 3.30548676109834 461.6 45.2876041913676 390 0
1992 6 22.0176255954771 8.82932710022631 512.7 76.7385158857027 390 0
1992 7 22.5865128366678 10.4356441468955 503.7 102.623780300117 390 0
1992 8 22.6309837482871 10.9331590669513 439.3 100.307448810324 390 0
1992 9 19.9284877137141 6.7251857777263 346.6 105.41808328543 390 0
1992 10 10.1658628402378 -0.152166933694892 255.1 72.8449028105324 390 0
1992 11 4.08629017991301 -4.4468330876801 163.1 106.080377573068 390 0
1992 12 -0.0987769229445651 -9.64387197802695 125 49.6230468129056 390 0
1993 1 -2.25084089766059 -12.1511626750124 143.5 74.0288879830777 390 0
1993 2 -5.90532841259904 -20.6070921313164 209.8 70.0928675121147 390 0
1993 3 2.8771544883005 -11.013757236697 301.6 82.6925299899727 390 0
1993 4 11.4612222259367 -1.00693733390859 391.2 90.5630750041335 390 0
1993 5 18.252929464619 4.48496902187747 461.6 48.9715155578927 390 0
1993 6 22.0909576483311 8.74999363709844 512.7 103.891913856827 390 0
1993 7 25.4876799827264 12.5946199339557 503.7 101.040991726398 390 0
1993 8 25.0823688751469 12.1564083938321 439.3 95.3942179699164 390 0
1993 9 18.5719909106817 7.19168750951394 346.6 115.008425314126 390 0
1993 10 11.2032317013855 -0.459556497807626 255.1 82.4174067518262 390 0
1993 11 5.73721614457591 -4.71933263473275 163.1 83.3563758337124 390 0
1993 12 -1.16108851649239 -10.8784258160506 125 79.0119224389627 390 0
1994 1 -8.28288915797929 -21.88594550302 143.5 102.670481273596 390 0
1994 2 -4.71201137660426 -17.9614878808197 209.8 36.9990397314169 390 0
1994 3 2.03402698697846 -8.29484914264164 301.6 103.355541363951 390 0
1994 4 10.5059937840693 -1.80451178220997 391.2 101.234269010636 390 0
1994 5 16.7182418924129 3.33274601654732 461.6 101.111237016527 390 0
1994 6 24.1040535262086 11.1808252673868 512.7 101.933605315149 390 0
1994 7 26.1904984773022 14.3652663288032 503.7 116.018339779391 390 0
1994 8 23.3080129023067 10.3860900261886 439.3 123.974801915579 390 0
1994 9 18.0718239248888 7.27754901169393 346.6 102.127404938232 390 0
1994 10 13.904251698531 1.18769383146825 255.1 25.061656528773 390 0
1994 11 8.23547346088306 -2.49298125211807 163.1 75.2390205981353 390 0
1994 12 1.38553267520804 -8.98247532049582 125 68.2782013993847 390 0
1995 1 -0.659109603091836 -9.43017719514035 143.5 79.3997395983956 390 0
1995 2 -3.51343704068159 -15.632827188759 209.8 59.3654157986622 390 0
1995 3 4.96487726189509 -6.01016305343533 301.6 64.0726992886122 390 0
1995 4 7.97531037648556 -3.77957671768466 391.2 52.9041891195331 390 0
1995 5 16.9346777559336 4.04088441104267 461.6 65.2947564939783 390 0
1995 6 25.1179324399805 9.88092420604902 512.7 34.4257895652575 390 0
1995 7 26.5641499556277 13.800607836627 503.7 129.432308585918 390 0
1995 8 25.0156199711897 11.3172399078272 439.3 106.037908078666 390 0
1995 9 18.439172883345 4.3840001722474 346.6 83.974331199616 390 0
1995 10 15.5689157140752 3.53773359032861 255.1 204.7351151362 390 0
1995 11 3.65885892922039 -4.87240156397407 163.1 112.619742597002 390 0
1995 12 -4.17878640571843 -12.9151169756914 125 79.4562757151264 390 0
1996 1 -3.67711139393953 -15.467914593686 143.5 116.980350177314 390 0
1996 2 -2.88602444672082 -13.3756346946452 209.8 74.3770823811913 390 0
1996 3 2.48841316400965 -9.83369612672116 301.6 42.9449121771748 390 0
1996 4 9.76701332549064 -1.39045780778253 391.2 158.677417531729 390 0
1996 5 16.5349989354479 3.65530877684736 461.6 143.824802055829 390 0
1996 6 22.6097634643821 11.2085450107795 512.7 113.524625237449 390 0
1996 7 23.8268162392594 12.3831696910266 503.7 196.294451052744 390 0
1996 8 24.4668706528904 11.6181944834039 439.3 55.4732233898297 390 0
1996 9 20.1104409893901 8.66433538403084 346.6 76.7239695462534 390 0
1996 10 12.4730489751816 0.544746940064455 255.1 148.923316745366 390 0
1996 11 3.2447857776523 -5.7386670793393 163.1 76.7820006896063 390 0
1996 12 1.44730116851831 -5.55035201812868 125 135.096300150251 390 0
1997 1 -4.01077972836336 -15.4925040819518 143.5 87.38272993763 390 0
1997 2 0.560242005075555 -11.9074201482733 209.8 67.4047396914362 390 0
1997 3 1.54644859276645 -10.5379890695981 301.6 98.4704234575787 390 0
1997 4 9.01864873518724 -3.32454223037244 391.2 76.4719444760809 390 0
1997 5 13.8465896964332 2.56155252345501 461.6 89.5408161645732 390 0
1997 6 23.9714754778929 9.60737176999272 512.7 76.0685075685956 390 0
1997 7 24.4025792859508 11.0722973601911 503.7 133.776509697861 390 0
1997 8 23.1693032968011 10.7071506686695 439.3 155.904746157553 390 0
1997 9 18.7111892856503 6.68389795725674 346.6 68.6987938905434 390 0
1997 10 12.4326898325258 -0.330046761786483 255.1 51.3127944277772 390 0
1997 11 4.42430559343045 -5.33570932900296 163.1 128.57395663353 390 0
1997 12 -0.554581908818963 -11.1789361412287 125 67.6763150475699 390 0
1998 1 -1.52462207752005 -11.5621370751765 143.5 139.250074740149 390 0
1998 2 2.17823437447215 -9.86796104007844 209.8 59.915908394903 390 0
1998 3 4.68134215335658 -6.85113020993236 301.6 93.3493064032822 390 0
1998 4 13.1146780641339 -1.02843172223314 391.2 62.6086916515184 390 0
1998 5 21.604478031451 7.1063078735844 461.6 67.4741800141536 390 0
1998 6 21.3243840590474 11.1517624734711 512.7 229.932562525757 390 0
1998 7 24.6346039108494 12.3877635509089 503.7 129.842106403208 390 0
1998 8 24.6478193801274 11.5420500058766 439.3 123.461555829364 390 0
1998 9 20.5410002458715 7.4518984040228 346.6 98.4674090610606 390 0
1998 10 12.971500032667 2.67585597650381 255.1 79.5241651632901 390 0
1998 11 4.97533273302751 -2.05024293532693 163.1 82.5965885720737 390 0
1998 12 3.73107881428441 -7.85633878215614 125 41.590922220623 390 0
1999 1 -2.59434913379467 -14.9560093914652 143.5 142.553408439739 390 0
1999 2 0.246327286799295 -12.936637490915 209.8 35.0629767482621 390 0
1999 3 3.11666421399412 -7.51355445386843 301.6 111.72522459625 390 0
1999 4 11.3971335667638 -1.78663412319981 391.2 19.6755209907849 390 0
1999 5 20.253404196788 5.45351672020037 461.6 86.3320935145366 390 0
1999 6 25.653285864909 11.0939949483606 512.7 72.4312274907658 390 0
1999 7 26.5921075693006 13.1962741136425 503.7 100.03745572187 390 0
1999 8 23.811205725121 10.9887492600504 439.3 66.7535846788648 390 0
1999 9 22.2477597947224 9.33981221407129 346.6 211.522460388623 390 0
1999 10 11.7992834554313 -0.485925826957001 255.1 104.378157992199 390 0
1999 11 8.73922003715023 -1.4468750951859 163.1 80.7361057061116 390 0
1999 12 0.146342429664707 -8.53969893543306 125 47.4336429966836 390 0
2000 1 -4.78676813225875 -15.8173505418912 143.5 94.9742416215256 390 0
2000 2 -0.529916220523271 -13.5263836595399 209.8 88.6246544107899 390 0
2000 3 6.64174943024662 -5.50112305097797 301.6 76.569368453434 390 0
2000 4 9.0971096967681 -1.21199885284703 391.2 157.267209163042 390 0
2000 5 17.0663834956988 5.18644449537551 461.6 140.268994767736 390 0
2000 6 21.4471229733746 9.72982165259983 512.7 84.9593761925561 390 0
2000 7 23.2397880796537 10.9045737749129 503.7 98.8098542496174 390 0
2000 8 22.9541391852584 11.0840612604316 439.3 97.4974896122585 390 0
2000 9 19.3770258438643 6.38520411770227 346.6 65.7759562353324 390 0
2000 10 13.4267430825669 0.906688494684482 255.1 72.5777979977176 390 0
2000 11 5.02828883856262 -2.59103337447093 163.1 85.4398451441813 390 0
2000 12 -3.63051894076915 -14.3655456314267 125 125.796608994268 390 0
2001 1 -2.85613157750592 -14.2212484533721 143.5 38.8026883689058 390 0
2001 2 -1.655039064878 -14.1062763083165 209.8 85.7975789561908 390 0
2001 3 1.21217755087802 -9.85545704120528 301.6 136.903168138523 390 0
2001 4 10.4882932578141 -2.76161032870871 391.2 25.4706644569449 390 0
2001 5 20.0399962886159 5.13911753810643 461.6 48.2075391221092 390 0
2001 6 23.8145228409339 10.4526514861407 512.7 86.3908862354781 390 0
2001 7 23.9337347324484 10.8619448299127 503.7 80.4615240275257 390 0
2001 8 26.9032881292308 12.2714616225629 439.3 49.562899589259 390 0
2001 9 21.1300845836283 7.04942107282878 346.6 109.542011051867 390 0
2001 10 15.228066529644 1.59173830817373 255.1 54.6713755071069 390 0
2001 11 7.90526277371769 -2.09411165898938 163.1 60.5408182773871 390 0
2001 12 2.99873260386736 -6.47048691778728 125 59.9231755526151 390 0
2002 1 0.332107783855449 -9.03814624574033 143.5 62.270769221231 390 0
2002 2 0.921246310604377 -12.0497710919156 209.8 82.4328477937567 390 0
2002 3 3.16254365997703 -7.10082349105969 301.6 94.780339545572 390 0
2002 4 11.7292573276394 -0.0803927975933914 391.2 113.365988366778 390 0
2002 5 15.6977155209986 3.12008014551839 461.6 108.545012716305 390 0
2002 6 21.6340659852858 9.42175885065556 512.7 177.650571087084 390 0
2002 7 25.3803896862515 12.5189093614324 503.7 85.3976132176214 390 0
2002 8 26.2241788159603 12.1929595593229 439.3 40.1912851313206 390 0
2002 9 22.4571093195926 8.62763209486868 346.6 120.701918933825 390 0
2002 10 10.9212677068587 0.56390720850276 255.1 84.6833677373333 390 0
2002 11 3.92758490689098 -4.80797248700913 163.1 112.967976887611 390 0
2002 12 -1.47019897204109 -11.8270378118851 125 68.4515692975342 390 0
2003 1 -7.39641978849558 -18.5159020690228 143.5 49.1071518395886 390 0
2003 2 -4.25589409431004 -16.6044317719739 209.8 47.7427966567713 390 0
2003 3 3.70083695975334 -10.1189548112674 301.6 70.7451273373022 390 0
2003 4 8.82113391254754 -2.90356066299532 391.2 65.587104282302 390 0
2003 5 16.6294822945788 5.0096027794668 461.6 103.10559509795 390 0
2003 6 22.7409790422478 10.1691310563018 512.7 73.3408933621929 390 0
2003 7 24.8401970892609 13.0565151443124 503.7 112.47304450586 390 0
2003 8 24.9785741318819 13.9061150592785 439.3 134.211813559182 390 0
2003 9 20.5234876395591 8.20959974139875 346.6 123.290974177012 390 0
2003 10 11.6797558839025 0.915674706001376 255.1 171.333118990692 390 0
2003 11 6.75431187522102 -3.12748815985974 163.1 114.127093525343 390 0
2003 12 -1.13777890028033 -11.3736640930889 125 177.28252837642 390 0
2004 1 -9.14949413090516 -19.0553262610337 143.5 25.7162072966727 390 0
2004 2 -1.90781204079384 -15.2982352722446 209.8 30.6071606244877 390 0
2004 3 4.68798399411902 -6.27068097154283 301.6 44.2486513043828 390 0
2004 4 10.7070414689244 -1.16080358230297 391.2 86.0745035043741 390 0
2004 5 19.0375168106065 6.14227219860498 461.6 128.9917114916 390 0
2004 6 21.472247383924 8.19762511113453 512.7 75.7898134439307 390 0
2004 7 23.886965162832 13.0751394911884 503.7 127.848435550544 390 0
2004 8 23.6937973723321 12.1801610325217 439.3 188.457396710734 390 0
2004 9 20.8501397723451 7.89214993952987 346.6 76.8997265468576 390 0
2004 10 13.42381030647 0.721635045050163 255.1 38.7017637399627 390 0
2004 11 6.17004887059207 -4.00065758870661 163.1 94.9915059027641 390 0
2004 12 -1.4228610816832 -11.7312246158234 125 108.993015460882 390 0
2005 1 -4.89222786264551 -16.0509442646571 143.5 66.6836509979364 390 0
2005 2 0.0345464478890917 -12.7917617389773 209.8 60.894085478085 390 0
2005 3 1.53821509417013 -10.3365452027181 301.6 70.1665186128255 390 0
2005 4 12.8191761801256 -0.669759481909187 391.2 124.48453443349 390 0
2005 5 14.5183709002741 3.54008854640856 461.6 83.7134448027051 390 0
2005 6 25.0122142514849 12.8377890531255 512.7 127.147654913279 390 0
2005 7 26.254294683307 14.0560085227089 503.7 107.692921673441 390 0
2005 8 25.1648990569345 12.9837193242076 439.3 106.020535701159 390 0
2005 9 22.0939399588786 9.42916372620255 346.6 106.096420351765 390 0
2005 10 12.8284683517459 4.13648845214975 255.1 265.42196079225 390 0
2005 11 7.20587748164794 -3.15193007543437 163.1 137.212989845903 390 0
2005 12 -1.5111805399428 -10.9483666071948 125 94.1977070306752 390 0
2006 1 0.809442514980174 -9.14422845124858 143.5 107.660120392543 390 0
2006 2 -1.74177228094681 -11.3098030422079 209.8 55.4554518123143 390 0
2006 3 2.49640867801444 -7.33349639649532 301.6 43.8476195290183 390 0
2006 4 12.5423725149155 -0.857117577226229 391.2 76.9721739121623 390 0
2006 5 17.5793051573004 6.86635029149807 461.6 177.471671857301 390 0
2006 6 22.419530535064 12.0803784697653 512.7 219.761448963609 390 0
2006 7 26.4745124724601 14.5880207065524 503.7 137.533079867977 390 0
2006 8 23.2603336644719 11.2677619243708 439.3 111.965909231058 390 0
2006 9 19.2860394058012 7.77543610248996 346.6 69.3610926010729 390 0
2006 10 11.6994823165779 1.67366032965614 255.1 192.741101158045 390 0
2006 11 8.60638855890737 -0.0505631033119588 163.1 75.7792143208695 390 0
2006 12 3.06910030658149 -5.44686263861533 125 107.927177642307 390 0
2007 1 -2.48631449370644 -12.9136546489587 143.5 82.731384082821 390 0
2007 2 -5.84764210907037 -17.1108138376186 209.8 66.1844751858031 390 0
2007 3 2.56167122806424 -10.362120314294 301.6 84.8557064213394 390 0
2007 4 8.45162571791215 -1.68284194622812 391.2 125.573423413098 390 0
2007 5 18.7275866641611 4.54932625334184 461.6 68.2142748817324 390 0
2007 6 23.1349252632466 10.9023962346073 512.7 85.4385513617795 390 0
2007 7 23.5747264945648 12.1561941610816 503.7 158.120464088168 390 0
2007 8 24.7499797488725 11.2807429851659 439.3 80.9882174548571 390 0
2007 9 21.510907013512 7.78985712648885 346.6 92.643898077512 390 0
2007 10 15.8250809589682 4.5743488418564 255.1 144.262416439444 390 0
2007 11 4.15301762280997 -4.5793980239934 163.1 118.445316803139 390 0
2007 12 -2.14660757384186 -11.0095813285755 125 123.02402694794 390 0
2008 1 -1.21009454521746 -11.9119331154426 143.5 60.5794310594743 390 0
2008 2 -1.59070349979846 -12.5571873994445 209.8 149.401277493125 390 0
2008 3 1.64030800361359 -10.5353373458302 301.6 117.004004075447 390 0
2008 4 13.3112273570946 -0.391834540616629 391.2 90.4400748539182 390 0
2008 5 16.8973387655081 3.20129388701275 461.6 29.3780016162448 390 0
2008 6 22.8775993440766 12.1067808639519 512.7 158.949050250276 390 0
2008 7 24.9800853873253 13.6751944568253 503.7 185.498501107846 390 0
2008 8 22.855208717562 11.408609381968 439.3 159.945335120307 390 0
2008 9 20.3249913831381 8.36711000827384 346.6 83.8592426926064 390 0
2008 10 12.2597573813114 0.609221386566665 255.1 124.469280843732 390 0
2008 11 5.21663014980898 -3.03324466455628 163.1 83.5795089007566 390 0
2008 12 -0.32331413865065 -11.0848107843809 125 141.341730484325 390 0
2009 1 -6.57133655135049 -18.3272321259119 143.5 72.7323557748878 390 0
2009 2 -1.32944654670326 -13.273996942203 209.8 61.9687373464369 390 0
2009 3 3.93579458060759 -8.28975807697705 301.6 62.8872856505582 390 0
2009 4 12.1611092855882 -0.186293844484378 391.2 66.2254770379557 390 0
2009 5 17.3495095420912 4.78507488540149 461.6 133.80098659277 390 0
2009 6 20.5879422218116 10.1867898275314 512.7 120.663300890497 390 0
2009 7 22.8056115425673 12.468238476809 503.7 174.168147339222 390 0
2009 8 24.5316492953869 12.9017403786367 439.3 109.364005663949 390 0
2009 9 19.4432128985084 6.44683708098624 346.6 57.9939586497394 390 0
2009 10 9.92299423917711 1.17084773591349 255.1 131.743194929194 390 0
2009 11 8.97539178789956 -1.45174235732576 163.1 102.994936081151 390 0
2009 12 -1.98697692121013 -10.4651703904835 125 104.443159258341 390 0
2010 1 -2.90414099323855 -11.1420193599847 143.5 59.3476546217128 390 0
2010 2 -1.87560500612359 -8.7770376834218 209.8 72.8009578375105 390 0
2010 3 7.10224893758303 -3.59517192703562 301.6 101.348421979583 390 0
2010 4 13.7388761985218 1.36356077148462 391.2 90.9439169610762 390 0
2010 5 20.1219909692911 6.07860116038992 461.6 59.4506313853054 390 0
2010 6 21.9938607498391 10.7519502424369 512.7 150.065713711729 390 0
2010 7 26.491322917467 14.7407961027246 503.7 103.847414798096 390 0
2010 8 24.1071107148327 12.0270092338251 439.3 106.28458645891 390 0
2010 9 20.4087154329558 9.27043957955074 346.6 74.3497736410063 390 0
2010 10 12.0839279540791 1.80304804311163 255.1 235.838083737981 390 0
2010 11 5.45496828856094 -3.02831479648853 163.1 79.4767865789405 390 0
2010 12 -2.83568596979012 -10.3316114530177 125 106.070362213613 390 0
2011 1 -4.3674501238839 -14.4089813412032 143.5 56.4372014326063 390 0
2011 2 -2.5618319082766 -15.4737335246527 209.8 84.4707323576651 390 0
2011 3 2.32853207732989 -8.61584873162553 301.6 124.75024134947 390 0
2011 4 9.97061158723698 -0.498771998399336 391.2 163.431122081708 390 0
2011 5 18.8916524670593 7.9120069804162 461.6 182.269781716652 390 0
2011 6 22.3263532350857 10.6163590434159 512.7 108.040144609877 390 0
2011 7 26.3408504208719 13.6059383751442 503.7 76.4109026536737 390 0
2011 8 24.5248981049427 12.6560688150733 439.3 252.977527754416 390 0
2011 9 21.1918344002752 10.2692827643631 346.6 134.497549764895 390 0
2011 10 13.3510229961082 3.55026594497353 255.1 116.123994976923 390 0
2011 11 9.64639310986249 -1.70907840548529 163.1 57.5926705966742 390 0
2011 12 1.90894371451707 -7.80850313902344 125 90.8068725199539 390 0
2012 1 -2.00861237058463 -11.5983693539349 143.5 78.9770420511566 390 0
2012 2 0.749189373122411 -9.74748232755471 209.8 33.4853740254644 390 0
2012 3 9.04957953192896 -3.42568549170204 301.6 48.7525995033672 390 0
2012 4 11.7315839066242 -0.226831136772101 391.2 84.892340888769 390 0
2012 5 19.6133520220985 7.85381510251243 461.6 133.722351861593 390 0
2012 6 22.5319367192531 10.5607366725701 512.7 105.807311173006 390 0
2012 7 26.3208211017887 13.0658549733968 503.7 96.8078616287359 390 0
2012 8 26.0276051270034 12.7696220362614 439.3 92.0966662597604 390 0
2012 9 20.063249734273 7.15756314241774 346.6 134.051501751571 390 0
2012 10 14.5009958504834 4.27751234397413 255.1 136.99018151476 390 0
2012 11 5.60421291636643 -4.62935083008774 163.1 30.2759541504107 390 0
2012 12 0.811423809983029 -6.73656184154869 125 131.858532287151 390 0
2013 1 -2.75268371792369 -13.9959858239691 143.5 41.5187739420423 390 0
2013 2 -2.06908286095155 -11.0638638043432 209.8 55.5409566596893 390 0
2013 3 2.84384250819275 -6.46144112698479 301.6 60.155376998899 390 0
2013 4 10.6544184788586 -1.78886790583069 391.2 60.9630842798489 390 0
2013 5 19.5573064536098 5.5795579978804 461.6 140.93083475926 390 0
2013 6 22.5026979463095 10.8925647145596 512.7 186.956886143193 390 0
2013 7 26.195814314071 15.3758526812987 503.7 185.832835722222 390 0
2013 8 23.650362091778 11.2559701324747 439.3 80.059791819303 390 0
2013 9 19.4622336741326 7.67619513326111 346.6 115.479299402719 390 0
2013 10 14.5738374067133 2.39975566251799 255.1 49.6757512356179 390 0
2013 11 4.88250131314409 -5.20153347587783 163.1 106.209763844174 390 0
2013 12 -2.01159625582135 -10.942963367978 125 87.2247023837566 390 0
2014 1 -3.9869838 -16.607777 143.5 32.3460448 399 0
2014 2 4.612244 -7.570224 209.8 100.79942955 399.92 0
2014 3 4.7190003 -7.1201377 301.6 94.6682774 400.9 0
2014 4 13.253794 0.48853177 391.2 80.65212 402.36 0
2014 5 21.502659 6.366037 461.6 42.9514889 402.9 0
2014 6 25.09522 10.685821 512.7 48.184146 402.35 0
2014 7 26.595203 12.283768 503.7 97.9789162 400.83 0
2014 8 25.276896 10.887226 439.3 71.9421185 398.24 0
2014 9 19.46661 4.343402 346.6 50.406615 397.24 0
2014 10 16.784193 4.3758783 255.1 61.2252542 397.1 0
2014 11 6.62725 -4.1520004 163.1 92.684391 398.53 0
2014 12 2.0319505 -6.6954556 125 34.7343375 399.74 0
2015 1 -0.8386515 -11.868461 143.5 108.4590304 401.63 0
2015 2 3.2561212 -9.567056 209.8 102.5276685 402.55 0
2015 3 8.527886 -1.8087493 301.6 93.319765 403.53 0
2015 4 12.023692 -0.50339526 391.2 94.63254 404.99 0
2015 5 17.142155 4.612568 461.6 171.412516 405.53 0
2015 6 24.720337 10.61993 512.7 56.751126 404.98 0
2015 7 27.669878 13.87219 503.7 127.5353268 403.46 0
2015 8 25.168257 11.759468 439.3 123.6194843 400.87 0
2015 9 20.579187 8.728012 346.6 141.1332 399.87 0
2015 10 13.960516 1.6779822 255.1 145.299697 399.73 0
2015 11 7.1095824 -1.8502066 163.1 70.642806 401.16 0
2015 12 0.7118259 -10.008312 125 71.1331115 402.37 0
2016 1 -4.765839 -16.904837 143.5 54.9366965 404.33 0
2016 2 -2.185056 -12.682568 209.8 42.594104175 405.25 0
2016 3 5.5768867 -5.2924356 301.6 58.9223355 406.23 0
2016 4 16.815428 1.9800259 391.2 52.29435 407.69 0
2016 5 20.491337 4.862731 461.6 59.5110782 408.23 0
2016 6 27.070238 12.77294 512.7 69.36636 407.68 0
2016 7 27.391014 13.22246 503.7 94.845151 406.16 0
2016 8 25.044916 10.617715 439.3 113.8668254 403.57 0
2016 9 20.384623 8.356346 346.6 110.030538 402.57 0
2016 10 12.28914 0.7248368 255.1 47.7310472 402.43 0
2016 11 9.368721 -0.7228217 163.1 112.997232 403.86 0
2016 12 2.6809752 -6.142112 125 38.5008282 405.07 0
2017 1 -0.74712056 -11.261466 143.5 93.0931333 407.1 0
2017 2 1.4610273 -11.400366 209.8 70.80725205 408.02 0
2017 3 9.270615 -3.0205317 301.6 21.0596826 409 0
2017 4 16.096052 3.4649632 391.2 92.010084 410.46 0
2017 5 18.552103 4.500425 461.6 96.3015 411 0
2017 6 24.380514 10.258112 512.7 92.909238 410.45 0
2017 7 27.787582 13.63932 503.7 111.9275739 408.93 0
2017 8 26.445288 13.471827 439.3 132.11332 406.34 0
2017 9 21.985718 8.1460495 346.6 37.45914 405.34 0
2017 10 17.820545 4.1861672 255.1 65.0639656 405.2 0
2017 11 9.289039 -1.219015 163.1 36.53787 406.63 0
2017 12 1.7954623 -7.602708 125 42.3584806 407.84 0
2018 1 -1.3008227 -12.761702 143.5 52.9586361 409.93 0
2018 2 6.0146065 -7.492966 209.8 77.2377035 410.85 0
2018 3 6.123522 -5.883412 301.6 63.2128657 411.83 0
2018 4 13.361319 -0.67615765 391.2 67.465389 413.29 0
2018 5 18.909996 5.72907 461.6 144.1958273 413.83 0
2018 6 25.047255 10.629163 512.7 46.966614 413.28 0
2018 7 27.621162 13.005018 503.7 80.94255 411.76 0
2018 8 27.381157 12.131245 439.3 44.4916712 409.17 0
2018 9 23.702908 9.846618 346.6 130.4322 408.17 0
2018 10 14.883788 0.9385421 255.1 62.7232362 408.03 0
2018 11 7.3488636 -3.2089975 163.1 56.607249 409.46 0
2018 12 3.6114478 -5.592547 125 97.9864461 410.67 0
2019 1 0.87359893 -10.655031 143.5 66.9169813 412.82 0
2019 2 7.6050897 -4.980023 209.8 89.19872525 413.74 0
2019 3 4.2846823 -7.877725 301.6 81.955723 414.72 0
2019 4 15.294555 2.2035818 391.2 108.086871 416.18 0
2019 5 21.307995 7.0885043 461.6 108.9505168 416.72 0
2019 6 25.36216 11.968995 512.7 85.660902 416.17 0
2019 7 25.021605 11.512526 503.7 75.3744137 414.65 0
2019 8 25.744194 11.272464 439.3 109.71396 412.06 0
2019 9 22.64565 9.238165 346.6 106.674579 411.06 0
2019 10 15.865709 3.8515415 255.1 160.5175567 410.92 0
2019 11 7.712866 -3.3246865 163.1 43.933773 412.35 0
2019 12 2.7903042 -7.6433325 125 105.0043625 413.56 0
2020 1 -4.118474 -15.374092 143.5 74.112444 415.78 0
2020 2 1.1585659 -10.838227 209.8 105.7148561 416.7 0
2020 3 5.178083 -6.3930354 301.6 90.1196567 417.68 0
2020 4 15.259692 -0.15843703 391.2 48.384555 419.14 0
2020 5 22.323952 7.259764 461.6 76.8033866 419.68 0
2020 6 27.382587 13.321523 512.7 99.288081 419.13 0
2020 7 27.826624 13.651755 503.7 90.852351 417.61 0
2020 8 25.519682 11.941648 439.3 75.0286707 415.02 0
2020 9 23.117258 9.374582 346.6 116.312055 414.02 0
2020 10 14.642375 1.0563823 255.1 59.6921833 413.88 0
2020 11 7.21697 -4.0391173 163.1 151.945395 415.31 0
2020 12 -2.6210804 -12.732112 125 54.3402069 416.52 0
2021 1 -6.903716 -18.615332 143.5 28.3150435 418.8 0
2021 2 -2.153467 -14.233911 209.8 89.154302125 419.72 0
2021 3 5.003322 -7.8369823 301.6 23.79630215 420.7 0
2021 4 13.250471 1.0596758 391.2 152.684211 422.16 0
2021 5 21.863651 7.234552 461.6 47.0172009 422.7 0
2021 6 24.671366 11.081561 512.7 94.970598 422.15 0
2021 7 26.906664 12.630123 503.7 104.320828 420.63 0
2021 8 24.901999 12.373285 439.3 115.9933107 418.04 0
2021 9 20.890125 8.974851 346.6 105.336255 417.04 0
2021 10 11.175746 0.027662775 255.1 110.0816231 416.9 0
2021 11 5.502316 -3.1535785 163.1 118.0617 418.33 0
2021 12 -2.2226927 -13.47838 125 54.9662736 419.54 0
2022 1 -6.5513735 -18.311008 143.5 29.0546787 421.86 0
2022 2 -0.72872907 -12.91813 209.8 50.8657522 422.78 0
2022 3 6.292019 -5.0246944 301.6 64.8461844 423.76 0
2022 4 15.644637 1.89871 391.2 46.166286 425.22 0
2022 5 18.390743 4.9710526 461.6 90.5861013 425.76 0
2022 6 22.769918 9.913561 512.7 143.12559 425.21 0
2022 7 26.34742 12.616327 503.7 104.2988955 423.69 0
2022 8 25.014051 10.794448 439.3 89.100014 421.1 0
2022 9 22.367775 8.266806 346.6 57.317694 420.1 0
2022 10 12.591455 -0.1488086 255.1 109.7848756 419.96 0
2022 11 6.9050736 -1.871554 163.1 94.0215 421.39 0
2022 12 2.4974217 -7.05389 125 151.5271723 422.6 0
2023 1 -1.1919345 -11.5343685 143.5 123.5628008 424.99 0
2023 2 -5.3618236 -18.468777 209.8 36.023312375 425.91 0
2023 3 5.6738777 -5.1089735 301.6 65.9468859 426.89 0
2023 4 15.303359 2.0061686 391.2 128.233638 428.35 0
2023 5 21.433046 6.597372 461.6 60.3317226 428.89 0
2023 6 24.599192 10.849291 512.7 95.028177 428.34 0
2023 7 25.90603 11.449263 503.7 86.9653726 426.82 0
2023 8 27.684772 13.644598 439.3 73.084515 424.23 0
2023 9 21.746393 8.889233 346.6 206.95503 423.23 0
2023 10 14.242195 2.2638884 255.1 112.8382361 423.09 0
2023 11 4.6917524 -3.257869 163.1 141.16215 424.52 0
2023 12 0.6269264 -8.240753 125 74.6425688 425.73 0
2024 1 -1.6559768 -13.564775 143.5 88.5485178 428.2 0
2024 2 1.5663164 -10.214306 209.8 65.176809525 429.12 0
2024 3 4.2179627 -6.7820635 301.6 30.7656338 430.1 0
2024 4 10.686812 -1.5149295 391.2 72.748875 431.56 0
2024 5 18.90495 4.151748 461.6 134.252382 432.1 0
2024 6 22.402117 7.9432664 512.7 104.052129 431.55 0
2024 7 26.990372 13.226655 503.7 95.6397027 430.03 0
2024 8 26.01246 14.472549 439.3 154.20857 427.44 0
2024 9 20.61659 8.461007 346.6 109.738761 426.44 0
2024 10 12.491249 0.41051963 255.1 72.2272255 426.3 0
2024 11 9.434488 -0.3603786 163.1 120.710379 427.73 0
2024 12 -1.6084476 -11.628027 125 110.540854 428.94 0
2025 1 -2.2629523 -13.626823 143.5 61.8364781 431.47 0
2025 2 1.9070874 -10.494961 209.8 86.120415975 432.39 0
2025 3 4.5079327 -6.8994136 301.6 66.574236 433.37 0
2025 4 10.524688 -1.8082807 391.2 115.286586 434.83 0
2025 5 22.118908 6.1867437 461.6 29.94213895 435.37 0
2025 6 24.63305 10.349984 512.7 80.685825 434.82 0
2025 7 27.49736 13.254324 503.7 83.5845405 433.3 0
2025 8 24.680042 11.658865 439.3 224.3988537 430.71 0
2025 9 19.629416 5.004809 346.6 104.086725 429.71 0
2025 10 12.759315 0.55339885 255.1 186.047957 429.57 0
2025 11 7.5585256 -2.7742238 163.1 130.03212 431 0
2025 12 -1.1003255 -11.471512 125 57.0131137 432.21 0
2026 1 -2.0116136 -13.361656 143.5 81.7373931 434.83 0
2026 2 0.9211294 -11.094908 209.8 99.986363475 435.75 0
2026 3 6.0940547 -5.1534643 301.6 74.9931137 436.73 0
2026 4 14.409699 2.1115952 391.2 109.294746 438.19 0
2026 5 21.205519 7.065444 461.6 38.1630646 438.73 0
2026 6 24.54659 10.423529 512.7 75.199041 438.18 0
2026 7 26.595856 12.314835 503.7 97.5698185 436.66 0
2026 8 26.298565 12.499029 439.3 64.1400943 434.07 0
2026 9 22.16064 8.360749 346.6 174.55818 433.07 0
2026 10 12.370838 1.5732057 255.1 79.970235 432.93 0
2026 11 5.454373 -3.820339 163.1 76.837071 434.36 0
2026 12 0.008083496 -8.342851 125 145.1085386 435.57 0
2027 1 -3.1983826 -13.782513 143.5 28.942685 438.24 0
2027 2 -1.0894614 -14.098544 209.8 66.476834975 439.16 0
2027 3 4.767345 -6.5174 301.6 77.8607842 440.14 0
2027 4 15.516465 2.0104802 391.2 60.071826 441.6 0
2027 5 19.206577 4.5029697 461.6 50.9434408 442.14 0
2027 6 22.496857 8.708888 512.7 183.51006 441.59 0
2027 7 27.315855 13.416411 503.7 98.577086 440.07 0
2027 8 27.24956 13.152966 439.3 75.4881527 437.48 0
2027 9 21.805044 8.793058 346.6 153.625845 436.48 0
2027 10 15.4505625 3.401251 255.1 102.7954885 436.34 0
2027 11 7.3020473 -2.079798 163.1 90.955566 437.77 0
2027 12 -3.720215 -15.021746 125 85.7314548 438.98 0
2028 1 -2.6993852 -16.433935 143.5 82.268327 441.72 0
2028 2 1.4636602 -13.001902 209.8 100.84651665 442.64 0
2028 3 4.717954 -6.3708644 301.6 98.5453172 443.62 0
2028 4 13.970327 1.7220781 391.2 153.52623 445.08 0
2028 5 21.441704 7.069809 461.6 96.3878536 445.62 0
2028 6 26.953362 12.594408 512.7 44.882379 445.07 0
2028 7 28.048504 13.604045 503.7 113.7791016 443.55 0
2028 8 26.416193 12.483256 439.3 79.5231096 440.96 0
2028 9 21.614237 8.08142 346.6 75.427902 439.96 0
2028 10 16.888126 2.9441822 255.1 55.610404 439.82 0
2028 11 10.187994 0.06489976 163.1 61.06236 441.25 0
2028 12 0.76701087 -9.936844 125 80.736431 442.46 0
2029 1 -6.500227 -18.744307 143.5 76.5197583 445.25 0
2029 2 -2.9280517 -15.0262375 209.8 127.072568 446.17 0
2029 3 5.1785116 -5.937583 301.6 90.5457734 447.15 0
2029 4 15.052684 1.475146 391.2 70.911006 448.61 0
2029 5 20.629894 5.9118605 461.6 76.35052 449.15 0
2029 6 24.862795 10.955162 512.7 58.747188 448.6 0
2029 7 28.358387 15.465006 503.7 151.0819565 447.08 0
2029 8 27.498192 13.348324 439.3 87.1507309 444.49 0
2029 9 23.048658 8.499713 346.6 54.469728 443.49 0
2029 10 17.304281 3.1715934 255.1 50.2287296 443.35 0
2029 11 9.776049 0.1632316 163.1 61.5906 444.78 0
2029 12 3.7316015 -6.7100897 125 88.9034027 445.99 0
2030 1 -1.176816 -11.732093 143.5 34.1636399 448.83 0
2030 2 2.1473386 -11.195329 209.8 97.3316347 449.75 0
2030 3 4.105536 -8.349773 301.6 72.2985348 450.73 0
2030 4 16.223967 2.7982297 391.2 76.696944 452.19 0
2030 5 20.632076 5.9429107 461.6 66.8732837 452.73 0
2030 6 26.580597 12.875331 512.7 101.742741 452.18 0
2030 7 28.36089 14.167241 503.7 71.5815575 450.66 0
2030 8 27.412888 13.801975 439.3 111.4608999 448.07 0
2030 9 26.863863 13.827841 346.6 51.533013 447.07 0
2030 10 16.007027 1.7513788 255.1 35.4192887 446.93 0
2030 11 7.8755617 -3.4197142 163.1 121.484655 448.36 0
2030 12 0.4545106 -8.472471 125 73.0772982 449.57 0
2031 1 -1.1386231 -11.595219 143.5 89.0071287 452.47 0
2031 2 -0.6091581 -12.974159 209.8 62.449373725 453.39 0
2031 3 6.37611 -4.572423 301.6 52.0263545 454.37 0
2031 4 14.192504 1.9309807 391.2 167.592975 455.83 0
2031 5 18.625458 4.7298083 461.6 83.548906 456.37 0
2031 6 24.775967 10.615686 512.7 98.66775 455.82 0
2031 7 27.245255 12.858606 503.7 100.2055656 454.3 0
2031 8 27.55032 14.447659 439.3 147.4654624 451.71 0
2031 9 20.609274 8.437763 346.6 148.460169 450.71 0
2031 10 12.636037 1.6806556 255.1 83.697706 450.57 0
2031 11 6.352815 -3.6906967 163.1 158.03901 452 0
2031 12 -0.08764879 -9.177441 125 129.486597 453.21 0
2032 1 -3.6223423 -14.431324 143.5 74.7266036 456.18 0
2032 2 -1.0597844 -13.86578 209.8 68.31008765 457.1 0
2032 3 5.4072556 -5.310268 301.6 89.0881255 458.08 0
2032 4 15.396369 1.9872515 391.2 52.536057 459.54 0
2032 5 20.754917 5.660076 461.6 125.2337597 460.08 0
2032 6 22.519058 8.429978 512.7 79.675848 459.53 0
2032 7 26.793917 12.224621 503.7 78.5155352 458.01 0
2032 8 25.794765 11.445495 439.3 98.2330387 455.42 0
2032 9 20.128094 7.2727747 346.6 116.260401 454.42 0
2032 10 16.6552 4.0806417 255.1 92.9897328 454.28 0
2032 11 7.1393194 -2.4821973 163.1 117.07023 455.71 0
2032 12 2.9326074 -6.013969 125 103.9047212 456.92 0
2033 1 -4.293285 -16.840223 143.5 45.3387183 459.96 0
2033 2 -1.9378272 -14.249118 209.8 60.33522 460.88 0
2033 3 5.2934413 -6.221343 301.6 39.9417826 461.86 0
2033 4 14.611928 2.3347118 391.2 87.052173 463.32 0
2033 5 19.88493 5.4526005 461.6 124.6901096 463.86 0
2033 6 24.881195 10.751377 512.7 100.623372 463.31 0
2033 7 27.352528 13.622849 503.7 105.4841185 461.79 0
2033 8 26.156158 12.746956 439.3 121.1409103 459.2 0
2033 9 21.301815 8.922215 346.6 184.00707 458.2 0
2033 10 12.75111 1.7114363 255.1 191.646619 458.06 0
2033 11 8.337624 -1.0400212 163.1 141.73566 459.49 0
2033 12 1.2730023 -7.834084 125 45.326464 460.7 0
2034 1 -4.1097093 -15.853457 143.5 74.7923019 463.85 0
2034 2 2.8798854 -9.332952 209.8 92.980391725 464.77 0
2034 3 5.738952 -4.743486 301.6 86.3344048 465.75 0
2034 4 12.961642 1.7779167 391.2 140.41479 467.21 0
2034 5 19.793335 5.4129353 461.6 81.9688856 467.75 0
2034 6 26.036978 12.863107 512.7 111.538962 467.2 0
2034 7 27.91384 13.566174 503.7 95.3484515 465.68 0
2034 8 26.632689 12.641202 439.3 69.8353647 463.09 0
2034 9 20.351662 4.922137 346.6 36.321066 462.09 0
2034 10 16.509727 1.8433474 255.1 125.6256896 461.95 0
2034 11 8.006146 -0.40434307 163.1 96.619671 463.38 0
2034 12 0.7418395 -8.190524 125 76.3423732 464.59 0
2035 1 -2.7971084 -13.654974 143.5 61.8318746 467.85 0
2035 2 4.52883 -8.947651 209.8 77.2912655 468.77 0
2035 3 6.0204153 -5.9426374 301.6 35.4470244 469.75 0
2035 4 14.392053 1.3409075 391.2 86.598009 471.21 0
2035 5 20.951513 6.04066 461.6 72.857905 471.75 0
2035 6 24.815086 10.44448 512.7 59.784621 471.2 0
2035 7 27.604689 13.415537 503.7 69.7750418 469.68 0
2035 8 27.62242 13.32449 439.3 76.1736216 467.09 0
2035 9 21.826174 8.657844 346.6 71.79495 466.09 0
2035 10 16.585537 2.8519778 255.1 78.1771547 465.95 0
2035 11 8.620324 -1.5133651 163.1 124.942032 467.38 0
2035 12 -2.4078925 -13.839408 125 33.7544244 468.59 0
2036 1 1.778906 -9.697013 143.5 105.5781632 471.96 0
2036 2 -2.101935 -13.641894 209.8 64.7199025 472.88 0
2036 3 4.740402 -6.4900146 301.6 87.9028064 473.86 0
2036 4 12.664064 -1.7069675 391.2 75.499671 475.32 0
2036 5 21.017935 5.22599 461.6 142.343134 475.86 0
2036 6 26.341434 11.495597 512.7 46.485984 475.31 0
2036 7 28.076067 14.086348 503.7 123.1131582 473.79 0
2036 8 26.708416 12.147783 439.3 110.410437 471.2 0
2036 9 20.561815 5.8238196 346.6 66.772419 470.2 0
2036 10 15.35823 2.355274 255.1 57.7742319 470.06 0
2036 11 8.218037 -1.9020797 163.1 75.69099 471.49 0
2036 12 3.0219333 -6.4122834 125 82.9913834 472.7 0
2037 1 1.6815892 -9.874817 143.5 99.2738141 476.18 0
2037 2 -0.20315278 -11.793469 209.8 52.285091525 477.1 0
2037 3 6.258262 -6.139075 301.6 30.47772223 478.08 0
2037 4 10.012807 0.03895815 391.2 76.904175 479.54 0
2037 5 18.294834 4.4089594 461.6 143.0722075 480.08 0
2037 6 23.490358 9.959338 512.7 57.162663 479.53 0
2037 7 27.480875 13.722499 503.7 96.8816061 478.01 0
2037 8 25.714825 10.5598135 439.3 44.9589714 475.42 0
2037 9 22.831633 9.3847685 346.6 115.081479 474.42 0
2037 10 17.850422 6.0452423 255.1 55.5549791 474.28 0
2037 11 6.7896357 -3.6798625 163.1 67.376403 475.71 0
2037 12 1.7168807 -8.1502 125 99.1948726 476.92 0
2038 1 -1.3160499 -12.010012 143.5 176.4001866 480.51 0
2038 2 1.9529344 -10.448216 209.8 73.19047855 481.43 0
2038 3 9.501835 -0.85339844 301.6 84.5307256 482.41 0
2038 4 14.568942 1.3178244 391.2 54.075795 483.87 0
2038 5 22.769363 7.9556913 461.6 113.9145034 484.41 0
2038 6 25.198503 11.033123 512.7 99.759714 483.86 0
2038 7 27.590816 13.17054 503.7 59.5659327 482.34 0
2038 8 29.825298 15.862026 439.3 79.3418836 479.75 0
2038 9 25.729832 12.064397 346.6 60.021387 478.75 0
2038 10 16.939072 5.312532 255.1 132.5592674 478.61 0
2038 11 8.406532 -1.2005563 163.1 107.146326 480.04 0
2038 12 0.7958163 -10.122729 125 117.203653 481.25 0
2039 1 -2.2236063 -12.28471 143.5 35.9282498 484.93 0
2039 2 0.7052573 -10.098707 209.8 54.214939425 485.85 0
2039 3 6.7873874 -5.532898 301.6 42.2512206 486.83 0
2039 4 12.813404 1.6287925 391.2 154.210209 488.29 0
2039 5 21.380095 6.3644853 461.6 35.1053951 488.83 0
2039 6 25.352526 10.990903 512.7 49.838265 488.28 0
2039 7 27.89859 13.012919 503.7 60.1974399 486.76 0
2039 8 28.693262 14.903907 439.3 116.1657203 484.17 0
2039 9 24.877085 9.425937 346.6 37.321086 483.17 0
2039 10 14.549823 1.5296645 255.1 83.357698 483.03 0
2039 11 10.214666 0.34317806 163.1 195.705699 484.46 0
2039 12 2.172714 -5.8492007 125 92.2997193 485.67 0
2040 1 -2.6203675 -12.63835 143.5 75.3256042 489.44 0
2040 2 0.18545726 -12.611881 209.8 16.0951146025 490.36 0
2040 3 5.4404364 -7.438326 301.6 94.4747506 491.34 0
2040 4 12.156185 0.7285158 391.2 60.646821 492.8 0
2040 5 22.834957 6.886372 461.6 56.8711275 493.34 0
2040 6 27.615437 12.938974 512.7 52.045863 492.79 0
2040 7 28.885239 14.715096 503.7 96.4014316 491.27 0
2040 8 28.84507 15.260161 439.3 133.3413664 488.68 0
2040 9 25.01956 10.856759 346.6 68.27622 487.68 0
2040 10 17.531534 5.597623 255.1 148.4515817 487.54 0
2040 11 5.311663 -3.4901996 163.1 61.618896 488.97 0
2040 12 -1.4115794 -10.41456 125 56.871329 490.18 0
2041 1 0.47613984 -11.084867 143.5 115.7795068 494.03 0
2041 2 1.043662 -11.680412 209.8 65.15972675 494.95 0
2041 3 5.695716 -6.164071 301.6 96.3731441 495.93 0
2041 4 12.863481 -0.25050545 391.2 79.924536 497.39 0
2041 5 21.157393 6.871281 461.6 117.6509892 497.93 0
2041 6 24.951818 10.518336 512.7 84.92892 497.38 0
2041 7 28.791376 14.155221 503.7 66.3948452 495.86 0
2041 8 28.91028 14.513664 439.3 77.59703 493.27 0
2041 9 24.004627 9.589534 346.6 91.34916 492.27 0
2041 10 15.783115 2.4159296 255.1 106.4780219 492.13 0
2041 11 8.253261 -1.638408 163.1 122.38722 493.56 0
2041 12 0.84271175 -8.094429 125 83.8206365 494.77 0
2042 1 1.115853 -10.157154 143.5 91.1348292 498.73 0
2042 2 -0.76988983 -11.536276 209.8 71.404115225 499.65 0
2042 3 2.5521302 -11.2877245 301.6 104.3018157 500.63 0
2042 4 14.366569 -0.8151248 391.2 65.164062 502.09 0
2042 5 21.16602 6.4038153 461.6 125.6162284 502.63 0
2042 6 24.278336 10.883786 512.7 85.164384 502.08 0
2042 7 26.916447 12.59644 503.7 99.4913535 500.56 0
2042 8 27.651335 13.0352955 439.3 67.066299 497.97 0
2042 9 26.120071 13.659423 346.6 89.761077 496.97 0
2042 10 13.8365555 1.9795206 255.1 85.822725 496.83 0
2042 11 10.272072 0.7679817 163.1 65.909814 498.26 0
2042 12 1.0859008 -6.775797 125 127.5264856 499.47 0
2043 1 0.29008433 -8.49763 143.5 166.3839347 503.53 0
2043 2 -0.07715381 -12.141135 209.8 78.7621074 504.45 0
2043 3 4.9979196 -5.340333 301.6 122.5924419 505.43 0
2043 4 13.899012 2.6463487 391.2 112.474035 506.89 0
2043 5 17.974579 6.0905967 461.6 89.5245497 507.43 0
2043 6 26.651777 13.1425495 512.7 100.948857 506.88 0
2043 7 29.465687 16.302902 503.7 106.1010526 505.36 0
2043 8 28.601288 14.492756 439.3 83.1569792 502.77 0
2043 9 23.943296 9.564528 346.6 62.558049 501.77 0
2043 10 12.115772 0.77129215 255.1 82.796691 501.63 0
2043 11 7.9040556 -2.9312882 163.1 88.028196 503.06 0
2043 12 -0.122954845 -9.423662 125 33.8352786 504.27 0
2044 1 -1.1413313 -10.730991 143.5 67.2617757 508.43 0
2044 2 2.9226675 -10.514572 209.8 76.7237569 509.35 0
2044 3 6.5326753 -2.5524435 301.6 96.7670704 510.33 0
2044 4 16.647501 2.843621 391.2 65.844735 511.79 0
2044 5 18.612427 5.0461373 461.6 124.883469 512.33 0
2044 6 24.775671 11.364746 512.7 79.656435 511.78 0
2044 7 29.218243 14.984991 503.7 39.8800275 510.26 0
2044 8 28.918413 14.63082 439.3 117.1535849 507.67 0
2044 9 25.362768 10.869559 346.6 70.02903 506.67 0
2044 10 15.727552 2.7199438 255.1 56.2483933 506.53 0
2044 11 10.524124 0.92198634 163.1 122.517699 507.96 0
2044 12 -1.04533 -12.722813 125 163.4033033 509.17 0
2045 1 -2.285483 -13.137783 143.5 62.1496835 513.46 0
2045 2 4.421166 -9.635123 209.8 61.38287125 514.38 0
2045 3 7.5833626 -3.236017 301.6 82.7763302 515.36 0
2045 4 15.307053 2.0728135 391.2 82.321959 516.82 0
2045 5 20.441599 6.823027 461.6 92.283559 517.36 0
2045 6 26.125145 12.663804 512.7 90.768906 516.81 0
2045 7 28.58692 14.402343 503.7 101.7812398 515.29 0
2045 8 27.569353 13.491589 439.3 144.791979 512.7 0
2045 9 24.951118 9.3189945 346.6 30.502314 511.7 0
2045 10 16.464186 4.899498 255.1 231.907714 511.56 0
2045 11 7.4146395 -1.633164 163.1 147.38583 512.99 0
2045 12 0.101482734 -8.736485 125 104.1711724 514.2 0
2046 1 -5.111583 -18.034655 143.5 34.744583 518.61 0
2046 2 -2.9742687 -17.848873 209.8 57.0539938 519.53 0
2046 3 3.6217763 -9.311049 301.6 89.000783 520.51 0
2046 4 14.509665 1.9470776 391.2 71.518722 521.97 0
2046 5 22.495384 7.5215244 461.6 61.0847684 522.51 0
2046 6 26.127388 11.73944 512.7 114.425562 521.96 0
2046 7 28.45076 14.453014 503.7 88.8179574 520.44 0
2046 8 26.858305 12.640867 439.3 172.511063 517.85 0
2046 9 19.748089 7.722796 346.6 221.854491 516.85 0
2046 10 13.604573 1.7335007 255.1 126.9438995 516.71 0
2046 11 8.582703 0.76402426 163.1 99.725832 518.14 0
2046 12 0.9067019 -8.797669 125 55.8990202 519.35 0
2047 1 0.09038545 -9.02284 143.5 92.6996534 523.9 0
2047 2 -3.5284038 -14.577306 209.8 63.68807125 524.82 0
2047 3 5.815724 -6.5581617 301.6 47.1745786 525.8 0
2047 4 10.828691 -0.6688198 391.2 77.277402 527.26 0
2047 5 20.020723 5.9046025 461.6 66.1925764 527.8 0
2047 6 28.334156 14.483774 512.7 99.63768 527.25 0
2047 7 27.676517 13.41671 503.7 95.0624951 525.73 0
2047 8 30.047937 15.71524 439.3 80.3135073 523.14 0
2047 9 25.129671 10.451531 346.6 75.0909 522.14 0
2047 10 15.542252 2.7898958 255.1 106.8324418 522 0
2047 11 8.064309 -2.4495976 163.1 63.24591 523.43 0
2047 12 3.9467382 -6.3237047 125 54.1135969 524.64 0
2048 1 1.8801076 -7.264836 143.5 91.2178286 529.32 0
2048 2 -3.2100236 -15.333342 209.8 24.8310649375 530.24 0
2048 3 7.004595 -4.4684987 301.6 105.4177723 531.22 0
2048 4 12.857699 0.75265753 391.2 117.516582 532.68 0
2048 5 18.975977 5.7836256 461.6 163.509624 533.22 0
2048 6 26.145311 11.731214 512.7 59.284641 532.67 0
2048 7 28.548313 14.506665 503.7 108.4905109 531.15 0
2048 8 27.929192 14.229405 439.3 73.9715862 528.56 0
2048 9 24.206955 11.290447 346.6 188.81232 527.56 0
2048 10 17.981787 5.0217156 255.1 108.5667616 527.42 0
2048 11 8.82081 -0.9346665 163.1 54.970743 528.85 0
2048 12 0.8850642 -8.905962 125 71.2896956 530.06 0
2049 1 -2.8294902 -14.107995 143.5 60.8329895 534.88 0
2049 2 1.0881729 -11.36997 209.8 69.709459875 535.8 0
2049 3 8.085847 -3.3414037 301.6 97.963906 536.78 0
2049 4 14.3212385 1.773799 391.2 75.72153 538.24 0
2049 5 21.349203 7.531203 461.6 109.1594444 538.78 0
2049 6 27.626736 14.457828 512.7 102.417327 538.23 0
2049 7 28.797771 14.57024 503.7 62.0995782 536.71 0
2049 8 28.412868 16.368908 439.3 280.109118 534.12 0
2049 9 23.65764 13.59612 346.6 193.971978 533.12 0
2049 10 13.054052 1.8474939 255.1 58.8678065 532.98 0
2049 11 8.132968 -1.7533734 163.1 110.160819 534.41 0
2049 12 0.6628737 -8.759417 125 153.4603695 535.62 0
2050 1 -2.0175035 -12.319748 143.5 85.0939088 540.54 0
2050 2 -0.98214173 -14.976268 209.8 66.1085256 541.46 0
2050 3 5.0475674 -6.163366 301.6 77.926312 542.44 0
2050 4 12.699489 1.2440356 391.2 165.512781 543.9 0
2050 5 21.084784 7.4256306 461.6 97.8753545 544.44 0
2050 6 27.482311 13.398559 512.7 58.700463 543.89 0
2050 7 29.308924 14.804776 503.7 65.228433 542.37 0
2050 8 27.896372 13.99755 439.3 139.9107624 539.78 0
2050 9 22.648722 9.667945 346.6 53.893647 538.78 0
2050 10 16.048368 1.9832739 255.1 82.668723 538.64 0
2050 11 9.297687 -0.8296282 163.1 168.10956 540.07 0
2050 12 -2.59442 -13.718924 125 83.0058046 541.28 0
2051 1 -2.681256 -12.930351 143.5 64.8576544 546.32 0
2051 2 2.6445498 -10.110225 209.8 110.83367135 547.24 0
2051 3 5.2221713 -6.175292 301.6 95.1432439 548.22 0
2051 4 14.102389 1.6946094 391.2 92.712444 549.68 0
2051 5 20.245468 5.026697 461.6 99.589422 550.22 0
2051 6 23.943415 10.81913 512.7 185.89248 549.67 0
2051 7 27.676949 13.944012 503.7 107.315304 548.15 0
2051 8 27.38227 14.22149 439.3 49.4347855 545.56 0
2051 9 22.80033 7.141489 346.6 34.66239 544.56 0
2051 10 15.639919 1.9152256 255.1 70.4664224 544.42 0
2051 11 6.288171 -3.4830692 163.1 88.716651 545.85 0
2051 12 2.3281655 -5.6264563 125 85.8075908 547.06 0
2052 1 -2.816974 -13.216255 143.5 27.5461381 552.21 0
2052 2 -3.3317611 -17.027098 209.8 93.76629825 553.13 0
2052 3 5.160257 -6.9520626 301.6 69.7165262 554.11 0
2052 4 12.7706 -0.90425515 391.2 67.651662 555.57 0
2052 5 21.687141 7.0588446 461.6 112.3915199 556.11 0
2052 6 26.808353 12.071346 512.7 46.400169 555.56 0
2052 7 29.90594 15.789942 503.7 94.212379 554.04 0
2052 8 28.068762 13.817735 439.3 39.5665648 551.45 0
2052 9 23.409426 9.219813 346.6 40.491258 550.45 0
2052 10 17.623074 4.2684484 255.1 136.0422197 550.31 0
2052 11 11.0121565 0.2662133 163.1 90.688248 551.74 0
2052 12 0.7194802 -10.429622 125 98.0724277 552.95 0
2053 1 -1.8835539 -11.165658 143.5 28.4306549 558.21 0
2053 2 1.9561346 -10.382852 209.8 79.7557955 559.13 0
2053 3 6.8576818 -4.216029 301.6 78.4110993 560.11 0
2053 4 12.713967 2.080458 391.2 159.25305 561.57 0
2053 5 18.962505 5.255479 461.6 162.037124 562.11 0
2053 6 26.01542 12.244039 512.7 125.09937 561.56 0
2053 7 29.73494 15.527008 503.7 105.8669344 560.04 0
2053 8 27.617388 12.82132 439.3 128.0448583 557.45 0
2053 9 22.034536 8.500964 346.6 83.077212 556.45 0
2053 10 17.055464 4.389627 255.1 169.326929 556.31 0
2053 11 7.036943 -2.452528 163.1 69.96948 557.74 0
2053 12 2.7505686 -5.839536 125 179.0540935 558.95 0
2054 1 -4.087377 -15.735869 143.5 43.0849439 564.31 0
2054 2 0.28143057 -11.373622 209.8 75.09295785 565.23 0
2054 3 5.1699343 -6.276367 301.6 87.4195536 566.21 0
2054 4 12.5329895 0.050435748 391.2 136.21185 567.67 0
2054 5 19.893087 6.3146663 461.6 111.7756274 568.21 0
2054 6 25.005188 11.933755 512.7 204.42678 567.66 0
2054 7 29.777617 15.696582 503.7 98.255833 566.14 0
2054 8 29.566536 16.41163 439.3 59.0457837 563.55 0
2054 9 22.955664 10.131262 346.6 107.048514 562.55 0
2054 10 13.96922 1.9541544 255.1 52.6020834 562.41 0
2054 11 9.6768055 0.35120767 163.1 92.584554 563.84 0
2054 12 1.5428498 -5.822768 125 47.4320863 565.05 0
2055 1 -4.2323117 -16.117512 143.5 36.869664 570.52 0
2055 2 2.2028337 -9.70953 209.8 36.9541075 571.44 0
2055 3 4.7622566 -6.740478 301.6 76.5339563 572.42 0
2055 4 15.705214 2.6870086 391.2 56.432916 573.88 0
2055 5 23.190447 7.623204 461.6 43.2854178 574.42 0
2055 6 24.529348 10.753367 512.7 156.57756 573.87 0
2055 7 29.716965 15.947253 503.7 92.808885 572.35 0
2055 8 29.406912 14.584919 439.3 103.8625395 569.76 0
2055 9 22.373804 8.106074 346.6 71.893665 568.76 0
2055 10 16.211218 3.2118204 255.1 87.861595 568.62 0
2055 11 7.958218 -1.122986 163.1 125.410065 570.05 0
2055 12 3.480059 -4.444534 125 129.6278454 571.26 0
2056 1 -0.4086224 -9.211223 143.5 34.9302668 576.84 0
2056 2 -1.2862093 -12.841281 209.8 64.136282925 577.76 0
2056 3 5.832869 -4.701694 301.6 90.7700553 578.74 0
2056 4 17.036264 3.2942443 391.2 84.81132 580.2 0
2056 5 23.01463 8.201683 461.6 57.8452219 580.74 0
2056 6 26.746838 13.036732 512.7 114.927 580.19 0
2056 7 29.602848 15.102783 503.7 95.0737977 578.67 0
2056 8 29.453413 15.977525 439.3 111.2014826 576.08 0
2056 9 25.02902 9.890915 346.6 106.206165 575.08 0
2056 10 20.347643 7.226168 255.1 56.0282499 574.94 0
2056 11 6.3599577 -3.4563742 163.1 101.704989 576.37 0
2056 12 0.066363186 -9.972547 125 40.0606614 577.58 0
2057 1 0.5100943 -8.408443 143.5 68.8326697 583.3 0
2057 2 0.38678232 -11.500324 209.8 61.683148975 584.22 0
2057 3 9.063048 -0.17788741 301.6 104.9273802 585.2 0
2057 4 16.175327 3.4562354 391.2 73.656264 586.66 0
2057 5 20.565847 4.926642 461.6 58.8324603 587.2 0
2057 6 25.854921 12.3083 512.7 217.90443 586.65 0
2057 7 28.59026 13.805631 503.7 65.9161153 585.13 0
2057 8 29.983385 16.060163 439.3 84.395144 582.54 0
2057 9 25.811611 11.204871 346.6 41.67504 581.54 0
2057 10 18.860708 4.994307 255.1 56.9930567 581.4 0
2057 11 8.497999 -1.9734598 163.1 71.19543 582.83 0
2057 12 2.6360517 -7.4592953 125 77.8759556 584.04 0
2058 1 -1.9362278 -11.150331 143.5 48.6077613 589.91 0
2058 2 3.9737127 -8.588828 209.8 58.373814025 590.83 0
2058 3 5.719942 -6.912636 301.6 77.0080858 591.81 0
2058 4 14.510533 1.42166 391.2 58.283436 593.27 0
2058 5 22.262117 6.906463 461.6 71.775478 593.81 0
2058 6 27.436441 12.700871 512.7 49.609899 593.26 0
2058 7 28.622335 14.488132 503.7 101.2079382 591.74 0
2058 8 29.82355 16.49709 439.3 165.2032873 589.15 0
2058 9 25.712574 11.677004 346.6 67.141149 588.15 0
2058 10 17.83667 4.1643863 255.1 76.4865356 588.01 0
2058 11 7.0703497 -3.0040846 163.1 68.39349 589.44 0
2058 12 1.9086236 -8.820623 125 183.3842293 590.65 0
2059 1 -1.5351883 -12.289488 143.5 188.293597 596.65 0
2059 2 2.5910516 -9.121761 209.8 81.218176525 597.57 0
2059 3 8.595957 -3.6917553 301.6 82.811602 598.55 0
2059 4 11.64673 1.3987237 391.2 166.303038 600.01 0
2059 5 21.94241 6.8058405 461.6 119.7545872 600.55 0
2059 6 27.699343 14.154387 512.7 97.414578 600 0
2059 7 27.760336 13.578365 503.7 115.2563198 598.48 0
2059 8 29.442709 16.219473 439.3 112.0462264 595.89 0
2059 9 26.048748 13.311064 346.6 112.043451 594.89 0
2059 10 18.294247 4.878381 255.1 69.72303 594.75 0
2059 11 8.293316 -0.30473217 163.1 135.38736 596.18 0
2059 12 2.727258 -4.8682914 125 51.7222445 597.39 0
2060 1 -1.2277902 -10.50716 143.5 61.2417121 603.52 0
2060 2 3.5140727 -7.566732 209.8 65.66302875 604.44 0
2060 3 4.8657074 -6.6924925 301.6 91.6924417 605.42 0
2060 4 14.344405 2.5341756 391.2 68.480472 606.88 0
2060 5 22.312399 7.1789193 461.6 58.4367639 607.42 0
2060 6 28.909166 14.269615 512.7 45.941868 606.87 0
2060 7 29.004656 14.415141 503.7 96.5317494 605.35 0
2060 8 28.26751 13.478978 439.3 141.0160364 602.76 0
2060 9 24.931139 11.709084 346.6 79.42758 601.76 0
2060 10 17.634811 4.0383444 255.1 45.9089075 601.62 0
2060 11 9.695276 -0.6559544 163.1 85.058133 603.05 0
2060 12 3.5039372 -6.2500505 125 154.2984793 604.26 0
2061 1 -0.33255908 -9.40166 143.5 92.8590895 610.52 0
2061 2 0.9919501 -11.05423 209.8 54.79760415 611.44 0
2061 3 7.9633946 -4.0243287 301.6 56.0157073 612.42 0
2061 4 11.656484 0.41241112 391.2 162.790218 613.88 0
2061 5 19.805302 5.7122216 461.6 68.7150867 614.42 0
2061 6 25.475868 11.350058 512.7 103.274859 613.87 0
2061 7 29.37201 14.11042 503.7 92.5148283 612.35 0
2061 8 29.790995 15.461983 439.3 92.8959268 609.76 0
2061 9 25.91586 11.982942 346.6 110.001312 608.76 0
2061 10 17.600552 5.1424537 255.1 45.6391486 608.62 0
2061 11 10.176869 0.60329634 163.1 63.017706 610.05 0
2061 12 1.8055316 -7.0040483 125 165.256195 611.26 0
2062 1 -0.16239555 -10.219236 143.5 64.1250748 617.61 0
2062 2 0.6265055 -11.264774 209.8 45.721430025 618.53 0
2062 3 6.0811195 -6.011241 301.6 160.8633214 619.51 0
2062 4 14.888547 2.5318747 391.2 58.363791 620.97 0
2062 5 23.36976 8.306333 461.6 70.7168714 621.51 0
2062 6 26.1811 12.001343 512.7 95.017398 620.96 0
2062 7 26.874716 12.657384 503.7 85.6436225 619.44 0
2062 8 28.426735 13.802931 439.3 134.9086954 616.85 0
2062 9 24.490028 10.155743 346.6 45.067875 615.85 0
2062 10 17.071285 4.4417753 255.1 56.9008317 615.71 0
2062 11 7.916818 -1.9896497 163.1 83.524131 617.14 0
2062 12 2.9427638 -6.8106356 125 75.4709198 618.35 0
2063 1 -1.1338849 -11.391764 143.5 95.7401365 624.76 0
2063 2 0.081380896 -10.842892 209.8 79.38635895 625.68 0
2063 3 4.4261117 -6.041443 301.6 91.6872957 626.66 0
2063 4 14.8119545 2.6710296 391.2 71.063889 628.12 0
2063 5 20.600962 6.9016347 461.6 79.9647294 628.66 0
2063 6 25.945963 11.948592 512.7 120.263901 628.11 0
2063 7 30.355219 16.84921 503.7 112.887647 626.59 0
2063 8 28.145706 14.84707 439.3 106.3559005 624 0
2063 9 22.394043 7.4960313 346.6 100.603944 623 0
2063 10 18.346407 4.9772053 255.1 74.6782281 622.86 0
2063 11 8.698155 0.8243098 163.1 107.546874 624.29 0
2063 12 1.7327187 -5.9957676 125 77.0455276 625.5 0
2064 1 0.80853564 -9.505482 143.5 112.1607807 631.99 0
2064 2 0.78877956 -10.037949 209.8 20.02025972 632.91 0
2064 3 8.41905 -3.2355974 301.6 76.0927736 633.89 0
2064 4 12.443735 1.5527111 391.2 74.14923 635.35 0
2064 5 24.072716 8.653815 461.6 60.9443725 635.89 0
2064 6 26.313038 12.171971 512.7 77.722515 635.34 0
2064 7 31.170177 17.213705 503.7 72.1758585 633.82 0
2064 8 29.951206 16.350023 439.3 90.1647617 631.23 0
2064 9 28.097021 13.849586 346.6 59.14209 630.23 0
2064 10 19.196875 4.3855796 255.1 19.73262716 630.09 0
2064 11 11.689665 1.4788318 163.1 70.159206 631.52 0
2064 12 2.3016796 -6.4661417 125 153.3672455 632.73 0
2065 1 -0.40027583 -11.076572 143.5 97.8373423 639.29 0
2065 2 0.5822567 -11.447527 209.8 64.89593955 640.21 0
2065 3 10.867219 -2.5313158 301.6 31.4987807 641.19 0
2065 4 13.1093645 1.2313174 391.2 119.173185 642.65 0
2065 5 22.944818 8.590634 461.6 86.7376838 643.19 0
2065 6 28.370832 13.63173 512.7 83.724075 642.64 0
2065 7 30.831928 15.822192 503.7 56.581262 641.12 0
2065 8 31.288044 17.381897 439.3 59.3192068 638.53 0
2065 9 25.399538 11.283286 346.6 64.15983 637.53 0
2065 10 18.385778 4.878192 255.1 59.2016176 637.39 0
2065 11 10.556802 1.1013695 163.1 91.201845 638.82 0
2065 12 3.6956334 -4.7185516 125 104.1246693 640.03 0
2066 1 -0.7869373 -12.365072 143.5 87.859859 646.65 0
2066 2 2.3266616 -9.940218 209.8 77.6747762 647.57 0
2066 3 7.681246 -4.3951306 301.6 112.702174 648.55 0
2066 4 13.992091 0.8525982 391.2 96.485301 650.01 0
2066 5 21.530134 5.5797696 461.6 81.3866405 650.55 0
2066 6 26.503546 13.154932 512.7 134.087535 650 0
2066 7 27.970804 13.712143 503.7 87.4775143 648.48 0
2066 8 26.800798 13.094731 439.3 139.7635186 645.89 0
2066 9 23.712118 10.290885 346.6 34.291083 644.89 0
2066 10 15.384104 4.0062757 255.1 124.541849 644.75 0
2066 11 8.539579 -2.292887 163.1 88.96341 646.18 0
2066 12 3.2218378 -6.151173 125 85.7698297 647.39 0
2067 1 2.3722286 -8.2770405 143.5 80.651181 654.1 0
2067 2 0.3579109 -10.663443 209.8 63.999697 655.02 0
2067 3 8.0369625 -4.21858 301.6 80.5442682 656 0
2067 4 12.89985 0.7850717 391.2 157.28088 657.46 0
2067 5 17.562923 4.065691 461.6 113.346416 658 0
2067 6 26.230724 12.485618 512.7 105.834855 657.45 0
2067 7 30.725452 16.115112 503.7 88.351705 655.93 0
2067 8 29.487864 15.1422205 439.3 94.5713063 653.34 0
2067 9 24.512316 11.134848 346.6 80.017785 652.34 0
2067 10 17.453999 5.1629314 255.1 195.634583 652.2 0
2067 11 11.22382 1.5245621 163.1 97.283571 653.63 0
2067 12 3.5746293 -4.3353496 125 131.182328 654.84 0
2068 1 -3.8374226 -13.546402 143.5 34.9436619 661.64 0
2068 2 0.59287 -10.888091 209.8 93.515830925 662.56 0
2068 3 6.397588 -5.007275 301.6 83.1032531 663.54 0
2068 4 18.790031 5.0117106 391.2 72.235644 665 0
2068 5 23.645897 9.12669 461.6 105.007137 665.54 0
2068 6 25.455229 11.678909 512.7 142.18983 664.99 0
2068 7 30.46174 16.580406 503.7 136.9081613 663.47 0
2068 8 28.12437 13.843888 439.3 157.954269 660.88 0
2068 9 22.427769 7.6501904 346.6 131.02071 659.88 0
2068 10 17.358973 5.230781 255.1 138.5168226 659.74 0
2068 11 7.3527126 -1.9315042 163.1 69.97416 661.17 0
2068 12 1.219221 -6.6841054 125 112.7694254 662.38 0
2069 1 2.1548836 -7.2053885 143.5 54.43073 669.3 0
2069 2 4.0252137 -6.9571457 209.8 99.0997457 670.22 0
2069 3 6.873107 -3.1328332 301.6 93.2955354 671.2 0
2069 4 17.387016 4.861812 391.2 119.45478 672.66 0
2069 5 23.249104 8.145853 461.6 65.2574025 673.2 0
2069 6 24.296 9.852989 512.7 51.969528 672.65 0
2069 7 30.41965 15.148738 503.7 86.8517948 671.13 0
2069 8 30.21774 15.917045 439.3 132.949266 668.54 0
2069 9 24.815706 11.688845 346.6 107.458083 667.54 0
2069 10 17.362516 3.8336654 255.1 19.24990415 667.4 0
2069 11 11.571925 1.7047004 163.1 119.781219 668.83 0
2069 12 4.3732333 -4.1755233 125 43.9857419 670.04 0
2070 1 -0.18274769 -9.63302 143.5 61.3437951 677.08 0
2070 2 1.7489998 -10.516681 209.8 81.706907175 678 0
2070 3 6.7051845 -3.6160872 301.6 73.1241206 678.98 0
2070 4 12.814292 2.5043304 391.2 95.905329 680.44 0
2070 5 23.241375 7.890985 461.6 74.2177355 680.98 0
2070 6 26.357237 12.131579 512.7 112.697376 680.43 0
2070 7 30.530762 16.124779 503.7 65.722077 678.91 0
2070 8 30.463991 16.17609 439.3 72.4281799 676.32 0
2070 9 23.95298 8.610345 346.6 41.897466 675.32 0
2070 10 21.578411 7.8592515 255.1 66.847656 675.18 0
2070 11 8.401858 -1.6035458 163.1 155.81967 676.61 0
2070 12 -1.2229058 -11.3417 125 65.610694 677.82 0
2071 1 -4.5214562 -17.873703 143.5 77.2748625 684.95 0
2071 2 3.0365663 -8.209484 209.8 62.331605125 685.87 0
2071 3 7.5483174 -2.6454983 301.6 98.6944148 686.85 0
2071 4 16.47259 4.782139 391.2 171.44199 688.31 0
2071 5 18.629248 5.7172165 461.6 128.704653 688.85 0
2071 6 26.350107 12.088495 512.7 96.411432 688.3 0
2071 7 30.90641 17.153437 503.7 129.585518 686.78 0
2071 8 29.718836 15.67615 439.3 123.0135924 684.19 0
2071 9 24.203304 11.217217 346.6 117.71451 683.19 0
2071 10 14.98109 3.192853 255.1 81.657069 683.05 0
2071 11 6.9975305 -1.9009048 163.1 118.651392 684.48 0
2071 12 4.788295 -3.2767081 125 185.9776645 685.69 0
2072 1 0.88023293 -9.568828 143.5 122.2572978 692.9 0
2072 2 -0.02611926 -13.897592 209.8 66.238546225 693.82 0
2072 3 6.826617 -4.850023 301.6 100.461421 694.8 0
2072 4 18.449364 4.752403 391.2 47.497701 696.26 0
2072 5 24.423527 8.69599 461.6 56.4332773 696.8 0
2072 6 28.257586 14.04567 512.7 68.692311 696.25 0
2072 7 30.58936 16.886206 503.7 118.566475 694.73 0
2072 8 30.60041 16.287428 439.3 81.4620201 692.14 0
2072 9 29.783241 16.343222 346.6 46.086024 691.14 0
2072 10 17.6581 3.8977218 255.1 59.3126751 691 0
2072 11 11.102235 1.4598047 163.1 97.576575 692.43 0
2072 12 2.5779417 -5.546873 125 97.7570027 693.64 0
2073 1 -0.9611958 -9.607857 143.5 19.5791939 700.89 0
2073 2 1.9044098 -7.9679456 209.8 81.467787875 701.81 0
2073 3 4.640717 -6.57446 301.6 104.1143277 702.79 0
2073 4 15.585244 2.5924528 391.2 101.543361 704.25 0
2073 5 24.733889 8.988984 461.6 67.212588 704.79 0
2073 6 26.974588 12.627272 512.7 75.79452 704.24 0
2073 7 32.367733 17.560072 503.7 111.024609 702.72 0
2073 8 32.613583 18.487764 439.3 51.2568663 700.13 0
2073 9 28.074968 12.969842 346.6 29.855676 699.13 0
2073 10 20.846977 7.3985066 255.1 141.135033 698.99 0
2073 11 9.891026 -0.8189691 163.1 151.630038 700.42 0
2073 12 5.671801 -3.5220969 125 136.5987317 701.63 0
2074 1 -1.48643 -11.250087 143.5 102.3966952 708.93 0
2074 2 -0.34691942 -11.715028 209.8 52.5547519 709.85 0
2074 3 6.53533 -4.415439 301.6 128.8965523 710.83 0
2074 4 13.729759 0.87289083 391.2 163.42665 712.29 0
2074 5 22.034773 7.022595 461.6 40.3734855 712.83 0
2074 6 27.316383 13.081191 512.7 108.038091 712.28 0
2074 7 30.097168 15.465983 503.7 120.6844446 710.76 0
2074 8 27.817501 13.564188 439.3 129.997229 708.17 0
2074 9 24.687157 11.124393 346.6 110.804415 707.17 0
2074 10 17.50905 4.268473 255.1 67.231343 707.03 0
2074 11 8.303755 -1.8095741 163.1 86.88618 708.46 0
2074 12 -0.64048266 -10.547665 125 53.736733 709.67 0
2075 1 -1.7408384 -12.372132 143.5 59.5281902 717.02 0
2075 2 1.0691202 -10.585479 209.8 52.67502345 717.94 0
2075 3 5.469951 -5.7001376 301.6 82.0393827 718.92 0
2075 4 15.034513 2.3767517 391.2 129.576615 720.38 0
2075 5 23.35759 8.160229 461.6 60.9784353 720.92 0
2075 6 27.816408 13.5155735 512.7 65.979465 720.37 0
2075 7 31.496748 17.228294 503.7 83.8442058 718.85 0
2075 8 31.123293 16.571447 439.3 34.6770464 716.26 0
2075 9 28.069958 15.805877 346.6 99.874362 715.26 0
2075 10 18.141033 5.180996 255.1 164.725103 715.12 0
2075 11 7.1275578 -2.3616238 163.1 103.164891 716.55 0
2075 12 3.0475736 -5.2732716 125 58.7341531 717.76 0
2076 1 1.3383723 -7.822121 143.5 67.869385 725.14 0
2076 2 0.007955267 -10.798227 209.8 53.634735275 726.06 0
2076 3 6.9789014 -2.8592463 301.6 84.7917084 727.04 0
2076 4 17.817024 4.3611865 391.2 63.073032 728.5 0
2076 5 24.508266 9.521006 461.6 144.5525164 729.04 0
2076 6 27.93144 14.337114 512.7 78.00618 728.49 0
2076 7 32.213573 17.642046 503.7 53.830291 726.97 0
2076 8 31.125221 16.942976 439.3 78.371751 724.38 0
2076 9 25.569048 12.010172 346.6 77.432979 723.38 0
2076 10 17.530983 4.9194074 255.1 130.7836153 723.24 0
2076 11 11.071832 1.6847128 163.1 113.195478 724.67 0
2076 12 3.305229 -5.219163 125 168.8361153 725.88 0
2077 1 -2.278585 -13.184233 143.5 61.9792672 733.31 0
2077 2 1.0008973 -9.556752 209.8 68.09778325 734.23 0
2077 3 7.453322 -3.6362312 301.6 70.817299 735.21 0
2077 4 11.66165 0.052242197 391.2 141.716022 736.67 0
2077 5 23.398651 8.7532215 461.6 111.9870102 737.21 0
2077 6 28.598305 15.031655 512.7 97.86891 736.66 0
2077 7 31.301363 16.841526 503.7 69.1416188 735.14 0
2077 8 31.090206 17.666754 439.3 170.379999 732.55 0
2077 9 26.124495 12.205366 346.6 35.468241 731.55 0
2077 10 17.744446 6.0725574 255.1 117.774797 731.41 0
2077 11 6.691185 -2.8817155 163.1 64.006926 732.84 0
2077 12 3.6010976 -5.8144884 125 103.3591925 734.05 0
2078 1 0.08652671 -8.200675 143.5 45.6501815 741.52 0
2078 2 1.0632396 -9.853269 209.8 77.4430358 742.44 0
2078 3 6.1505027 -4.320208 301.6 96.4611872 743.42 0
2078 4 15.980517 4.1425343 391.2 157.46898 744.88 0
2078 5 23.736689 7.4860077 461.6 34.7967219 745.42 0
2078 6 29.010468 15.204896 512.7 93.926166 744.87 0
2078 7 30.850468 16.090054 503.7 74.34637 743.35 0
2078 8 30.55793 16.756435 439.3 105.0325012 740.76 0
2078 9 24.046432 8.5745 346.6 42.264711 739.76 0
2078 10 17.6837 4.4098697 255.1 127.0093684 739.62 0
2078 11 9.936597 0.1582781 163.1 74.206596 741.05 0
2078 12 3.298129 -5.008885 125 153.5515033 742.26 0
2079 1 -0.5623008 -10.32709 143.5 82.9326322 749.8 0
2079 2 4.6989427 -6.7590714 209.8 98.48106505 750.72 0
2079 3 6.41182 -4.999094 301.6 76.9726404 751.7 0
2079 4 16.374397 4.0867276 391.2 136.64409 753.16 0
2079 5 20.642677 6.876736 461.6 144.575599 753.7 0
2079 6 25.937992 11.867879 512.7 82.448889 753.15 0
2079 7 28.7021 15.419993 503.7 182.1466845 751.63 0
2079 8 30.116272 17.042616 439.3 151.9149637 749.04 0
2079 9 25.594397 11.528192 346.6 55.009338 748.04 0
2079 10 19.732737 5.5141478 255.1 87.4097173 747.9 0
2079 11 12.345212 2.5608308 163.1 151.54419 749.33 0
2079 12 4.099715 -3.960066 125 43.0818625 750.54 0
2080 1 2.5776937 -6.180952 143.5 92.2210568 758.18 0
2080 2 2.4249537 -6.9443045 209.8 55.574719275 759.1 0
2080 3 6.459887 -3.7848618 301.6 125.374509 760.08 0
2080 4 12.9010105 2.0347402 391.2 146.5278 761.54 0
2080 5 22.59677 8.023626 461.6 92.8954556 762.08 0
2080 6 28.08125 13.737647 512.7 49.569063 761.53 0
2080 7 32.027584 17.670319 503.7 76.054346 760.01 0
2080 8 29.538963 16.421211 439.3 243.9529376 757.42 0
2080 9 25.853546 11.052323 346.6 35.249208 756.42 0
2080 10 18.914347 5.784945 255.1 58.2870432 756.28 0
2080 11 9.900133 -1.1718287 163.1 113.22807 757.71 0
2080 12 -0.3158993 -11.376894 125 30.35500997 758.92 0
2081 1 0.9240276 -8.584669 143.5 145.470848 766.64 0
2081 2 5.611661 -5.110623 209.8 97.885614375 767.56 0
2081 3 6.5751824 -3.5789065 301.6 28.76249285 768.54 0
2081 4 16.954319 3.9895828 391.2 69.745623 770 0
2081 5 24.180397 9.227553 461.6 137.246796 770.54 0
2081 6 27.826725 14.32549 512.7 108.902229 769.99 0
2081 7 28.980627 14.895161 503.7 131.3777024 768.47 0
2081 8 28.503593 15.010668 439.3 135.1414217 765.88 0
2081 9 26.715555 12.65619 346.6 35.045862 764.88 0
2081 10 18.355066 4.299528 255.1 45.2272547 764.74 0
2081 11 13.542189 3.266428 163.1 62.679006 766.17 0
2081 12 2.3212497 -7.221936 125 75.2416283 767.38 0
2082 1 2.4023507 -6.4184403 143.5 151.8576664 775.17 0
2082 2 2.9130642 -6.5614457 209.8 75.50425525 776.09 0
2082 3 3.0991244 -7.3088064 301.6 77.7668728 777.07 0
2082 4 18.619972 4.3636613 391.2 42.949152 778.53 0
2082 5 23.871958 8.655692 461.6 79.768239 779.07 0
2082 6 28.028324 14.155305 512.7 98.14794 778.52 0
2082 7 33.998867 19.252043 503.7 39.6183069 777 0
2082 8 33.11965 20.531765 439.3 184.1858397 774.41 0
2082 9 25.917654 12.058854 346.6 60.45339 773.41 0
2082 10 17.35169 3.7517874 255.1 79.5309154 773.27 0
2082 11 11.174388 0.7895876 163.1 82.999383 774.7 0
2082 12 3.814939 -4.2410545 125 82.5092714 775.91 0
2083 1 0.26332512 -8.006063 143.5 85.5024082 783.75 0
2083 2 0.935149 -9.862139 209.8 55.079259475 784.67 0
2083 3 6.0607634 -6.1581216 301.6 44.5450966 785.65 0
2083 4 17.14195 4.9679275 391.2 67.899156 787.11 0
2083 5 19.846373 6.347801 461.6 83.7956846 787.65 0
2083 6 28.179655 13.624699 512.7 107.110956 787.1 0
2083 7 32.232735 17.960938 503.7 95.60958 785.58 0
2083 8 31.226793 17.125774 439.3 68.0390542 782.99 0
2083 9 27.805668 13.075426 346.6 36.065061 781.99 0
2083 10 19.371044 5.656187 255.1 136.507353 781.85 0
2083 11 12.033044 3.184967 163.1 130.666065 783.28 0
2083 12 1.0478933 -6.715518 125 39.6616728 784.49 0
2084 1 -1.805703 -10.7956915 143.5 65.980617 792.37 0
2084 2 1.6796921 -9.401526 209.8 48.805160475 793.29 0
2084 3 8.622769 -3.3623734 301.6 68.9140354 794.27 0
2084 4 14.417181 2.4897926 391.2 169.912149 795.73 0
2084 5 23.516071 8.688319 461.6 136.583985 796.27 0
2084 6 28.126608 13.300918 512.7 42.621381 795.72 0
2084 7 31.945396 17.611553 503.7 121.5451162 794.2 0
2084 8 28.93291 15.067083 439.3 157.618012 791.61 0
2084 9 24.909613 9.91081 346.6 170.797161 790.61 0
2084 10 15.270319 3.6463928 255.1 52.096151 790.47 0
2084 11 9.336858 -0.48408562 163.1 135.75258 791.9 0
2084 12 4.436517 -4.3910136 125 187.812477 793.11 0
2085 1 0.77045256 -9.281367 143.5 68.2252278 801.02 0
2085 2 3.1415462 -8.029467 209.8 68.13430485 801.94 0
2085 3 10.263689 -0.92496 301.6 95.600435 802.92 0
2085 4 13.741728 1.9121389 391.2 167.57862 804.38 0
2085 5 23.398785 8.368318 461.6 105.9257972 804.92 0
2085 6 28.444784 14.257846 512.7 103.047981 804.37 0
2085 7 32.465588 18.160667 503.7 72.9678682 802.85 0
2085 8 32.373596 18.291082 439.3 84.3106876 800.26 0
2085 9 28.614843 14.294458 346.6 69.649242 799.26 0
2085 10 19.01613 5.5921445 255.1 88.1020155 799.12 0
2085 11 12.741493 3.4590497 163.1 138.006492 800.55 0
2085 12 6.010085 -2.931702 125 159.0673147 801.76 0
2086 1 0.99219096 -8.678642 143.5 93.447981 809.71 0
2086 2 1.9620436 -9.715825 209.8 107.6926047 810.63 0
2086 3 5.183403 -6.507353 301.6 81.211382 811.61 0
2086 4 14.030123 1.2981389 391.2 122.565165 813.07 0
2086 5 22.932867 7.927663 461.6 84.0514346 813.61 0
2086 6 28.967625 14.581629 512.7 93.45468 813.06 0
2086 7 32.735107 18.528736 503.7 108.0316055 811.54 0
2086 8 30.85143 15.871381 439.3 57.6777754 808.95 0
2086 9 24.863102 9.714603 346.6 121.12575 807.95 0
2086 10 21.66305 8.734875 255.1 35.5983664 807.81 0
2086 11 8.892431 0.28950948 163.1 110.421174 809.24 0
2086 12 4.33567 -4.3225026 125 90.6294486 810.45 0
2087 1 -1.9838967 -11.4052925 143.5 34.5598168 818.42 0
2087 2 3.1281574 -9.230488 209.8 104.384589025 819.34 0
2087 3 6.9796195 -3.9339077 301.6 100.703624 820.32 0
2087 4 18.26846 6.2349887 391.2 129.14679 821.78 0
2087 5 23.188564 8.354031 461.6 78.667522 822.32 0
2087 6 29.013432 15.331269 512.7 109.291071 821.77 0
2087 7 30.784708 16.324146 503.7 97.5955826 820.25 0
2087 8 32.20631 18.23988 439.3 93.2945155 817.66 0
2087 9 29.22482 16.365664 346.6 60.453258 816.66 0
2087 10 17.41484 4.7101007 255.1 87.0872057 816.52 0
2087 11 9.554892 -0.027126372 163.1 87.463902 817.95 0
2087 12 4.4529085 -4.2969246 125 34.1240405 819.16 0
2088 1 1.0583534 -7.8210545 143.5 92.558622 827.16 0
2088 2 1.403244 -9.219998 209.8 105.088511225 828.08 0
2088 3 7.1531706 -3.758678 301.6 103.0348612 829.06 0
2088 4 15.152104 4.0547543 391.2 169.423815 830.52 0
2088 5 24.837425 9.635663 461.6 83.5404523 831.06 0
2088 6 29.116962 15.291861 512.7 182.25717 830.51 0
2088 7 32.06388 18.657034 503.7 102.0852382 828.99 0
2088 8 31.795877 17.175335 439.3 78.8384901 826.4 0
2088 9 26.735647 12.187467 346.6 34.378476 825.4 0
2088 10 17.606056 5.2290006 255.1 79.095632 825.26 0
2088 11 13.595244 3.9570675 163.1 184.043655 826.69 0
2088 12 6.3462424 -2.6158059 125 191.8767723 827.9 0
2089 1 1.0239227 -7.0208645 143.5 98.089828 835.96 0
2089 2 5.7612906 -4.873431 209.8 66.47755535 836.88 0
2089 3 6.9739356 -3.2103827 301.6 84.7677237 837.86 0
2089 4 16.685062 4.4417305 391.2 108.164526 839.32 0
2089 5 26.402723 10.797616 461.6 55.9368061 839.86 0
2089 6 30.522322 16.21122 512.7 138.312708 839.31 0
2089 7 31.27037 17.37004 503.7 155.146723 837.79 0
2089 8 31.443914 17.590176 439.3 81.1695382 835.2 0
2089 9 26.609146 13.209749 346.6 75.248679 834.2 0
2089 10 19.166344 5.4111967 255.1 83.178828 834.06 0
2089 11 11.389202 1.7401432 163.1 68.986074 835.49 0
2089 12 4.6077657 -3.9478745 125 83.3152435 836.7 0
2090 1 2.0062711 -7.5074916 143.5 99.9350038 844.8 0
2090 2 0.6638291 -9.437091 209.8 63.730155275 845.72 0
2090 3 6.5518584 -4.24815 301.6 96.7775422 846.7 0
2090 4 12.397713 1.4831176 391.2 84.500385 848.16 0
2090 5 24.766762 9.690603 461.6 125.1621714 848.7 0
2090 6 26.523874 12.59456 512.7 113.322195 848.15 0
2090 7 32.49867 18.196037 503.7 53.1208591 846.63 0
2090 8 30.80791 17.160286 439.3 156.4516463 844.04 0
2090 9 25.541502 12.758652 346.6 104.27442 843.04 0
2090 10 16.680645 4.945322 255.1 114.7344131 842.9 0
2090 11 11.372967 2.7236907 163.1 51.813261 844.33 0
2090 12 4.8943524 -3.937162 125 106.5091087 845.54 0
2091 1 2.5863767 -6.706295 143.5 134.201883 853.73 0
2091 2 1.7596027 -8.782233 209.8 48.4447498 854.65 0
2091 3 6.8476596 -2.1923912 301.6 72.0028878 855.63 0
2091 4 16.364878 3.7266974 391.2 38.582937 857.09 0
2091 5 24.76855 8.83543 461.6 114.0559068 857.63 0
2091 6 28.801247 14.5841875 512.7 53.191065 857.08 0
2091 7 33.084545 19.104612 503.7 140.475818 855.56 0
2091 8 31.740528 18.355879 439.3 130.3436447 852.97 0
2091 9 25.798025 11.749208 346.6 36.56424 851.97 0
2091 10 21.167416 7.736063 255.1 56.0588779 851.83 0
2091 11 12.9746065 3.669157 163.1 153.57432 853.26 0
2091 12 5.708427 -2.380424 125 108.1796243 854.47 0
2092 1 5.6016803 -3.7292504 143.5 74.5610822 862.73 0
2092 2 1.9126164 -8.217528 209.8 81.09102045 863.65 0
2092 3 10.171014 0.05460881 301.6 84.91675 864.63 0
2092 4 15.191515 2.5924444 391.2 163.66551 866.09 0
2092 5 27.121113 12.041453 461.6 134.032003 866.63 0
2092 6 31.727913 17.326912 512.7 48.83637 866.08 0
2092 7 33.202244 17.173292 503.7 54.2478114 864.56 0
2092 8 34.09942 19.424463 439.3 34.9029 861.97 0
2092 9 28.72825 14.436525 346.6 80.569926 860.97 0
2092 10 20.929607 7.9024277 255.1 159.9032483 860.83 0
2092 11 8.233652 -0.29823777 163.1 121.461582 862.26 0
2092 12 2.3194911 -6.2239213 125 134.264379 863.47 0
2093 1 2.6893973 -6.1672635 143.5 83.891735 871.78 0
2093 2 2.6710289 -8.046722 209.8 69.6764102 872.7 0
2093 3 7.827003 -0.9744053 301.6 115.683878 873.68 0
2093 4 13.795328 3.1853502 391.2 74.929956 875.14 0
2093 5 26.429253 11.185497 461.6 78.9109092 875.68 0
2093 6 30.431839 16.039562 512.7 63.98769 875.13 0
2093 7 33.463 18.737577 503.7 65.7467065 873.61 0
2093 8 31.759226 16.699917 439.3 63.3146542 871.02 0
2093 9 30.369879 17.182316 346.6 70.761051 870.02 0
2093 10 19.789768 5.8557944 255.1 55.715618 869.88 0
2093 11 12.398662 3.1117103 163.1 123.061638 871.31 0
2093 12 4.3630037 -3.2691543 125 200.567117 872.52 0
2094 1 3.3718512 -5.613227 143.5 80.7086674 880.86 0
2094 2 4.398063 -5.9555407 209.8 46.296961625 881.78 0
2094 3 7.847383 -1.102414 301.6 116.7520977 882.76 0
2094 4 16.889832 4.7042546 391.2 121.150275 884.22 0
2094 5 26.983799 11.244574 461.6 28.9159382 884.76 0
2094 6 29.614342 15.02751 512.7 53.914188 884.21 0
2094 7 33.270786 18.442554 503.7 142.9714513 882.69 0
2094 8 31.788269 17.667908 439.3 142.3551496 880.1 0
2094 9 22.774502 9.2765875 346.6 254.34696 879.1 0
2094 10 17.328289 4.1851163 255.1 48.7747366 878.96 0
2094 11 12.223671 2.322094 163.1 132.15474 880.39 0
2094 12 5.04302 -2.9865804 125 158.3645354 881.6 0
2095 1 -2.9005117 -13.906644 143.5 42.2069712 889.98 0
2095 2 2.3740754 -9.61269 209.8 113.9913038 890.9 0
2095 3 7.1866174 -4.5196104 301.6 121.3967502 891.88 0
2095 4 15.717758 4.8336344 391.2 137.409081 893.34 0
2095 5 22.071587 6.46854 461.6 145.5454495 893.88 0
2095 6 27.55468 14.632314 512.7 164.577885 893.33 0
2095 7 33.773827 19.053722 503.7 57.4108809 891.81 0
2095 8 33.375156 18.34687 439.3 49.2540741 889.22 0
2095 9 26.197044 10.936459 346.6 53.117295 888.22 0
2095 10 20.482845 6.581813 255.1 32.6126603 888.08 0
2095 11 7.376934 -2.1817873 163.1 53.007858 889.51 0
2095 12 3.1267262 -5.854187 125 51.8544006 890.72 0
2096 1 2.973956 -10.166225 143.5 131.8568136 899.12 0
2096 2 6.4518237 -4.9016266 209.8 148.231592 900.04 0
2096 3 10.129782 -0.58022344 301.6 95.1368858 901.02 0
2096 4 15.802024 4.0460277 391.2 90.297375 902.48 0
2096 5 22.587662 7.6763306 461.6 101.3179138 903.02 0
2096 6 29.134968 14.776628 512.7 96.264297 902.47 0
2096 7 33.26028 18.223001 503.7 64.8873276 900.95 0
2096 8 32.41583 17.498041 439.3 131.812527 898.36 0
2096 9 26.365837 11.156755 346.6 128.103918 897.36 0
2096 10 16.357409 4.5859127 255.1 83.5946372 897.22 0
2096 11 9.264669 0.1980525 163.1 149.899062 898.65 0
2096 12 3.2818937 -4.9358387 125 100.4600136 899.86 0
2097 1 2.751043 -6.178342 143.5 123.30994 908.29 0
2097 2 3.230439 -7.4894195 209.8 99.59663495 909.21 0
2097 3 7.8547287 -3.6428876 301.6 106.9903124 910.19 0
2097 4 17.723497 5.7252297 391.2 156.14181 911.65 0
2097 5 27.366323 11.647695 461.6 35.8917504 912.19 0
2097 6 30.642805 16.994171 512.7 78.230181 911.64 0
2097 7 33.07512 17.171007 503.7 75.4904963 910.12 0
2097 8 34.82292 20.689493 439.3 72.6099236 907.53 0
2097 9 28.625263 14.180568 346.6 89.397504 906.53 0
2097 10 16.639545 4.873321 255.1 149.7048094 906.39 0
2097 11 7.181238 -0.97016335 163.1 92.36877 907.82 0
2097 12 0.33442402 -8.565074 125 89.6973065 909.03 0
2098 1 1.7457367 -7.7477183 143.5 100.143392 917.47 0
2098 2 0.78619355 -9.759215 209.8 103.59999895 918.39 0
2098 3 7.923057 -3.6177433 301.6 125.297629 919.37 0
2098 4 14.094249 1.5157901 391.2 83.779185 920.83 0
2098 5 22.790934 9.550309 461.6 93.2223134 921.37 0
2098 6 28.014906 14.290664 512.7 79.30755 920.82 0
2098 7 32.795517 17.516863 503.7 61.2265717 919.3 0
2098 8 35.31366 21.482126 439.3 130.430361 916.71 0
2098 9 29.438822 15.350155 346.6 95.921217 915.71 0
2098 10 19.007769 5.2655063 255.1 48.738727 915.57 0
2098 11 13.360036 3.3840864 163.1 96.889101 917 0
2098 12 5.198547 -1.838827 125 55.0937797 918.21 0
2099 1 1.3185995 -7.991997 143.5 94.349151 926.67 0
2099 2 2.8482275 -8.52201 209.8 106.67514705 927.59 0
2099 3 7.4853606 -1.1474124 301.6 121.7419445 928.57 0
2099 4 15.513273 3.5616064 391.2 208.657779 930.03 0
2099 5 23.085747 10.027842 461.6 99.088679 930.57 0
2099 6 28.992567 14.620998 512.7 76.289562 930.02 0
2099 7 33.12103 18.267332 503.7 109.6224976 928.5 0
2099 8 34.871994 20.69567 439.3 56.8722621 925.91 0
2099 9 27.350838 14.3509 346.6 198.063612 924.91 0
2099 10 21.945995 9.086019 255.1 45.8256353 924.77 0
2099 11 10.734309 1.41202 163.1 82.802031 926.2 0
2099 12 5.651039 -3.0528326 125 82.7984363 927.41 0
2100-2200 1 1.3185995 -7.991997 143.5 94.349151 926.67 0
2100-2200 2 2.8482275 -8.52201 209.8 106.67514705 927.59 0
2100-2200 3 7.4853606 -1.1474124 301.6 121.7419445 928.57 0
2100-2200 4 15.513273 3.5616064 391.2 208.657779 930.03 0
2100-2200 5 23.085747 10.027842 461.6 99.088679 930.57 0
2100-2200 6 28.992567 14.620998 512.7 76.289562 930.02 0
2100-2200 7 33.12103 18.267332 503.7 109.6224976 928.5 0
2100-2200 8 34.871994 20.69567 439.3 56.8722621 925.91 0
2100-2200 9 27.350838 14.3509 346.6 198.063612 924.91 0
2100-2200 10 21.945995 9.086019 255.1 45.8256353 924.77 0
2100-2200 11 10.734309 1.41202 163.1 82.802031 926.2 0
2100-2200 12 5.651039 -3.0528326 125 82.7984363 927.41 0
