Year Month Tmax Tmin PAR Prec CO2 O3
1200-1980 1 -1.40869417242998 -12.1057201271139 143.5 84.953422999966 390 0
1200-1980 2 0.668207960782056 -10.6519659071236 209.8 80.1168871720896 390 0
1200-1980 3 5.2469330657924 -5.74245450594114 301.6 99.2853858262441 390 0
1200-1980 4 12.2389835814994 0.400323252989985 391.2 104.099789496298 390 0
1200-1980 5 18.7380549305134 6.12610444858438 461.6 104.785832266615 390 0
1200-1980 6 23.3865055557382 11.2736580185722 512.7 110.171030653285 390 0
1200-1980 7 26.269414785249 14.2147216395071 503.7 97.451143466382 390 0
1200-1980 8 25.4862250869476 13.389674386083 439.3 97.8457575958585 390 0
1200-1980 9 21.1248736643138 9.06791642837748 346.6 102.959154265004 390 0
1200-1980 10 14.5391713942798 3.06511695414708 255.1 117.153449760033 390 0
1200-1980 11 7.97617053276672 -1.66677503822998 163.1 111.65139315118 390 0
1200-1980 12 1.60539974356243 -7.86177000701591 125 103.516692263951 390 0
1981 1 -4.58487745616422 -17.4383650396406 143.5 24.988499836847 390 0
1981 2 4.52529176799494 -6.84256454444764 209.8 176.542583301945 390 0
1981 3 5.81324560504739 -4.51820717704201 301.6 27.4315008273778 390 0
1981 4 13.5396280708091 1.13113880903563 391.2 90.7639785780698 390 0
1981 5 20.3232055337551 6.47604727739944 461.6 82.6463279372995 390 0
1981 6 24.0270440637647 11.1112732817115 512.7 96.0794198779424 390 0
1981 7 26.1886103220864 14.1485049246713 503.7 137.339523105566 390 0
1981 8 25.1009101072646 12.1456846794288 439.3 79.9044146217445 390 0
1981 9 19.5104352833571 8.96876478073259 346.6 127.207767890105 390 0
1981 10 12.8696031526936 1.55131307067031 255.1 144.137611860243 390 0
1981 11 7.59373626627384 -1.79300524146244 163.1 75.7727558011189 390 0
1981 12 0.798569645309447 -7.2379172700141 125 128.835972808655 390 0
1982 1 -5.28344314849824 -17.791311461364 143.5 104.981224405649 390 0
1982 2 -0.297287574043121 -12.2385590369347 209.8 83.7519659389428 390 0
1982 3 4.44033318233181 -7.36518713315293 301.6 74.0051434887036 390 0
1982 4 10.8698032989044 -1.57621105228627 391.2 112.963110539997 390 0
1982 5 20.0778915378159 5.81903433083223 461.6 49.1963734021134 390 0
1982 6 20.8736771821034 9.73085554715367 512.7 178.863738514297 390 0
1982 7 27.0507735315325 12.9419555361125 503.7 75.9013567491317 390 0
1982 8 23.7443910757924 11.2159031011604 439.3 81.3448475532905 390 0
1982 9 20.8335271149218 8.97570947468737 346.6 67.98186407039 390 0
1982 10 15.3835742578255 1.67212633370185 255.1 45.3176122177154 390 0
1982 11 9.47879004536845 -0.180234234429131 163.1 101.254938273026 390 0
1982 12 4.32104784751776 -5.87375583893075 125 45.4016797963985 390 0
1983 1 -0.194321510424175 -10.6670481430497 143.5 105.979835499306 390 0
1983 2 1.68694224375803 -9.86915039200056 209.8 84.8234315520449 390 0
1983 3 5.55355836579604 -3.09380087596996 301.6 188.552820641317 390 0
1983 4 11.4157847575149 1.23260025034454 391.2 201.03074644718 390 0
1983 5 16.4358171455728 5.94485975053181 461.6 158.575002346338 390 0
1983 6 25.0517404222884 10.733201614835 512.7 53.9649507314709 390 0
1983 7 27.4307796264324 13.5844552059598 503.7 76.9119775558668 390 0
1983 8 26.2954724775259 13.1469263228469 439.3 95.7214706565777 390 0
1983 9 23.6693265145095 8.96913325316567 346.6 52.8947650235458 390 0
1983 10 14.5851538779272 2.70394783176003 255.1 91.7109469489495 390 0
1983 11 7.91737377930174 -1.02236156937454 163.1 244.828568054666 390 0
1983 12 0.059724794473753 -9.6226663651435 125 174.52298229377 390 0
1984 1 -2.85725857541118 -14.2217181073484 143.5 58.0330201486709 390 0
1984 2 3.83132011937362 -6.21738126585791 209.8 140.575030841829 390 0
1984 3 1.67930767658639 -8.49177367246047 301.6 131.420734803404 390 0
1984 4 11.6343194219905 0.589639900084161 391.2 111.726182131918 390 0
1984 5 17.7719067186683 5.02692514396016 461.6 236.751991088728 390 0
1984 6 24.0307971055599 11.0320430227109 512.7 121.145339820923 390 0
1984 7 25.972964624299 14.0808052182909 503.7 116.534649774424 390 0
1984 8 26.426566750267 14.5130210029292 439.3 46.9206086419964 390 0
1984 9 20.6021819297759 6.58826714784732 346.6 36.68490246971 390 0
1984 10 16.1577614068962 3.35793944631225 255.1 80.0098335312143 390 0
1984 11 8.55157826041551 -2.22660574495048 163.1 74.7246199271074 390 0
1984 12 3.43039065787797 -6.34472191801142 125 86.2084151787057 390 0
1985 1 -4.06416182768849 -14.8223135241592 143.5 27.6997074399278 390 0
1985 2 1.28947411943648 -10.1494986015504 209.8 68.9942702758238 390 0
1985 3 6.73924466738466 -5.95965626659821 301.6 79.121570705916 390 0
1985 4 12.6196776913417 -0.013967512574942 391.2 41.4356776448097 390 0
1985 5 19.607568746683 5.4824756078831 461.6 77.3681897689506 390 0
1985 6 21.2343637193486 9.72223828444507 512.7 90.7558333183894 390 0
1985 7 26.9984493793989 13.1765310734326 503.7 61.0122035374983 390 0
1985 8 24.8486246812585 12.1514782144983 439.3 130.989732351019 390 0
1985 9 21.4538125267229 8.8769295725862 346.6 109.780348353716 390 0
1985 10 15.3304873376424 3.03512247459826 255.1 75.8978304667494 390 0
1985 11 7.29368196380669 -1.21570235684786 163.1 142.675121840716 390 0
1985 12 -0.801050175237643 -11.4167401058773 125 55.9259948706666 390 0
1986 1 0.25404379113001 -11.508289313121 143.5 142.116343248489 390 0
1986 2 -0.885745493313525 -12.2666518146203 209.8 61.0382402319968 390 0
1986 3 6.33329588584734 -5.96047683266839 301.6 109.019476859032 390 0
1986 4 14.3201358070641 1.66752083326897 391.2 66.3021907450535 390 0
1986 5 19.3262085635992 6.60405363978815 461.6 80.1214681385161 390 0
1986 6 22.3891098834659 9.34133431957585 512.7 116.801279144427 390 0
1986 7 24.5534063446801 13.3446639479937 503.7 144.271340033019 390 0
1986 8 23.6468056093358 12.4899427982538 439.3 105.089426483843 390 0
1986 9 19.2680931590443 7.39479923899694 346.6 68.1420599476654 390 0
1986 10 14.5600446714645 2.37236683430036 255.1 51.8174127862148 390 0
1986 11 6.13817242155718 -4.00839980765711 163.1 124.846156766917 390 0
1986 12 1.55348058461564 -7.50921433766704 125 121.931549967208 390 0
1987 1 -1.49442829118256 -13.1173020987492 143.5 110.718272583137 390 0
1987 2 -0.373565180192602 -12.6809888359773 209.8 10.6359249091976 390 0
1987 3 6.34068287787972 -5.49904810945981 301.6 74.7003404056926 390 0
1987 4 13.2475708361896 1.87373065161639 391.2 180.260685033262 390 0
1987 5 19.4533857102152 5.45963400678961 461.6 55.2105219781604 390 0
1987 6 23.3624465001072 11.4351847137722 512.7 123.746002001634 390 0
1987 7 26.0559577176417 14.1137905353488 503.7 58.4691820307438 390 0
1987 8 24.8021792175809 11.3585141156428 439.3 72.6229316530568 390 0
1987 9 20.0309402269432 8.9188626569178 346.6 158.831918750107 390 0
1987 10 14.3387478331951 1.67724570311757 255.1 112.499944832263 390 0
1987 11 7.54590697753306 -2.97579631766565 163.1 65.2998934398588 390 0
1987 12 1.92921651012768 -6.30172810170689 125 81.8170810115035 390 0
1988 1 -1.48760145787542 -13.9418623216283 143.5 60.8756727895727 390 0
1988 2 1.05177969073206 -11.3128623153288 209.8 93.458646170364 390 0
1988 3 5.603581010192 -6.45212359134471 301.6 46.3334271515861 390 0
1988 4 11.1714262948034 0.794274147147138 391.2 97.240555066638 390 0
1988 5 19.2442599853523 6.92273916475272 461.6 85.9909863430739 390 0
1988 6 24.194984773596 9.76874651338111 512.7 45.4967830186107 390 0
1988 7 27.1775443038495 15.2624324993201 503.7 160.471415122598 390 0
1988 8 26.5489075054614 14.9481945864807 439.3 126.971588776522 390 0
1988 9 20.6502777786374 7.50925405143297 346.6 49.6620435650558 390 0
1988 10 12.0926229608433 1.86811607845843 255.1 82.8790986613295 390 0
1988 11 8.71338118013553 -1.18412130067404 163.1 179.471473939679 390 0
1988 12 0.523599881830617 -10.369923790106 125 36.804541845274 390 0
1989 1 1.00455598781871 -10.1187300176729 143.5 38.884421724342 390 0
1989 2 -0.313713939588889 -11.3602793816226 209.8 67.7389789612278 390 0
1989 3 4.75086588408846 -7.47376385833443 301.6 67.5347908970291 390 0
1989 4 10.1708850936069 -1.24370878955481 391.2 91.9572463105829 390 0
1989 5 19.7621124373171 7.33580804865173 461.6 195.760682809049 390 0
1989 6 23.12256830978 12.0183590417053 512.7 136.366786721369 390 0
1989 7 26.3419297033748 13.5108111562566 503.7 71.2926462765488 390 0
1989 8 24.7566142189147 12.876331980747 439.3 109.160969655373 390 0
1989 9 21.259119249895 8.96682678266582 346.6 108.80276456742 390 0
1989 10 15.5031780815908 2.83657567924355 255.1 130.103050899527 390 0
1989 11 6.86157141474209 -2.83234154163529 163.1 125.482567161041 390 0
1989 12 -6.0773144740506 -17.7685675844392 125 39.3208158883337 390 0
1990 1 2.50497576552953 -7.15467356457814 143.5 113.558558446794 390 0
1990 2 1.95587096603359 -11.1326054425499 209.8 79.1496992010478 390 0
1990 3 6.71127522373458 -5.96389782654442 301.6 59.9525681127694 390 0
1990 4 12.106383187872 0.769962733380562 391.2 104.727265379379 390 0
1990 5 16.862596350773 5.06746620400939 461.6 170.967644697708 390 0
1990 6 23.6104565900562 11.0244301885505 512.7 92.9699806027563 390 0
1990 7 26.5335757907927 14.3417026047112 503.7 80.5095805628473 390 0
1990 8 26.1426628549138 14.4252058990554 439.3 163.404921258657 390 0
1990 9 20.4566370762611 8.84507349081728 346.6 67.3496712097465 390 0
1990 10 16.2284945931906 5.2938792258299 255.1 177.513471256945 390 0
1990 11 9.08659763291761 -0.994168640370782 163.1 98.9590987622866 390 0
1990 12 4.1352453755342 -5.54942515736893 125 150.413236815743 390 0
1991 1 -1.28787082334188 -12.4363884674061 143.5 72.1243063820881 390 0
1991 2 2.58036276045757 -8.86225474781473 209.8 43.1973146954681 390 0
1991 3 6.19542743946868 -3.59514291740731 301.6 126.164640012066 390 0
1991 4 14.1887878631244 1.18028435118164 391.2 90.2316648447582 390 0
1991 5 21.914018538575 7.33526523566723 461.6 99.9942836081149 390 0
1991 6 24.8796816413042 11.2319006550353 512.7 64.8064163310664 390 0
1991 7 26.5826741826383 13.3693322115534 503.7 64.131844837263 390 0
1991 8 26.2308159797962 14.1006491584959 439.3 213.430263971593 390 0
1991 9 20.4264507100917 7.61763814495777 346.6 146.451458201446 390 0
1991 10 15.6958147187761 3.97700873999994 255.1 98.8443106914969 390 0
1991 11 7.78005808407725 -0.437997766323064 163.1 106.252047115415 390 0
1991 12 1.21517085225233 -9.33448540936469 125 88.0826735393694 390 0
1992 1 -0.833381846948033 -11.5488277647488 143.5 88.6278371882826 390 0
1992 2 0.393398771728206 -10.2661932452647 209.8 67.2542399566616 390 0
1992 3 3.2416024394611 -7.50797037153774 301.6 101.33822555442 390 0
1992 4 10.1524550677794 -0.927567675462562 391.2 64.1282800839795 390 0
1992 5 19.5479815857343 4.46439703898588 461.6 38.5913640329771 390 0
1992 6 23.4490919612217 10.1809420464893 512.7 112.337148667105 390 0
1992 7 24.0968409866197 12.0811955909048 503.7 100.268899956285 390 0
1992 8 23.9819873872659 12.7470932655071 439.3 98.5758502953876 390 0
1992 9 20.8790405775223 8.68684072086213 346.6 74.4651303441475 390 0
1992 10 12.5174750000398 1.53503807271485 255.1 74.0442367638906 390 0
1992 11 5.94363972193738 -2.82020056181136 163.1 113.007493745801 390 0
1992 12 1.37555942253131 -7.57346438469805 125 69.635946090553 390 0
1993 1 -0.322942532141883 -10.3920501633215 143.5 63.482087031501 390 0
1993 2 -3.41640494701429 -16.4524066079008 209.8 89.5118557665574 390 0
1993 3 4.19112059067244 -8.19418587848993 301.6 124.966791191858 390 0
1993 4 12.1847188172659 0.305345312260249 391.2 136.37910643567 390 0
1993 5 19.9158852554144 6.19883169803197 461.6 31.6383092927229 390 0
1993 6 23.7150724596313 10.3753982486813 512.7 86.9154451682208 390 0
1993 7 26.8132841921844 13.8171230544492 503.7 65.1214790512144 390 0
1993 8 26.3457307808033 13.5733758613146 439.3 59.4747141065303 390 0
1993 9 20.1352439550015 9.24934286967033 346.6 111.164668277643 390 0
1993 10 12.896801434229 1.19246750172526 255.1 95.6541889041472 390 0
1993 11 8.18190291956858 -2.7612505796537 163.1 119.160690873133 390 0
1993 12 1.56124956717741 -7.38405702300988 125 131.773896302429 390 0
1994 1 -5.46734071533622 -17.9125756332167 143.5 131.194377600366 390 0
1994 2 -2.33306857525955 -14.8483901596719 209.8 39.5715713651784 390 0
1994 3 4.04045606365338 -5.68504090096048 301.6 140.260774820651 390 0
1994 4 12.3889647252061 0.234654695161295 391.2 86.4766470224736 390 0
1994 5 17.6064628238896 5.12798984478698 461.6 119.180218536006 390 0
1994 6 25.063588498996 12.5663047249506 512.7 72.9972307801612 390 0
1994 7 27.6813938850771 16.0338383405731 503.7 95.8124637031497 390 0
1994 8 24.7267405676011 12.6808692984063 439.3 92.5442405653031 390 0
1994 9 19.6142234285721 8.78685212372912 346.6 135.690621786408 390 0
1994 10 15.492778714329 2.59661851997619 255.1 36.4401738372187 390 0
1994 11 10.3752228888632 -0.94540449192045 163.1 101.835741643771 390 0
1994 12 3.53011323308491 -6.51505822351448 125 106.868430581632 390 0
1995 1 0.548410827356902 -7.55803394114356 143.5 105.347019282984 390 0
1995 2 -0.967572040362179 -13.2069388769663 209.8 73.5042938642702 390 0
1995 3 5.75904735216101 -4.23111918782582 301.6 68.1019428972591 390 0
1995 4 10.5646572153522 -1.60124940286662 391.2 59.175308962172 390 0
1995 5 17.7695593036349 5.30917353575919 461.6 86.5089686166679 390 0
1995 6 25.2434402103513 11.2618537177914 512.7 59.7269824767706 390 0
1995 7 27.486680135264 15.168797937966 503.7 95.6247447047081 390 0
1995 8 26.5760959889975 12.5833249407932 439.3 49.6544527793296 390 0
1995 9 20.344012909495 6.46366805175385 346.6 67.1055803211784 390 0
1995 10 17.1042516129244 4.56584038812788 255.1 211.094441865439 390 0
1995 11 5.58557634182142 -3.10350542876833 163.1 164.177238729031 390 0
1995 12 -1.26127860293381 -10.1837849855701 125 79.4270258001354 390 0
1996 1 -1.45117768473947 -12.4429523182826 143.5 147.255152342105 390 0
1996 2 -0.599735911590625 -10.8882586418992 209.8 84.3528044459818 390 0
1996 3 4.20938367127239 -7.69974659168372 301.6 67.9839576616253 390 0
1996 4 11.3276955508786 0.371050984623882 391.2 168.412691792663 390 0
1996 5 17.6475044674893 4.89591351392095 461.6 127.713318503107 390 0
1996 6 23.5694054925037 11.8405000698018 512.7 89.9842127026787 390 0
1996 7 24.6232550381858 13.7858534111988 503.7 183.566374608906 390 0
1996 8 25.6199918051736 13.5029784527259 439.3 23.6365293202956 390 0
1996 9 20.3948772469881 10.0134933485009 346.6 140.850594187425 390 0
1996 10 13.7795855034678 2.25365179292215 255.1 159.254702997082 390 0
1996 11 5.61139001634233 -3.71456201053134 163.1 73.6379965774535 390 0
1996 12 3.45893015918481 -3.71770203424712 125 183.866906001878 390 0
1997 1 -1.62938739334468 -11.6862666810608 143.5 100.625863814673 390 0
1997 2 1.96333912311163 -9.00324412892998 209.8 61.526346857133 390 0
1997 3 3.17649259932365 -7.13639396556653 301.6 103.781247836331 390 0
1997 4 10.4732642542006 -1.22311572423876 391.2 117.564479378755 390 0
1997 5 15.8043920870101 4.45179655105221 461.6 85.7620070949964 390 0
1997 6 24.4045522742181 10.6646645287734 512.7 54.5116626447014 390 0
1997 7 26.3204309980973 13.2177438039692 503.7 93.2635772846943 390 0
1997 8 24.805846800231 12.8644333992735 439.3 105.458456229651 390 0
1997 9 20.0717149733356 8.74402970350308 346.6 66.9793336221072 390 0
1997 10 13.7844997342254 1.89957359327729 255.1 42.5422965639708 390 0
1997 11 5.72789229905612 -3.02556759514781 163.1 146.151745222777 390 0
1997 12 1.77031043205118 -7.81838161621636 125 72.2993860220811 390 0
1998 1 0.0875480772381985 -8.32207446737914 143.5 139.605700222871 390 0
1998 2 3.3807835300254 -6.81778833407366 209.8 94.6853707888259 390 0
1998 3 6.30776888958121 -4.40234911591623 301.6 111.71936096157 390 0
1998 4 13.5716812493519 0.830526375275604 391.2 77.5731115175141 390 0
1998 5 21.203597467018 7.99200661894153 461.6 92.937346028746 390 0
1998 6 21.3158244821358 11.7473999239651 512.7 229.232850803704 390 0
1998 7 26.2274642772506 13.9458819197333 503.7 66.0562498912569 390 0
1998 8 26.3561661275417 13.6481777605649 439.3 62.0081688347207 390 0
1998 9 21.8807887728222 9.52191744838506 346.6 54.2410816760203 390 0
1998 10 14.2902800533522 3.92000010017176 255.1 144.458042209459 390 0
1998 11 7.32639062312319 -1.14663002510225 163.1 74.083904418026 390 0
1998 12 5.17171760584565 -5.57428598704262 125 43.0142670466029 390 0
1999 1 -0.709198398113426 -12.456781826173 143.5 165.487921016758 390 0
1999 2 2.3582533332545 -8.9482862653261 209.8 68.4185930233099 390 0
1999 3 5.50508407832219 -4.27683472965521 301.6 154.104896534487 390 0
1999 4 13.0971376039429 0.377283855955984 391.2 17.735706644593 390 0
1999 5 20.0816725601672 6.63380539425051 461.6 90.35537451761 390 0
1999 6 26.2994481935981 12.3051276445244 512.7 56.6797805036905 390 0
1999 7 27.7356065319229 15.025881938695 503.7 67.6727207394464 390 0
1999 8 25.3572701064792 12.9651752977098 439.3 74.8962313074395 390 0
1999 9 23.0008629639236 11.458615205539 346.6 241.379936552757 390 0
1999 10 13.7537293821902 1.37024197856136 255.1 106.615718791433 390 0
1999 11 10.4643861017932 0.363435990671009 163.1 86.0442944359171 390 0
1999 12 2.87340912138035 -6.00214803602568 125 61.5683324668747 390 0
2000 1 -1.90217490826826 -12.8205726940917 143.5 96.4884861299403 390 0
2000 2 1.17500466874422 -10.3409896339055 209.8 85.4239470950872 390 0
2000 3 8.27955843903644 -3.43118549441251 301.6 106.325265943907 390 0
2000 4 10.8050046750215 0.79587687864447 391.2 147.033629423504 390 0
2000 5 17.5137018407947 5.97210129024666 461.6 104.275572852353 390 0
2000 6 22.9148302434462 10.895592079342 512.7 107.150453430551 390 0
2000 7 23.943737310816 12.5317702910856 503.7 132.200029905334 390 0
2000 8 23.8318611719509 12.8112712994567 439.3 75.7498762616719 390 0
2000 9 20.514761031134 8.39364813851811 346.6 69.1438127828661 390 0
2000 10 14.8121592207707 2.43062116618766 255.1 81.4830867393508 390 0
2000 11 7.22567720116967 -0.745693532375269 163.1 87.0989461214417 390 0
2000 12 -0.727370244511388 -10.6583667692213 125 116.631897603667 390 0
2001 1 -1.17690831233944 -12.9476982397223 143.5 37.8562507135703 390 0
2001 2 0.286169128369192 -11.6190576673208 209.8 79.973465013781 390 0
2001 3 2.65291269022802 -6.87821075850854 301.6 160.53320378148 390 0
2001 4 11.7993473280292 -0.741665534696141 391.2 30.6722625299576 390 0
2001 5 20.3358122976247 6.19799270375364 461.6 53.0950609918104 390 0
2001 6 24.5701006921536 12.2886419749702 512.7 121.602432494827 390 0
2001 7 25.0508627229582 12.4944257152611 503.7 76.942406585186 390 0
2001 8 27.6043351474799 14.4088398750177 439.3 33.7880862429251 390 0
2001 9 22.1472510399913 9.01202614007415 346.6 106.287725414372 390 0
2001 10 16.3719331757656 2.88877386377286 255.1 32.9709100837248 390 0
2001 11 9.81127434752906 -0.513987315835743 163.1 55.908210756092 390 0
2001 12 4.69664096808712 -4.70449961557329 125 70.9703556368292 390 0
2002 1 1.80611488139933 -7.34122173682495 143.5 63.6620480299227 390 0
2002 2 2.74408712788131 -9.0961126430775 209.8 82.9771253145734 390 0
2002 3 5.10906333967869 -5.01344703626727 301.6 105.543390565573 390 0
2002 4 12.668759533316 1.35002575840701 391.2 114.835225529759 390 0
2002 5 17.0705804076604 4.76996436629765 461.6 106.851070245157 390 0
2002 6 22.3506506014658 10.48247260772 512.7 123.49669261269 390 0
2002 7 26.5186621976612 14.141442448565 503.7 56.1317963139887 390 0
2002 8 27.760398568156 14.2451695018772 439.3 54.9490890866694 390 0
2002 9 23.1182677032593 10.465322621743 346.6 102.71102704285 390 0
2002 10 12.8535972187533 2.08069745684663 255.1 95.8020264985179 390 0
2002 11 5.85223950710875 -2.58558346248108 163.1 138.318700693896 390 0
2002 12 0.953974714452891 -8.90708553587987 125 104.741805434848 390 0
2003 1 -4.91943420236015 -15.6650475412614 143.5 59.9227686125972 390 0
2003 2 -2.52483772688671 -13.5207796060422 209.8 79.2505579007774 390 0
2003 3 4.92177812299501 -7.9412108273821 301.6 92.8182953320342 390 0
2003 4 10.1017409235009 -1.52476957596398 391.2 71.2514950420431 390 0
2003 5 16.8200484862723 5.88961858029195 461.6 100.625932836081 390 0
2003 6 22.9010832610734 11.6056236487892 512.7 80.926302603508 390 0
2003 7 26.2191283825278 14.5251775737315 503.7 59.1447927438421 390 0
2003 8 25.8423845740156 15.1356533650698 439.3 126.075633892049 390 0
2003 9 21.570399016924 9.95110166010515 346.6 148.673864618958 390 0
2003 10 13.7240388789199 2.48634512372788 255.1 177.085570661206 390 0
2003 11 8.84999864050442 -0.933719722353069 163.1 100.378091717655 390 0
2003 12 2.18474593844825 -7.79189043371499 125 157.097616609824 390 0
2004 1 -6.32579512712042 -15.5380191727221 143.5 24.8793042096654 390 0
2004 2 0.539692668128414 -11.5268262173343 209.8 41.8682455322354 390 0
2004 3 5.63792879468203 -4.37894050394657 301.6 44.9835858302771 390 0
2004 4 11.9359028493357 0.479273352557473 391.2 139.673447207258 390 0
2004 5 19.4410972474959 6.95250938040852 461.6 118.445216019699 390 0
2004 6 22.1989565536177 9.68913220989538 512.7 60.2046413643937 390 0
2004 7 24.3082130239566 14.1144350701182 503.7 105.040241739907 390 0
2004 8 24.9033637724317 14.0193306896852 439.3 139.842289447608 390 0
2004 9 21.4531123093233 9.40241676663499 346.6 120.209484607041 390 0
2004 10 14.3027791010903 3.27084109920945 255.1 54.9275114498011 390 0
2004 11 8.20863382796368 -2.23183799673946 163.1 105.679226376766 390 0
2004 12 0.847457182440854 -8.71084265174785 125 108.695647669359 390 0
2005 1 -2.91775393167159 -13.6968078537539 143.5 88.1298818099932 390 0
2005 2 1.57561887131079 -10.9211747500625 209.8 75.0933959872716 390 0
2005 3 3.49706788274652 -7.9524064312021 301.6 117.64486495815 390 0
2005 4 13.8499607258226 0.624575742975166 391.2 173.688295005526 390 0
2005 5 14.730027893982 4.73996863798418 461.6 149.034915769248 390 0
2005 6 24.8189050078352 12.7359912300304 512.7 99.1302627408413 390 0
2005 7 26.5983342485872 14.77731336565 503.7 85.7746948588565 390 0
2005 8 26.3238613227277 14.531868309566 439.3 88.2251897952146 390 0
2005 9 23.1938706124384 10.6371964063743 346.6 78.3772493342927 390 0
2005 10 13.926552708561 5.57400530954887 255.1 364.819861610148 390 0
2005 11 9.03686879462616 -1.58055473467902 163.1 150.106279905396 390 0
2005 12 0.829404817880225 -8.51716194793518 125 122.847573456671 390 0
2006 1 2.48317923795987 -7.25107137386405 143.5 119.847406257073 390 0
2006 2 0.494976672099407 -9.54965329467406 209.8 65.3197776800424 390 0
2006 3 5.33108030121622 -5.51450962608264 301.6 28.8556211841156 390 0
2006 4 13.9022514491657 0.977516402100885 391.2 73.5490883676874 390 0
2006 5 17.949907733445 7.35860354059022 461.6 192.66034290124 390 0
2006 6 22.6643580221239 13.5976957130462 512.7 217.81614090641 390 0
2006 7 27.400636788361 16.1386397790005 503.7 126.610072015533 390 0
2006 8 24.3161541824524 12.8198950645015 439.3 94.2182236188401 390 0
2006 9 20.4513670503962 9.04907774161931 346.6 74.4455376469153 390 0
2006 10 14.0450457689236 3.11139025436294 255.1 191.680928845692 390 0
2006 11 10.2619103221269 1.14734327117993 163.1 133.111136206224 390 0
2006 12 5.08218074463562 -3.95364234634535 125 78.3207957960543 390 0
2007 1 0.141310883682562 -9.61782417391741 143.5 79.020989220404 390 0
2007 2 -3.08503149806233 -14.1573305832348 209.8 52.7880118518479 390 0
2007 3 4.72512268093756 -7.32444235570536 301.6 111.889095367267 390 0
2007 4 9.69405573685994 -0.242401283072567 391.2 198.889512013489 390 0
2007 5 19.7256639924332 6.00664775924321 461.6 78.7504657537927 390 0
2007 6 23.4524730918689 11.4367491978703 512.7 74.7071040431638 390 0
2007 7 25.1124897133347 13.80427022314 503.7 102.158366144334 390 0
2007 8 25.7873925508149 12.9402195008417 439.3 62.7821814429049 390 0
2007 9 22.399063396692 9.36371381496259 346.6 76.8050363561582 390 0
2007 10 17.0599955278776 6.08419918431497 255.1 126.930579690366 390 0
2007 11 6.67615869336221 -2.85520790730672 163.1 127.192188621082 390 0
2007 12 -0.471719145625218 -9.45564350290993 125 121.047377468949 390 0
2008 1 0.378420634320898 -10.3056908640999 143.5 71.7542882178772 390 0
2008 2 0.437957283713611 -9.82950533834373 209.8 205.628463788834 390 0
2008 3 3.52958191905673 -7.0164601713184 301.6 132.460127148312 390 0
2008 4 13.8957970312849 0.656390326442033 391.2 110.936711179216 390 0
2008 5 18.068352423581 5.02116211768865 461.6 33.9218901099436 390 0
2008 6 23.2421110528455 12.5536428026774 512.7 127.66316654751 390 0
2008 7 26.54465766976 15.3552115609457 503.7 138.496400669865 390 0
2008 8 23.6381740525755 12.9625066397515 439.3 126.112043162119 390 0
2008 9 20.9680679505991 9.66653967737986 346.6 204.899932849815 390 0
2008 10 14.0191560212121 2.39811992618893 255.1 90.1578694385363 390 0
2008 11 7.31960758759215 -1.56498085725052 163.1 122.151735042245 390 0
2008 12 1.8511840234126 -8.42526150740737 125 155.253240652554 390 0
2009 1 -4.22249807248956 -16.1100877837232 143.5 78.377640431822 390 0
2009 2 0.8111650363471 -11.0850772137487 209.8 61.6142181767402 390 0
2009 3 4.99871648763516 -6.57353421484586 301.6 74.930451281767 390 0
2009 4 13.6144018955393 1.33283574060836 391.2 104.473953917973 390 0
2009 5 18.4880672746513 6.42551386294023 461.6 107.68457227841 390 0
2009 6 20.6899642577373 11.3621326443839 512.7 181.035971120488 390 0
2009 7 23.1462438932784 13.3742879609071 503.7 184.205114024265 390 0
2009 8 25.9329411764709 14.5916135480727 439.3 136.828024372813 390 0
2009 9 20.511792857037 7.77084320749336 346.6 40.7475117113004 390 0
2009 10 11.8702717479088 2.38428593373009 255.1 147.923903670714 390 0
2009 11 10.4433369491041 0.42423001368711 163.1 111.327459810952 390 0
2009 12 0.915190318520414 -8.0423407369546 125 127.241944277283 390 0
2010 1 -0.541828226639866 -9.67789139910674 143.5 90.3137649066292 390 0
2010 2 0.84026593714644 -6.81255375609734 209.8 113.066627390006 390 0
2010 3 8.70547288367983 -1.83114249426818 301.6 190.575778372645 390 0
2010 4 15.052969086818 2.59456170118252 391.2 56.4642030415597 390 0
2010 5 21.1856125131116 7.3842305198167 461.6 54.1878533477793 390 0
2010 6 23.4137485479801 12.1315959452615 512.7 112.276396166374 390 0
2010 7 27.7106398257498 15.9591947859199 503.7 86.9162617732157 390 0
2010 8 25.8034419675064 13.7266372861535 439.3 70.6051792490999 390 0
2010 9 22.253607111718 10.9480052463052 346.6 82.999086413583 390 0
2010 10 14.3527620332364 3.83353984944547 255.1 194.815132761675 390 0
2010 11 7.85289979347543 -1.292415088187 163.1 120.841973607955 390 0
2010 12 0.494517394607634 -7.80174182123873 125 144.064042445636 390 0
2011 1 -1.97693884087272 -12.7656359673361 143.5 74.1285582604312 390 0
2011 2 -0.361085134747236 -13.0227211508224 209.8 86.7700880141245 390 0
2011 3 4.57746464849804 -5.73538366443114 301.6 137.865957412209 390 0
2011 4 11.7800732378154 1.21061260445185 391.2 145.282419691192 390 0
2011 5 18.1196000503418 8.18665078095553 461.6 110.100450580434 390 0
2011 6 22.7096821097915 11.3812982045349 512.7 110.443966636928 390 0
2011 7 27.6005728874931 15.1168845991591 503.7 64.6431213503279 390 0
2011 8 25.1639957315949 14.1568168002452 439.3 217.106437488692 390 0
2011 9 22.1149681585345 11.6086561492742 346.6 146.643850223159 390 0
2011 10 14.7604060409725 5.28619259961867 255.1 152.359353840875 390 0
2011 11 10.9712855973326 -0.498368149317551 163.1 83.556558633269 390 0
2011 12 4.49794958925589 -5.51437119980691 125 107.900405446915 390 0
2012 1 0.51802963526158 -9.0804729057182 143.5 84.9687599871083 390 0
2012 2 2.91610735786978 -7.72081177550745 209.8 33.4121818190171 390 0
2012 3 9.94040083862244 -1.93852900623234 301.6 51.4523715715291 390 0
2012 4 13.7884189467338 1.02475645195347 391.2 93.3791143783776 390 0
2012 5 19.4857288704092 8.65408378194884 461.6 143.126073255838 390 0
2012 6 22.4807837162309 11.5632545745831 512.7 152.78886365218 390 0
2012 7 27.6629325316725 15.0826279456011 503.7 56.6665419582422 390 0
2012 8 26.8207290868712 14.8374566547763 439.3 110.227326433356 390 0
2012 9 21.0452952764866 9.15678122204915 346.6 125.760221227918 390 0
2012 10 15.3765936501441 5.70165462556838 255.1 158.560574621042 390 0
2012 11 7.21339498940612 -2.51476101042515 163.1 24.8045662541568 390 0
2012 12 2.7743595072124 -5.40011750912468 125 141.889954775138 390 0
2013 1 -0.562774128915143 -11.1331576345717 143.5 32.5269912074785 390 0
2013 2 0.371049549352608 -8.94797866616841 209.8 91.9400089668126 390 0
2013 3 4.65086863933218 -4.46487710883623 301.6 64.0455121536938 390 0
2013 4 11.9527979630382 -0.0991139592731135 391.2 59.0790614908131 390 0
2013 5 19.0655848564541 6.05417687512393 461.6 139.90266911563 390 0
2013 6 23.5097424171593 12.2151336919243 512.7 183.019773408638 390 0
2013 7 27.2019551457335 16.7188318735083 503.7 126.72566478254 390 0
2013 8 25.0026145220181 12.7346960698883 439.3 100.590601107036 390 0
2013 9 20.8974410100018 9.25989527717223 346.6 134.28123969932 390 0
2013 10 15.9524805902941 3.93911972886159 255.1 35.7116060841475 390 0
2013 11 7.31309239136609 -3.23362054585124 163.1 106.354553514062 390 0
2013 12 -0.518416709830013 -9.45741648471103 125 101.62905310883 390 0
2014 1 -1.487601458 -13.94186232 143.5 60.87567279 390 0
2014 2 1.051779691 -11.31286232 209.8 93.45864617 390 0
2014 3 5.60358101 -6.452123591 301.6 46.33342715 390 0
2014 4 11.17142629 0.794274147 391.2 97.24055507 390 0
2014 5 19.24425999 6.922739165 461.6 85.99098634 390 0
2014 6 24.19498477 9.768746513 512.7 45.49678302 390 0
2014 7 27.1775443 15.2624325 503.7 160.4714151 390 0
2014 8 26.54890751 14.94819459 439.3 126.9715888 390 0
2014 9 20.65027778 7.509254051 346.6 49.66204357 390 0
2014 10 12.09262296 1.868116078 255.1 82.87909866 390 0
2014 11 8.71338118 -1.184121301 163.1 179.4714739 390 0
2014 12 0.523599882 -10.36992379 125 36.80454185 390 0
2015 1 1.806114881 -7.341221737 143.5 63.66204803 390 0
2015 2 2.744087128 -9.096112643 209.8 82.97712531 390 0
2015 3 5.10906334 -5.013447036 301.6 105.5433906 390 0
2015 4 12.66875953 1.350025758 391.2 114.8352255 390 0
2015 5 17.07058041 4.769964366 461.6 106.8510702 390 0
2015 6 22.3506506 10.48247261 512.7 123.4966926 390 0
2015 7 26.5186622 14.14144245 503.7 56.13179631 390 0
2015 8 27.76039857 14.2451695 439.3 54.94908909 390 0
2015 9 23.1182677 10.46532262 346.6 102.711027 390 0
2015 10 12.85359722 2.080697457 255.1 95.8020265 390 0
2015 11 5.852239507 -2.585583462 163.1 138.3187007 390 0
2015 12 0.953974714 -8.907085536 125 104.7418054 390 0
2016 1 -4.919434202 -15.66504754 143.5 59.92276861 390 0
2016 2 -2.524837727 -13.52077961 209.8 79.2505579 390 0
2016 3 4.921778123 -7.941210827 301.6 92.81829533 390 0
2016 4 10.10174092 -1.524769576 391.2 71.25149504 390 0
2016 5 16.82004849 5.88961858 461.6 100.6259328 390 0
2016 6 22.90108326 11.60562365 512.7 80.9263026 390 0
2016 7 26.21912838 14.52517757 503.7 59.14479274 390 0
2016 8 25.84238457 15.13565337 439.3 126.0756339 390 0
2016 9 21.57039902 9.95110166 346.6 148.6738646 390 0
2016 10 13.72403888 2.486345124 255.1 177.0855707 390 0
2016 11 8.849998641 -0.933719722 163.1 100.3780917 390 0
2016 12 2.184745938 -7.791890434 125 157.0976166 390 0
2017 1 1.004555988 -10.11873002 143.5 38.88442172 390 0
2017 2 -0.31371394 -11.36027938 209.8 67.73897896 390 0
2017 3 4.750865884 -7.473763858 301.6 67.5347909 390 0
2017 4 10.17088509 -1.24370879 391.2 91.95724631 390 0
2017 5 19.76211244 7.335808049 461.6 195.7606828 390 0
2017 6 23.12256831 12.01835904 512.7 136.3667867 390 0
2017 7 26.3419297 13.51081116 503.7 71.29264628 390 0
2017 8 24.75661422 12.87633198 439.3 109.1609697 390 0
2017 9 21.25911925 8.966826783 346.6 108.8027646 390 0
2017 10 15.50317808 2.836575679 255.1 130.1030509 390 0
2017 11 6.861571415 -2.832341542 163.1 125.4825672 390 0
2017 12 -6.077314474 -17.76856758 125 39.32081589 390 0
2018 1 1.806114881 -7.341221737 143.5 63.66204803 390 0
2018 2 2.744087128 -9.096112643 209.8 82.97712531 390 0
2018 3 5.10906334 -5.013447036 301.6 105.5433906 390 0
2018 4 12.66875953 1.350025758 391.2 114.8352255 390 0
2018 5 17.07058041 4.769964366 461.6 106.8510702 390 0
2018 6 22.3506506 10.48247261 512.7 123.4966926 390 0
2018 7 26.5186622 14.14144245 503.7 56.13179631 390 0
2018 8 27.76039857 14.2451695 439.3 54.94908909 390 0
2018 9 23.1182677 10.46532262 346.6 102.711027 390 0
2018 10 12.85359722 2.080697457 255.1 95.8020265 390 0
2018 11 5.852239507 -2.585583462 163.1 138.3187007 390 0
2018 12 0.953974714 -8.907085536 125 104.7418054 390 0
2019 1 -0.19432151 -10.66704814 143.5 105.9798355 390 0
2019 2 1.686942244 -9.869150392 209.8 84.82343155 390 0
2019 3 5.553558366 -3.093800876 301.6 188.5528206 390 0
2019 4 11.41578476 1.23260025 391.2 201.0307464 390 0
2019 5 16.43581715 5.944859751 461.6 158.5750023 390 0
2019 6 25.05174042 10.73320161 512.7 53.96495073 390 0
2019 7 27.43077963 13.58445521 503.7 76.91197756 390 0
2019 8 26.29547248 13.14692632 439.3 95.72147066 390 0
2019 9 23.66932651 8.969133253 346.6 52.89476502 390 0
2019 10 14.58515388 2.703947832 255.1 91.71094695 390 0
2019 11 7.917373779 -1.022361569 163.1 244.8285681 390 0
2019 12 0.059724794 -9.622666365 125 174.5229823 390 0
2020 1 2.483179238 -7.251071374 143.5 119.8474063 390 0
2020 2 0.494976672 -9.549653295 209.8 65.31977768 390 0
2020 3 5.331080301 -5.514509626 301.6 28.85562118 390 0
2020 4 13.90225145 0.977516402 391.2 73.54908837 390 0
2020 5 17.94990773 7.358603541 461.6 192.6603429 390 0
2020 6 22.66435802 13.59769571 512.7 217.8161409 390 0
2020 7 27.40063679 16.13863978 503.7 126.610072 390 0
2020 8 24.31615418 12.81989506 439.3 94.21822362 390 0
2020 9 20.45136705 9.049077742 346.6 74.44553765 390 0
2020 10 14.04504577 3.111390254 255.1 191.6809288 390 0
2020 11 10.26191032 1.147343271 163.1 133.1111362 390 0
2020 12 5.082180745 -3.953642346 125 78.3207958 390 0
2021 1 0.254043791 -11.50828931 143.5 142.1163432 390 0
2021 2 -0.885745493 -12.26665181 209.8 61.03824023 390 0
2021 3 6.333295886 -5.960476833 301.6 109.0194769 390 0
2021 4 14.32013581 1.667520833 391.2 66.30219075 390 0
2021 5 19.32620856 6.60405364 461.6 80.12146814 390 0
2021 6 22.38910988 9.34133432 512.7 116.8012791 390 0
2021 7 24.55340634 13.34466395 503.7 144.27134 390 0
2021 8 23.64680561 12.4899428 439.3 105.0894265 390 0
2021 9 19.26809316 7.394799239 346.6 68.14205995 390 0
2021 10 14.56004467 2.372366834 255.1 51.81741279 390 0
2021 11 6.138172422 -4.008399808 163.1 124.8461568 390 0
2021 12 1.553480585 -7.509214338 125 121.93155 390 0
2022 1 -1.176908312 -12.94769824 143.5 37.85625071 390 0
2022 2 0.286169128 -11.61905767 209.8 79.97346501 390 0
2022 3 2.65291269 -6.878210759 301.6 160.5332038 390 0
2022 4 11.79934733 -0.741665535 391.2 30.67226253 390 0
2022 5 20.3358123 6.197992704 461.6 53.09506099 390 0
2022 6 24.57010069 12.28864197 512.7 121.6024325 390 0
2022 7 25.05086272 12.49442572 503.7 76.94240659 390 0
2022 8 27.60433515 14.40883988 439.3 33.78808624 390 0
2022 9 22.14725104 9.01202614 346.6 106.2877254 390 0
2022 10 16.37193318 2.888773864 255.1 32.97091008 390 0
2022 11 9.811274348 -0.513987316 163.1 55.90821076 390 0
2022 12 4.696640968 -4.704499616 125 70.97035564 390 0
2023 1 -0.562774129 -11.13315763 143.5 32.52699121 390 0
2023 2 0.371049549 -8.947978666 209.8 91.94000897 390 0
2023 3 4.650868639 -4.464877109 301.6 64.04551215 390 0
2023 4 11.95279796 -0.099113959 391.2 59.07906149 390 0
2023 5 19.06558486 6.054176875 461.6 139.9026691 390 0
2023 6 23.50974242 12.21513369 512.7 183.0197734 390 0
2023 7 27.20195515 16.71883187 503.7 126.7256648 390 0
2023 8 25.00261452 12.73469607 439.3 100.5906011 390 0
2023 9 20.89744101 9.259895277 346.6 134.2812397 390 0
2023 10 15.95248059 3.939119729 255.1 35.71160608 390 0
2023 11 7.313092391 -3.233620546 163.1 106.3545535 390 0
2023 12 -0.51841671 -9.457416485 125 101.6290531 390 0
2024 1 -0.833381847 -11.54882776 143.5 88.62783719 390 0
2024 2 0.393398772 -10.26619325 209.8 67.25423996 390 0
2024 3 3.241602439 -7.507970372 301.6 101.3382256 390 0
2024 4 10.15245507 -0.927567675 391.2 64.12828008 390 0
2024 5 19.54798159 4.464397039 461.6 38.59136403 390 0
2024 6 23.44909196 10.18094205 512.7 112.3371487 390 0
2024 7 24.09684099 12.08119559 503.7 100.2689 390 0
2024 8 23.98198739 12.74709327 439.3 98.5758503 390 0
2024 9 20.87904058 8.686840721 346.6 74.46513034 390 0
2024 10 12.517475 1.535038073 255.1 74.04423676 390 0
2024 11 5.943639722 -2.820200562 163.1 113.0074937 390 0
2024 12 1.375559423 -7.573464385 125 69.63594609 390 0
2025 1 -4.584877456 -17.43836504 143.5 24.98849984 390 0
2025 2 4.525291768 -6.842564544 209.8 176.5425833 390 0
2025 3 5.813245605 -4.518207177 301.6 27.43150083 390 0
2025 4 13.53962807 1.131138809 391.2 90.76397858 390 0
2025 5 20.32320553 6.476047277 461.6 82.64632794 390 0
2025 6 24.02704406 11.11127328 512.7 96.07941988 390 0
2025 7 26.18861032 14.14850492 503.7 137.3395231 390 0
2025 8 25.10091011 12.14568468 439.3 79.90441462 390 0
2025 9 19.51043528 8.968764781 346.6 127.2077679 390 0
2025 10 12.86960315 1.551313071 255.1 144.1376119 390 0
2025 11 7.593736266 -1.793005241 163.1 75.7727558 390 0
2025 12 0.798569645 -7.23791727 125 128.8359728 390 0
2026 1 -1.487601458 -13.94186232 143.5 60.87567279 390 0
2026 2 1.051779691 -11.31286232 209.8 93.45864617 390 0
2026 3 5.60358101 -6.452123591 301.6 46.33342715 390 0
2026 4 11.17142629 0.794274147 391.2 97.24055507 390 0
2026 5 19.24425999 6.922739165 461.6 85.99098634 390 0
2026 6 24.19498477 9.768746513 512.7 45.49678302 390 0
2026 7 27.1775443 15.2624325 503.7 160.4714151 390 0
2026 8 26.54890751 14.94819459 439.3 126.9715888 390 0
2026 9 20.65027778 7.509254051 346.6 49.66204357 390 0
2026 10 12.09262296 1.868116078 255.1 82.87909866 390 0
2026 11 8.71338118 -1.184121301 163.1 179.4714739 390 0
2026 12 0.523599882 -10.36992379 125 36.80454185 390 0
2027 1 -6.325795127 -15.53801917 143.5 24.87930421 390 0
2027 2 0.539692668 -11.52682622 209.8 41.86824553 390 0
2027 3 5.637928795 -4.378940504 301.6 44.98358583 390 0
2027 4 11.93590285 0.479273353 391.2 139.6734472 390 0
2027 5 19.44109725 6.95250938 461.6 118.445216 390 0
2027 6 22.19895655 9.68913221 512.7 60.20464136 390 0
2027 7 24.30821302 14.11443507 503.7 105.0402417 390 0
2027 8 24.90336377 14.01933069 439.3 139.8422894 390 0
2027 9 21.45311231 9.402416767 346.6 120.2094846 390 0
2027 10 14.3027791 3.270841099 255.1 54.92751145 390 0
2027 11 8.208633828 -2.231837997 163.1 105.6792264 390 0
2027 12 0.847457182 -8.710842652 125 108.6956477 390 0
2028 1 -1.287870823 -12.43638847 143.5 72.12430638 390 0
2028 2 2.58036276 -8.862254748 209.8 43.1973147 390 0
2028 3 6.195427439 -3.595142917 301.6 126.16464 390 0
2028 4 14.18878786 1.180284351 391.2 90.23166484 390 0
2028 5 21.91401854 7.335265236 461.6 99.99428361 390 0
2028 6 24.87968164 11.23190066 512.7 64.80641633 390 0
2028 7 26.58267418 13.36933221 503.7 64.13184484 390 0
2028 8 26.23081598 14.10064916 439.3 213.430264 390 0
2028 9 20.42645071 7.617638145 346.6 146.4514582 390 0
2028 10 15.69581472 3.97700874 255.1 98.84431069 390 0
2028 11 7.780058084 -0.437997766 163.1 106.2520471 390 0
2028 12 1.215170852 -9.334485409 125 88.08267354 390 0
2029 1 -4.919434202 -15.66504754 143.5 59.92276861 390 0
2029 2 -2.524837727 -13.52077961 209.8 79.2505579 390 0
2029 3 4.921778123 -7.941210827 301.6 92.81829533 390 0
2029 4 10.10174092 -1.524769576 391.2 71.25149504 390 0
2029 5 16.82004849 5.88961858 461.6 100.6259328 390 0
2029 6 22.90108326 11.60562365 512.7 80.9263026 390 0
2029 7 26.21912838 14.52517757 503.7 59.14479274 390 0
2029 8 25.84238457 15.13565337 439.3 126.0756339 390 0
2029 9 21.57039902 9.95110166 346.6 148.6738646 390 0
2029 10 13.72403888 2.486345124 255.1 177.0855707 390 0
2029 11 8.849998641 -0.933719722 163.1 100.3780917 390 0
2029 12 2.184745938 -7.791890434 125 157.0976166 390 0
2030 1 0.518029635 -9.080472906 143.5 84.96875999 390 0
2030 2 2.916107358 -7.720811776 209.8 33.41218182 390 0
2030 3 9.940400839 -1.938529006 301.6 51.45237157 390 0
2030 4 13.78841895 1.024756452 391.2 93.37911438 390 0
2030 5 19.48572887 8.654083782 461.6 143.1260733 390 0
2030 6 22.48078372 11.56325457 512.7 152.7888637 390 0
2030 7 27.66293253 15.08262795 503.7 56.66654196 390 0
2030 8 26.82072909 14.83745665 439.3 110.2273264 390 0
2030 9 21.04529528 9.156781222 346.6 125.7602212 390 0
2030 10 15.37659365 5.701654626 255.1 158.5605746 390 0
2030 11 7.213394989 -2.51476101 163.1 24.80456625 390 0
2030 12 2.774359507 -5.400117509 125 141.8899548 390 0
2031 1 -1.494428291 -13.1173021 143.5 110.7182726 390 0
2031 2 -0.37356518 -12.68098884 209.8 10.63592491 390 0
2031 3 6.340682878 -5.499048109 301.6 74.70034041 390 0
2031 4 13.24757084 1.873730652 391.2 180.260685 390 0
2031 5 19.45338571 5.459634007 461.6 55.21052198 390 0
2031 6 23.3624465 11.43518471 512.7 123.746002 390 0
2031 7 26.05595772 14.11379054 503.7 58.46918203 390 0
2031 8 24.80217922 11.35851412 439.3 72.62293165 390 0
2031 9 20.03094023 8.918862657 346.6 158.8319188 390 0
2031 10 14.33874783 1.677245703 255.1 112.4999448 390 0
2031 11 7.545906978 -2.975796318 163.1 65.29989344 390 0
2031 12 1.92921651 -6.301728102 125 81.81708101 390 0
2032 1 0.378420634 -10.30569086 143.5 71.75428822 390 0
2032 2 0.437957284 -9.829505338 209.8 205.6284638 390 0
2032 3 3.529581919 -7.016460171 301.6 132.4601271 390 0
2032 4 13.89579703 0.656390326 391.2 110.9367112 390 0
2032 5 18.06835242 5.021162118 461.6 33.92189011 390 0
2032 6 23.24211105 12.5536428 512.7 127.6631665 390 0
2032 7 26.54465767 15.35521156 503.7 138.4964007 390 0
2032 8 23.63817405 12.96250664 439.3 126.1120432 390 0
2032 9 20.96806795 9.666539677 346.6 204.8999328 390 0
2032 10 14.01915602 2.398119926 255.1 90.15786944 390 0
2032 11 7.319607588 -1.564980857 163.1 122.151735 390 0
2032 12 1.851184023 -8.425261507 125 155.2532407 390 0
2033 1 -1.487601458 -13.94186232 143.5 60.87567279 390 0
2033 2 1.051779691 -11.31286232 209.8 93.45864617 390 0
2033 3 5.60358101 -6.452123591 301.6 46.33342715 390 0
2033 4 11.17142629 0.794274147 391.2 97.24055507 390 0
2033 5 19.24425999 6.922739165 461.6 85.99098634 390 0
2033 6 24.19498477 9.768746513 512.7 45.49678302 390 0
2033 7 27.1775443 15.2624325 503.7 160.4714151 390 0
2033 8 26.54890751 14.94819459 439.3 126.9715888 390 0
2033 9 20.65027778 7.509254051 346.6 49.66204357 390 0
2033 10 12.09262296 1.868116078 255.1 82.87909866 390 0
2033 11 8.71338118 -1.184121301 163.1 179.4714739 390 0
2033 12 0.523599882 -10.36992379 125 36.80454185 390 0
2034 1 2.483179238 -7.251071374 143.5 119.8474063 390 0
2034 2 0.494976672 -9.549653295 209.8 65.31977768 390 0
2034 3 5.331080301 -5.514509626 301.6 28.85562118 390 0
2034 4 13.90225145 0.977516402 391.2 73.54908837 390 0
2034 5 17.94990773 7.358603541 461.6 192.6603429 390 0
2034 6 22.66435802 13.59769571 512.7 217.8161409 390 0
2034 7 27.40063679 16.13863978 503.7 126.610072 390 0
2034 8 24.31615418 12.81989506 439.3 94.21822362 390 0
2034 9 20.45136705 9.049077742 346.6 74.44553765 390 0
2034 10 14.04504577 3.111390254 255.1 191.6809288 390 0
2034 11 10.26191032 1.147343271 163.1 133.1111362 390 0
2034 12 5.082180745 -3.953642346 125 78.3207958 390 0
2035 1 0.518029635 -9.080472906 143.5 84.96875999 390 0
2035 2 2.916107358 -7.720811776 209.8 33.41218182 390 0
2035 3 9.940400839 -1.938529006 301.6 51.45237157 390 0
2035 4 13.78841895 1.024756452 391.2 93.37911438 390 0
2035 5 19.48572887 8.654083782 461.6 143.1260733 390 0
2035 6 22.48078372 11.56325457 512.7 152.7888637 390 0
2035 7 27.66293253 15.08262795 503.7 56.66654196 390 0
2035 8 26.82072909 14.83745665 439.3 110.2273264 390 0
2035 9 21.04529528 9.156781222 346.6 125.7602212 390 0
2035 10 15.37659365 5.701654626 255.1 158.5605746 390 0
2035 11 7.213394989 -2.51476101 163.1 24.80456625 390 0
2035 12 2.774359507 -5.400117509 125 141.8899548 390 0
2036 1 -1.287870823 -12.43638847 143.5 72.12430638 390 0
2036 2 2.58036276 -8.862254748 209.8 43.1973147 390 0
2036 3 6.195427439 -3.595142917 301.6 126.16464 390 0
2036 4 14.18878786 1.180284351 391.2 90.23166484 390 0
2036 5 21.91401854 7.335265236 461.6 99.99428361 390 0
2036 6 24.87968164 11.23190066 512.7 64.80641633 390 0
2036 7 26.58267418 13.36933221 503.7 64.13184484 390 0
2036 8 26.23081598 14.10064916 439.3 213.430264 390 0
2036 9 20.42645071 7.617638145 346.6 146.4514582 390 0
2036 10 15.69581472 3.97700874 255.1 98.84431069 390 0
2036 11 7.780058084 -0.437997766 163.1 106.2520471 390 0
2036 12 1.215170852 -9.334485409 125 88.08267354 390 0
2037 1 -1.629387393 -11.68626668 143.5 100.6258638 390 0
2037 2 1.963339123 -9.003244129 209.8 61.52634686 390 0
2037 3 3.176492599 -7.136393966 301.6 103.7812478 390 0
2037 4 10.47326425 -1.223115724 391.2 117.5644794 390 0
2037 5 15.80439209 4.451796551 461.6 85.76200709 390 0
2037 6 24.40455227 10.66466453 512.7 54.51166264 390 0
2037 7 26.320431 13.2177438 503.7 93.26357728 390 0
2037 8 24.8058468 12.8644334 439.3 105.4584562 390 0
2037 9 20.07171497 8.744029704 346.6 66.97933362 390 0
2037 10 13.78449973 1.899573593 255.1 42.54229656 390 0
2037 11 5.727892299 -3.025567595 163.1 146.1517452 390 0
2037 12 1.770310432 -7.818381616 125 72.29938602 390 0
2038 1 1.004555988 -10.11873002 143.5 38.88442172 390 0
2038 2 -0.31371394 -11.36027938 209.8 67.73897896 390 0
2038 3 4.750865884 -7.473763858 301.6 67.5347909 390 0
2038 4 10.17088509 -1.24370879 391.2 91.95724631 390 0
2038 5 19.76211244 7.335808049 461.6 195.7606828 390 0
2038 6 23.12256831 12.01835904 512.7 136.3667867 390 0
2038 7 26.3419297 13.51081116 503.7 71.29264628 390 0
2038 8 24.75661422 12.87633198 439.3 109.1609697 390 0
2038 9 21.25911925 8.966826783 346.6 108.8027646 390 0
2038 10 15.50317808 2.836575679 255.1 130.1030509 390 0
2038 11 6.861571415 -2.832341542 163.1 125.4825672 390 0
2038 12 -6.077314474 -17.76856758 125 39.32081589 390 0
2039 1 -0.19432151 -10.66704814 143.5 105.9798355 390 0
2039 2 1.686942244 -9.869150392 209.8 84.82343155 390 0
2039 3 5.553558366 -3.093800876 301.6 188.5528206 390 0
2039 4 11.41578476 1.23260025 391.2 201.0307464 390 0
2039 5 16.43581715 5.944859751 461.6 158.5750023 390 0
2039 6 25.05174042 10.73320161 512.7 53.96495073 390 0
2039 7 27.43077963 13.58445521 503.7 76.91197756 390 0
2039 8 26.29547248 13.14692632 439.3 95.72147066 390 0
2039 9 23.66932651 8.969133253 346.6 52.89476502 390 0
2039 10 14.58515388 2.703947832 255.1 91.71094695 390 0
2039 11 7.917373779 -1.022361569 163.1 244.8285681 390 0
2039 12 0.059724794 -9.622666365 125 174.5229823 390 0
2040 1 1.806114881 -7.341221737 143.5 63.66204803 390 0
2040 2 2.744087128 -9.096112643 209.8 82.97712531 390 0
2040 3 5.10906334 -5.013447036 301.6 105.5433906 390 0
2040 4 12.66875953 1.350025758 391.2 114.8352255 390 0
2040 5 17.07058041 4.769964366 461.6 106.8510702 390 0
2040 6 22.3506506 10.48247261 512.7 123.4966926 390 0
2040 7 26.5186622 14.14144245 503.7 56.13179631 390 0
2040 8 27.76039857 14.2451695 439.3 54.94908909 390 0
2040 9 23.1182677 10.46532262 346.6 102.711027 390 0
2040 10 12.85359722 2.080697457 255.1 95.8020265 390 0
2040 11 5.852239507 -2.585583462 163.1 138.3187007 390 0
2040 12 0.953974714 -8.907085536 125 104.7418054 390 0
2041 1 0.087548077 -8.322074467 143.5 139.6057002 390 0
2041 2 3.38078353 -6.817788334 209.8 94.68537079 390 0
2041 3 6.30776889 -4.402349116 301.6 111.719361 390 0
2041 4 13.57168125 0.830526375 391.2 77.57311152 390 0
2041 5 21.20359747 7.992006619 461.6 92.93734603 390 0
2041 6 21.31582448 11.74739992 512.7 229.2328508 390 0
2041 7 26.22746428 13.94588192 503.7 66.05624989 390 0
2041 8 26.35616613 13.64817776 439.3 62.00816883 390 0
2041 9 21.88078877 9.521917448 346.6 54.24108168 390 0
2041 10 14.29028005 3.9200001 255.1 144.4580422 390 0
2041 11 7.326390623 -1.146630025 163.1 74.08390442 390 0
2041 12 5.171717606 -5.574285987 125 43.01426705 390 0
2042 1 -1.287870823 -12.43638847 143.5 72.12430638 390 0
2042 2 2.58036276 -8.862254748 209.8 43.1973147 390 0
2042 3 6.195427439 -3.595142917 301.6 126.16464 390 0
2042 4 14.18878786 1.180284351 391.2 90.23166484 390 0
2042 5 21.91401854 7.335265236 461.6 99.99428361 390 0
2042 6 24.87968164 11.23190066 512.7 64.80641633 390 0
2042 7 26.58267418 13.36933221 503.7 64.13184484 390 0
2042 8 26.23081598 14.10064916 439.3 213.430264 390 0
2042 9 20.42645071 7.617638145 346.6 146.4514582 390 0
2042 10 15.69581472 3.97700874 255.1 98.84431069 390 0
2042 11 7.780058084 -0.437997766 163.1 106.2520471 390 0
2042 12 1.215170852 -9.334485409 125 88.08267354 390 0
2043 1 -0.322942532 -10.39205016 143.5 63.48208703 390 0
2043 2 -3.416404947 -16.45240661 209.8 89.51185577 390 0
2043 3 4.191120591 -8.194185878 301.6 124.9667912 390 0
2043 4 12.18471882 0.305345312 391.2 136.3791064 390 0
2043 5 19.91588526 6.198831698 461.6 31.63830929 390 0
2043 6 23.71507246 10.37539825 512.7 86.91544517 390 0
2043 7 26.81328419 13.81712305 503.7 65.12147905 390 0
2043 8 26.34573078 13.57337586 439.3 59.47471411 390 0
2043 9 20.13524396 9.24934287 346.6 111.1646683 390 0
2043 10 12.89680143 1.192467502 255.1 95.6541889 390 0
2043 11 8.18190292 -2.76125058 163.1 119.1606909 390 0
2043 12 1.561249567 -7.384057023 125 131.7738963 390 0
2044 1 -2.917753932 -13.69680785 143.5 88.12988181 390 0
2044 2 1.575618871 -10.92117475 209.8 75.09339599 390 0
2044 3 3.497067883 -7.952406431 301.6 117.644865 390 0
2044 4 13.84996073 0.624575743 391.2 173.688295 390 0
2044 5 14.73002789 4.739968638 461.6 149.0349158 390 0
2044 6 24.81890501 12.73599123 512.7 99.13026274 390 0
2044 7 26.59833425 14.77731337 503.7 85.77469486 390 0
2044 8 26.32386132 14.53186831 439.3 88.2251898 390 0
2044 9 23.19387061 10.63719641 346.6 78.37724933 390 0
2044 10 13.92655271 5.57400531 255.1 364.8198616 390 0
2044 11 9.036868795 -1.580554735 163.1 150.1062799 390 0
2044 12 0.829404818 -8.517161948 125 122.8475735 390 0
2045 1 -0.833381847 -11.54882776 143.5 88.62783719 390 0
2045 2 0.393398772 -10.26619325 209.8 67.25423996 390 0
2045 3 3.241602439 -7.507970372 301.6 101.3382256 390 0
2045 4 10.15245507 -0.927567675 391.2 64.12828008 390 0
2045 5 19.54798159 4.464397039 461.6 38.59136403 390 0
2045 6 23.44909196 10.18094205 512.7 112.3371487 390 0
2045 7 24.09684099 12.08119559 503.7 100.2689 390 0
2045 8 23.98198739 12.74709327 439.3 98.5758503 390 0
2045 9 20.87904058 8.686840721 346.6 74.46513034 390 0
2045 10 12.517475 1.535038073 255.1 74.04423676 390 0
2045 11 5.943639722 -2.820200562 163.1 113.0074937 390 0
2045 12 1.375559423 -7.573464385 125 69.63594609 390 0
2046 1 -2.857258575 -14.22171811 143.5 58.03302015 390 0
2046 2 3.831320119 -6.217381266 209.8 140.5750308 390 0
2046 3 1.679307677 -8.491773672 301.6 131.4207348 390 0
2046 4 11.63431942 0.5896399 391.2 111.7261821 390 0
2046 5 17.77190672 5.026925144 461.6 236.7519911 390 0
2046 6 24.03079711 11.03204302 512.7 121.1453398 390 0
2046 7 25.97296462 14.08080522 503.7 116.5346498 390 0
2046 8 26.42656675 14.513021 439.3 46.92060864 390 0
2046 9 20.60218193 6.588267148 346.6 36.68490247 390 0
2046 10 16.15776141 3.357939446 255.1 80.00983353 390 0
2046 11 8.55157826 -2.226605745 163.1 74.72461993 390 0
2046 12 3.430390658 -6.344721918 125 86.20841518 390 0
2047 1 -4.919434202 -15.66504754 143.5 59.92276861 390 0
2047 2 -2.524837727 -13.52077961 209.8 79.2505579 390 0
2047 3 4.921778123 -7.941210827 301.6 92.81829533 390 0
2047 4 10.10174092 -1.524769576 391.2 71.25149504 390 0
2047 5 16.82004849 5.88961858 461.6 100.6259328 390 0
2047 6 22.90108326 11.60562365 512.7 80.9263026 390 0
2047 7 26.21912838 14.52517757 503.7 59.14479274 390 0
2047 8 25.84238457 15.13565337 439.3 126.0756339 390 0
2047 9 21.57039902 9.95110166 346.6 148.6738646 390 0
2047 10 13.72403888 2.486345124 255.1 177.0855707 390 0
2047 11 8.849998641 -0.933719722 163.1 100.3780917 390 0
2047 12 2.184745938 -7.791890434 125 157.0976166 390 0
2048 1 0.548410827 -7.558033941 143.5 105.3470193 390 0
2048 2 -0.96757204 -13.20693888 209.8 73.50429386 390 0
2048 3 5.759047352 -4.231119188 301.6 68.1019429 390 0
2048 4 10.56465722 -1.601249403 391.2 59.17530896 390 0
2048 5 17.7695593 5.309173536 461.6 86.50896862 390 0
2048 6 25.24344021 11.26185372 512.7 59.72698248 390 0
2048 7 27.48668014 15.16879794 503.7 95.6247447 390 0
2048 8 26.57609599 12.58332494 439.3 49.65445278 390 0
2048 9 20.34401291 6.463668052 346.6 67.10558032 390 0
2048 10 17.10425161 4.565840388 255.1 211.0944419 390 0
2048 11 5.585576342 -3.103505429 163.1 164.1772387 390 0
2048 12 -1.261278603 -10.18378499 125 79.4270258 390 0
2049 1 2.504975766 -7.154673565 143.5 113.5585584 390 0
2049 2 1.955870966 -11.13260544 209.8 79.1496992 390 0
2049 3 6.711275224 -5.963897827 301.6 59.95256811 390 0
2049 4 12.10638319 0.769962733 391.2 104.7272654 390 0
2049 5 16.86259635 5.067466204 461.6 170.9676447 390 0
2049 6 23.61045659 11.02443019 512.7 92.9699806 390 0
2049 7 26.53357579 14.3417026 503.7 80.50958056 390 0
2049 8 26.14266285 14.4252059 439.3 163.4049213 390 0
2049 9 20.45663708 8.845073491 346.6 67.34967121 390 0
2049 10 16.22849459 5.293879226 255.1 177.5134713 390 0
2049 11 9.086597633 -0.99416864 163.1 98.95909876 390 0
2049 12 4.135245376 -5.549425157 125 150.4132368 390 0
2050 1 1.004555988 -10.11873002 143.5 38.88442172 390 0
2050 2 -0.31371394 -11.36027938 209.8 67.73897896 390 0
2050 3 4.750865884 -7.473763858 301.6 67.5347909 390 0
2050 4 10.17088509 -1.24370879 391.2 91.95724631 390 0
2050 5 19.76211244 7.335808049 461.6 195.7606828 390 0
2050 6 23.12256831 12.01835904 512.7 136.3667867 390 0
2050 7 26.3419297 13.51081116 503.7 71.29264628 390 0
2050 8 24.75661422 12.87633198 439.3 109.1609697 390 0
2050 9 21.25911925 8.966826783 346.6 108.8027646 390 0
2050 10 15.50317808 2.836575679 255.1 130.1030509 390 0
2050 11 6.861571415 -2.832341542 163.1 125.4825672 390 0
2050 12 -6.077314474 -17.76856758 125 39.32081589 390 0
2051 1 1.004555988 -10.11873002 143.5 38.88442172 390 0
2051 2 -0.31371394 -11.36027938 209.8 67.73897896 390 0
2051 3 4.750865884 -7.473763858 301.6 67.5347909 390 0
2051 4 10.17088509 -1.24370879 391.2 91.95724631 390 0
2051 5 19.76211244 7.335808049 461.6 195.7606828 390 0
2051 6 23.12256831 12.01835904 512.7 136.3667867 390 0
2051 7 26.3419297 13.51081116 503.7 71.29264628 390 0
2051 8 24.75661422 12.87633198 439.3 109.1609697 390 0
2051 9 21.25911925 8.966826783 346.6 108.8027646 390 0
2051 10 15.50317808 2.836575679 255.1 130.1030509 390 0
2051 11 6.861571415 -2.832341542 163.1 125.4825672 390 0
2051 12 -6.077314474 -17.76856758 125 39.32081589 390 0
2052 1 -2.857258575 -14.22171811 143.5 58.03302015 390 0
2052 2 3.831320119 -6.217381266 209.8 140.5750308 390 0
2052 3 1.679307677 -8.491773672 301.6 131.4207348 390 0
2052 4 11.63431942 0.5896399 391.2 111.7261821 390 0
2052 5 17.77190672 5.026925144 461.6 236.7519911 390 0
2052 6 24.03079711 11.03204302 512.7 121.1453398 390 0
2052 7 25.97296462 14.08080522 503.7 116.5346498 390 0
2052 8 26.42656675 14.513021 439.3 46.92060864 390 0
2052 9 20.60218193 6.588267148 346.6 36.68490247 390 0
2052 10 16.15776141 3.357939446 255.1 80.00983353 390 0
2052 11 8.55157826 -2.226605745 163.1 74.72461993 390 0
2052 12 3.430390658 -6.344721918 125 86.20841518 390 0
2053 1 0.518029635 -9.080472906 143.5 84.96875999 390 0
2053 2 2.916107358 -7.720811776 209.8 33.41218182 390 0
2053 3 9.940400839 -1.938529006 301.6 51.45237157 390 0
2053 4 13.78841895 1.024756452 391.2 93.37911438 390 0
2053 5 19.48572887 8.654083782 461.6 143.1260733 390 0
2053 6 22.48078372 11.56325457 512.7 152.7888637 390 0
2053 7 27.66293253 15.08262795 503.7 56.66654196 390 0
2053 8 26.82072909 14.83745665 439.3 110.2273264 390 0
2053 9 21.04529528 9.156781222 346.6 125.7602212 390 0
2053 10 15.37659365 5.701654626 255.1 158.5605746 390 0
2053 11 7.213394989 -2.51476101 163.1 24.80456625 390 0
2053 12 2.774359507 -5.400117509 125 141.8899548 390 0
2054 1 -0.833381847 -11.54882776 143.5 88.62783719 390 0
2054 2 0.393398772 -10.26619325 209.8 67.25423996 390 0
2054 3 3.241602439 -7.507970372 301.6 101.3382256 390 0
2054 4 10.15245507 -0.927567675 391.2 64.12828008 390 0
2054 5 19.54798159 4.464397039 461.6 38.59136403 390 0
2054 6 23.44909196 10.18094205 512.7 112.3371487 390 0
2054 7 24.09684099 12.08119559 503.7 100.2689 390 0
2054 8 23.98198739 12.74709327 439.3 98.5758503 390 0
2054 9 20.87904058 8.686840721 346.6 74.46513034 390 0
2054 10 12.517475 1.535038073 255.1 74.04423676 390 0
2054 11 5.943639722 -2.820200562 163.1 113.0074937 390 0
2054 12 1.375559423 -7.573464385 125 69.63594609 390 0
2055 1 1.004555988 -10.11873002 143.5 38.88442172 390 0
2055 2 -0.31371394 -11.36027938 209.8 67.73897896 390 0
2055 3 4.750865884 -7.473763858 301.6 67.5347909 390 0
2055 4 10.17088509 -1.24370879 391.2 91.95724631 390 0
2055 5 19.76211244 7.335808049 461.6 195.7606828 390 0
2055 6 23.12256831 12.01835904 512.7 136.3667867 390 0
2055 7 26.3419297 13.51081116 503.7 71.29264628 390 0
2055 8 24.75661422 12.87633198 439.3 109.1609697 390 0
2055 9 21.25911925 8.966826783 346.6 108.8027646 390 0
2055 10 15.50317808 2.836575679 255.1 130.1030509 390 0
2055 11 6.861571415 -2.832341542 163.1 125.4825672 390 0
2055 12 -6.077314474 -17.76856758 125 39.32081589 390 0
2056 1 -4.064161828 -14.82231352 143.5 27.69970744 390 0
2056 2 1.289474119 -10.1494986 209.8 68.99427028 390 0
2056 3 6.739244667 -5.959656267 301.6 79.12157071 390 0
2056 4 12.61967769 -0.013967513 391.2 41.43567764 390 0
2056 5 19.60756875 5.482475608 461.6 77.36818977 390 0
2056 6 21.23436372 9.722238284 512.7 90.75583332 390 0
2056 7 26.99844938 13.17653107 503.7 61.01220354 390 0
2056 8 24.84862468 12.15147821 439.3 130.9897324 390 0
2056 9 21.45381253 8.876929573 346.6 109.7803484 390 0
2056 10 15.33048734 3.035122475 255.1 75.89783047 390 0
2056 11 7.293681964 -1.215702357 163.1 142.6751218 390 0
2056 12 -0.801050175 -11.41674011 125 55.92599487 390 0
2057 1 0.518029635 -9.080472906 143.5 84.96875999 390 0
2057 2 2.916107358 -7.720811776 209.8 33.41218182 390 0
2057 3 9.940400839 -1.938529006 301.6 51.45237157 390 0
2057 4 13.78841895 1.024756452 391.2 93.37911438 390 0
2057 5 19.48572887 8.654083782 461.6 143.1260733 390 0
2057 6 22.48078372 11.56325457 512.7 152.7888637 390 0
2057 7 27.66293253 15.08262795 503.7 56.66654196 390 0
2057 8 26.82072909 14.83745665 439.3 110.2273264 390 0
2057 9 21.04529528 9.156781222 346.6 125.7602212 390 0
2057 10 15.37659365 5.701654626 255.1 158.5605746 390 0
2057 11 7.213394989 -2.51476101 163.1 24.80456625 390 0
2057 12 2.774359507 -5.400117509 125 141.8899548 390 0
2058 1 -1.629387393 -11.68626668 143.5 100.6258638 390 0
2058 2 1.963339123 -9.003244129 209.8 61.52634686 390 0
2058 3 3.176492599 -7.136393966 301.6 103.7812478 390 0
2058 4 10.47326425 -1.223115724 391.2 117.5644794 390 0
2058 5 15.80439209 4.451796551 461.6 85.76200709 390 0
2058 6 24.40455227 10.66466453 512.7 54.51166264 390 0
2058 7 26.320431 13.2177438 503.7 93.26357728 390 0
2058 8 24.8058468 12.8644334 439.3 105.4584562 390 0
2058 9 20.07171497 8.744029704 346.6 66.97933362 390 0
2058 10 13.78449973 1.899573593 255.1 42.54229656 390 0
2058 11 5.727892299 -3.025567595 163.1 146.1517452 390 0
2058 12 1.770310432 -7.818381616 125 72.29938602 390 0
2059 1 -4.064161828 -14.82231352 143.5 27.69970744 390 0
2059 2 1.289474119 -10.1494986 209.8 68.99427028 390 0
2059 3 6.739244667 -5.959656267 301.6 79.12157071 390 0
2059 4 12.61967769 -0.013967513 391.2 41.43567764 390 0
2059 5 19.60756875 5.482475608 461.6 77.36818977 390 0
2059 6 21.23436372 9.722238284 512.7 90.75583332 390 0
2059 7 26.99844938 13.17653107 503.7 61.01220354 390 0
2059 8 24.84862468 12.15147821 439.3 130.9897324 390 0
2059 9 21.45381253 8.876929573 346.6 109.7803484 390 0
2059 10 15.33048734 3.035122475 255.1 75.89783047 390 0
2059 11 7.293681964 -1.215702357 163.1 142.6751218 390 0
2059 12 -0.801050175 -11.41674011 125 55.92599487 390 0
2060 1 -4.584877456 -17.43836504 143.5 24.98849984 390 0
2060 2 4.525291768 -6.842564544 209.8 176.5425833 390 0
2060 3 5.813245605 -4.518207177 301.6 27.43150083 390 0
2060 4 13.53962807 1.131138809 391.2 90.76397858 390 0
2060 5 20.32320553 6.476047277 461.6 82.64632794 390 0
2060 6 24.02704406 11.11127328 512.7 96.07941988 390 0
2060 7 26.18861032 14.14850492 503.7 137.3395231 390 0
2060 8 25.10091011 12.14568468 439.3 79.90441462 390 0
2060 9 19.51043528 8.968764781 346.6 127.2077679 390 0
2060 10 12.86960315 1.551313071 255.1 144.1376119 390 0
2060 11 7.593736266 -1.793005241 163.1 75.7727558 390 0
2060 12 0.798569645 -7.23791727 125 128.8359728 390 0
2061 1 0.141310884 -9.617824174 143.5 79.02098922 390 0
2061 2 -3.085031498 -14.15733058 209.8 52.78801185 390 0
2061 3 4.725122681 -7.324442356 301.6 111.8890954 390 0
2061 4 9.694055737 -0.242401283 391.2 198.889512 390 0
2061 5 19.72566399 6.006647759 461.6 78.75046575 390 0
2061 6 23.45247309 11.4367492 512.7 74.70710404 390 0
2061 7 25.11248971 13.80427022 503.7 102.1583661 390 0
2061 8 25.78739255 12.9402195 439.3 62.78218144 390 0
2061 9 22.3990634 9.363713815 346.6 76.80503636 390 0
2061 10 17.05999553 6.084199184 255.1 126.9305797 390 0
2061 11 6.676158693 -2.855207907 163.1 127.1921886 390 0
2061 12 -0.471719146 -9.455643503 125 121.0473775 390 0
2062 1 -0.19432151 -10.66704814 143.5 105.9798355 390 0
2062 2 1.686942244 -9.869150392 209.8 84.82343155 390 0
2062 3 5.553558366 -3.093800876 301.6 188.5528206 390 0
2062 4 11.41578476 1.23260025 391.2 201.0307464 390 0
2062 5 16.43581715 5.944859751 461.6 158.5750023 390 0
2062 6 25.05174042 10.73320161 512.7 53.96495073 390 0
2062 7 27.43077963 13.58445521 503.7 76.91197756 390 0
2062 8 26.29547248 13.14692632 439.3 95.72147066 390 0
2062 9 23.66932651 8.969133253 346.6 52.89476502 390 0
2062 10 14.58515388 2.703947832 255.1 91.71094695 390 0
2062 11 7.917373779 -1.022361569 163.1 244.8285681 390 0
2062 12 0.059724794 -9.622666365 125 174.5229823 390 0
2063 1 0.518029635 -9.080472906 143.5 84.96875999 390 0
2063 2 2.916107358 -7.720811776 209.8 33.41218182 390 0
2063 3 9.940400839 -1.938529006 301.6 51.45237157 390 0
2063 4 13.78841895 1.024756452 391.2 93.37911438 390 0
2063 5 19.48572887 8.654083782 461.6 143.1260733 390 0
2063 6 22.48078372 11.56325457 512.7 152.7888637 390 0
2063 7 27.66293253 15.08262795 503.7 56.66654196 390 0
2063 8 26.82072909 14.83745665 439.3 110.2273264 390 0
2063 9 21.04529528 9.156781222 346.6 125.7602212 390 0
2063 10 15.37659365 5.701654626 255.1 158.5605746 390 0
2063 11 7.213394989 -2.51476101 163.1 24.80456625 390 0
2063 12 2.774359507 -5.400117509 125 141.8899548 390 0
2064 1 -1.902174908 -12.82057269 143.5 96.48848613 390 0
2064 2 1.175004669 -10.34098963 209.8 85.4239471 390 0
2064 3 8.279558439 -3.431185494 301.6 106.3252659 390 0
2064 4 10.80500468 0.795876879 391.2 147.0336294 390 0
2064 5 17.51370184 5.97210129 461.6 104.2755729 390 0
2064 6 22.91483024 10.89559208 512.7 107.1504534 390 0
2064 7 23.94373731 12.53177029 503.7 132.2000299 390 0
2064 8 23.83186117 12.8112713 439.3 75.74987626 390 0
2064 9 20.51476103 8.393648139 346.6 69.14381278 390 0
2064 10 14.81215922 2.430621166 255.1 81.48308674 390 0
2064 11 7.225677201 -0.745693532 163.1 87.09894612 390 0
2064 12 -0.727370245 -10.65836677 125 116.6318976 390 0
2065 1 -4.584877456 -17.43836504 143.5 24.98849984 390 0
2065 2 4.525291768 -6.842564544 209.8 176.5425833 390 0
2065 3 5.813245605 -4.518207177 301.6 27.43150083 390 0
2065 4 13.53962807 1.131138809 391.2 90.76397858 390 0
2065 5 20.32320553 6.476047277 461.6 82.64632794 390 0
2065 6 24.02704406 11.11127328 512.7 96.07941988 390 0
2065 7 26.18861032 14.14850492 503.7 137.3395231 390 0
2065 8 25.10091011 12.14568468 439.3 79.90441462 390 0
2065 9 19.51043528 8.968764781 346.6 127.2077679 390 0
2065 10 12.86960315 1.551313071 255.1 144.1376119 390 0
2065 11 7.593736266 -1.793005241 163.1 75.7727558 390 0
2065 12 0.798569645 -7.23791727 125 128.8359728 390 0
2066 1 -4.222498072 -16.11008778 143.5 78.37764043 390 0
2066 2 0.811165036 -11.08507721 209.8 61.61421818 390 0
2066 3 4.998716488 -6.573534215 301.6 74.93045128 390 0
2066 4 13.6144019 1.332835741 391.2 104.4739539 390 0
2066 5 18.48806727 6.425513863 461.6 107.6845723 390 0
2066 6 20.68996426 11.36213264 512.7 181.0359711 390 0
2066 7 23.14624389 13.37428796 503.7 184.205114 390 0
2066 8 25.93294118 14.59161355 439.3 136.8280244 390 0
2066 9 20.51179286 7.770843207 346.6 40.74751171 390 0
2066 10 11.87027175 2.384285934 255.1 147.9239037 390 0
2066 11 10.44333695 0.424230014 163.1 111.3274598 390 0
2066 12 0.915190319 -8.042340737 125 127.2419443 390 0
2067 1 -2.857258575 -14.22171811 143.5 58.03302015 390 0
2067 2 3.831320119 -6.217381266 209.8 140.5750308 390 0
2067 3 1.679307677 -8.491773672 301.6 131.4207348 390 0
2067 4 11.63431942 0.5896399 391.2 111.7261821 390 0
2067 5 17.77190672 5.026925144 461.6 236.7519911 390 0
2067 6 24.03079711 11.03204302 512.7 121.1453398 390 0
2067 7 25.97296462 14.08080522 503.7 116.5346498 390 0
2067 8 26.42656675 14.513021 439.3 46.92060864 390 0
2067 9 20.60218193 6.588267148 346.6 36.68490247 390 0
2067 10 16.15776141 3.357939446 255.1 80.00983353 390 0
2067 11 8.55157826 -2.226605745 163.1 74.72461993 390 0
2067 12 3.430390658 -6.344721918 125 86.20841518 390 0
2068 1 0.548410827 -7.558033941 143.5 105.3470193 390 0
2068 2 -0.96757204 -13.20693888 209.8 73.50429386 390 0
2068 3 5.759047352 -4.231119188 301.6 68.1019429 390 0
2068 4 10.56465722 -1.601249403 391.2 59.17530896 390 0
2068 5 17.7695593 5.309173536 461.6 86.50896862 390 0
2068 6 25.24344021 11.26185372 512.7 59.72698248 390 0
2068 7 27.48668014 15.16879794 503.7 95.6247447 390 0
2068 8 26.57609599 12.58332494 439.3 49.65445278 390 0
2068 9 20.34401291 6.463668052 346.6 67.10558032 390 0
2068 10 17.10425161 4.565840388 255.1 211.0944419 390 0
2068 11 5.585576342 -3.103505429 163.1 164.1772387 390 0
2068 12 -1.261278603 -10.18378499 125 79.4270258 390 0
2069 1 0.518029635 -9.080472906 143.5 84.96875999 390 0
2069 2 2.916107358 -7.720811776 209.8 33.41218182 390 0
2069 3 9.940400839 -1.938529006 301.6 51.45237157 390 0
2069 4 13.78841895 1.024756452 391.2 93.37911438 390 0
2069 5 19.48572887 8.654083782 461.6 143.1260733 390 0
2069 6 22.48078372 11.56325457 512.7 152.7888637 390 0
2069 7 27.66293253 15.08262795 503.7 56.66654196 390 0
2069 8 26.82072909 14.83745665 439.3 110.2273264 390 0
2069 9 21.04529528 9.156781222 346.6 125.7602212 390 0
2069 10 15.37659365 5.701654626 255.1 158.5605746 390 0
2069 11 7.213394989 -2.51476101 163.1 24.80456625 390 0
2069 12 2.774359507 -5.400117509 125 141.8899548 390 0
2070 1 -5.467340715 -17.91257563 143.5 131.1943776 390 0
2070 2 -2.333068575 -14.84839016 209.8 39.57157137 390 0
2070 3 4.040456064 -5.685040901 301.6 140.2607748 390 0
2070 4 12.38896473 0.234654695 391.2 86.47664702 390 0
2070 5 17.60646282 5.127989845 461.6 119.1802185 390 0
2070 6 25.0635885 12.56630472 512.7 72.99723078 390 0
2070 7 27.68139389 16.03383834 503.7 95.8124637 390 0
2070 8 24.72674057 12.6808693 439.3 92.54424057 390 0
2070 9 19.61422343 8.786852124 346.6 135.6906218 390 0
2070 10 15.49277871 2.59661852 255.1 36.44017384 390 0
2070 11 10.37522289 -0.945404492 163.1 101.8357416 390 0
2070 12 3.530113233 -6.515058224 125 106.8684306 390 0
2071 1 0.254043791 -11.50828931 143.5 142.1163432 390 0
2071 2 -0.885745493 -12.26665181 209.8 61.03824023 390 0
2071 3 6.333295886 -5.960476833 301.6 109.0194769 390 0
2071 4 14.32013581 1.667520833 391.2 66.30219075 390 0
2071 5 19.32620856 6.60405364 461.6 80.12146814 390 0
2071 6 22.38910988 9.34133432 512.7 116.8012791 390 0
2071 7 24.55340634 13.34466395 503.7 144.27134 390 0
2071 8 23.64680561 12.4899428 439.3 105.0894265 390 0
2071 9 19.26809316 7.394799239 346.6 68.14205995 390 0
2071 10 14.56004467 2.372366834 255.1 51.81741279 390 0
2071 11 6.138172422 -4.008399808 163.1 124.8461568 390 0
2071 12 1.553480585 -7.509214338 125 121.93155 390 0
2072 1 -4.584877456 -17.43836504 143.5 24.98849984 390 0
2072 2 4.525291768 -6.842564544 209.8 176.5425833 390 0
2072 3 5.813245605 -4.518207177 301.6 27.43150083 390 0
2072 4 13.53962807 1.131138809 391.2 90.76397858 390 0
2072 5 20.32320553 6.476047277 461.6 82.64632794 390 0
2072 6 24.02704406 11.11127328 512.7 96.07941988 390 0
2072 7 26.18861032 14.14850492 503.7 137.3395231 390 0
2072 8 25.10091011 12.14568468 439.3 79.90441462 390 0
2072 9 19.51043528 8.968764781 346.6 127.2077679 390 0
2072 10 12.86960315 1.551313071 255.1 144.1376119 390 0
2072 11 7.593736266 -1.793005241 163.1 75.7727558 390 0
2072 12 0.798569645 -7.23791727 125 128.8359728 390 0
2073 1 -0.833381847 -11.54882776 143.5 88.62783719 390 0
2073 2 0.393398772 -10.26619325 209.8 67.25423996 390 0
2073 3 3.241602439 -7.507970372 301.6 101.3382256 390 0
2073 4 10.15245507 -0.927567675 391.2 64.12828008 390 0
2073 5 19.54798159 4.464397039 461.6 38.59136403 390 0
2073 6 23.44909196 10.18094205 512.7 112.3371487 390 0
2073 7 24.09684099 12.08119559 503.7 100.2689 390 0
2073 8 23.98198739 12.74709327 439.3 98.5758503 390 0
2073 9 20.87904058 8.686840721 346.6 74.46513034 390 0
2073 10 12.517475 1.535038073 255.1 74.04423676 390 0
2073 11 5.943639722 -2.820200562 163.1 113.0074937 390 0
2073 12 1.375559423 -7.573464385 125 69.63594609 390 0
2074 1 -5.467340715 -17.91257563 143.5 131.1943776 390 0
2074 2 -2.333068575 -14.84839016 209.8 39.57157137 390 0
2074 3 4.040456064 -5.685040901 301.6 140.2607748 390 0
2074 4 12.38896473 0.234654695 391.2 86.47664702 390 0
2074 5 17.60646282 5.127989845 461.6 119.1802185 390 0
2074 6 25.0635885 12.56630472 512.7 72.99723078 390 0
2074 7 27.68139389 16.03383834 503.7 95.8124637 390 0
2074 8 24.72674057 12.6808693 439.3 92.54424057 390 0
2074 9 19.61422343 8.786852124 346.6 135.6906218 390 0
2074 10 15.49277871 2.59661852 255.1 36.44017384 390 0
2074 11 10.37522289 -0.945404492 163.1 101.8357416 390 0
2074 12 3.530113233 -6.515058224 125 106.8684306 390 0
2075 1 -4.222498072 -16.11008778 143.5 78.37764043 390 0
2075 2 0.811165036 -11.08507721 209.8 61.61421818 390 0
2075 3 4.998716488 -6.573534215 301.6 74.93045128 390 0
2075 4 13.6144019 1.332835741 391.2 104.4739539 390 0
2075 5 18.48806727 6.425513863 461.6 107.6845723 390 0
2075 6 20.68996426 11.36213264 512.7 181.0359711 390 0
2075 7 23.14624389 13.37428796 503.7 184.205114 390 0
2075 8 25.93294118 14.59161355 439.3 136.8280244 390 0
2075 9 20.51179286 7.770843207 346.6 40.74751171 390 0
2075 10 11.87027175 2.384285934 255.1 147.9239037 390 0
2075 11 10.44333695 0.424230014 163.1 111.3274598 390 0
2075 12 0.915190319 -8.042340737 125 127.2419443 390 0
2076 1 2.504975766 -7.154673565 143.5 113.5585584 390 0
2076 2 1.955870966 -11.13260544 209.8 79.1496992 390 0
2076 3 6.711275224 -5.963897827 301.6 59.95256811 390 0
2076 4 12.10638319 0.769962733 391.2 104.7272654 390 0
2076 5 16.86259635 5.067466204 461.6 170.9676447 390 0
2076 6 23.61045659 11.02443019 512.7 92.9699806 390 0
2076 7 26.53357579 14.3417026 503.7 80.50958056 390 0
2076 8 26.14266285 14.4252059 439.3 163.4049213 390 0
2076 9 20.45663708 8.845073491 346.6 67.34967121 390 0
2076 10 16.22849459 5.293879226 255.1 177.5134713 390 0
2076 11 9.086597633 -0.99416864 163.1 98.95909876 390 0
2076 12 4.135245376 -5.549425157 125 150.4132368 390 0
2077 1 -2.917753932 -13.69680785 143.5 88.12988181 390 0
2077 2 1.575618871 -10.92117475 209.8 75.09339599 390 0
2077 3 3.497067883 -7.952406431 301.6 117.644865 390 0
2077 4 13.84996073 0.624575743 391.2 173.688295 390 0
2077 5 14.73002789 4.739968638 461.6 149.0349158 390 0
2077 6 24.81890501 12.73599123 512.7 99.13026274 390 0
2077 7 26.59833425 14.77731337 503.7 85.77469486 390 0
2077 8 26.32386132 14.53186831 439.3 88.2251898 390 0
2077 9 23.19387061 10.63719641 346.6 78.37724933 390 0
2077 10 13.92655271 5.57400531 255.1 364.8198616 390 0
2077 11 9.036868795 -1.580554735 163.1 150.1062799 390 0
2077 12 0.829404818 -8.517161948 125 122.8475735 390 0
2078 1 -1.176908312 -12.94769824 143.5 37.85625071 390 0
2078 2 0.286169128 -11.61905767 209.8 79.97346501 390 0
2078 3 2.65291269 -6.878210759 301.6 160.5332038 390 0
2078 4 11.79934733 -0.741665535 391.2 30.67226253 390 0
2078 5 20.3358123 6.197992704 461.6 53.09506099 390 0
2078 6 24.57010069 12.28864197 512.7 121.6024325 390 0
2078 7 25.05086272 12.49442572 503.7 76.94240659 390 0
2078 8 27.60433515 14.40883988 439.3 33.78808624 390 0
2078 9 22.14725104 9.01202614 346.6 106.2877254 390 0
2078 10 16.37193318 2.888773864 255.1 32.97091008 390 0
2078 11 9.811274348 -0.513987316 163.1 55.90821076 390 0
2078 12 4.696640968 -4.704499616 125 70.97035564 390 0
2079 1 2.504975766 -7.154673565 143.5 113.5585584 390 0
2079 2 1.955870966 -11.13260544 209.8 79.1496992 390 0
2079 3 6.711275224 -5.963897827 301.6 59.95256811 390 0
2079 4 12.10638319 0.769962733 391.2 104.7272654 390 0
2079 5 16.86259635 5.067466204 461.6 170.9676447 390 0
2079 6 23.61045659 11.02443019 512.7 92.9699806 390 0
2079 7 26.53357579 14.3417026 503.7 80.50958056 390 0
2079 8 26.14266285 14.4252059 439.3 163.4049213 390 0
2079 9 20.45663708 8.845073491 346.6 67.34967121 390 0
2079 10 16.22849459 5.293879226 255.1 177.5134713 390 0
2079 11 9.086597633 -0.99416864 163.1 98.95909876 390 0
2079 12 4.135245376 -5.549425157 125 150.4132368 390 0
2080 1 -4.584877456 -17.43836504 143.5 24.98849984 390 0
2080 2 4.525291768 -6.842564544 209.8 176.5425833 390 0
2080 3 5.813245605 -4.518207177 301.6 27.43150083 390 0
2080 4 13.53962807 1.131138809 391.2 90.76397858 390 0
2080 5 20.32320553 6.476047277 461.6 82.64632794 390 0
2080 6 24.02704406 11.11127328 512.7 96.07941988 390 0
2080 7 26.18861032 14.14850492 503.7 137.3395231 390 0
2080 8 25.10091011 12.14568468 439.3 79.90441462 390 0
2080 9 19.51043528 8.968764781 346.6 127.2077679 390 0
2080 10 12.86960315 1.551313071 255.1 144.1376119 390 0
2080 11 7.593736266 -1.793005241 163.1 75.7727558 390 0
2080 12 0.798569645 -7.23791727 125 128.8359728 390 0
2081 1 0.518029635 -9.080472906 143.5 84.96875999 390 0
2081 2 2.916107358 -7.720811776 209.8 33.41218182 390 0
2081 3 9.940400839 -1.938529006 301.6 51.45237157 390 0
2081 4 13.78841895 1.024756452 391.2 93.37911438 390 0
2081 5 19.48572887 8.654083782 461.6 143.1260733 390 0
2081 6 22.48078372 11.56325457 512.7 152.7888637 390 0
2081 7 27.66293253 15.08262795 503.7 56.66654196 390 0
2081 8 26.82072909 14.83745665 439.3 110.2273264 390 0
2081 9 21.04529528 9.156781222 346.6 125.7602212 390 0
2081 10 15.37659365 5.701654626 255.1 158.5605746 390 0
2081 11 7.213394989 -2.51476101 163.1 24.80456625 390 0
2081 12 2.774359507 -5.400117509 125 141.8899548 390 0
2082 1 -5.283443148 -17.79131146 143.5 104.9812244 390 0
2082 2 -0.297287574 -12.23855904 209.8 83.75196594 390 0
2082 3 4.440333182 -7.365187133 301.6 74.00514349 390 0
2082 4 10.8698033 -1.576211052 391.2 112.9631105 390 0
2082 5 20.07789154 5.819034331 461.6 49.1963734 390 0
2082 6 20.87367718 9.730855547 512.7 178.8637385 390 0
2082 7 27.05077353 12.94195554 503.7 75.90135675 390 0
2082 8 23.74439108 11.2159031 439.3 81.34484755 390 0
2082 9 20.83352711 8.975709475 346.6 67.98186407 390 0
2082 10 15.38357426 1.672126334 255.1 45.31761222 390 0
2082 11 9.478790045 -0.180234234 163.1 101.2549383 390 0
2082 12 4.321047848 -5.873755839 125 45.4016798 390 0
2083 1 -4.222498072 -16.11008778 143.5 78.37764043 390 0
2083 2 0.811165036 -11.08507721 209.8 61.61421818 390 0
2083 3 4.998716488 -6.573534215 301.6 74.93045128 390 0
2083 4 13.6144019 1.332835741 391.2 104.4739539 390 0
2083 5 18.48806727 6.425513863 461.6 107.6845723 390 0
2083 6 20.68996426 11.36213264 512.7 181.0359711 390 0
2083 7 23.14624389 13.37428796 503.7 184.205114 390 0
2083 8 25.93294118 14.59161355 439.3 136.8280244 390 0
2083 9 20.51179286 7.770843207 346.6 40.74751171 390 0
2083 10 11.87027175 2.384285934 255.1 147.9239037 390 0
2083 11 10.44333695 0.424230014 163.1 111.3274598 390 0
2083 12 0.915190319 -8.042340737 125 127.2419443 390 0
2084 1 -1.287870823 -12.43638847 143.5 72.12430638 390 0
2084 2 2.58036276 -8.862254748 209.8 43.1973147 390 0
2084 3 6.195427439 -3.595142917 301.6 126.16464 390 0
2084 4 14.18878786 1.180284351 391.2 90.23166484 390 0
2084 5 21.91401854 7.335265236 461.6 99.99428361 390 0
2084 6 24.87968164 11.23190066 512.7 64.80641633 390 0
2084 7 26.58267418 13.36933221 503.7 64.13184484 390 0
2084 8 26.23081598 14.10064916 439.3 213.430264 390 0
2084 9 20.42645071 7.617638145 346.6 146.4514582 390 0
2084 10 15.69581472 3.97700874 255.1 98.84431069 390 0
2084 11 7.780058084 -0.437997766 163.1 106.2520471 390 0
2084 12 1.215170852 -9.334485409 125 88.08267354 390 0
2085 1 0.518029635 -9.080472906 143.5 84.96875999 390 0
2085 2 2.916107358 -7.720811776 209.8 33.41218182 390 0
2085 3 9.940400839 -1.938529006 301.6 51.45237157 390 0
2085 4 13.78841895 1.024756452 391.2 93.37911438 390 0
2085 5 19.48572887 8.654083782 461.6 143.1260733 390 0
2085 6 22.48078372 11.56325457 512.7 152.7888637 390 0
2085 7 27.66293253 15.08262795 503.7 56.66654196 390 0
2085 8 26.82072909 14.83745665 439.3 110.2273264 390 0
2085 9 21.04529528 9.156781222 346.6 125.7602212 390 0
2085 10 15.37659365 5.701654626 255.1 158.5605746 390 0
2085 11 7.213394989 -2.51476101 163.1 24.80456625 390 0
2085 12 2.774359507 -5.400117509 125 141.8899548 390 0
2086 1 -2.917753932 -13.69680785 143.5 88.12988181 390 0
2086 2 1.575618871 -10.92117475 209.8 75.09339599 390 0
2086 3 3.497067883 -7.952406431 301.6 117.644865 390 0
2086 4 13.84996073 0.624575743 391.2 173.688295 390 0
2086 5 14.73002789 4.739968638 461.6 149.0349158 390 0
2086 6 24.81890501 12.73599123 512.7 99.13026274 390 0
2086 7 26.59833425 14.77731337 503.7 85.77469486 390 0
2086 8 26.32386132 14.53186831 439.3 88.2251898 390 0
2086 9 23.19387061 10.63719641 346.6 78.37724933 390 0
2086 10 13.92655271 5.57400531 255.1 364.8198616 390 0
2086 11 9.036868795 -1.580554735 163.1 150.1062799 390 0
2086 12 0.829404818 -8.517161948 125 122.8475735 390 0
2087 1 -0.541828227 -9.677891399 143.5 90.31376491 390 0
2087 2 0.840265937 -6.812553756 209.8 113.0666274 390 0
2087 3 8.705472884 -1.831142494 301.6 190.5757784 390 0
2087 4 15.05296909 2.594561701 391.2 56.46420304 390 0
2087 5 21.18561251 7.38423052 461.6 54.18785335 390 0
2087 6 23.41374855 12.13159595 512.7 112.2763962 390 0
2087 7 27.71063983 15.95919479 503.7 86.91626177 390 0
2087 8 25.80344197 13.72663729 439.3 70.60517925 390 0
2087 9 22.25360711 10.94800525 346.6 82.99908641 390 0
2087 10 14.35276203 3.833539849 255.1 194.8151328 390 0
2087 11 7.852899793 -1.292415088 163.1 120.8419736 390 0
2087 12 0.494517395 -7.801741821 125 144.0640424 390 0
2088 1 -1.287870823 -12.43638847 143.5 72.12430638 390 0
2088 2 2.58036276 -8.862254748 209.8 43.1973147 390 0
2088 3 6.195427439 -3.595142917 301.6 126.16464 390 0
2088 4 14.18878786 1.180284351 391.2 90.23166484 390 0
2088 5 21.91401854 7.335265236 461.6 99.99428361 390 0
2088 6 24.87968164 11.23190066 512.7 64.80641633 390 0
2088 7 26.58267418 13.36933221 503.7 64.13184484 390 0
2088 8 26.23081598 14.10064916 439.3 213.430264 390 0
2088 9 20.42645071 7.617638145 346.6 146.4514582 390 0
2088 10 15.69581472 3.97700874 255.1 98.84431069 390 0
2088 11 7.780058084 -0.437997766 163.1 106.2520471 390 0
2088 12 1.215170852 -9.334485409 125 88.08267354 390 0
2089 1 -0.562774129 -11.13315763 143.5 32.52699121 390 0
2089 2 0.371049549 -8.947978666 209.8 91.94000897 390 0
2089 3 4.650868639 -4.464877109 301.6 64.04551215 390 0
2089 4 11.95279796 -0.099113959 391.2 59.07906149 390 0
2089 5 19.06558486 6.054176875 461.6 139.9026691 390 0
2089 6 23.50974242 12.21513369 512.7 183.0197734 390 0
2089 7 27.20195515 16.71883187 503.7 126.7256648 390 0
2089 8 25.00261452 12.73469607 439.3 100.5906011 390 0
2089 9 20.89744101 9.259895277 346.6 134.2812397 390 0
2089 10 15.95248059 3.939119729 255.1 35.71160608 390 0
2089 11 7.313092391 -3.233620546 163.1 106.3545535 390 0
2089 12 -0.51841671 -9.457416485 125 101.6290531 390 0
2090 1 -1.629387393 -11.68626668 143.5 100.6258638 390 0
2090 2 1.963339123 -9.003244129 209.8 61.52634686 390 0
2090 3 3.176492599 -7.136393966 301.6 103.7812478 390 0
2090 4 10.47326425 -1.223115724 391.2 117.5644794 390 0
2090 5 15.80439209 4.451796551 461.6 85.76200709 390 0
2090 6 24.40455227 10.66466453 512.7 54.51166264 390 0
2090 7 26.320431 13.2177438 503.7 93.26357728 390 0
2090 8 24.8058468 12.8644334 439.3 105.4584562 390 0
2090 9 20.07171497 8.744029704 346.6 66.97933362 390 0
2090 10 13.78449973 1.899573593 255.1 42.54229656 390 0
2090 11 5.727892299 -3.025567595 163.1 146.1517452 390 0
2090 12 1.770310432 -7.818381616 125 72.29938602 390 0
2091 1 -0.322942532 -10.39205016 143.5 63.48208703 390 0
2091 2 -3.416404947 -16.45240661 209.8 89.51185577 390 0
2091 3 4.191120591 -8.194185878 301.6 124.9667912 390 0
2091 4 12.18471882 0.305345312 391.2 136.3791064 390 0
2091 5 19.91588526 6.198831698 461.6 31.63830929 390 0
2091 6 23.71507246 10.37539825 512.7 86.91544517 390 0
2091 7 26.81328419 13.81712305 503.7 65.12147905 390 0
2091 8 26.34573078 13.57337586 439.3 59.47471411 390 0
2091 9 20.13524396 9.24934287 346.6 111.1646683 390 0
2091 10 12.89680143 1.192467502 255.1 95.6541889 390 0
2091 11 8.18190292 -2.76125058 163.1 119.1606909 390 0
2091 12 1.561249567 -7.384057023 125 131.7738963 390 0
2092 1 -4.222498072 -16.11008778 143.5 78.37764043 390 0
2092 2 0.811165036 -11.08507721 209.8 61.61421818 390 0
2092 3 4.998716488 -6.573534215 301.6 74.93045128 390 0
2092 4 13.6144019 1.332835741 391.2 104.4739539 390 0
2092 5 18.48806727 6.425513863 461.6 107.6845723 390 0
2092 6 20.68996426 11.36213264 512.7 181.0359711 390 0
2092 7 23.14624389 13.37428796 503.7 184.205114 390 0
2092 8 25.93294118 14.59161355 439.3 136.8280244 390 0
2092 9 20.51179286 7.770843207 346.6 40.74751171 390 0
2092 10 11.87027175 2.384285934 255.1 147.9239037 390 0
2092 11 10.44333695 0.424230014 163.1 111.3274598 390 0
2092 12 0.915190319 -8.042340737 125 127.2419443 390 0
2093 1 -4.222498072 -16.11008778 143.5 78.37764043 390 0
2093 2 0.811165036 -11.08507721 209.8 61.61421818 390 0
2093 3 4.998716488 -6.573534215 301.6 74.93045128 390 0
2093 4 13.6144019 1.332835741 391.2 104.4739539 390 0
2093 5 18.48806727 6.425513863 461.6 107.6845723 390 0
2093 6 20.68996426 11.36213264 512.7 181.0359711 390 0
2093 7 23.14624389 13.37428796 503.7 184.205114 390 0
2093 8 25.93294118 14.59161355 439.3 136.8280244 390 0
2093 9 20.51179286 7.770843207 346.6 40.74751171 390 0
2093 10 11.87027175 2.384285934 255.1 147.9239037 390 0
2093 11 10.44333695 0.424230014 163.1 111.3274598 390 0
2093 12 0.915190319 -8.042340737 125 127.2419443 390 0
2094 1 -1.902174908 -12.82057269 143.5 96.48848613 390 0
2094 2 1.175004669 -10.34098963 209.8 85.4239471 390 0
2094 3 8.279558439 -3.431185494 301.6 106.3252659 390 0
2094 4 10.80500468 0.795876879 391.2 147.0336294 390 0
2094 5 17.51370184 5.97210129 461.6 104.2755729 390 0
2094 6 22.91483024 10.89559208 512.7 107.1504534 390 0
2094 7 23.94373731 12.53177029 503.7 132.2000299 390 0
2094 8 23.83186117 12.8112713 439.3 75.74987626 390 0
2094 9 20.51476103 8.393648139 346.6 69.14381278 390 0
2094 10 14.81215922 2.430621166 255.1 81.48308674 390 0
2094 11 7.225677201 -0.745693532 163.1 87.09894612 390 0
2094 12 -0.727370245 -10.65836677 125 116.6318976 390 0
2095 1 -4.222498072 -16.11008778 143.5 78.37764043 390 0
2095 2 0.811165036 -11.08507721 209.8 61.61421818 390 0
2095 3 4.998716488 -6.573534215 301.6 74.93045128 390 0
2095 4 13.6144019 1.332835741 391.2 104.4739539 390 0
2095 5 18.48806727 6.425513863 461.6 107.6845723 390 0
2095 6 20.68996426 11.36213264 512.7 181.0359711 390 0
2095 7 23.14624389 13.37428796 503.7 184.205114 390 0
2095 8 25.93294118 14.59161355 439.3 136.8280244 390 0
2095 9 20.51179286 7.770843207 346.6 40.74751171 390 0
2095 10 11.87027175 2.384285934 255.1 147.9239037 390 0
2095 11 10.44333695 0.424230014 163.1 111.3274598 390 0
2095 12 0.915190319 -8.042340737 125 127.2419443 390 0
2096 1 -0.322942532 -10.39205016 143.5 63.48208703 390 0
2096 2 -3.416404947 -16.45240661 209.8 89.51185577 390 0
2096 3 4.191120591 -8.194185878 301.6 124.9667912 390 0
2096 4 12.18471882 0.305345312 391.2 136.3791064 390 0
2096 5 19.91588526 6.198831698 461.6 31.63830929 390 0
2096 6 23.71507246 10.37539825 512.7 86.91544517 390 0
2096 7 26.81328419 13.81712305 503.7 65.12147905 390 0
2096 8 26.34573078 13.57337586 439.3 59.47471411 390 0
2096 9 20.13524396 9.24934287 346.6 111.1646683 390 0
2096 10 12.89680143 1.192467502 255.1 95.6541889 390 0
2096 11 8.18190292 -2.76125058 163.1 119.1606909 390 0
2096 12 1.561249567 -7.384057023 125 131.7738963 390 0
2097 1 -0.562774129 -11.13315763 143.5 32.52699121 390 0
2097 2 0.371049549 -8.947978666 209.8 91.94000897 390 0
2097 3 4.650868639 -4.464877109 301.6 64.04551215 390 0
2097 4 11.95279796 -0.099113959 391.2 59.07906149 390 0
2097 5 19.06558486 6.054176875 461.6 139.9026691 390 0
2097 6 23.50974242 12.21513369 512.7 183.0197734 390 0
2097 7 27.20195515 16.71883187 503.7 126.7256648 390 0
2097 8 25.00261452 12.73469607 439.3 100.5906011 390 0
2097 9 20.89744101 9.259895277 346.6 134.2812397 390 0
2097 10 15.95248059 3.939119729 255.1 35.71160608 390 0
2097 11 7.313092391 -3.233620546 163.1 106.3545535 390 0
2097 12 -0.51841671 -9.457416485 125 101.6290531 390 0
2098 1 -4.064161828 -14.82231352 143.5 27.69970744 390 0
2098 2 1.289474119 -10.1494986 209.8 68.99427028 390 0
2098 3 6.739244667 -5.959656267 301.6 79.12157071 390 0
2098 4 12.61967769 -0.013967513 391.2 41.43567764 390 0
2098 5 19.60756875 5.482475608 461.6 77.36818977 390 0
2098 6 21.23436372 9.722238284 512.7 90.75583332 390 0
2098 7 26.99844938 13.17653107 503.7 61.01220354 390 0
2098 8 24.84862468 12.15147821 439.3 130.9897324 390 0
2098 9 21.45381253 8.876929573 346.6 109.7803484 390 0
2098 10 15.33048734 3.035122475 255.1 75.89783047 390 0
2098 11 7.293681964 -1.215702357 163.1 142.6751218 390 0
2098 12 -0.801050175 -11.41674011 125 55.92599487 390 0
2099 1 1.806114881 -7.341221737 143.5 63.66204803 390 0
2099 2 2.744087128 -9.096112643 209.8 82.97712531 390 0
2099 3 5.10906334 -5.013447036 301.6 105.5433906 390 0
2099 4 12.66875953 1.350025758 391.2 114.8352255 390 0
2099 5 17.07058041 4.769964366 461.6 106.8510702 390 0
2099 6 22.3506506 10.48247261 512.7 123.4966926 390 0
2099 7 26.5186622 14.14144245 503.7 56.13179631 390 0
2099 8 27.76039857 14.2451695 439.3 54.94908909 390 0
2099 9 23.1182677 10.46532262 346.6 102.711027 390 0
2099 10 12.85359722 2.080697457 255.1 95.8020265 390 0
2099 11 5.852239507 -2.585583462 163.1 138.3187007 390 0
2099 12 0.953974714 -8.907085536 125 104.7418054 390 0
2100-2200 1 1.806114881 -7.341221737 143.5 63.66204803 390 0
2100-2200 2 2.744087128 -9.096112643 209.8 82.97712531 390 0
2100-2200 3 5.10906334 -5.013447036 301.6 105.5433906 390 0
2100-2200 4 12.66875953 1.350025758 391.2 114.8352255 390 0
2100-2200 5 17.07058041 4.769964366 461.6 106.8510702 390 0
2100-2200 6 22.3506506 10.48247261 512.7 123.4966926 390 0
2100-2200 7 26.5186622 14.14144245 503.7 56.13179631 390 0
2100-2200 8 27.76039857 14.2451695 439.3 54.94908909 390 0
2100-2200 9 23.1182677 10.46532262 346.6 102.711027 390 0
2100-2200 10 12.85359722 2.080697457 255.1 95.8020265 390 0
2100-2200 11 5.852239507 -2.585583462 163.1 138.3187007 390 0
2100-2200 12 0.953974714 -8.907085536 125 104.7418054 390 0
