Year Month Tmax Tmin PAR Prec CO2 O3
1200-1980 1 -1.40869417242998 -12.1057201271139 143.5 84.953422999966 390 0
1200-1980 2 0.668207960782056 -10.6519659071236 209.8 80.1168871720896 390 0
1200-1980 3 5.2469330657924 -5.74245450594114 301.6 99.2853858262441 390 0
1200-1980 4 12.2389835814994 0.400323252989985 391.2 104.099789496298 390 0
1200-1980 5 18.7380549305134 6.12610444858438 461.6 104.785832266615 390 0
1200-1980 6 23.3865055557382 11.2736580185722 512.7 110.171030653285 390 0
1200-1980 7 26.269414785249 14.2147216395071 503.7 97.451143466382 390 0
1200-1980 8 25.4862250869476 13.389674386083 439.3 97.8457575958585 390 0
1200-1980 9 21.1248736643138 9.06791642837748 346.6 102.959154265004 390 0
1200-1980 10 14.5391713942798 3.06511695414708 255.1 117.153449760033 390 0
1200-1980 11 7.97617053276672 -1.66677503822998 163.1 111.65139315118 390 0
1200-1980 12 1.60539974356243 -7.86177000701591 125 103.516692263951 390 0
1981 1 -4.58487745616422 -17.4383650396406 143.5 24.988499836847 390 0
1981 2 4.52529176799494 -6.84256454444764 209.8 176.542583301945 390 0
1981 3 5.81324560504739 -4.51820717704201 301.6 27.4315008273778 390 0
1981 4 13.5396280708091 1.13113880903563 391.2 90.7639785780698 390 0
1981 5 20.3232055337551 6.47604727739944 461.6 82.6463279372995 390 0
1981 6 24.0270440637647 11.1112732817115 512.7 96.0794198779424 390 0
1981 7 26.1886103220864 14.1485049246713 503.7 137.339523105566 390 0
1981 8 25.1009101072646 12.1456846794288 439.3 79.9044146217445 390 0
1981 9 19.5104352833571 8.96876478073259 346.6 127.207767890105 390 0
1981 10 12.8696031526936 1.55131307067031 255.1 144.137611860243 390 0
1981 11 7.59373626627384 -1.79300524146244 163.1 75.7727558011189 390 0
1981 12 0.798569645309447 -7.2379172700141 125 128.835972808655 390 0
1982 1 -5.28344314849824 -17.791311461364 143.5 104.981224405649 390 0
1982 2 -0.297287574043121 -12.2385590369347 209.8 83.7519659389428 390 0
1982 3 4.44033318233181 -7.36518713315293 301.6 74.0051434887036 390 0
1982 4 10.8698032989044 -1.57621105228627 391.2 112.963110539997 390 0
1982 5 20.0778915378159 5.81903433083223 461.6 49.1963734021134 390 0
1982 6 20.8736771821034 9.73085554715367 512.7 178.863738514297 390 0
1982 7 27.0507735315325 12.9419555361125 503.7 75.9013567491317 390 0
1982 8 23.7443910757924 11.2159031011604 439.3 81.3448475532905 390 0
1982 9 20.8335271149218 8.97570947468737 346.6 67.98186407039 390 0
1982 10 15.3835742578255 1.67212633370185 255.1 45.3176122177154 390 0
1982 11 9.47879004536845 -0.180234234429131 163.1 101.254938273026 390 0
1982 12 4.32104784751776 -5.87375583893075 125 45.4016797963985 390 0
1983 1 -0.194321510424175 -10.6670481430497 143.5 105.979835499306 390 0
1983 2 1.68694224375803 -9.86915039200056 209.8 84.8234315520449 390 0
1983 3 5.55355836579604 -3.09380087596996 301.6 188.552820641317 390 0
1983 4 11.4157847575149 1.23260025034454 391.2 201.03074644718 390 0
1983 5 16.4358171455728 5.94485975053181 461.6 158.575002346338 390 0
1983 6 25.0517404222884 10.733201614835 512.7 53.9649507314709 390 0
1983 7 27.4307796264324 13.5844552059598 503.7 76.9119775558668 390 0
1983 8 26.2954724775259 13.1469263228469 439.3 95.7214706565777 390 0
1983 9 23.6693265145095 8.96913325316567 346.6 52.8947650235458 390 0
1983 10 14.5851538779272 2.70394783176003 255.1 91.7109469489495 390 0
1983 11 7.91737377930174 -1.02236156937454 163.1 244.828568054666 390 0
1983 12 0.059724794473753 -9.6226663651435 125 174.52298229377 390 0
1984 1 -2.85725857541118 -14.2217181073484 143.5 58.0330201486709 390 0
1984 2 3.83132011937362 -6.21738126585791 209.8 140.575030841829 390 0
1984 3 1.67930767658639 -8.49177367246047 301.6 131.420734803404 390 0
1984 4 11.6343194219905 0.589639900084161 391.2 111.726182131918 390 0
1984 5 17.7719067186683 5.02692514396016 461.6 236.751991088728 390 0
1984 6 24.0307971055599 11.0320430227109 512.7 121.145339820923 390 0
1984 7 25.972964624299 14.0808052182909 503.7 116.534649774424 390 0
1984 8 26.426566750267 14.5130210029292 439.3 46.9206086419964 390 0
1984 9 20.6021819297759 6.58826714784732 346.6 36.68490246971 390 0
1984 10 16.1577614068962 3.35793944631225 255.1 80.0098335312143 390 0
1984 11 8.55157826041551 -2.22660574495048 163.1 74.7246199271074 390 0
1984 12 3.43039065787797 -6.34472191801142 125 86.2084151787057 390 0
1985 1 -4.06416182768849 -14.8223135241592 143.5 27.6997074399278 390 0
1985 2 1.28947411943648 -10.1494986015504 209.8 68.9942702758238 390 0
1985 3 6.73924466738466 -5.95965626659821 301.6 79.121570705916 390 0
1985 4 12.6196776913417 -0.013967512574942 391.2 41.4356776448097 390 0
1985 5 19.607568746683 5.4824756078831 461.6 77.3681897689506 390 0
1985 6 21.2343637193486 9.72223828444507 512.7 90.7558333183894 390 0
1985 7 26.9984493793989 13.1765310734326 503.7 61.0122035374983 390 0
1985 8 24.8486246812585 12.1514782144983 439.3 130.989732351019 390 0
1985 9 21.4538125267229 8.8769295725862 346.6 109.780348353716 390 0
1985 10 15.3304873376424 3.03512247459826 255.1 75.8978304667494 390 0
1985 11 7.29368196380669 -1.21570235684786 163.1 142.675121840716 390 0
1985 12 -0.801050175237643 -11.4167401058773 125 55.9259948706666 390 0
1986 1 0.25404379113001 -11.508289313121 143.5 142.116343248489 390 0
1986 2 -0.885745493313525 -12.2666518146203 209.8 61.0382402319968 390 0
1986 3 6.33329588584734 -5.96047683266839 301.6 109.019476859032 390 0
1986 4 14.3201358070641 1.66752083326897 391.2 66.3021907450535 390 0
1986 5 19.3262085635992 6.60405363978815 461.6 80.1214681385161 390 0
1986 6 22.3891098834659 9.34133431957585 512.7 116.801279144427 390 0
1986 7 24.5534063446801 13.3446639479937 503.7 144.271340033019 390 0
1986 8 23.6468056093358 12.4899427982538 439.3 105.089426483843 390 0
1986 9 19.2680931590443 7.39479923899694 346.6 68.1420599476654 390 0
1986 10 14.5600446714645 2.37236683430036 255.1 51.8174127862148 390 0
1986 11 6.13817242155718 -4.00839980765711 163.1 124.846156766917 390 0
1986 12 1.55348058461564 -7.50921433766704 125 121.931549967208 390 0
1987 1 -1.49442829118256 -13.1173020987492 143.5 110.718272583137 390 0
1987 2 -0.373565180192602 -12.6809888359773 209.8 10.6359249091976 390 0
1987 3 6.34068287787972 -5.49904810945981 301.6 74.7003404056926 390 0
1987 4 13.2475708361896 1.87373065161639 391.2 180.260685033262 390 0
1987 5 19.4533857102152 5.45963400678961 461.6 55.2105219781604 390 0
1987 6 23.3624465001072 11.4351847137722 512.7 123.746002001634 390 0
1987 7 26.0559577176417 14.1137905353488 503.7 58.4691820307438 390 0
1987 8 24.8021792175809 11.3585141156428 439.3 72.6229316530568 390 0
1987 9 20.0309402269432 8.9188626569178 346.6 158.831918750107 390 0
1987 10 14.3387478331951 1.67724570311757 255.1 112.499944832263 390 0
1987 11 7.54590697753306 -2.97579631766565 163.1 65.2998934398588 390 0
1987 12 1.92921651012768 -6.30172810170689 125 81.8170810115035 390 0
1988 1 -1.48760145787542 -13.9418623216283 143.5 60.8756727895727 390 0
1988 2 1.05177969073206 -11.3128623153288 209.8 93.458646170364 390 0
1988 3 5.603581010192 -6.45212359134471 301.6 46.3334271515861 390 0
1988 4 11.1714262948034 0.794274147147138 391.2 97.240555066638 390 0
1988 5 19.2442599853523 6.92273916475272 461.6 85.9909863430739 390 0
1988 6 24.194984773596 9.76874651338111 512.7 45.4967830186107 390 0
1988 7 27.1775443038495 15.2624324993201 503.7 160.471415122598 390 0
1988 8 26.5489075054614 14.9481945864807 439.3 126.971588776522 390 0
1988 9 20.6502777786374 7.50925405143297 346.6 49.6620435650558 390 0
1988 10 12.0926229608433 1.86811607845843 255.1 82.8790986613295 390 0
1988 11 8.71338118013553 -1.18412130067404 163.1 179.471473939679 390 0
1988 12 0.523599881830617 -10.369923790106 125 36.804541845274 390 0
1989 1 1.00455598781871 -10.1187300176729 143.5 38.884421724342 390 0
1989 2 -0.313713939588889 -11.3602793816226 209.8 67.7389789612278 390 0
1989 3 4.75086588408846 -7.47376385833443 301.6 67.5347908970291 390 0
1989 4 10.1708850936069 -1.24370878955481 391.2 91.9572463105829 390 0
1989 5 19.7621124373171 7.33580804865173 461.6 195.760682809049 390 0
1989 6 23.12256830978 12.0183590417053 512.7 136.366786721369 390 0
1989 7 26.3419297033748 13.5108111562566 503.7 71.2926462765488 390 0
1989 8 24.7566142189147 12.876331980747 439.3 109.160969655373 390 0
1989 9 21.259119249895 8.96682678266582 346.6 108.80276456742 390 0
1989 10 15.5031780815908 2.83657567924355 255.1 130.103050899527 390 0
1989 11 6.86157141474209 -2.83234154163529 163.1 125.482567161041 390 0
1989 12 -6.0773144740506 -17.7685675844392 125 39.3208158883337 390 0
1990 1 2.50497576552953 -7.15467356457814 143.5 113.558558446794 390 0
1990 2 1.95587096603359 -11.1326054425499 209.8 79.1496992010478 390 0
1990 3 6.71127522373458 -5.96389782654442 301.6 59.9525681127694 390 0
1990 4 12.106383187872 0.769962733380562 391.2 104.727265379379 390 0
1990 5 16.862596350773 5.06746620400939 461.6 170.967644697708 390 0
1990 6 23.6104565900562 11.0244301885505 512.7 92.9699806027563 390 0
1990 7 26.5335757907927 14.3417026047112 503.7 80.5095805628473 390 0
1990 8 26.1426628549138 14.4252058990554 439.3 163.404921258657 390 0
1990 9 20.4566370762611 8.84507349081728 346.6 67.3496712097465 390 0
1990 10 16.2284945931906 5.2938792258299 255.1 177.513471256945 390 0
1990 11 9.08659763291761 -0.994168640370782 163.1 98.9590987622866 390 0
1990 12 4.1352453755342 -5.54942515736893 125 150.413236815743 390 0
1991 1 -1.28787082334188 -12.4363884674061 143.5 72.1243063820881 390 0
1991 2 2.58036276045757 -8.86225474781473 209.8 43.1973146954681 390 0
1991 3 6.19542743946868 -3.59514291740731 301.6 126.164640012066 390 0
1991 4 14.1887878631244 1.18028435118164 391.2 90.2316648447582 390 0
1991 5 21.914018538575 7.33526523566723 461.6 99.9942836081149 390 0
1991 6 24.8796816413042 11.2319006550353 512.7 64.8064163310664 390 0
1991 7 26.5826741826383 13.3693322115534 503.7 64.131844837263 390 0
1991 8 26.2308159797962 14.1006491584959 439.3 213.430263971593 390 0
1991 9 20.4264507100917 7.61763814495777 346.6 146.451458201446 390 0
1991 10 15.6958147187761 3.97700873999994 255.1 98.8443106914969 390 0
1991 11 7.78005808407725 -0.437997766323064 163.1 106.252047115415 390 0
1991 12 1.21517085225233 -9.33448540936469 125 88.0826735393694 390 0
1992 1 -0.833381846948033 -11.5488277647488 143.5 88.6278371882826 390 0
1992 2 0.393398771728206 -10.2661932452647 209.8 67.2542399566616 390 0
1992 3 3.2416024394611 -7.50797037153774 301.6 101.33822555442 390 0
1992 4 10.1524550677794 -0.927567675462562 391.2 64.1282800839795 390 0
1992 5 19.5479815857343 4.46439703898588 461.6 38.5913640329771 390 0
1992 6 23.4490919612217 10.1809420464893 512.7 112.337148667105 390 0
1992 7 24.0968409866197 12.0811955909048 503.7 100.268899956285 390 0
1992 8 23.9819873872659 12.7470932655071 439.3 98.5758502953876 390 0
1992 9 20.8790405775223 8.68684072086213 346.6 74.4651303441475 390 0
1992 10 12.5174750000398 1.53503807271485 255.1 74.0442367638906 390 0
1992 11 5.94363972193738 -2.82020056181136 163.1 113.007493745801 390 0
1992 12 1.37555942253131 -7.57346438469805 125 69.635946090553 390 0
1993 1 -0.322942532141883 -10.3920501633215 143.5 63.482087031501 390 0
1993 2 -3.41640494701429 -16.4524066079008 209.8 89.5118557665574 390 0
1993 3 4.19112059067244 -8.19418587848993 301.6 124.966791191858 390 0
1993 4 12.1847188172659 0.305345312260249 391.2 136.37910643567 390 0
1993 5 19.9158852554144 6.19883169803197 461.6 31.6383092927229 390 0
1993 6 23.7150724596313 10.3753982486813 512.7 86.9154451682208 390 0
1993 7 26.8132841921844 13.8171230544492 503.7 65.1214790512144 390 0
1993 8 26.3457307808033 13.5733758613146 439.3 59.4747141065303 390 0
1993 9 20.1352439550015 9.24934286967033 346.6 111.164668277643 390 0
1993 10 12.896801434229 1.19246750172526 255.1 95.6541889041472 390 0
1993 11 8.18190291956858 -2.7612505796537 163.1 119.160690873133 390 0
1993 12 1.56124956717741 -7.38405702300988 125 131.773896302429 390 0
1994 1 -5.46734071533622 -17.9125756332167 143.5 131.194377600366 390 0
1994 2 -2.33306857525955 -14.8483901596719 209.8 39.5715713651784 390 0
1994 3 4.04045606365338 -5.68504090096048 301.6 140.260774820651 390 0
1994 4 12.3889647252061 0.234654695161295 391.2 86.4766470224736 390 0
1994 5 17.6064628238896 5.12798984478698 461.6 119.180218536006 390 0
1994 6 25.063588498996 12.5663047249506 512.7 72.9972307801612 390 0
1994 7 27.6813938850771 16.0338383405731 503.7 95.8124637031497 390 0
1994 8 24.7267405676011 12.6808692984063 439.3 92.5442405653031 390 0
1994 9 19.6142234285721 8.78685212372912 346.6 135.690621786408 390 0
1994 10 15.492778714329 2.59661851997619 255.1 36.4401738372187 390 0
1994 11 10.3752228888632 -0.94540449192045 163.1 101.835741643771 390 0
1994 12 3.53011323308491 -6.51505822351448 125 106.868430581632 390 0
1995 1 0.548410827356902 -7.55803394114356 143.5 105.347019282984 390 0
1995 2 -0.967572040362179 -13.2069388769663 209.8 73.5042938642702 390 0
1995 3 5.75904735216101 -4.23111918782582 301.6 68.1019428972591 390 0
1995 4 10.5646572153522 -1.60124940286662 391.2 59.175308962172 390 0
1995 5 17.7695593036349 5.30917353575919 461.6 86.5089686166679 390 0
1995 6 25.2434402103513 11.2618537177914 512.7 59.7269824767706 390 0
1995 7 27.486680135264 15.168797937966 503.7 95.6247447047081 390 0
1995 8 26.5760959889975 12.5833249407932 439.3 49.6544527793296 390 0
1995 9 20.344012909495 6.46366805175385 346.6 67.1055803211784 390 0
1995 10 17.1042516129244 4.56584038812788 255.1 211.094441865439 390 0
1995 11 5.58557634182142 -3.10350542876833 163.1 164.177238729031 390 0
1995 12 -1.26127860293381 -10.1837849855701 125 79.4270258001354 390 0
1996 1 -1.45117768473947 -12.4429523182826 143.5 147.255152342105 390 0
1996 2 -0.599735911590625 -10.8882586418992 209.8 84.3528044459818 390 0
1996 3 4.20938367127239 -7.69974659168372 301.6 67.9839576616253 390 0
1996 4 11.3276955508786 0.371050984623882 391.2 168.412691792663 390 0
1996 5 17.6475044674893 4.89591351392095 461.6 127.713318503107 390 0
1996 6 23.5694054925037 11.8405000698018 512.7 89.9842127026787 390 0
1996 7 24.6232550381858 13.7858534111988 503.7 183.566374608906 390 0
1996 8 25.6199918051736 13.5029784527259 439.3 23.6365293202956 390 0
1996 9 20.3948772469881 10.0134933485009 346.6 140.850594187425 390 0
1996 10 13.7795855034678 2.25365179292215 255.1 159.254702997082 390 0
1996 11 5.61139001634233 -3.71456201053134 163.1 73.6379965774535 390 0
1996 12 3.45893015918481 -3.71770203424712 125 183.866906001878 390 0
1997 1 -1.62938739334468 -11.6862666810608 143.5 100.625863814673 390 0
1997 2 1.96333912311163 -9.00324412892998 209.8 61.526346857133 390 0
1997 3 3.17649259932365 -7.13639396556653 301.6 103.781247836331 390 0
1997 4 10.4732642542006 -1.22311572423876 391.2 117.564479378755 390 0
1997 5 15.8043920870101 4.45179655105221 461.6 85.7620070949964 390 0
1997 6 24.4045522742181 10.6646645287734 512.7 54.5116626447014 390 0
1997 7 26.3204309980973 13.2177438039692 503.7 93.2635772846943 390 0
1997 8 24.805846800231 12.8644333992735 439.3 105.458456229651 390 0
1997 9 20.0717149733356 8.74402970350308 346.6 66.9793336221072 390 0
1997 10 13.7844997342254 1.89957359327729 255.1 42.5422965639708 390 0
1997 11 5.72789229905612 -3.02556759514781 163.1 146.151745222777 390 0
1997 12 1.77031043205118 -7.81838161621636 125 72.2993860220811 390 0
1998 1 0.0875480772381985 -8.32207446737914 143.5 139.605700222871 390 0
1998 2 3.3807835300254 -6.81778833407366 209.8 94.6853707888259 390 0
1998 3 6.30776888958121 -4.40234911591623 301.6 111.71936096157 390 0
1998 4 13.5716812493519 0.830526375275604 391.2 77.5731115175141 390 0
1998 5 21.203597467018 7.99200661894153 461.6 92.937346028746 390 0
1998 6 21.3158244821358 11.7473999239651 512.7 229.232850803704 390 0
1998 7 26.2274642772506 13.9458819197333 503.7 66.0562498912569 390 0
1998 8 26.3561661275417 13.6481777605649 439.3 62.0081688347207 390 0
1998 9 21.8807887728222 9.52191744838506 346.6 54.2410816760203 390 0
1998 10 14.2902800533522 3.92000010017176 255.1 144.458042209459 390 0
1998 11 7.32639062312319 -1.14663002510225 163.1 74.083904418026 390 0
1998 12 5.17171760584565 -5.57428598704262 125 43.0142670466029 390 0
1999 1 -0.709198398113426 -12.456781826173 143.5 165.487921016758 390 0
1999 2 2.3582533332545 -8.9482862653261 209.8 68.4185930233099 390 0
1999 3 5.50508407832219 -4.27683472965521 301.6 154.104896534487 390 0
1999 4 13.0971376039429 0.377283855955984 391.2 17.735706644593 390 0
1999 5 20.0816725601672 6.63380539425051 461.6 90.35537451761 390 0
1999 6 26.2994481935981 12.3051276445244 512.7 56.6797805036905 390 0
1999 7 27.7356065319229 15.025881938695 503.7 67.6727207394464 390 0
1999 8 25.3572701064792 12.9651752977098 439.3 74.8962313074395 390 0
1999 9 23.0008629639236 11.458615205539 346.6 241.379936552757 390 0
1999 10 13.7537293821902 1.37024197856136 255.1 106.615718791433 390 0
1999 11 10.4643861017932 0.363435990671009 163.1 86.0442944359171 390 0
1999 12 2.87340912138035 -6.00214803602568 125 61.5683324668747 390 0
2000 1 -1.90217490826826 -12.8205726940917 143.5 96.4884861299403 390 0
2000 2 1.17500466874422 -10.3409896339055 209.8 85.4239470950872 390 0
2000 3 8.27955843903644 -3.43118549441251 301.6 106.325265943907 390 0
2000 4 10.8050046750215 0.79587687864447 391.2 147.033629423504 390 0
2000 5 17.5137018407947 5.97210129024666 461.6 104.275572852353 390 0
2000 6 22.9148302434462 10.895592079342 512.7 107.150453430551 390 0
2000 7 23.943737310816 12.5317702910856 503.7 132.200029905334 390 0
2000 8 23.8318611719509 12.8112712994567 439.3 75.7498762616719 390 0
2000 9 20.514761031134 8.39364813851811 346.6 69.1438127828661 390 0
2000 10 14.8121592207707 2.43062116618766 255.1 81.4830867393508 390 0
2000 11 7.22567720116967 -0.745693532375269 163.1 87.0989461214417 390 0
2000 12 -0.727370244511388 -10.6583667692213 125 116.631897603667 390 0
2001 1 -1.17690831233944 -12.9476982397223 143.5 37.8562507135703 390 0
2001 2 0.286169128369192 -11.6190576673208 209.8 79.973465013781 390 0
2001 3 2.65291269022802 -6.87821075850854 301.6 160.53320378148 390 0
2001 4 11.7993473280292 -0.741665534696141 391.2 30.6722625299576 390 0
2001 5 20.3358122976247 6.19799270375364 461.6 53.0950609918104 390 0
2001 6 24.5701006921536 12.2886419749702 512.7 121.602432494827 390 0
2001 7 25.0508627229582 12.4944257152611 503.7 76.942406585186 390 0
2001 8 27.6043351474799 14.4088398750177 439.3 33.7880862429251 390 0
2001 9 22.1472510399913 9.01202614007415 346.6 106.287725414372 390 0
2001 10 16.3719331757656 2.88877386377286 255.1 32.9709100837248 390 0
2001 11 9.81127434752906 -0.513987315835743 163.1 55.908210756092 390 0
2001 12 4.69664096808712 -4.70449961557329 125 70.9703556368292 390 0
2002 1 1.80611488139933 -7.34122173682495 143.5 63.6620480299227 390 0
2002 2 2.74408712788131 -9.0961126430775 209.8 82.9771253145734 390 0
2002 3 5.10906333967869 -5.01344703626727 301.6 105.543390565573 390 0
2002 4 12.668759533316 1.35002575840701 391.2 114.835225529759 390 0
2002 5 17.0705804076604 4.76996436629765 461.6 106.851070245157 390 0
2002 6 22.3506506014658 10.48247260772 512.7 123.49669261269 390 0
2002 7 26.5186621976612 14.141442448565 503.7 56.1317963139887 390 0
2002 8 27.760398568156 14.2451695018772 439.3 54.9490890866694 390 0
2002 9 23.1182677032593 10.465322621743 346.6 102.71102704285 390 0
2002 10 12.8535972187533 2.08069745684663 255.1 95.8020264985179 390 0
2002 11 5.85223950710875 -2.58558346248108 163.1 138.318700693896 390 0
2002 12 0.953974714452891 -8.90708553587987 125 104.741805434848 390 0
2003 1 -4.91943420236015 -15.6650475412614 143.5 59.9227686125972 390 0
2003 2 -2.52483772688671 -13.5207796060422 209.8 79.2505579007774 390 0
2003 3 4.92177812299501 -7.9412108273821 301.6 92.8182953320342 390 0
2003 4 10.1017409235009 -1.52476957596398 391.2 71.2514950420431 390 0
2003 5 16.8200484862723 5.88961858029195 461.6 100.625932836081 390 0
2003 6 22.9010832610734 11.6056236487892 512.7 80.926302603508 390 0
2003 7 26.2191283825278 14.5251775737315 503.7 59.1447927438421 390 0
2003 8 25.8423845740156 15.1356533650698 439.3 126.075633892049 390 0
2003 9 21.570399016924 9.95110166010515 346.6 148.673864618958 390 0
2003 10 13.7240388789199 2.48634512372788 255.1 177.085570661206 390 0
2003 11 8.84999864050442 -0.933719722353069 163.1 100.378091717655 390 0
2003 12 2.18474593844825 -7.79189043371499 125 157.097616609824 390 0
2004 1 -6.32579512712042 -15.5380191727221 143.5 24.8793042096654 390 0
2004 2 0.539692668128414 -11.5268262173343 209.8 41.8682455322354 390 0
2004 3 5.63792879468203 -4.37894050394657 301.6 44.9835858302771 390 0
2004 4 11.9359028493357 0.479273352557473 391.2 139.673447207258 390 0
2004 5 19.4410972474959 6.95250938040852 461.6 118.445216019699 390 0
2004 6 22.1989565536177 9.68913220989538 512.7 60.2046413643937 390 0
2004 7 24.3082130239566 14.1144350701182 503.7 105.040241739907 390 0
2004 8 24.9033637724317 14.0193306896852 439.3 139.842289447608 390 0
2004 9 21.4531123093233 9.40241676663499 346.6 120.209484607041 390 0
2004 10 14.3027791010903 3.27084109920945 255.1 54.9275114498011 390 0
2004 11 8.20863382796368 -2.23183799673946 163.1 105.679226376766 390 0
2004 12 0.847457182440854 -8.71084265174785 125 108.695647669359 390 0
2005 1 -2.91775393167159 -13.6968078537539 143.5 88.1298818099932 390 0
2005 2 1.57561887131079 -10.9211747500625 209.8 75.0933959872716 390 0
2005 3 3.49706788274652 -7.9524064312021 301.6 117.64486495815 390 0
2005 4 13.8499607258226 0.624575742975166 391.2 173.688295005526 390 0
2005 5 14.730027893982 4.73996863798418 461.6 149.034915769248 390 0
2005 6 24.8189050078352 12.7359912300304 512.7 99.1302627408413 390 0
2005 7 26.5983342485872 14.77731336565 503.7 85.7746948588565 390 0
2005 8 26.3238613227277 14.531868309566 439.3 88.2251897952146 390 0
2005 9 23.1938706124384 10.6371964063743 346.6 78.3772493342927 390 0
2005 10 13.926552708561 5.57400530954887 255.1 364.819861610148 390 0
2005 11 9.03686879462616 -1.58055473467902 163.1 150.106279905396 390 0
2005 12 0.829404817880225 -8.51716194793518 125 122.847573456671 390 0
2006 1 2.48317923795987 -7.25107137386405 143.5 119.847406257073 390 0
2006 2 0.494976672099407 -9.54965329467406 209.8 65.3197776800424 390 0
2006 3 5.33108030121622 -5.51450962608264 301.6 28.8556211841156 390 0
2006 4 13.9022514491657 0.977516402100885 391.2 73.5490883676874 390 0
2006 5 17.949907733445 7.35860354059022 461.6 192.66034290124 390 0
2006 6 22.6643580221239 13.5976957130462 512.7 217.81614090641 390 0
2006 7 27.400636788361 16.1386397790005 503.7 126.610072015533 390 0
2006 8 24.3161541824524 12.8198950645015 439.3 94.2182236188401 390 0
2006 9 20.4513670503962 9.04907774161931 346.6 74.4455376469153 390 0
2006 10 14.0450457689236 3.11139025436294 255.1 191.680928845692 390 0
2006 11 10.2619103221269 1.14734327117993 163.1 133.111136206224 390 0
2006 12 5.08218074463562 -3.95364234634535 125 78.3207957960543 390 0
2007 1 0.141310883682562 -9.61782417391741 143.5 79.020989220404 390 0
2007 2 -3.08503149806233 -14.1573305832348 209.8 52.7880118518479 390 0
2007 3 4.72512268093756 -7.32444235570536 301.6 111.889095367267 390 0
2007 4 9.69405573685994 -0.242401283072567 391.2 198.889512013489 390 0
2007 5 19.7256639924332 6.00664775924321 461.6 78.7504657537927 390 0
2007 6 23.4524730918689 11.4367491978703 512.7 74.7071040431638 390 0
2007 7 25.1124897133347 13.80427022314 503.7 102.158366144334 390 0
2007 8 25.7873925508149 12.9402195008417 439.3 62.7821814429049 390 0
2007 9 22.399063396692 9.36371381496259 346.6 76.8050363561582 390 0
2007 10 17.0599955278776 6.08419918431497 255.1 126.930579690366 390 0
2007 11 6.67615869336221 -2.85520790730672 163.1 127.192188621082 390 0
2007 12 -0.471719145625218 -9.45564350290993 125 121.047377468949 390 0
2008 1 0.378420634320898 -10.3056908640999 143.5 71.7542882178772 390 0
2008 2 0.437957283713611 -9.82950533834373 209.8 205.628463788834 390 0
2008 3 3.52958191905673 -7.0164601713184 301.6 132.460127148312 390 0
2008 4 13.8957970312849 0.656390326442033 391.2 110.936711179216 390 0
2008 5 18.068352423581 5.02116211768865 461.6 33.9218901099436 390 0
2008 6 23.2421110528455 12.5536428026774 512.7 127.66316654751 390 0
2008 7 26.54465766976 15.3552115609457 503.7 138.496400669865 390 0
2008 8 23.6381740525755 12.9625066397515 439.3 126.112043162119 390 0
2008 9 20.9680679505991 9.66653967737986 346.6 204.899932849815 390 0
2008 10 14.0191560212121 2.39811992618893 255.1 90.1578694385363 390 0
2008 11 7.31960758759215 -1.56498085725052 163.1 122.151735042245 390 0
2008 12 1.8511840234126 -8.42526150740737 125 155.253240652554 390 0
2009 1 -4.22249807248956 -16.1100877837232 143.5 78.377640431822 390 0
2009 2 0.8111650363471 -11.0850772137487 209.8 61.6142181767402 390 0
2009 3 4.99871648763516 -6.57353421484586 301.6 74.930451281767 390 0
2009 4 13.6144018955393 1.33283574060836 391.2 104.473953917973 390 0
2009 5 18.4880672746513 6.42551386294023 461.6 107.68457227841 390 0
2009 6 20.6899642577373 11.3621326443839 512.7 181.035971120488 390 0
2009 7 23.1462438932784 13.3742879609071 503.7 184.205114024265 390 0
2009 8 25.9329411764709 14.5916135480727 439.3 136.828024372813 390 0
2009 9 20.511792857037 7.77084320749336 346.6 40.7475117113004 390 0
2009 10 11.8702717479088 2.38428593373009 255.1 147.923903670714 390 0
2009 11 10.4433369491041 0.42423001368711 163.1 111.327459810952 390 0
2009 12 0.915190318520414 -8.0423407369546 125 127.241944277283 390 0
2010 1 -0.541828226639866 -9.67789139910674 143.5 90.3137649066292 390 0
2010 2 0.84026593714644 -6.81255375609734 209.8 113.066627390006 390 0
2010 3 8.70547288367983 -1.83114249426818 301.6 190.575778372645 390 0
2010 4 15.052969086818 2.59456170118252 391.2 56.4642030415597 390 0
2010 5 21.1856125131116 7.3842305198167 461.6 54.1878533477793 390 0
2010 6 23.4137485479801 12.1315959452615 512.7 112.276396166374 390 0
2010 7 27.7106398257498 15.9591947859199 503.7 86.9162617732157 390 0
2010 8 25.8034419675064 13.7266372861535 439.3 70.6051792490999 390 0
2010 9 22.253607111718 10.9480052463052 346.6 82.999086413583 390 0
2010 10 14.3527620332364 3.83353984944547 255.1 194.815132761675 390 0
2010 11 7.85289979347543 -1.292415088187 163.1 120.841973607955 390 0
2010 12 0.494517394607634 -7.80174182123873 125 144.064042445636 390 0
2011 1 -1.97693884087272 -12.7656359673361 143.5 74.1285582604312 390 0
2011 2 -0.361085134747236 -13.0227211508224 209.8 86.7700880141245 390 0
2011 3 4.57746464849804 -5.73538366443114 301.6 137.865957412209 390 0
2011 4 11.7800732378154 1.21061260445185 391.2 145.282419691192 390 0
2011 5 18.1196000503418 8.18665078095553 461.6 110.100450580434 390 0
2011 6 22.7096821097915 11.3812982045349 512.7 110.443966636928 390 0
2011 7 27.6005728874931 15.1168845991591 503.7 64.6431213503279 390 0
2011 8 25.1639957315949 14.1568168002452 439.3 217.106437488692 390 0
2011 9 22.1149681585345 11.6086561492742 346.6 146.643850223159 390 0
2011 10 14.7604060409725 5.28619259961867 255.1 152.359353840875 390 0
2011 11 10.9712855973326 -0.498368149317551 163.1 83.556558633269 390 0
2011 12 4.49794958925589 -5.51437119980691 125 107.900405446915 390 0
2012 1 0.51802963526158 -9.0804729057182 143.5 84.9687599871083 390 0
2012 2 2.91610735786978 -7.72081177550745 209.8 33.4121818190171 390 0
2012 3 9.94040083862244 -1.93852900623234 301.6 51.4523715715291 390 0
2012 4 13.7884189467338 1.02475645195347 391.2 93.3791143783776 390 0
2012 5 19.4857288704092 8.65408378194884 461.6 143.126073255838 390 0
2012 6 22.4807837162309 11.5632545745831 512.7 152.78886365218 390 0
2012 7 27.6629325316725 15.0826279456011 503.7 56.6665419582422 390 0
2012 8 26.8207290868712 14.8374566547763 439.3 110.227326433356 390 0
2012 9 21.0452952764866 9.15678122204915 346.6 125.760221227918 390 0
2012 10 15.3765936501441 5.70165462556838 255.1 158.560574621042 390 0
2012 11 7.21339498940612 -2.51476101042515 163.1 24.8045662541568 390 0
2012 12 2.7743595072124 -5.40011750912468 125 141.889954775138 390 0
2013 1 -0.562774128915143 -11.1331576345717 143.5 32.5269912074785 390 0
2013 2 0.371049549352608 -8.94797866616841 209.8 91.9400089668126 390 0
2013 3 4.65086863933218 -4.46487710883623 301.6 64.0455121536938 390 0
2013 4 11.9527979630382 -0.0991139592731135 391.2 59.0790614908131 390 0
2013 5 19.0655848564541 6.05417687512393 461.6 139.90266911563 390 0
2013 6 23.5097424171593 12.2151336919243 512.7 183.019773408638 390 0
2013 7 27.2019551457335 16.7188318735083 503.7 126.72566478254 390 0
2013 8 25.0026145220181 12.7346960698883 439.3 100.590601107036 390 0
2013 9 20.8974410100018 9.25989527717223 346.6 134.28123969932 390 0
2013 10 15.9524805902941 3.93911972886159 255.1 35.7116060841475 390 0
2013 11 7.31309239136609 -3.23362054585124 163.1 106.354553514062 390 0
2013 12 -0.518416709830013 -9.45741648471103 125 101.62905310883 390 0
2014 1 -1.6519136 -13.064281 143.5 30.9868994 399 0
2014 2 6.600393 -3.9957035 209.8 105.884842 399.92 0
2014 3 6.830521 -4.0805197 301.6 156.0936738 400.9 0
2014 4 14.778161 2.4075806 391.2 106.51203 402.36 0
2014 5 22.134544 7.953786 461.6 40.4511932 402.9 0
2014 6 25.70531 12.1574135 512.7 37.963533 402.35 0
2014 7 27.567453 14.153068 503.7 78.6151568 400.83 0
2014 8 26.555592 12.988504 439.3 60.3952447 398.24 0
2014 9 20.983456 6.5421047 346.6 42.213696 397.24 0
2014 10 17.882843 5.5192533 255.1 76.9382056 397.1 0
2014 11 8.989069 -1.7455667 163.1 107.316798 398.53 0
2014 12 4.298842 -4.501393 125 39.4512107 399.74 0
2015 1 1.6222965 -8.950538 143.5 129.042894 401.63 0
2015 2 5.7602935 -6.4552417 209.8 115.272204 402.55 0
2015 3 9.787477 -0.33741844 301.6 116.9402274 403.53 0
2015 4 13.8262205 1.6435673 391.2 121.03443 404.99 0
2015 5 17.716827 6.3216114 461.6 233.5990988 405.53 0
2015 6 25.469896 11.978724 512.7 45.918825 404.98 0
2015 7 28.90425 15.792622 503.7 114.2265432 403.46 0
2015 8 26.507061 13.502488 439.3 98.8838465 400.87 0
2015 9 21.857653 10.227541 346.6 144.490329 399.87 0
2015 10 15.85099 3.6680737 255.1 145.044164 399.73 0
2015 11 9.346923 -0.4024765 163.1 79.213872 401.16 0
2015 12 2.5995135 -7.789524 125 83.5905638 402.37 0
2016 1 -2.0701325 -13.393577 143.5 78.1032972 404.33 0
2016 2 0.14125971 -10.275838 209.8 58.412171875 405.25 0
2016 3 7.309155 -3.181984 301.6 71.77864 406.23 0
2016 4 17.199354 3.780158 391.2 50.438301 407.69 0
2016 5 21.014143 6.6734834 461.6 57.006396 408.23 0
2016 6 27.36939 13.613572 512.7 61.298946 407.68 0
2016 7 28.610271 15.111313 503.7 96.130132 406.16 0
2016 8 25.904999 12.605859 439.3 101.429923 403.57 0
2016 9 21.680265 9.907845 346.6 90.103434 402.57 0
2016 10 14.21259 2.4767058 255.1 41.6475762 402.43 0
2016 11 11.045052 1.0648364 163.1 118.798878 403.86 0
2016 12 4.5447927 -3.8268912 125 45.4078142 405.07 0
2017 1 2.1482608 -7.981958 143.5 130.082107 407.1 0
2017 2 3.7673483 -8.287555 209.8 81.990653 408.02 0
2017 3 10.518752 -0.96805423 301.6 28.2046339 409 0
2017 4 17.49677 5.2230263 391.2 85.850967 410.46 0
2017 5 19.884556 6.46491 461.6 142.8840623 411 0
2017 6 24.997047 12.019004 512.7 74.815656 410.45 0
2017 7 28.766739 15.506236 503.7 103.1597602 408.93 0
2017 8 27.615658 15.357813 439.3 111.8217492 406.34 0
2017 9 22.861956 10.055335 346.6 32.13759 405.34 0
2017 10 18.864922 5.464805 255.1 86.2903383 405.2 0
2017 11 10.756139 0.5688935 163.1 35.981922 406.63 0
2017 12 3.7095394 -5.0220513 125 47.9461221 407.84 0
2018 1 1.3865019 -9.352873 143.5 63.8415953 409.93 0
2018 2 7.9257684 -4.2139573 209.8 92.8853785 410.85 0
2018 3 7.9022107 -2.639563 301.6 99.292783 411.83 0
2018 4 14.248706 1.5153637 391.2 84.756582 413.29 0
2018 5 19.943836 7.349627 461.6 150.9905003 413.83 0
2018 6 25.910833 12.198796 512.7 33.882072 413.28 0
2018 7 28.838009 14.927182 503.7 52.2963955 411.76 0
2018 8 28.179144 13.949835 439.3 35.4192019 409.17 0
2018 9 25.437038 12.1970625 346.6 118.314213 408.17 0
2018 10 16.768728 3.1106024 255.1 73.6362127 408.03 0
2018 11 9.699968 -0.9809403 163.1 68.200158 409.46 0
2018 12 6.0822544 -3.3006082 125 109.7957566 410.67 0
2019 1 2.809692 -7.3984156 143.5 81.8847547 412.82 0
2019 2 8.991274 -2.58711 209.8 102.78798095 413.74 0
2019 3 6.3855615 -5.0770745 301.6 105.0996782 414.72 0
2019 4 16.667141 3.8544433 391.2 125.89083 416.18 0
2019 5 21.993805 8.364554 461.6 119.7273134 416.72 0
2019 6 26.108078 13.001551 512.7 60.385572 416.17 0
2019 7 26.54929 13.703849 503.7 62.9679223 414.65 0
2019 8 27.108025 13.355011 439.3 72.8121335 412.06 0
2019 9 24.096834 10.966428 346.6 80.674161 411.06 0
2019 10 17.653862 5.555654 255.1 157.4548683 410.92 0
2019 11 9.898915 -0.9114568 163.1 44.074095 412.35 0
2019 12 5.076164 -4.707175 125 108.1328763 413.56 0
2020 1 -1.0937985 -12.200233 143.5 84.2940871 415.78 0
2020 2 3.3612056 -8.264191 209.8 114.95332365 416.7 0
2020 3 7.1346207 -3.4315012 301.6 123.3069764 417.68 0
2020 4 15.791828 1.4898394 391.2 62.284149 419.14 0
2020 5 22.79429 8.607844 461.6 104.6956149 419.68 0
2020 6 27.834019 14.694092 512.7 87.978072 419.13 0
2020 7 28.609179 15.574502 503.7 82.2421754 417.61 0
2020 8 26.840158 13.902569 439.3 58.5402946 415.02 0
2020 9 23.991488 11.077693 346.6 162.683229 414.02 0
2020 10 15.744019 2.9190302 255.1 73.6248016 413.88 0
2020 11 9.056415 -1.5196078 163.1 194.265861 415.31 0
2020 12 0.17216139 -9.960032 125 89.523381 416.52 0
2021 1 -4.260405 -15.558322 143.5 30.8093748 418.8 0
2021 2 0.47702023 -11.022292 209.8 134.1464132 419.72 0
2021 3 6.7638216 -5.2291827 301.6 33.7424739 420.7 0
2021 4 14.484562 2.5974398 391.2 171.19896 422.16 0
2021 5 22.26048 8.54914 461.6 45.183213 422.7 0
2021 6 25.527905 12.4372 512.7 72.156852 422.15 0
2021 7 27.938915 14.376222 503.7 77.753673 420.63 0
2021 8 26.13891 14.1679325 439.3 111.4889704 418.04 0
2021 9 22.183758 10.689953 346.6 115.220811 417.04 0
2021 10 13.381096 1.9880842 255.1 119.7767367 416.9 0
2021 11 7.957271 -1.147138 163.1 153.333579 418.33 0
2021 12 0.9254337 -11.122847 125 78.4594655 419.54 0
2022 1 -4.049665 -15.554204 143.5 37.6977329 421.86 0
2022 2 1.268183 -9.858859 209.8 60.564008275 422.78 0
2022 3 8.117336 -2.7356694 301.6 73.2053344 423.76 0
2022 4 16.53504 3.3381991 391.2 39.19527 425.22 0
2022 5 19.378447 6.6142406 461.6 111.1561699 425.76 0
2022 6 23.283106 11.342249 512.7 191.31861 425.21 0
2022 7 27.262419 14.444878 503.7 103.648593 423.69 0
2022 8 26.194818 12.86265 439.3 65.1366575 421.1 0
2022 9 23.389215 9.956506 346.6 47.445156 420.1 0
2022 10 14.608001 1.7841177 255.1 100.9688383 419.96 0
2022 11 8.9232435 -0.47209835 163.1 106.189779 421.39 0
2022 12 5.075313 -4.799225 125 197.212266 422.6 0
2023 1 1.3684616 -8.557983 143.5 181.3389547 424.99 0
2023 2 -2.6768894 -15.39862 209.8 51.40990935 425.91 0
2023 3 7.1280203 -3.0083475 301.6 76.200635 426.89 0
2023 4 16.349117 3.5730493 391.2 153.13266 428.35 0
2023 5 21.95342 7.985695 461.6 42.5073364 428.89 0
2023 6 25.583403 12.403289 512.7 91.188525 428.34 0
2023 7 27.060623 13.579621 503.7 53.4550205 426.82 0
2023 8 28.18584 15.22888 439.3 40.7849826 424.23 0
2023 9 23.025414 10.614426 346.6 242.47107 423.23 0
2023 10 15.881289 4.1529655 255.1 112.9034043 423.09 0
2023 11 6.738731 -1.3094842 163.1 190.420662 424.52 0
2023 12 2.879507 -5.5023746 125 96.7287265 425.73 0
2024 1 0.99134904 -10.601575 143.5 114.150959 428.2 0
2024 2 3.7538836 -6.9969363 209.8 86.029281475 429.12 0
2024 3 6.0445986 -4.0643973 301.6 45.4966075 430.1 0
2024 4 12.494967 0.6178364 391.2 105.374859 431.56 0
2024 5 19.807632 6.249746 461.6 126.9476846 432.1 0
2024 6 22.627111 10.078157 512.7 106.52748 431.55 0
2024 7 28.200193 15.106763 503.7 58.9197811 430.03 0
2024 8 27.208838 15.790191 439.3 119.6276453 427.44 0
2024 9 22.229633 10.221988 346.6 126.59052 426.44 0
2024 10 14.5620775 2.3816226 255.1 72.1125038 426.3 0
2024 11 11.388311 1.4108573 163.1 139.405788 427.73 0
2024 12 0.96289706 -9.069817 125 145.6926313 428.94 0
2025 1 -0.001377237 -10.060169 143.5 82.0895004 431.47 0
2025 2 4.4497094 -6.522702 209.8 95.34230925 432.39 0
2025 3 6.5940213 -3.8055027 301.6 85.1859943 433.37 0
2025 4 12.394072 0.21418926 391.2 189.65772 434.83 0
2025 5 22.121767 7.4865055 461.6 31.2653941 435.37 0
2025 6 25.371647 11.93564 512.7 65.481741 434.82 0
2025 7 28.501232 15.098421 503.7 104.1049719 433.3 0
2025 8 26.015703 13.797223 439.3 226.0341533 430.71 0
2025 9 21.075748 7.3898363 346.6 94.332054 429.71 0
2025 10 14.753372 2.4699142 255.1 209.74352 429.57 0
2025 11 9.563302 -0.9195705 163.1 167.83803 431 0
2025 12 0.9649095 -8.889389 125 82.7230629 432.21 0
2026 1 0.45880213 -10.472413 143.5 107.0998695 434.83 0
2026 2 2.7744677 -8.152345 209.8 115.505930375 435.75 0
2026 3 7.6252775 -3.1716313 301.6 79.1534284 436.73 0
2026 4 15.065943 3.3198218 391.2 122.7924 438.19 0
2026 5 21.710468 8.144652 461.6 48.8952894 438.73 0
2026 6 25.146923 11.898412 512.7 80.556501 438.18 0
2026 7 27.427944 14.138201 503.7 78.0466819 436.66 0
2026 8 27.517258 14.340056 439.3 41.5502703 434.07 0
2026 9 23.785965 10.170169 346.6 157.612368 433.07 0
2026 10 14.4430065 3.041858 255.1 106.1329733 432.93 0
2026 11 7.4120665 -2.102334 163.1 83.681067 434.36 0
2026 12 2.2788525 -5.884346 125 181.853254 435.57 0
2027 1 -1.2909882 -10.724313 143.5 32.131531 438.24 0
2027 2 1.2426714 -10.864825 209.8 83.5266959 439.16 0
2027 3 6.49288 -3.758773 301.6 109.4090967 440.14 0
2027 4 16.778187 3.675283 391.2 60.684786 441.6 0
2027 5 19.840933 6.1438804 461.6 56.4347653 442.14 0
2027 6 22.834991 10.05549 512.7 175.97382 441.59 0
2027 7 28.230873 15.158431 503.7 71.5121857 440.07 0
2027 8 28.381428 14.898378 439.3 53.6854156 437.48 0
2027 9 22.83648 10.349389 346.6 219.705318 436.48 0
2027 10 16.849102 5.4296207 255.1 98.308192 436.34 0
2027 11 9.322055 -0.61729753 163.1 104.300022 437.77 0
2027 12 -0.85441214 -11.037738 125 136.911996 438.98 0
2028 1 0.00199421 -12.185861 143.5 113.9982344 441.72 0
2028 2 3.841317 -9.453257 209.8 125.08030455 442.64 0
2028 3 6.4789233 -3.6978958 301.6 126.554896 443.62 0
2028 4 15.246183 3.284823 391.2 204.57072 445.08 0
2028 5 22.004742 8.409308 461.6 122.4125148 445.62 0
2028 6 28.250845 13.954392 512.7 49.133121 445.07 0
2028 7 28.84853 15.553191 503.7 104.6480888 443.55 0
2028 8 27.620312 14.212074 439.3 48.2980217 440.96 0
2028 9 23.211863 9.544358 346.6 69.9003 439.96 0
2028 10 18.295992 4.605183 255.1 59.7646768 439.82 0
2028 11 11.855834 1.8733104 163.1 63.544113 441.25 0
2028 12 3.2527661 -6.571693 125 122.4352874 442.46 0
2029 1 -3.4100266 -15.740361 143.5 116.4419148 445.25 0
2029 2 -0.5482095 -11.883653 209.8 159.84189 446.17 0
2029 3 6.6330843 -3.606997 301.6 99.7613821 447.15 0
2029 4 15.985541 3.0335922 391.2 80.13048 448.61 0
2029 5 21.278246 7.4386625 461.6 70.8620165 449.15 0
2029 6 25.657238 12.362995 512.7 67.108011 448.6 0
2029 7 29.070415 16.698078 503.7 135.233656 447.08 0
2029 8 28.356976 15.023124 439.3 104.5723775 444.49 0
2029 9 23.38541 9.942345 346.6 80.516511 443.49 0
2029 10 18.187881 4.9404287 255.1 58.2953853 443.35 0
2029 11 11.014672 1.7596374 163.1 72.888114 444.78 0
2029 12 5.50353 -4.531661 125 92.0248795 445.99 0
2030 1 0.91036797 -8.861952 143.5 46.6190896 448.83 0
2030 2 4.1391873 -8.812599 209.8 112.062439 449.75 0
2030 3 5.899526 -5.6226926 301.6 79.9360296 450.73 0
2030 4 17.035095 4.222492 391.2 90.96993 452.19 0
2030 5 21.16525 7.388491 461.6 68.97035 452.73 0
2030 6 27.146204 14.028115 512.7 74.367714 452.18 0
2030 7 29.151016 15.819311 503.7 67.07842 450.66 0
2030 8 28.346718 15.234949 439.3 95.4006617 448.07 0
2030 9 27.432314 14.971903 346.6 40.495515 447.07 0
2030 10 17.12579 3.811366 255.1 41.767509 446.93 0
2030 11 9.663955 -1.0988741 163.1 150.241212 448.36 0
2030 12 2.576986 -6.133099 125 105.4100254 449.57 0
2031 1 1.2129704 -8.408589 143.5 113.4670897 452.47 0
2031 2 1.7842414 -9.665624 209.8 73.7532016 453.39 0
2031 3 8.165445 -2.4497569 301.6 44.6076763 454.37 0
2031 4 15.343558 3.7050471 391.2 194.63019 455.83 0
2031 5 19.513268 6.4107485 461.6 85.250651 456.37 0
2031 6 25.508873 12.133092 512.7 84.454122 455.82 0
2031 7 28.024254 14.601443 503.7 69.0451003 454.3 0
2031 8 28.595629 16.214592 439.3 106.6823367 451.71 0
2031 9 22.189638 10.335791 346.6 161.420832 450.71 0
2031 10 14.671265 3.5452087 255.1 91.3263565 450.57 0
2031 11 9.156304 -0.96987814 163.1 231.441249 452 0
2031 12 2.290328 -6.560864 125 169.1783026 453.21 0
2032 1 -1.2082124 -11.546008 143.5 96.2804107 456.18 0
2032 2 0.9505035 -10.752983 209.8 88.978383725 457.1 0
2032 3 7.3520417 -3.0006263 301.6 124.6568497 458.08 0
2032 4 16.022884 3.2293499 391.2 61.402095 459.54 0
2032 5 21.42643 7.376629 461.6 140.711728 460.08 0
2032 6 23.030794 10.400232 512.7 78.00585 459.53 0
2032 7 27.448927 14.029089 503.7 60.5402534 458.01 0
2032 8 26.649715 13.615269 439.3 88.6740988 455.42 0
2032 9 21.339289 8.669791 346.6 144.335991 454.42 0
2032 10 17.759857 5.6719685 255.1 95.9440328 454.28 0
2032 11 8.810625 -0.6571527 163.1 146.459271 455.71 0
2032 12 5.268126 -3.5967646 125 135.8771354 456.92 0
2033 1 -1.3877159 -13.106957 143.5 61.7613217 459.96 0
2033 2 0.70754296 -11.043486 209.8 69.3819209 460.88 0
2033 3 6.969396 -3.3356307 301.6 71.4560137 461.86 0
2033 4 15.635375 3.7770069 391.2 82.10289 463.32 0
2033 5 20.419174 7.069634 461.6 128.5356658 463.86 0
2033 6 25.387783 12.180817 512.7 100.009755 463.31 0
2033 7 28.096859 15.257007 503.7 91.7582485 461.79 0
2033 8 27.252138 14.602864 439.3 103.7933816 459.2 0
2033 9 22.76827 10.632723 346.6 184.864911 458.2 0
2033 10 14.780733 3.6994536 255.1 213.5041424 458.06 0
2033 11 10.482684 0.56868845 163.1 162.675219 459.49 0
2033 12 3.4437742 -5.3689027 125 84.4174516 460.7 0
2034 1 -1.5340537 -13.457436 143.5 84.914704 463.85 0
2034 2 4.241295 -6.4581776 209.8 104.512796 464.77 0
2034 3 7.5555797 -2.512692 301.6 81.5436927 465.75 0
2034 4 14.4326935 3.1803596 391.2 139.912518 467.21 0
2034 5 20.549448 6.991785 461.6 81.630068 467.75 0
2034 6 26.672728 14.13499 512.7 94.209072 467.2 0
2034 7 29.018816 15.510694 503.7 86.8424235 465.68 0
2034 8 27.595005 14.614163 439.3 63.8213647 463.09 0
2034 9 21.898453 7.291424 346.6 30.05139 462.09 0
2034 10 17.439903 3.8213305 255.1 159.6259967 461.95 0
2034 11 10.236262 1.4050426 163.1 118.40103 463.38 0
2034 12 3.0028162 -5.6976366 125 88.727487 464.59 0
2035 1 -0.18206273 -10.262122 143.5 94.0884844 467.85 0
2035 2 6.083754 -6.1447735 209.8 101.10567085 468.77 0
2035 3 7.92607 -3.0205 301.6 79.4859406 469.75 0
2035 4 15.270961 3.202794 391.2 103.089309 471.21 0
2035 5 21.520306 7.4916472 461.6 62.919429 471.75 0
2035 6 25.826498 12.189238 512.7 52.38996 471.2 0
2035 7 28.710625 15.373105 503.7 55.5245154 469.68 0
2035 8 28.770887 15.153471 439.3 54.2394569 467.09 0
2035 9 23.4591 10.5128355 346.6 71.170686 466.09 0
2035 10 17.9619 4.4835606 255.1 81.4447717 465.95 0
2035 11 10.8800335 -0.1777955 163.1 164.198199 467.38 0
2035 12 0.10432736 -11.004382 125 34.2259716 468.59 0
2036 1 3.5923028 -6.5175843 143.5 118.250027 471.96 0
2036 2 0.23826133 -10.615646 209.8 94.412856 472.88 0
2036 3 6.511237 -3.9087806 301.6 134.052091 473.86 0
2036 4 13.815602 0.4676012 391.2 135.471969 475.32 0
2036 5 21.527792 6.7725506 461.6 157.8854955 475.86 0
2036 6 26.791935 12.852068 512.7 47.256267 475.31 0
2036 7 29.035091 16.014038 503.7 101.0007249 473.79 0
2036 8 27.790977 13.89218 439.3 50.399366 471.2 0
2036 9 22.217232 8.037404 346.6 47.478534 470.2 0
2036 10 17.263245 4.191066 255.1 67.2073924 470.06 0
2036 11 10.2515335 0.054614082 163.1 94.997178 471.49 0
2036 12 5.462212 -4.178975 125 113.9552498 472.7 0
2037 1 3.585495 -6.655909 143.5 108.652272 476.18 0
2037 2 1.983396 -8.751166 209.8 56.44021735 477.1 0
2037 3 7.9002686 -3.3625977 301.6 35.531177 478.08 0
2037 4 11.8734 1.617206 391.2 103.221996 479.54 0
2037 5 18.660734 6.0418963 461.6 176.1451 480.08 0
2037 6 24.202568 11.729893 512.7 45.472839 479.53 0
2037 7 28.854969 15.678059 503.7 62.7908038 478.01 0
2037 8 27.096373 12.742235 439.3 50.6754396 475.42 0
2037 9 24.318035 11.259576 346.6 179.807898 474.42 0
2037 10 18.80051 6.943091 255.1 56.1760486 474.28 0
2037 11 8.51631 -1.5364835 163.1 97.531014 475.71 0
2037 12 3.6651971 -5.823346 125 125.7814026 476.92 0
2038 1 1.0517776 -9.403185 143.5 223.411916 480.51 0
2038 2 3.9352288 -8.009061 209.8 97.390030275 481.43 0
2038 3 10.594206 1.0267717 301.6 83.8766318 482.41 0
2038 4 15.690531 3.0667775 391.2 64.625043 483.87 0
2038 5 23.389326 9.151324 461.6 92.7706434 484.41 0
2038 6 26.403673 12.862409 512.7 71.669205 483.86 0
2038 7 28.820694 15.016282 503.7 47.314897 482.34 0
2038 8 30.34158 17.734407 439.3 103.326069 479.75 0
2038 9 26.310488 13.424404 346.6 37.388469 478.75 0
2038 10 18.600887 6.7344084 255.1 113.2950428 478.61 0
2038 11 10.6740885 0.5736631 163.1 127.436985 480.04 0
2038 12 3.0947158 -7.2284393 125 167.423498 481.25 0
2039 1 0.37699437 -9.621584 143.5 40.925239 484.93 0
2039 2 2.5954971 -7.39 209.8 68.928121375 485.85 0
2039 3 8.864166 -2.997369 301.6 48.7093266 486.83 0
2039 4 14.674178 3.323299 391.2 207.560562 488.29 0
2039 5 21.867283 7.893665 461.6 29.9509414 488.83 0
2039 6 26.217623 12.707986 512.7 52.234071 488.28 0
2039 7 28.814934 15.132405 503.7 82.7268542 486.76 0
2039 8 29.721594 16.58926 439.3 97.4224042 484.17 0
2039 9 25.6116 11.429007 346.6 31.491417 483.17 0
2039 10 16.149977 3.2789032 255.1 105.7051237 483.03 0
2039 11 11.873157 2.2458792 163.1 245.80464 484.46 0
2039 12 4.645605 -3.392552 125 130.4811483 485.67 0
2040 1 -0.15542883 -9.556528 143.5 95.1350971 489.44 0
2040 2 2.4225452 -9.193251 209.8 31.78516545 490.36 0
2040 3 7.5307164 -4.4696 301.6 155.905479 491.34 0
2040 4 13.107376 1.8223403 391.2 64.585719 492.8 0
2040 5 23.209572 8.204517 461.6 64.070211 493.34 0
2040 6 27.986652 14.084063 512.7 56.105256 492.79 0
2040 7 29.946535 16.688745 503.7 93.812572 491.27 0
2040 8 29.702538 17.038383 439.3 105.3136681 488.68 0
2040 9 26.186026 12.447826 346.6 45.901185 487.68 0
2040 10 19.1851 7.356151 255.1 144.595749 487.54 0
2040 11 7.853566 -1.4698234 163.1 74.157708 488.97 0
2040 12 1.3583772 -7.8989573 125 91.432454 490.18 0
2041 1 2.976774 -8.065081 143.5 134.9874695 494.03 0
2041 2 3.179809 -8.676228 209.8 70.502013625 494.95 0
2041 3 7.777465 -3.082707 301.6 112.0387616 495.93 0
2041 4 14.642239 2.0981095 391.2 84.09345 497.39 0
2041 5 21.757187 8.420048 461.6 115.8543532 497.93 0
2041 6 25.983671 12.596422 512.7 72.34905 497.38 0
2041 7 29.875784 16.007275 503.7 72.5198128 495.86 0
2041 8 29.91626 16.43999 439.3 77.732562 493.27 0
2041 9 25.29534 11.250656 346.6 68.991966 492.27 0
2041 10 16.905624 4.1500726 255.1 128.494225 492.13 0
2041 11 10.266956 -0.046165686 163.1 160.7469 493.56 0
2041 12 3.0799022 -5.312515 125 95.1068065 494.77 0
2042 1 3.3034408 -7.3272824 143.5 100.4504005 498.73 0
2042 2 1.631991 -8.4032345 209.8 92.48658455 499.65 0
2042 3 5.267418 -7.013486 301.6 183.2788045 500.63 0
2042 4 15.775881 1.3697329 391.2 84.867219 502.09 0
2042 5 21.759996 7.9723406 461.6 124.7435474 502.63 0
2042 6 25.264385 12.779246 512.7 88.808835 502.08 0
2042 7 28.075928 14.725376 503.7 93.8140879 500.56 0
2042 8 28.87746 15.290667 439.3 37.8049309 497.97 0
2042 9 27.003637 14.839178 346.6 85.123086 496.97 0
2042 10 15.825267 3.7391481 255.1 103.836298 496.83 0
2042 11 11.911577 2.3538778 163.1 69.976989 498.26 0
2042 12 3.248668 -4.5944123 125 157.995716 499.47 0
2043 1 2.4622216 -5.5801086 143.5 174.6884813 503.53 0
2043 2 2.1878362 -8.816468 209.8 115.488810875 504.45 0
2043 3 6.628203 -2.8106582 301.6 183.5626777 505.43 0
2043 4 15.202841 4.1877403 391.2 159.380835 506.89 0
2043 5 18.769966 7.3222666 461.6 95.0675078 507.43 0
2043 6 27.2664 14.366875 512.7 103.469373 506.88 0
2043 7 30.306137 17.853786 503.7 89.7079333 505.36 0
2043 8 29.353266 16.137865 439.3 70.9354462 502.77 0
2043 9 25.292053 11.473963 346.6 39.359178 501.77 0
2043 10 14.460056 2.853509 255.1 96.9710318 501.63 0
2043 11 9.951423 -0.85205144 163.1 101.222298 503.06 0
2043 12 2.0758772 -6.870348 125 28.95912616 504.27 0
2044 1 1.261374 -7.7890143 143.5 78.6642267 508.43 0
2044 2 4.932532 -7.1500106 209.8 96.378053125 509.35 0
2044 3 8.467075 -0.55832595 301.6 116.7046274 510.33 0
2044 4 16.980455 4.622984 391.2 81.912039 511.79 0
2044 5 19.709585 6.853011 461.6 121.373494 512.33 0
2044 6 26.087881 13.24131 512.7 70.3467 511.78 0
2044 7 30.36613 16.79137 503.7 32.3775811 510.26 0
2044 8 29.5293 16.13262 439.3 127.003063 507.67 0
2044 9 26.044764 12.210815 346.6 55.876086 506.67 0
2044 10 16.710115 4.4538207 255.1 80.3776618 506.53 0
2044 11 12.249972 2.7633667 163.1 167.240925 507.96 0
2044 12 1.9934956 -9.542443 125 208.16345 509.17 0
2045 1 0.4939292 -9.587565 143.5 90.5214818 513.46 0
2045 2 6.08663 -5.675127 209.8 65.957422 514.38 0
2045 3 9.015721 -0.7772151 301.6 86.712828 515.36 0
2045 4 16.338495 3.8461914 391.2 91.2744 516.82 0
2045 5 21.15965 8.324861 461.6 109.639002 517.36 0
2045 6 27.282959 14.313093 512.7 60.556755 516.81 0
2045 7 29.99364 16.342428 503.7 66.5421696 515.29 0
2045 8 28.498371 15.653025 439.3 159.2618893 512.7 0
2045 9 25.545105 11.253701 346.6 22.959072 511.7 0
2045 10 17.686039 6.388344 255.1 242.942288 511.56 0
2045 11 9.820389 0.5023453 163.1 186.378078 512.99 0
2045 12 2.5687912 -6.3261895 125 147.647699 514.2 0
2046 1 -2.3930848 -14.476504 143.5 39.0096219 518.61 0
2046 2 -0.51693213 -13.761543 209.8 77.6496676 519.53 0
2046 3 5.681794 -5.7209606 301.6 107.5600676 520.51 0
2046 4 15.483855 3.5201254 391.2 95.07429 521.97 0
2046 5 23.080236 8.568559 461.6 58.4574006 522.51 0
2046 6 27.001772 13.536133 512.7 98.204721 521.96 0
2046 7 29.365118 16.157612 503.7 84.3266154 520.44 0
2046 8 27.87314 14.524368 439.3 162.9156175 517.85 0
2046 9 21.990208 10.046142 346.6 270.29505 516.85 0
2046 10 15.36717 3.5647311 255.1 148.9953186 516.71 0
2046 11 10.101501 2.1470013 163.1 102.145836 518.14 0
2046 12 2.9802773 -6.4687686 125 55.267823 519.35 0
2047 1 2.1264017 -6.347328 143.5 121.8437795 523.9 0
2047 2 -0.7360108 -11.536968 209.8 82.79907195 524.82 0
2047 3 7.5187335 -3.6931202 301.6 61.0158058 525.8 0
2047 4 12.8297825 1.3455724 391.2 89.127423 527.26 0
2047 5 20.532333 7.10509 461.6 62.818896 527.8 0
2047 6 28.688936 15.514193 512.7 88.012275 527.25 0
2047 7 28.8063 15.55826 503.7 56.4691102 525.73 0
2047 8 30.670494 17.173624 439.3 51.5674894 523.14 0
2047 9 26.157785 11.9755745 346.6 39.121167 522.14 0
2047 10 17.718586 5.1246185 255.1 92.1197953 522 0
2047 11 10.102181 -0.22702023 163.1 69.768354 523.43 0
2047 12 6.4629354 -3.7246504 125 61.3609939 524.64 0
2048 1 3.6461809 -4.561965 143.5 108.010262 529.32 0
2048 2 -0.572761 -12.538679 209.8 20.80318248 530.24 0
2048 3 8.73877 -1.8611499 301.6 189.0758727 531.22 0
2048 4 14.569208 2.628365 391.2 155.228748 532.68 0
2048 5 20.072159 7.4358644 461.6 191.237884 533.22 0
2048 6 27.01677 13.458535 512.7 66.629799 532.67 0
2048 7 29.426512 16.246815 503.7 78.5108418 531.15 0
2048 8 28.733416 16.013485 439.3 86.9213743 528.56 0
2048 9 25.14568 12.628124 346.6 178.50765 527.56 0
2048 10 19.38768 6.5669703 255.1 108.6419304 527.42 0
2048 11 10.809149 0.5199507 163.1 65.844153 528.85 0
2048 12 3.204316 -6.205413 125 81.352835 530.06 0
2049 1 -0.26718733 -11.417202 143.5 84.7940365 534.88 0
2049 2 3.1282616 -8.270885 209.8 109.0280161 535.8 0
2049 3 9.552744 -0.75683403 301.6 115.1692842 536.78 0
2049 4 15.597729 3.396862 391.2 82.601574 538.24 0
2049 5 22.338736 9.03353 461.6 86.5631693 538.78 0
2049 6 28.615082 15.493205 512.7 86.29227 538.23 0
2049 7 29.94805 16.49764 503.7 60.0081756 536.71 0
2049 8 29.69189 17.982573 439.3 203.2546186 534.12 0
2049 9 24.706583 14.679345 346.6 271.76022 533.12 0
2049 10 15.466103 3.6359596 255.1 55.0455623 532.98 0
2049 11 10.484201 0.3856296 163.1 148.242558 534.41 0
2049 12 2.822818 -5.9484577 125 189.53338 535.62 0
2050 1 0.19181508 -9.497558 143.5 118.4540256 540.54 0
2050 2 1.2004201 -11.220467 209.8 80.95693465 541.46 0
2050 3 6.8215075 -3.573141 301.6 85.0560454 542.44 0
2050 4 14.194253 3.0327501 391.2 198.124152 543.9 0
2050 5 21.857746 8.702659 461.6 86.1432526 544.44 0
2050 6 28.277103 14.415596 512.7 56.225988 543.89 0
2050 7 30.169754 16.465284 503.7 62.7354626 542.37 0
2050 8 29.271538 16.00035 439.3 85.8122005 539.78 0
2050 9 24.109804 11.11641 346.6 55.01244 538.78 0
2050 10 17.408941 4.1752796 255.1 95.8240039 538.64 0
2050 11 11.2630205 0.95430547 163.1 201.893979 540.07 0
2050 12 0.51274323 -10.2978525 125 127.715009 541.28 0
2051 1 -0.54452544 -10.077907 143.5 93.039494 546.32 0
2051 2 4.687241 -6.3933897 209.8 140.64321825 547.24 0
2051 3 6.958871 -3.5893755 301.6 140.7619046 548.22 0
2051 4 15.215534 3.3586311 391.2 101.57025 549.68 0
2051 5 21.203545 7.19305 461.6 82.4605704 550.22 0
2051 6 24.583887 12.300777 512.7 173.47257 549.67 0
2051 7 28.754168 15.727803 503.7 80.6738172 548.15 0
2051 8 28.800821 16.128332 439.3 67.5278084 545.56 0
2051 9 23.648216 9.108401 346.6 28.9844388 544.56 0
2051 10 16.835985 4.0031195 255.1 86.82511 544.42 0
2051 11 8.263153 -1.6048216 163.1 111.982218 545.85 0
2051 12 4.523953 -3.7111437 125 113.5345488 547.06 0
2052 1 -0.5625512 -10.460659 143.5 29.061911 552.21 0
2052 2 -0.61404157 -13.499255 209.8 117.8365017 553.13 0
2052 3 6.7733846 -4.285418 301.6 96.8200401 554.11 0
2052 4 13.935959 1.1788421 391.2 88.971255 555.57 0
2052 5 22.505894 8.661903 461.6 78.9233464 556.11 0
2052 6 27.584013 13.496966 512.7 38.99076 555.56 0
2052 7 30.677958 17.46448 503.7 97.7603724 554.04 0
2052 8 28.832516 15.546353 439.3 36.2348522 551.45 0
2052 9 24.604029 11.15914 346.6 40.283067 550.45 0
2052 10 18.65823 5.979209 255.1 146.679135 550.31 0
2052 11 12.858544 2.0376713 163.1 84.74031 551.74 0
2052 12 2.9867086 -7.5626554 125 130.601233 552.95 0
2053 1 0.22159636 -8.488771 143.5 31.9322692 558.21 0
2053 2 3.8509617 -7.845359 209.8 100.74237585 559.13 0
2053 3 8.413637 -1.8780968 301.6 101.8706283 560.11 0
2053 4 14.77076 3.9816086 391.2 171.288801 561.57 0
2053 5 20.118834 6.877568 461.6 195.54335 562.11 0
2053 6 26.798447 13.657977 512.7 123.42828 561.56 0
2053 7 30.571463 17.246256 503.7 88.1974614 560.04 0
2053 8 28.842176 15.073331 439.3 87.4648818 557.45 0
2053 9 23.789688 10.643752 346.6 64.565406 556.45 0
2053 10 18.40311 6.1635985 255.1 180.2702483 556.31 0
2053 11 9.19723 -0.27705282 163.1 97.24347 557.74 0
2053 12 4.7355294 -3.5124543 125 182.65603 558.95 0
2054 1 -1.130904 -12.0395355 143.5 55.8884492 564.31 0
2054 2 2.4273527 -8.789602 209.8 78.2817105 565.23 0
2054 3 6.8030224 -3.8192556 301.6 122.9148202 566.21 0
2054 4 13.862918 1.9305964 391.2 203.10333 567.67 0
2054 5 20.731716 7.800476 461.6 130.153934 568.21 0
2054 6 25.965954 13.455828 512.7 166.044618 567.66 0
2054 7 30.56405 17.42789 503.7 91.274199 566.14 0
2054 8 30.392864 17.668608 439.3 40.1611603 563.55 0
2054 9 24.444948 11.967802 346.6 140.46138 562.55 0
2054 10 15.728339 3.6307135 255.1 50.2978751 562.41 0
2054 11 11.669617 2.1543577 163.1 174.09003 563.84 0
2054 12 3.652659 -3.979147 125 53.8322626 565.05 0
2055 1 -2.1763868 -13.204921 143.5 44.7940452 570.52 0
2055 2 3.9439821 -7.569202 209.8 30.79724035 571.44 0
2055 3 6.461714 -4.280395 301.6 98.358598 572.42 0
2055 4 16.881384 4.0891967 391.2 60.184014 573.88 0
2055 5 23.802616 8.97468 461.6 34.9673242 574.42 0
2055 6 25.701336 12.611441 512.7 128.80332 573.87 0
2055 7 30.427042 17.757689 503.7 74.61855 572.35 0
2055 8 30.330296 16.416927 439.3 47.7343115 569.76 0
2055 9 23.591484 9.864032 346.6 137.049078 568.76 0
2055 10 17.795576 4.912271 255.1 99.020758 568.62 0
2055 11 10.065184 0.38209027 163.1 190.423509 570.05 0
2055 12 5.672233 -2.0266616 125 154.19555 571.26 0
2056 1 1.7816564 -6.538289 143.5 35.1277151 576.84 0
2056 2 1.1123825 -9.976886 209.8 71.648929725 577.76 0
2056 3 7.8669276 -2.142727 301.6 113.4282281 578.74 0
2056 4 17.49057 4.980398 391.2 102.681156 580.2 0
2056 5 23.498795 9.437813 461.6 53.6755793 580.74 0
2056 6 27.333181 14.384877 512.7 127.73217 580.19 0
2056 7 30.461678 16.97893 503.7 81.5964795 578.67 0
2056 8 30.118025 17.297926 439.3 101.1466233 576.08 0
2056 9 26.136192 11.857881 346.6 93.245751 575.08 0
2056 10 21.35462 8.499206 255.1 58.9956226 574.94 0
2056 11 9.332773 -1.2635354 163.1 99.12252 576.37 0
2056 12 2.7784 -7.4207134 125 38.35816 577.58 0
2057 1 2.85016 -5.2501273 143.5 97.836992 583.3 0
2057 2 2.7579756 -8.493314 209.8 70.2789601 584.22 0
2057 3 10.811022 1.542204 301.6 175.988085 585.2 0
2057 4 17.212734 5.067351 391.2 98.207016 586.66 0
2057 5 21.227245 6.9436345 461.6 57.1780523 587.2 0
2057 6 26.982685 14.015634 512.7 192.79485 586.65 0
2057 7 29.384272 15.757558 503.7 65.4222357 585.13 0
2057 8 31.037592 17.471916 439.3 72.1756663 582.54 0
2057 9 26.660324 12.963809 346.6 39.365766 581.54 0
2057 10 19.952099 6.5279264 255.1 64.9590275 581.4 0
2057 11 10.850731 0.3584498 163.1 89.324664 582.83 0
2057 12 5.017524 -4.40923 125 109.5831617 584.04 0
2058 1 0.59028035 -8.535448 143.5 47.7797575 589.91 0
2058 2 6.0753036 -5.854873 209.8 68.37870125 590.83 0
2058 3 7.7745113 -4.055002 301.6 93.6838414 591.81 0
2058 4 16.000498 3.4361653 391.2 70.353099 593.27 0
2058 5 22.994383 8.7045 461.6 55.1722965 593.81 0
2058 6 28.209492 14.140389 512.7 50.435244 593.26 0
2058 7 29.842033 16.511114 503.7 82.6360707 591.74 0
2058 8 31.023602 18.099606 439.3 174.724897 589.15 0
2058 9 26.332859 13.2619705 346.6 58.633584 588.15 0
2058 10 19.22312 6.064839 255.1 82.1361957 588.01 0
2058 11 9.251906 -0.90012705 163.1 94.967481 589.44 0
2058 12 4.594453 -5.3041043 125 243.267509 590.65 0
2059 1 1.1909434 -9.200956 143.5 245.5377413 596.65 0
2059 2 4.894155 -6.5731077 209.8 108.108159375 597.57 0
2059 3 10.395129 -1.1642493 301.6 112.6183686 598.55 0
2059 4 13.948343 3.5427356 391.2 225.04701 600.01 0
2059 5 22.343287 8.221628 461.6 123.8692544 600.55 0
2059 6 28.682478 15.360779 512.7 70.255188 600 0
2059 7 28.60678 15.476671 503.7 104.9572177 598.48 0
2059 8 30.191383 17.680948 439.3 78.454676 595.89 0
2059 9 27.135965 14.554931 346.6 108.324345 594.89 0
2059 10 19.50328 6.5126266 255.1 82.688811 594.75 0
2059 11 10.513302 1.3286704 163.1 178.719765 596.18 0
2059 12 4.762018 -2.6274376 125 72.9891404 597.39 0
2060 1 0.92352366 -7.744069 143.5 84.761285 603.52 0
2060 2 5.109182 -4.474172 209.8 77.861294 604.44 0
2060 3 6.7764754 -4.055314 301.6 128.076128 605.42 0
2060 4 15.399925 4.163322 391.2 90.567519 606.88 0
2060 5 22.59721 8.484155 461.6 74.3393888 607.42 0
2060 6 29.042141 14.956046 512.7 37.188486 606.87 0
2060 7 30.091534 16.203287 503.7 79.265202 605.35 0
2060 8 29.06345 15.413454 439.3 118.324613 602.76 0
2060 9 25.870815 13.057381 346.6 79.145508 601.76 0
2060 10 18.996864 5.7458925 255.1 49.1095211 601.62 0
2060 11 11.159912 1.1994896 163.1 101.934765 603.05 0
2060 12 5.8296027 -3.6267622 125 202.0791854 604.26 0
2061 1 1.5972241 -7.0093956 143.5 118.7687035 610.52 0
2061 2 3.203276 -7.9543176 209.8 57.801452075 611.44 0
2061 3 9.51708 -1.9160813 301.6 72.9716905 612.42 0
2061 4 13.6182785 2.6144679 391.2 210.935241 613.88 0
2061 5 20.965027 7.4868617 461.6 48.5953892 614.42 0
2061 6 26.23843 12.7542515 512.7 91.287939 613.87 0
2061 7 29.85274 15.7685585 503.7 85.4572567 612.35 0
2061 8 30.20767 17.035198 439.3 77.3432733 609.76 0
2061 9 26.738855 13.572435 346.6 112.766784 608.76 0
2061 10 18.961018 6.5083275 255.1 37.7163484 608.62 0
2061 11 11.906593 2.41751 163.1 73.184058 610.05 0
2061 12 4.285849 -4.120921 125 229.706435 611.26 0
2062 1 1.7513489 -7.8423276 143.5 62.4656448 617.61 0
2062 2 2.9487686 -8.509331 209.8 44.179997025 618.53 0
2062 3 7.9688597 -3.015343 301.6 226.0747726 619.51 0
2062 4 16.087612 4.2297354 391.2 78.34359 620.97 0
2062 5 23.902355 9.509308 461.6 53.6586347 621.51 0
2062 6 27.237766 13.712041 512.7 72.586311 620.96 0
2062 7 27.951359 14.72877 503.7 89.9724718 619.44 0
2062 8 29.30488 15.633491 439.3 98.5446228 616.85 0
2062 9 25.517027 11.89755 346.6 31.769241 615.85 0
2062 10 18.682549 5.991129 255.1 65.9268847 615.71 0
2062 11 9.9963665 0.08578516 163.1 82.573071 617.14 0
2062 12 5.292869 -4.4876404 125 82.2265824 618.35 0
2063 1 1.0737344 -8.371374 143.5 121.7944895 624.76 0
2063 2 2.154893 -7.4645443 209.8 117.537515 625.68 0
2063 3 6.2854414 -3.2504265 301.6 125.6773387 626.66 0
2063 4 15.992788 4.281325 391.2 72.931695 628.12 0
2063 5 21.468235 8.312021 461.6 61.555491 628.66 0
2063 6 26.64945 13.447903 512.7 119.444811 628.11 0
2063 7 31.20507 18.046267 503.7 81.6935064 626.59 0
2063 8 29.189678 16.590757 439.3 81.0053405 624 0
2063 9 24.096348 9.561794 346.6 103.440771 623 0
2063 10 19.42317 6.5274386 255.1 88.4738388 622.86 0
2063 11 10.496884 2.2269666 163.1 167.28846 624.29 0
2063 12 3.6809826 -3.571632 125 113.23525 625.5 0
2064 1 2.9783607 -6.910783 143.5 141.6744113 631.99 0
2064 2 2.3973014 -7.651009 209.8 33.62848925 632.91 0
2064 3 10.463641 -0.7937263 301.6 75.3561454 633.89 0
2064 4 13.9673605 3.1830928 391.2 95.922231 635.35 0
2064 5 24.29847 9.797413 461.6 82.509972 635.89 0
2064 6 27.177027 13.645879 512.7 81.951333 635.34 0
2064 7 31.401037 18.629599 503.7 102.6964435 633.82 0
2064 8 30.844782 17.720125 439.3 77.8070054 631.23 0
2064 9 28.090591 14.672793 346.6 91.445904 630.23 0
2064 10 19.973425 6.069298 255.1 29.65447476 630.09 0
2064 11 13.304979 3.018568 163.1 80.547102 631.52 0
2064 12 4.615547 -3.791396 125 213.2822506 632.73 0
2065 1 2.3246155 -8.463791 143.5 134.6404617 639.29 0
2065 2 2.8702333 -8.326471 209.8 78.2952705 640.21 0
2065 3 12.004733 -0.040958304 301.6 42.3152697 641.19 0
2065 4 14.699087 3.0284264 391.2 154.55082 642.65 0
2065 5 23.485767 9.901822 461.6 81.2636108 643.19 0
2065 6 28.696407 14.5856285 512.7 72.76314 642.64 0
2065 7 31.84605 17.805643 503.7 42.2152172 641.12 0
2065 8 31.73881 18.928457 439.3 49.1099923 638.53 0
2065 9 26.482182 12.94642 346.6 61.609191 637.53 0
2065 10 19.759754 6.709737 255.1 80.6970548 637.39 0
2065 11 12.312654 2.8238273 163.1 118.388772 638.82 0
2065 12 6.144886 -2.1657004 125 135.6033155 640.03 0
2066 1 1.5503618 -9.177579 143.5 96.987251 646.65 0
2066 2 4.5763626 -6.89061 209.8 96.539801325 647.57 0
2066 3 9.658677 -1.5140805 301.6 160.0009696 648.55 0
2066 4 15.479163 2.7253053 391.2 149.98476 650.01 0
2066 5 21.96282 7.536402 461.6 80.9780543 650.55 0
2066 6 27.026403 14.212338 512.7 128.175315 650 0
2066 7 29.331377 16.12589 503.7 74.096634 648.48 0
2066 8 28.143707 15.151549 439.3 125.9262377 645.89 0
2066 9 25.101423 11.892188 346.6 27.580485 644.89 0
2066 10 17.59459 5.920997 255.1 158.6109637 644.75 0
2066 11 10.948953 -0.29187697 163.1 92.416929 646.18 0
2066 12 5.198684 -3.9477906 125 106.9601556 647.39 0
2067 1 4.004088 -5.6842 143.5 82.8298703 654.1 0
2067 2 2.794909 -7.5125628 209.8 77.18736765 655.02 0
2067 3 9.799724 -1.3613966 301.6 86.4365033 656 0
2067 4 14.151256 2.8726058 391.2 180.5868 657.46 0
2067 5 18.761038 6.1273594 461.6 134.131327 658 0
2067 6 27.016794 13.85007 512.7 79.550694 657.45 0
2067 7 31.372965 17.75163 503.7 65.362539 655.93 0
2067 8 30.358892 16.832333 439.3 96.9978747 653.34 0
2067 9 25.566132 12.849459 346.6 116.181006 652.34 0
2067 10 18.927258 6.682711 255.1 219.479411 652.2 0
2067 11 12.90238 3.0120966 163.1 109.040436 653.63 0
2067 12 5.549732 -2.116234 125 164.889434 654.84 0
2068 1 -1.341644 -10.089605 143.5 40.1469065 661.64 0
2068 2 3.0145183 -7.7593303 209.8 103.342096225 662.56 0
2068 3 8.536739 -2.3675785 301.6 109.8770634 663.54 0
2068 4 19.398113 6.519156 391.2 85.339194 665 0
2068 5 24.038357 10.257523 461.6 68.3374602 665.54 0
2068 6 27.03365 13.701876 512.7 108.55725 664.99 0
2068 7 31.457832 18.136948 503.7 94.6101245 663.47 0
2068 8 29.259527 15.932041 439.3 117.6434128 660.88 0
2068 9 24.362572 9.748422 346.6 143.86248 659.88 0
2068 10 19.16924 6.8491187 255.1 151.7499352 659.74 0
2068 11 9.373801 -0.0279765 163.1 86.384454 661.17 0
2068 12 3.8032656 -4.1370625 125 157.5005747 662.38 0
2069 1 3.8465557 -4.2981586 143.5 69.1383824 669.3 0
2069 2 5.966049 -3.358324 209.8 121.715238 670.22 0
2069 3 8.765955 -0.7650561 301.6 98.0812286 671.2 0
2069 4 18.31799 6.4673123 391.2 150.87108 672.66 0
2069 5 23.697517 9.596948 461.6 44.8372995 673.2 0
2069 6 24.827267 12.202228 512.7 61.385244 672.65 0
2069 7 31.042425 17.01958 503.7 90.5864702 671.13 0
2069 8 30.687902 17.536507 439.3 99.6109484 668.54 0
2069 9 25.98027 13.285276 346.6 75.621537 667.54 0
2069 10 18.738539 5.643149 255.1 22.1082576 667.4 0
2069 11 13.44711 3.4584057 163.1 165.852099 668.83 0
2069 12 6.492549 -1.6973504 125 44.7393395 670.04 0
2070 1 1.8941959 -7.031707 143.5 77.8484338 677.08 0
2070 2 4.1266174 -7.289916 209.8 105.4473625 678 0
2070 3 8.588963 -1.2434975 301.6 103.6203148 678.98 0
2070 4 15.033956 3.9223926 391.2 100.693875 680.44 0
2070 5 23.78226 9.367883 461.6 74.3710677 680.98 0
2070 6 27.154482 13.806652 512.7 80.51301 680.43 0
2070 7 31.546583 17.848524 503.7 51.6095254 678.91 0
2070 8 31.383482 17.63384 439.3 65.4257015 676.32 0
2070 9 25.059593 10.411483 346.6 51.434604 675.32 0
2070 10 22.106804 9.253265 255.1 71.2808265 675.18 0
2070 11 11.027489 0.5116733 163.1 221.317848 676.61 0
2070 12 1.3957311 -8.508596 125 88.630581 677.82 0
2071 1 -1.2291268 -14.254948 143.5 107.4559076 684.95 0
2071 2 4.8045917 -5.624113 209.8 66.704671225 685.87 0
2071 3 9.58359 0.034386054 301.6 122.780522 686.85 0
2071 4 17.504099 6.189397 391.2 206.064219 688.31 0
2071 5 20.105055 7.8845983 461.6 159.5143037 688.85 0
2071 6 27.372005 13.834252 512.7 68.030664 688.3 0
2071 7 31.69727 18.939325 503.7 117.7579516 686.78 0
2071 8 30.385456 17.40638 439.3 117.1350779 684.19 0
2071 9 25.41971 12.661291 346.6 120.93705 683.19 0
2071 10 16.764942 5.051209 255.1 86.7563923 683.05 0
2071 11 9.412866 0.11151876 163.1 164.994021 684.48 0
2071 12 6.895252 -1.1509492 125 216.053725 685.69 0
2072 1 3.3654587 -6.6896973 143.5 153.371043 692.9 0
2072 2 2.587215 -10.422088 209.8 87.371698875 693.82 0
2072 3 9.124236 -1.9046249 301.6 136.835426 694.8 0
2072 4 19.63041 6.446209 391.2 42.951771 696.26 0
2072 5 24.862076 10.344779 461.6 51.9254154 696.8 0
2072 6 29.109327 15.37282 512.7 58.933335 696.25 0
2072 7 31.571337 18.78088 503.7 109.8070127 694.73 0
2072 8 31.535313 18.134007 439.3 61.9674717 692.14 0
2072 9 30.556417 17.503862 346.6 32.52012 691.14 0
2072 10 19.332312 5.899091 255.1 69.784503 691 0
2072 11 12.945472 3.3478014 163.1 136.652055 692.43 0
2072 12 5.1327724 -2.8896933 125 128.147366 693.64 0
2073 1 1.463894 -6.8079305 143.5 21.4053977 700.89 0
2073 2 4.8030562 -4.568568 209.8 101.019211725 701.81 0
2073 3 6.870315 -3.576629 301.6 145.262125 702.79 0
2073 4 17.093386 4.7345552 391.2 105.57003 704.25 0
2073 5 25.265036 10.665141 461.6 65.3742973 704.79 0
2073 6 27.806368 14.300176 512.7 84.28158 704.24 0
2073 7 32.890377 19.404694 503.7 95.8445073 702.72 0
2073 8 32.596046 19.660385 439.3 59.1314305 700.13 0
2073 9 28.207354 14.177958 346.6 22.7703219 699.13 0
2073 10 21.587862 8.792858 255.1 165.723892 698.99 0
2073 11 12.042017 1.6365267 163.1 217.273878 700.42 0
2073 12 7.9326496 -1.4366919 125 139.3780336 701.63 0
2074 1 1.3876722 -8.322722 143.5 159.433465 708.93 0
2074 2 2.0378923 -8.58642 209.8 62.818375225 709.85 0
2074 3 8.603048 -1.5942693 301.6 209.707994 710.83 0
2074 4 15.758219 3.224037 391.2 210.702252 712.29 0
2074 5 22.833843 8.722348 461.6 32.1845782 712.83 0
2074 6 27.989925 14.800824 512.7 112.531014 712.28 0
2074 7 30.699587 17.441505 503.7 107.775003 710.76 0
2074 8 28.669584 15.524604 439.3 103.6465222 708.17 0
2074 9 25.843113 13.100438 346.6 69.9696 707.17 0
2074 10 19.40276 6.1013436 255.1 81.063791 707.03 0
2074 11 10.374726 0.14916274 163.1 109.320552 708.46 0
2074 12 2.2358112 -8.299685 125 60.9661531 709.67 0
2075 1 0.73998153 -9.658967 143.5 74.3982795 717.02 0
2075 2 3.270289 -7.4213862 209.8 54.23241205 717.94 0
2075 3 7.5774384 -2.821532 301.6 108.845247 718.92 0
2075 4 16.113277 4.140468 391.2 193.59846 720.38 0
2075 5 23.591003 9.531776 461.6 56.4003553 720.92 0
2075 6 28.600277 15.022582 512.7 58.097022 720.37 0
2075 7 32.523975 19.05215 503.7 59.5514061 718.85 0
2075 8 32.20999 18.415506 439.3 31.1255128 716.26 0
2075 9 28.737112 16.831078 346.6 87.966963 715.26 0
2075 10 19.605558 6.9662237 255.1 164.8115217 715.12 0
2075 11 9.69067 -0.003079951 163.1 156.529641 716.55 0
2075 12 5.0935802 -2.5755184 125 81.026932 717.76 0
2076 1 3.5500703 -5.2684174 143.5 65.8429894 725.14 0
2076 2 2.3896506 -7.892608 209.8 59.636357375 726.06 0
2076 3 8.760299 -0.6844637 301.6 93.7361198 727.04 0
2076 4 18.908468 6.3134365 391.2 59.85195 728.5 0
2076 5 25.14844 11.056016 461.6 132.7981286 729.04 0
2076 6 28.647324 15.730264 512.7 59.353473 728.49 0
2076 7 32.9475 19.554323 503.7 48.7997257 726.97 0
2076 8 32.106617 18.784847 439.3 74.8049902 724.38 0
2076 9 26.953972 13.799785 346.6 66.198585 723.38 0
2076 10 19.126701 6.8540373 255.1 147.46576 723.24 0
2076 11 12.92467 3.6346252 163.1 133.75398 724.67 0
2076 12 5.915939 -2.549885 125 212.812799 725.88 0
2077 1 0.4385309 -9.868612 143.5 67.4525745 733.31 0
2077 2 3.2584264 -6.8677 209.8 91.597791525 734.23 0
2077 3 9.471585 -1.2490137 301.6 72.1142398 735.21 0
2077 4 13.905169 2.5166526 391.2 205.406469 736.67 0
2077 5 23.663866 10.167715 461.6 75.344508 737.21 0
2077 6 29.362621 16.265324 512.7 77.181 736.66 0
2077 7 32.18693 18.608706 503.7 77.80535 735.14 0
2077 8 31.735516 19.075548 439.3 151.270142 732.55 0
2077 9 27.002163 13.64458 346.6 27.3166002 731.55 0
2077 10 19.17101 7.431195 255.1 130.4830083 731.41 0
2077 11 9.039161 -0.70490795 163.1 74.687298 732.84 0
2077 12 5.6804605 -3.139274 125 145.762341 734.05 0
2078 1 2.8445885 -5.791531 143.5 62.9189733 741.52 0
2078 2 3.3542871 -6.816635 209.8 136.5571665 742.44 0
2078 3 8.147907 -1.5832901 301.6 136.663717 743.42 0
2078 4 17.01908 5.837376 391.2 209.040669 744.88 0
2078 5 23.68746 8.718201 461.6 33.0576808 745.42 0
2078 6 29.260221 16.082975 512.7 86.510097 744.87 0
2078 7 31.056934 17.553806 503.7 59.6609477 743.35 0
2078 8 31.131039 18.41707 439.3 92.6282945 740.76 0
2078 9 25.07758 10.848666 346.6 65.304372 739.76 0
2078 10 18.890203 5.921189 255.1 184.22277 739.62 0
2078 11 11.751556 1.6596677 163.1 125.205645 741.05 0
2078 12 5.4227185 -2.8126628 125 178.633687 742.26 0
2079 1 2.0842397 -7.3138995 143.5 122.0349968 749.8 0
2079 2 6.311378 -4.6768203 209.8 124.486328525 750.72 0
2079 3 8.569118 -2.0787253 301.6 77.7330673 751.7 0
2079 4 17.636171 5.6413603 391.2 190.10982 753.16 0
2079 5 21.546602 8.352781 461.6 193.4149365 753.7 0
2079 6 26.552061 13.8647785 512.7 85.372245 753.15 0
2079 7 29.811436 17.5411 503.7 138.136093 751.63 0
2079 8 31.223455 18.843443 439.3 114.0927131 749.04 0
2079 9 26.738855 13.285331 346.6 64.767759 748.04 0
2079 10 20.661901 7.1423116 255.1 98.9510142 747.9 0
2079 11 14.0350895 4.282971 163.1 197.41686 749.33 0
2079 12 6.497189 -1.7655995 125 47.6118801 750.54 0
2080 1 5.372045 -3.4759853 143.5 127.5181497 758.18 0
2080 2 4.5797076 -4.805742 209.8 67.73095135 759.1 0
2080 3 8.601634 -1.2840084 301.6 177.9888467 760.08 0
2080 4 15.234109 4.3160367 391.2 206.605941 761.54 0
2080 5 22.483946 9.283538 461.6 101.5525187 762.08 0
2080 6 28.624449 15.166511 512.7 41.225475 761.53 0
2080 7 32.404316 18.79657 503.7 93.7741072 760.01 0
2080 8 30.65706 18.249725 439.3 236.261323 757.42 0
2080 9 26.742636 12.864613 346.6 32.433864 756.42 0
2080 10 20.490568 8.175338 255.1 69.215343 756.28 0
2080 11 12.089191 1.0605271 163.1 147.64383 757.71 0
2080 12 2.3907042 -8.260089 125 35.771768 758.92 0
2081 1 3.2996924 -5.934382 143.5 178.6612057 766.64 0
2081 2 7.464927 -1.8517634 209.8 99.00494435 767.56 0
2081 3 8.599928 -1.0716645 301.6 36.84753 768.54 0
2081 4 18.013985 5.543029 391.2 107.144424 770 0
2081 5 24.817572 10.7452 461.6 122.508993 770.54 0
2081 6 28.770441 15.696329 512.7 110.627397 769.99 0
2081 7 30.65784 17.408228 503.7 97.4386296 768.47 0
2081 8 29.915144 16.923044 439.3 99.3283834 765.88 0
2081 9 27.616917 14.029463 346.6 24.629664 764.88 0
2081 10 19.710506 5.9770246 255.1 41.5060395 764.74 0
2081 11 15.349043 5.0547276 163.1 72.780975 766.17 0
2081 12 4.680084 -4.399946 125 80.8974698 767.38 0
2082 1 4.9228206 -3.5830066 143.5 171.0927696 775.17 0
2082 2 4.8652663 -4.463227 209.8 98.772709575 776.09 0
2082 3 5.270998 -4.578737 301.6 97.5600318 777.07 0
2082 4 18.865238 5.943087 391.2 63.8658 778.53 0
2082 5 24.535774 10.157525 461.6 67.7657892 779.07 0
2082 6 28.822676 15.518472 512.7 108.822828 778.52 0
2082 7 33.811108 20.44663 503.7 30.79799904 777 0
2082 8 33.21401 21.684473 439.3 229.3514013 774.41 0
2082 9 26.660069 13.661077 346.6 63.68751 773.41 0
2082 10 18.351084 5.5662704 255.1 105.7497885 773.27 0
2082 11 12.960483 2.6052692 163.1 95.75979 774.7 0
2082 12 5.8936 -1.9116342 125 139.884338 775.91 0
2083 1 2.6962733 -5.7073636 143.5 111.1796803 783.75 0
2083 2 3.3994517 -7.108429 209.8 65.377054 784.67 0
2083 3 7.7470403 -3.4503646 301.6 63.4489183 785.65 0
2083 4 17.897577 6.576716 391.2 84.923622 787.11 0
2083 5 19.710829 8.006207 461.6 103.101381 787.65 0
2083 6 28.578106 15.011797 512.7 99.159822 787.1 0
2083 7 32.891697 19.49197 503.7 81.3966938 785.58 0
2083 8 31.763689 18.661179 439.3 58.590713 782.99 0
2083 9 28.397198 14.431484 346.6 26.865228 781.99 0
2083 10 20.210463 7.301282 255.1 180.3331473 781.85 0
2083 11 13.6961 4.7414823 163.1 169.7484 783.28 0
2083 12 3.6689231 -4.835313 125 37.7030835 784.49 0
2084 1 0.19985169 -8.4360075 143.5 75.2556558 792.37 0
2084 2 3.7490873 -6.59239 209.8 37.603012825 793.29 0
2084 3 9.62768 -1.127741 301.6 89.596479 794.27 0
2084 4 16.161142 4.91849 391.2 205.718895 795.73 0
2084 5 23.774 9.959666 461.6 128.1768315 796.27 0
2084 6 28.676336 14.872535 512.7 50.99919 795.72 0
2084 7 32.444504 18.917429 503.7 118.2364056 794.2 0
2084 8 29.639267 16.475355 439.3 156.0486184 791.61 0
2084 9 26.02315 11.733875 346.6 164.56944 790.61 0
2084 10 17.20842 5.3746147 255.1 51.5608833 790.47 0
2084 11 11.431803 1.2862399 163.1 176.96829 791.9 0
2084 12 6.7275515 -2.132437 125 232.8786557 793.11 0
2085 1 2.6451185 -7.2799153 143.5 78.0239248 801.02 0
2085 2 5.315711 -5.1668215 209.8 89.6037568 801.94 0
2085 3 11.644321 1.260902 301.6 105.4933813 802.92 0
2085 4 16.073605 4.1294985 391.2 215.288988 804.38 0
2085 5 24.117714 10.002903 461.6 96.3666775 804.92 0
2085 6 29.124231 15.698176 512.7 102.995304 804.37 0
2085 7 33.197327 19.700785 503.7 63.1407535 802.85 0
2085 8 33.160976 19.579601 439.3 79.3678709 800.26 0
2085 9 29.249117 16.142645 346.6 54.924492 799.26 0
2085 10 20.575516 7.2755637 255.1 103.0882835 799.12 0
2085 11 14.83264 4.982792 163.1 168.04887 800.55 0
2085 12 8.363181 -0.80717456 125 198.409765 801.76 0
2086 1 3.419419 -5.97176 143.5 121.4387614 809.71 0
2086 2 4.7679462 -6.7448564 209.8 162.849433025 810.63 0
2086 3 7.2757287 -4.039498 301.6 82.813865 811.61 0
2086 4 15.425964 3.4144669 391.2 205.01625 813.07 0
2086 5 23.338488 9.409032 461.6 89.5706746 813.61 0
2086 6 29.298594 15.8637495 512.7 86.459856 813.06 0
2086 7 33.44971 20.07457 503.7 82.805061 811.54 0
2086 8 31.883163 18.173939 439.3 48.3124863 808.95 0
2086 9 26.283222 11.79009 346.6 119.777964 807.95 0
2086 10 22.63487 10.15574 255.1 41.1723679 807.81 0
2086 11 11.090395 2.20131 163.1 130.284762 809.24 0
2086 12 6.755309 -2.033942 125 125.2176924 810.45 0
2087 1 0.4167905 -8.755221 143.5 38.931164 818.42 0
2087 2 5.45005 -5.93778 209.8 127.13949225 819.34 0
2087 3 8.965824 -1.259939 301.6 131.555847 820.32 0
2087 4 18.81403 7.8323245 391.2 126.780309 821.78 0
2087 5 23.82467 10.048497 461.6 75.6553605 822.32 0
2087 6 29.358467 15.976515 512.7 85.61283 821.77 0
2087 7 32.29104 18.634792 503.7 58.392034 820.25 0
2087 8 33.154785 19.731613 439.3 91.6471042 817.66 0
2087 9 30.20581 17.687593 346.6 42.977328 816.66 0
2087 10 19.11885 6.5253386 255.1 96.2260491 816.52 0
2087 11 12.184771 1.9892175 163.1 108.242892 817.95 0
2087 12 6.546698 -1.8128206 125 36.0943602 819.16 0
2088 1 3.5761254 -5.199202 143.5 133.259855 827.16 0
2088 2 3.6473482 -6.356912 209.8 157.906652 828.08 0
2088 3 9.464726 -0.6135887 301.6 165.0860515 829.06 0
2088 4 16.272314 5.7691507 391.2 208.85355 830.52 0
2088 5 25.489155 11.213221 461.6 65.2839943 831.06 0
2088 6 29.85948 16.700827 512.7 150.025362 830.51 0
2088 7 32.976383 20.32246 503.7 85.985072 828.99 0
2088 8 32.369526 18.832914 439.3 57.6460903 826.4 0
2088 9 27.713326 14.106805 346.6 28.8178539 825.4 0
2088 10 19.431292 7.08225 255.1 77.9215504 825.26 0
2088 11 15.310047 5.745977 163.1 240.42186 826.69 0
2088 12 8.590764 -0.10088111 125 248.072199 827.9 0
2089 1 3.2864845 -4.607441 143.5 107.5518712 835.96 0
2089 2 7.6102285 -1.2949893 209.8 90.17843525 836.88 0
2089 3 8.882097 -0.563698 301.6 107.9518332 837.86 0
2089 4 17.74088 6.0954227 391.2 113.797059 839.32 0
2089 5 27.01518 12.250238 461.6 41.8966085 839.86 0
2089 6 30.791656 17.09215 512.7 162.670098 839.31 0
2089 7 31.905054 18.92392 503.7 159.949429 837.79 0
2089 8 32.157368 19.174467 439.3 64.9991322 835.2 0
2089 9 27.652166 14.890292 346.6 79.195131 834.2 0
2089 10 20.323614 7.1416326 255.1 102.4495843 834.06 0
2089 11 13.205799 4.110587 163.1 100.682217 835.49 0
2089 12 6.9020395 -1.5909727 125 111.4258513 836.7 0
2090 1 4.4830093 -4.9922814 143.5 121.703365 844.8 0
2090 2 3.2250588 -6.406738 209.8 77.01491835 845.72 0
2090 3 8.571105 -1.4197546 301.6 124.166191 846.7 0
2090 4 14.341865 3.586078 391.2 116.631252 848.16 0
2090 5 25.021215 10.86886 461.6 119.5236465 848.7 0
2090 6 27.3543 14.3575945 512.7 83.761854 848.15 0
2090 7 33.272335 19.827412 503.7 45.0194028 846.63 0
2090 8 31.456678 18.854328 439.3 135.435125 844.04 0
2090 9 26.738932 14.45352 346.6 108.424038 843.04 0
2090 10 18.561705 6.7857094 255.1 147.741908 842.9 0
2090 11 13.02779 3.832147 163.1 54.244698 844.33 0
2090 12 7.2951 -1.4789835 125 142.006877 845.54 0
2091 1 4.993864 -4.3217354 143.5 166.9793517 853.73 0
2091 2 4.1159744 -5.9102135 209.8 53.695150725 854.65 0
2091 3 9.005001 -0.031609613 301.6 76.4909252 855.63 0
2091 4 17.571917 5.467534 391.2 43.40061 857.09 0
2091 5 25.18249 10.637788 461.6 126.7100045 857.63 0
2091 6 29.07212 15.910086 512.7 62.11893 857.08 0
2091 7 33.59496 20.730711 503.7 125.9936565 855.56 0
2091 8 32.294178 19.756748 439.3 107.504063 852.97 0
2091 9 27.038208 13.461795 346.6 26.887779 851.97 0
2091 10 21.985807 8.844747 255.1 70.9786385 851.83 0
2091 11 14.41396 5.4193506 163.1 216.79395 853.26 0
2091 12 7.9282737 -0.1342716 125 122.8675328 854.47 0
2092 1 7.1313267 -1.0324315 143.5 86.590843 862.73 0
2092 2 4.2605677 -5.2327065 209.8 108.10243875 863.65 0
2092 3 11.790748 2.0662954 301.6 92.4456177 864.63 0
2092 4 17.245518 5.1604276 391.2 202.80471 866.09 0
2092 5 27.73988 13.203345 461.6 109.1785714 866.63 0
2092 6 32.17959 18.592066 512.7 51.56436 866.08 0
2092 7 33.573723 18.839106 503.7 43.8183078 864.56 0
2092 8 34.289803 20.915415 439.3 39.3251864 861.97 0
2092 9 29.278252 16.34871 346.6 58.557594 860.97 0
2092 10 22.305384 9.590938 255.1 180.598684 860.83 0
2092 11 10.631681 1.5615273 163.1 178.19121 862.26 0
2092 12 5.418012 -3.6857564 125 186.9963617 863.47 0
2093 1 4.6957436 -3.66474 143.5 114.2214654 871.78 0
2093 2 4.995525 -5.135242 209.8 90.1257603 872.7 0
2093 3 9.525843 0.85481936 301.6 176.7589744 873.68 0
2093 4 15.162057 4.821172 391.2 77.610426 875.14 0
2093 5 26.936176 12.540547 461.6 79.9377284 875.68 0
2093 6 31.20805 17.23668 512.7 62.87334 875.13 0
2093 7 33.716965 19.878849 503.7 60.9399519 873.61 0
2093 8 32.11252 18.461582 439.3 55.1686602 871.02 0
2093 9 30.533699 18.334568 346.6 98.718975 870.02 0
2093 10 20.669313 7.6554065 255.1 59.9614865 869.88 0
2093 11 13.942991 4.8151875 163.1 156.837231 871.31 0
2093 12 6.57804 -0.8579115 125 298.998379 872.52 0
2094 1 5.380536 -3.0960374 143.5 118.2369078 880.86 0
2094 2 6.3612723 -3.0563104 209.8 56.99180425 881.78 0
2094 3 9.703087 0.9811528 301.6 202.8829565 882.76 0
2094 4 18.081106 6.3693404 391.2 161.938848 884.22 0
2094 5 26.803446 12.086266 461.6 33.272517 884.76 0
2094 6 30.10376 16.46462 512.7 55.213779 884.21 0
2094 7 33.499012 19.90424 503.7 138.0183178 882.69 0
2094 8 32.235405 19.15713 439.3 110.7243213 880.1 0
2094 9 24.67892 11.602878 346.6 250.57215 879.1 0
2094 10 19.148916 6.1674285 255.1 42.1657753 878.96 0
2094 11 14.048005 4.499249 163.1 193.972092 880.39 0
2094 12 7.3871155 -0.5300801 125 198.707086 881.6 0
2095 1 -0.07993233 -10.990918 143.5 71.2094583 889.98 0
2095 2 4.9501996 -6.533134 209.8 166.37110345 890.9 0
2095 3 9.563453 -1.8838141 301.6 211.4593266 891.88 0
2095 4 16.715517 6.401861 391.2 183.54546 893.34 0
2095 5 23.401655 9.213547 461.6 173.5931087 893.88 0
2095 6 28.276453 16.086134 512.7 191.90487 893.33 0
2095 7 34.135914 20.524223 503.7 50.2880884 891.81 0
2095 8 33.78704 20.00504 439.3 41.3708578 889.22 0
2095 9 27.249804 13.293146 346.6 52.145118 888.22 0
2095 10 21.761442 8.277205 255.1 47.4381096 888.08 0
2095 11 9.708595 0.38210565 163.1 88.079202 889.51 0
2095 12 5.1098404 -3.5701284 125 92.0106722 890.72 0
2096 1 5.2925315 -6.872867 143.5 196.2374927 899.12 0
2096 2 8.232281 -2.0193393 209.8 180.68476825 900.04 0
2096 3 11.288968 2.06361 301.6 130.0995197 901.02 0
2096 4 17.42067 5.854206 391.2 101.428614 902.48 0
2096 5 23.435436 9.759217 461.6 127.299361 903.02 0
2096 6 29.890953 16.428774 512.7 128.482188 902.47 0
2096 7 33.861492 20.015884 503.7 57.1507506 900.95 0
2096 8 33.03895 19.294888 439.3 89.5064488 898.36 0
2096 9 27.514166 13.617703 346.6 156.593628 897.36 0
2096 10 18.311768 6.3584704 255.1 94.207946 897.22 0
2096 11 11.962394 2.0142636 163.1 196.023231 898.65 0
2096 12 5.0308247 -3.285119 125 134.9720067 899.86 0
2097 1 4.844389 -3.764869 143.5 180.8873653 908.29 0
2097 2 5.4065194 -4.994773 209.8 110.944643 909.21 0
2097 3 9.768821 -1.0245109 301.6 162.206415 910.19 0
2097 4 18.579689 7.1495028 391.2 189.083391 911.65 0
2097 5 27.569595 12.625065 461.6 30.7051063 912.19 0
2097 6 31.37141 17.945667 512.7 91.53342 911.64 0
2097 7 33.407127 18.88854 503.7 70.5937301 910.12 0
2097 8 35.339905 21.694399 439.3 39.1262594 907.53 0
2097 9 29.436163 15.788997 346.6 95.01558 906.53 0
2097 10 19.076801 6.827492 255.1 120.8317535 906.39 0
2097 11 9.906334 0.7227805 163.1 92.04639 907.82 0
2097 12 2.9414468 -6.872795 125 134.756008 909.03 0
2098 1 4.0046325 -5.47961 143.5 143.6328704 917.47 0
2098 2 3.7554264 -6.908903 209.8 148.07686675 918.39 0
2098 3 9.898513 -0.7086618 301.6 222.026495 919.37 0
2098 4 16.05522 3.6575909 391.2 79.944084 920.83 0
2098 5 23.393116 10.731996 461.6 79.2980837 921.37 0
2098 6 29.381159 16.177347 512.7 60.024735 920.82 0
2098 7 33.639442 19.39695 503.7 49.7104871 919.3 0
2098 8 35.836998 23.151026 439.3 115.2080652 916.71 0
2098 9 30.454813 17.314932 346.6 78.471015 915.71 0
2098 10 20.695812 7.344485 255.1 40.6703477 915.57 0
2098 11 15.330017 5.3131375 163.1 85.181802 917 0
2098 12 7.4815435 0.6708593 125 79.5306922 918.21 0
2099 1 3.978934 -5.435644 143.5 117.761281 926.67 0
2099 2 5.1993523 -5.6019783 209.8 138.33406325 927.59 0
2099 3 9.207161 0.92982817 301.6 196.3530576 928.57 0
2099 4 17.207577 5.66766 391.2 266.466 930.03 0
2099 5 24.009144 11.189083 461.6 102.737596 930.57 0
2099 6 29.502396 15.90995 512.7 71.16456 930.02 0
2099 7 33.358784 19.721247 503.7 96.233269 928.5 0
2099 8 35.15708 21.720026 439.3 60.4710924 925.91 0
2099 9 28.032417 15.86468 346.6 219.90042 924.91 0
2099 10 22.976112 10.423285 255.1 40.090936 924.77 0
2099 11 12.795071 3.2655 163.1 106.357878 926.2 0
2099 12 7.702906 -1.0491519 125 95.234201 927.41 0
2100-2200 1 3.978934 -5.435644 143.5 117.761281 926.67 0
2100-2200 2 5.1993523 -5.6019783 209.8 138.33406325 927.59 0
2100-2200 3 9.207161 0.92982817 301.6 196.3530576 928.57 0
2100-2200 4 17.207577 5.66766 391.2 266.466 930.03 0
2100-2200 5 24.009144 11.189083 461.6 102.737596 930.57 0
2100-2200 6 29.502396 15.90995 512.7 71.16456 930.02 0
2100-2200 7 33.358784 19.721247 503.7 96.233269 928.5 0
2100-2200 8 35.15708 21.720026 439.3 60.4710924 925.91 0
2100-2200 9 28.032417 15.86468 346.6 219.90042 924.91 0
2100-2200 10 22.976112 10.423285 255.1 40.090936 924.77 0
2100-2200 11 12.795071 3.2655 163.1 106.357878 926.2 0
2100-2200 12 7.702906 -1.0491519 125 95.234201 927.41 0
