Year Month Tmax Tmin PAR Prec CO2 O3
1200-1980 1 -1.40869417242998 -12.1057201271139 143.5 84.953422999966 390 0
1200-1980 2 0.668207960782056 -10.6519659071236 209.8 80.1168871720896 390 0
1200-1980 3 5.2469330657924 -5.74245450594114 301.6 99.2853858262441 390 0
1200-1980 4 12.2389835814994 0.400323252989985 391.2 104.099789496298 390 0
1200-1980 5 18.7380549305134 6.12610444858438 461.6 104.785832266615 390 0
1200-1980 6 23.3865055557382 11.2736580185722 512.7 110.171030653285 390 0
1200-1980 7 26.269414785249 14.2147216395071 503.7 97.451143466382 390 0
1200-1980 8 25.4862250869476 13.389674386083 439.3 97.8457575958585 390 0
1200-1980 9 21.1248736643138 9.06791642837748 346.6 102.959154265004 390 0
1200-1980 10 14.5391713942798 3.06511695414708 255.1 117.153449760033 390 0
1200-1980 11 7.97617053276672 -1.66677503822998 163.1 111.65139315118 390 0
1200-1980 12 1.60539974356243 -7.86177000701591 125 103.516692263951 390 0
1981 1 -4.58487745616422 -17.4383650396406 143.5 24.988499836847 390 0
1981 2 4.52529176799494 -6.84256454444764 209.8 176.542583301945 390 0
1981 3 5.81324560504739 -4.51820717704201 301.6 27.4315008273778 390 0
1981 4 13.5396280708091 1.13113880903563 391.2 90.7639785780698 390 0
1981 5 20.3232055337551 6.47604727739944 461.6 82.6463279372995 390 0
1981 6 24.0270440637647 11.1112732817115 512.7 96.0794198779424 390 0
1981 7 26.1886103220864 14.1485049246713 503.7 137.339523105566 390 0
1981 8 25.1009101072646 12.1456846794288 439.3 79.9044146217445 390 0
1981 9 19.5104352833571 8.96876478073259 346.6 127.207767890105 390 0
1981 10 12.8696031526936 1.55131307067031 255.1 144.137611860243 390 0
1981 11 7.59373626627384 -1.79300524146244 163.1 75.7727558011189 390 0
1981 12 0.798569645309447 -7.2379172700141 125 128.835972808655 390 0
1982 1 -5.28344314849824 -17.791311461364 143.5 104.981224405649 390 0
1982 2 -0.297287574043121 -12.2385590369347 209.8 83.7519659389428 390 0
1982 3 4.44033318233181 -7.36518713315293 301.6 74.0051434887036 390 0
1982 4 10.8698032989044 -1.57621105228627 391.2 112.963110539997 390 0
1982 5 20.0778915378159 5.81903433083223 461.6 49.1963734021134 390 0
1982 6 20.8736771821034 9.73085554715367 512.7 178.863738514297 390 0
1982 7 27.0507735315325 12.9419555361125 503.7 75.9013567491317 390 0
1982 8 23.7443910757924 11.2159031011604 439.3 81.3448475532905 390 0
1982 9 20.8335271149218 8.97570947468737 346.6 67.98186407039 390 0
1982 10 15.3835742578255 1.67212633370185 255.1 45.3176122177154 390 0
1982 11 9.47879004536845 -0.180234234429131 163.1 101.254938273026 390 0
1982 12 4.32104784751776 -5.87375583893075 125 45.4016797963985 390 0
1983 1 -0.194321510424175 -10.6670481430497 143.5 105.979835499306 390 0
1983 2 1.68694224375803 -9.86915039200056 209.8 84.8234315520449 390 0
1983 3 5.55355836579604 -3.09380087596996 301.6 188.552820641317 390 0
1983 4 11.4157847575149 1.23260025034454 391.2 201.03074644718 390 0
1983 5 16.4358171455728 5.94485975053181 461.6 158.575002346338 390 0
1983 6 25.0517404222884 10.733201614835 512.7 53.9649507314709 390 0
1983 7 27.4307796264324 13.5844552059598 503.7 76.9119775558668 390 0
1983 8 26.2954724775259 13.1469263228469 439.3 95.7214706565777 390 0
1983 9 23.6693265145095 8.96913325316567 346.6 52.8947650235458 390 0
1983 10 14.5851538779272 2.70394783176003 255.1 91.7109469489495 390 0
1983 11 7.91737377930174 -1.02236156937454 163.1 244.828568054666 390 0
1983 12 0.059724794473753 -9.6226663651435 125 174.52298229377 390 0
1984 1 -2.85725857541118 -14.2217181073484 143.5 58.0330201486709 390 0
1984 2 3.83132011937362 -6.21738126585791 209.8 140.575030841829 390 0
1984 3 1.67930767658639 -8.49177367246047 301.6 131.420734803404 390 0
1984 4 11.6343194219905 0.589639900084161 391.2 111.726182131918 390 0
1984 5 17.7719067186683 5.02692514396016 461.6 236.751991088728 390 0
1984 6 24.0307971055599 11.0320430227109 512.7 121.145339820923 390 0
1984 7 25.972964624299 14.0808052182909 503.7 116.534649774424 390 0
1984 8 26.426566750267 14.5130210029292 439.3 46.9206086419964 390 0
1984 9 20.6021819297759 6.58826714784732 346.6 36.68490246971 390 0
1984 10 16.1577614068962 3.35793944631225 255.1 80.0098335312143 390 0
1984 11 8.55157826041551 -2.22660574495048 163.1 74.7246199271074 390 0
1984 12 3.43039065787797 -6.34472191801142 125 86.2084151787057 390 0
1985 1 -4.06416182768849 -14.8223135241592 143.5 27.6997074399278 390 0
1985 2 1.28947411943648 -10.1494986015504 209.8 68.9942702758238 390 0
1985 3 6.73924466738466 -5.95965626659821 301.6 79.121570705916 390 0
1985 4 12.6196776913417 -0.013967512574942 391.2 41.4356776448097 390 0
1985 5 19.607568746683 5.4824756078831 461.6 77.3681897689506 390 0
1985 6 21.2343637193486 9.72223828444507 512.7 90.7558333183894 390 0
1985 7 26.9984493793989 13.1765310734326 503.7 61.0122035374983 390 0
1985 8 24.8486246812585 12.1514782144983 439.3 130.989732351019 390 0
1985 9 21.4538125267229 8.8769295725862 346.6 109.780348353716 390 0
1985 10 15.3304873376424 3.03512247459826 255.1 75.8978304667494 390 0
1985 11 7.29368196380669 -1.21570235684786 163.1 142.675121840716 390 0
1985 12 -0.801050175237643 -11.4167401058773 125 55.9259948706666 390 0
1986 1 0.25404379113001 -11.508289313121 143.5 142.116343248489 390 0
1986 2 -0.885745493313525 -12.2666518146203 209.8 61.0382402319968 390 0
1986 3 6.33329588584734 -5.96047683266839 301.6 109.019476859032 390 0
1986 4 14.3201358070641 1.66752083326897 391.2 66.3021907450535 390 0
1986 5 19.3262085635992 6.60405363978815 461.6 80.1214681385161 390 0
1986 6 22.3891098834659 9.34133431957585 512.7 116.801279144427 390 0
1986 7 24.5534063446801 13.3446639479937 503.7 144.271340033019 390 0
1986 8 23.6468056093358 12.4899427982538 439.3 105.089426483843 390 0
1986 9 19.2680931590443 7.39479923899694 346.6 68.1420599476654 390 0
1986 10 14.5600446714645 2.37236683430036 255.1 51.8174127862148 390 0
1986 11 6.13817242155718 -4.00839980765711 163.1 124.846156766917 390 0
1986 12 1.55348058461564 -7.50921433766704 125 121.931549967208 390 0
1987 1 -1.49442829118256 -13.1173020987492 143.5 110.718272583137 390 0
1987 2 -0.373565180192602 -12.6809888359773 209.8 10.6359249091976 390 0
1987 3 6.34068287787972 -5.49904810945981 301.6 74.7003404056926 390 0
1987 4 13.2475708361896 1.87373065161639 391.2 180.260685033262 390 0
1987 5 19.4533857102152 5.45963400678961 461.6 55.2105219781604 390 0
1987 6 23.3624465001072 11.4351847137722 512.7 123.746002001634 390 0
1987 7 26.0559577176417 14.1137905353488 503.7 58.4691820307438 390 0
1987 8 24.8021792175809 11.3585141156428 439.3 72.6229316530568 390 0
1987 9 20.0309402269432 8.9188626569178 346.6 158.831918750107 390 0
1987 10 14.3387478331951 1.67724570311757 255.1 112.499944832263 390 0
1987 11 7.54590697753306 -2.97579631766565 163.1 65.2998934398588 390 0
1987 12 1.92921651012768 -6.30172810170689 125 81.8170810115035 390 0
1988 1 -1.48760145787542 -13.9418623216283 143.5 60.8756727895727 390 0
1988 2 1.05177969073206 -11.3128623153288 209.8 93.458646170364 390 0
1988 3 5.603581010192 -6.45212359134471 301.6 46.3334271515861 390 0
1988 4 11.1714262948034 0.794274147147138 391.2 97.240555066638 390 0
1988 5 19.2442599853523 6.92273916475272 461.6 85.9909863430739 390 0
1988 6 24.194984773596 9.76874651338111 512.7 45.4967830186107 390 0
1988 7 27.1775443038495 15.2624324993201 503.7 160.471415122598 390 0
1988 8 26.5489075054614 14.9481945864807 439.3 126.971588776522 390 0
1988 9 20.6502777786374 7.50925405143297 346.6 49.6620435650558 390 0
1988 10 12.0926229608433 1.86811607845843 255.1 82.8790986613295 390 0
1988 11 8.71338118013553 -1.18412130067404 163.1 179.471473939679 390 0
1988 12 0.523599881830617 -10.369923790106 125 36.804541845274 390 0
1989 1 1.00455598781871 -10.1187300176729 143.5 38.884421724342 390 0
1989 2 -0.313713939588889 -11.3602793816226 209.8 67.7389789612278 390 0
1989 3 4.75086588408846 -7.47376385833443 301.6 67.5347908970291 390 0
1989 4 10.1708850936069 -1.24370878955481 391.2 91.9572463105829 390 0
1989 5 19.7621124373171 7.33580804865173 461.6 195.760682809049 390 0
1989 6 23.12256830978 12.0183590417053 512.7 136.366786721369 390 0
1989 7 26.3419297033748 13.5108111562566 503.7 71.2926462765488 390 0
1989 8 24.7566142189147 12.876331980747 439.3 109.160969655373 390 0
1989 9 21.259119249895 8.96682678266582 346.6 108.80276456742 390 0
1989 10 15.5031780815908 2.83657567924355 255.1 130.103050899527 390 0
1989 11 6.86157141474209 -2.83234154163529 163.1 125.482567161041 390 0
1989 12 -6.0773144740506 -17.7685675844392 125 39.3208158883337 390 0
1990 1 2.50497576552953 -7.15467356457814 143.5 113.558558446794 390 0
1990 2 1.95587096603359 -11.1326054425499 209.8 79.1496992010478 390 0
1990 3 6.71127522373458 -5.96389782654442 301.6 59.9525681127694 390 0
1990 4 12.106383187872 0.769962733380562 391.2 104.727265379379 390 0
1990 5 16.862596350773 5.06746620400939 461.6 170.967644697708 390 0
1990 6 23.6104565900562 11.0244301885505 512.7 92.9699806027563 390 0
1990 7 26.5335757907927 14.3417026047112 503.7 80.5095805628473 390 0
1990 8 26.1426628549138 14.4252058990554 439.3 163.404921258657 390 0
1990 9 20.4566370762611 8.84507349081728 346.6 67.3496712097465 390 0
1990 10 16.2284945931906 5.2938792258299 255.1 177.513471256945 390 0
1990 11 9.08659763291761 -0.994168640370782 163.1 98.9590987622866 390 0
1990 12 4.1352453755342 -5.54942515736893 125 150.413236815743 390 0
1991 1 -1.28787082334188 -12.4363884674061 143.5 72.1243063820881 390 0
1991 2 2.58036276045757 -8.86225474781473 209.8 43.1973146954681 390 0
1991 3 6.19542743946868 -3.59514291740731 301.6 126.164640012066 390 0
1991 4 14.1887878631244 1.18028435118164 391.2 90.2316648447582 390 0
1991 5 21.914018538575 7.33526523566723 461.6 99.9942836081149 390 0
1991 6 24.8796816413042 11.2319006550353 512.7 64.8064163310664 390 0
1991 7 26.5826741826383 13.3693322115534 503.7 64.131844837263 390 0
1991 8 26.2308159797962 14.1006491584959 439.3 213.430263971593 390 0
1991 9 20.4264507100917 7.61763814495777 346.6 146.451458201446 390 0
1991 10 15.6958147187761 3.97700873999994 255.1 98.8443106914969 390 0
1991 11 7.78005808407725 -0.437997766323064 163.1 106.252047115415 390 0
1991 12 1.21517085225233 -9.33448540936469 125 88.0826735393694 390 0
1992 1 -0.833381846948033 -11.5488277647488 143.5 88.6278371882826 390 0
1992 2 0.393398771728206 -10.2661932452647 209.8 67.2542399566616 390 0
1992 3 3.2416024394611 -7.50797037153774 301.6 101.33822555442 390 0
1992 4 10.1524550677794 -0.927567675462562 391.2 64.1282800839795 390 0
1992 5 19.5479815857343 4.46439703898588 461.6 38.5913640329771 390 0
1992 6 23.4490919612217 10.1809420464893 512.7 112.337148667105 390 0
1992 7 24.0968409866197 12.0811955909048 503.7 100.268899956285 390 0
1992 8 23.9819873872659 12.7470932655071 439.3 98.5758502953876 390 0
1992 9 20.8790405775223 8.68684072086213 346.6 74.4651303441475 390 0
1992 10 12.5174750000398 1.53503807271485 255.1 74.0442367638906 390 0
1992 11 5.94363972193738 -2.82020056181136 163.1 113.007493745801 390 0
1992 12 1.37555942253131 -7.57346438469805 125 69.635946090553 390 0
1993 1 -0.322942532141883 -10.3920501633215 143.5 63.482087031501 390 0
1993 2 -3.41640494701429 -16.4524066079008 209.8 89.5118557665574 390 0
1993 3 4.19112059067244 -8.19418587848993 301.6 124.966791191858 390 0
1993 4 12.1847188172659 0.305345312260249 391.2 136.37910643567 390 0
1993 5 19.9158852554144 6.19883169803197 461.6 31.6383092927229 390 0
1993 6 23.7150724596313 10.3753982486813 512.7 86.9154451682208 390 0
1993 7 26.8132841921844 13.8171230544492 503.7 65.1214790512144 390 0
1993 8 26.3457307808033 13.5733758613146 439.3 59.4747141065303 390 0
1993 9 20.1352439550015 9.24934286967033 346.6 111.164668277643 390 0
1993 10 12.896801434229 1.19246750172526 255.1 95.6541889041472 390 0
1993 11 8.18190291956858 -2.7612505796537 163.1 119.160690873133 390 0
1993 12 1.56124956717741 -7.38405702300988 125 131.773896302429 390 0
1994 1 -5.46734071533622 -17.9125756332167 143.5 131.194377600366 390 0
1994 2 -2.33306857525955 -14.8483901596719 209.8 39.5715713651784 390 0
1994 3 4.04045606365338 -5.68504090096048 301.6 140.260774820651 390 0
1994 4 12.3889647252061 0.234654695161295 391.2 86.4766470224736 390 0
1994 5 17.6064628238896 5.12798984478698 461.6 119.180218536006 390 0
1994 6 25.063588498996 12.5663047249506 512.7 72.9972307801612 390 0
1994 7 27.6813938850771 16.0338383405731 503.7 95.8124637031497 390 0
1994 8 24.7267405676011 12.6808692984063 439.3 92.5442405653031 390 0
1994 9 19.6142234285721 8.78685212372912 346.6 135.690621786408 390 0
1994 10 15.492778714329 2.59661851997619 255.1 36.4401738372187 390 0
1994 11 10.3752228888632 -0.94540449192045 163.1 101.835741643771 390 0
1994 12 3.53011323308491 -6.51505822351448 125 106.868430581632 390 0
1995 1 0.548410827356902 -7.55803394114356 143.5 105.347019282984 390 0
1995 2 -0.967572040362179 -13.2069388769663 209.8 73.5042938642702 390 0
1995 3 5.75904735216101 -4.23111918782582 301.6 68.1019428972591 390 0
1995 4 10.5646572153522 -1.60124940286662 391.2 59.175308962172 390 0
1995 5 17.7695593036349 5.30917353575919 461.6 86.5089686166679 390 0
1995 6 25.2434402103513 11.2618537177914 512.7 59.7269824767706 390 0
1995 7 27.486680135264 15.168797937966 503.7 95.6247447047081 390 0
1995 8 26.5760959889975 12.5833249407932 439.3 49.6544527793296 390 0
1995 9 20.344012909495 6.46366805175385 346.6 67.1055803211784 390 0
1995 10 17.1042516129244 4.56584038812788 255.1 211.094441865439 390 0
1995 11 5.58557634182142 -3.10350542876833 163.1 164.177238729031 390 0
1995 12 -1.26127860293381 -10.1837849855701 125 79.4270258001354 390 0
1996 1 -1.45117768473947 -12.4429523182826 143.5 147.255152342105 390 0
1996 2 -0.599735911590625 -10.8882586418992 209.8 84.3528044459818 390 0
1996 3 4.20938367127239 -7.69974659168372 301.6 67.9839576616253 390 0
1996 4 11.3276955508786 0.371050984623882 391.2 168.412691792663 390 0
1996 5 17.6475044674893 4.89591351392095 461.6 127.713318503107 390 0
1996 6 23.5694054925037 11.8405000698018 512.7 89.9842127026787 390 0
1996 7 24.6232550381858 13.7858534111988 503.7 183.566374608906 390 0
1996 8 25.6199918051736 13.5029784527259 439.3 23.6365293202956 390 0
1996 9 20.3948772469881 10.0134933485009 346.6 140.850594187425 390 0
1996 10 13.7795855034678 2.25365179292215 255.1 159.254702997082 390 0
1996 11 5.61139001634233 -3.71456201053134 163.1 73.6379965774535 390 0
1996 12 3.45893015918481 -3.71770203424712 125 183.866906001878 390 0
1997 1 -1.62938739334468 -11.6862666810608 143.5 100.625863814673 390 0
1997 2 1.96333912311163 -9.00324412892998 209.8 61.526346857133 390 0
1997 3 3.17649259932365 -7.13639396556653 301.6 103.781247836331 390 0
1997 4 10.4732642542006 -1.22311572423876 391.2 117.564479378755 390 0
1997 5 15.8043920870101 4.45179655105221 461.6 85.7620070949964 390 0
1997 6 24.4045522742181 10.6646645287734 512.7 54.5116626447014 390 0
1997 7 26.3204309980973 13.2177438039692 503.7 93.2635772846943 390 0
1997 8 24.805846800231 12.8644333992735 439.3 105.458456229651 390 0
1997 9 20.0717149733356 8.74402970350308 346.6 66.9793336221072 390 0
1997 10 13.7844997342254 1.89957359327729 255.1 42.5422965639708 390 0
1997 11 5.72789229905612 -3.02556759514781 163.1 146.151745222777 390 0
1997 12 1.77031043205118 -7.81838161621636 125 72.2993860220811 390 0
1998 1 0.0875480772381985 -8.32207446737914 143.5 139.605700222871 390 0
1998 2 3.3807835300254 -6.81778833407366 209.8 94.6853707888259 390 0
1998 3 6.30776888958121 -4.40234911591623 301.6 111.71936096157 390 0
1998 4 13.5716812493519 0.830526375275604 391.2 77.5731115175141 390 0
1998 5 21.203597467018 7.99200661894153 461.6 92.937346028746 390 0
1998 6 21.3158244821358 11.7473999239651 512.7 229.232850803704 390 0
1998 7 26.2274642772506 13.9458819197333 503.7 66.0562498912569 390 0
1998 8 26.3561661275417 13.6481777605649 439.3 62.0081688347207 390 0
1998 9 21.8807887728222 9.52191744838506 346.6 54.2410816760203 390 0
1998 10 14.2902800533522 3.92000010017176 255.1 144.458042209459 390 0
1998 11 7.32639062312319 -1.14663002510225 163.1 74.083904418026 390 0
1998 12 5.17171760584565 -5.57428598704262 125 43.0142670466029 390 0
1999 1 -0.709198398113426 -12.456781826173 143.5 165.487921016758 390 0
1999 2 2.3582533332545 -8.9482862653261 209.8 68.4185930233099 390 0
1999 3 5.50508407832219 -4.27683472965521 301.6 154.104896534487 390 0
1999 4 13.0971376039429 0.377283855955984 391.2 17.735706644593 390 0
1999 5 20.0816725601672 6.63380539425051 461.6 90.35537451761 390 0
1999 6 26.2994481935981 12.3051276445244 512.7 56.6797805036905 390 0
1999 7 27.7356065319229 15.025881938695 503.7 67.6727207394464 390 0
1999 8 25.3572701064792 12.9651752977098 439.3 74.8962313074395 390 0
1999 9 23.0008629639236 11.458615205539 346.6 241.379936552757 390 0
1999 10 13.7537293821902 1.37024197856136 255.1 106.615718791433 390 0
1999 11 10.4643861017932 0.363435990671009 163.1 86.0442944359171 390 0
1999 12 2.87340912138035 -6.00214803602568 125 61.5683324668747 390 0
2000 1 -1.90217490826826 -12.8205726940917 143.5 96.4884861299403 390 0
2000 2 1.17500466874422 -10.3409896339055 209.8 85.4239470950872 390 0
2000 3 8.27955843903644 -3.43118549441251 301.6 106.325265943907 390 0
2000 4 10.8050046750215 0.79587687864447 391.2 147.033629423504 390 0
2000 5 17.5137018407947 5.97210129024666 461.6 104.275572852353 390 0
2000 6 22.9148302434462 10.895592079342 512.7 107.150453430551 390 0
2000 7 23.943737310816 12.5317702910856 503.7 132.200029905334 390 0
2000 8 23.8318611719509 12.8112712994567 439.3 75.7498762616719 390 0
2000 9 20.514761031134 8.39364813851811 346.6 69.1438127828661 390 0
2000 10 14.8121592207707 2.43062116618766 255.1 81.4830867393508 390 0
2000 11 7.22567720116967 -0.745693532375269 163.1 87.0989461214417 390 0
2000 12 -0.727370244511388 -10.6583667692213 125 116.631897603667 390 0
2001 1 -1.17690831233944 -12.9476982397223 143.5 37.8562507135703 390 0
2001 2 0.286169128369192 -11.6190576673208 209.8 79.973465013781 390 0
2001 3 2.65291269022802 -6.87821075850854 301.6 160.53320378148 390 0
2001 4 11.7993473280292 -0.741665534696141 391.2 30.6722625299576 390 0
2001 5 20.3358122976247 6.19799270375364 461.6 53.0950609918104 390 0
2001 6 24.5701006921536 12.2886419749702 512.7 121.602432494827 390 0
2001 7 25.0508627229582 12.4944257152611 503.7 76.942406585186 390 0
2001 8 27.6043351474799 14.4088398750177 439.3 33.7880862429251 390 0
2001 9 22.1472510399913 9.01202614007415 346.6 106.287725414372 390 0
2001 10 16.3719331757656 2.88877386377286 255.1 32.9709100837248 390 0
2001 11 9.81127434752906 -0.513987315835743 163.1 55.908210756092 390 0
2001 12 4.69664096808712 -4.70449961557329 125 70.9703556368292 390 0
2002 1 1.80611488139933 -7.34122173682495 143.5 63.6620480299227 390 0
2002 2 2.74408712788131 -9.0961126430775 209.8 82.9771253145734 390 0
2002 3 5.10906333967869 -5.01344703626727 301.6 105.543390565573 390 0
2002 4 12.668759533316 1.35002575840701 391.2 114.835225529759 390 0
2002 5 17.0705804076604 4.76996436629765 461.6 106.851070245157 390 0
2002 6 22.3506506014658 10.48247260772 512.7 123.49669261269 390 0
2002 7 26.5186621976612 14.141442448565 503.7 56.1317963139887 390 0
2002 8 27.760398568156 14.2451695018772 439.3 54.9490890866694 390 0
2002 9 23.1182677032593 10.465322621743 346.6 102.71102704285 390 0
2002 10 12.8535972187533 2.08069745684663 255.1 95.8020264985179 390 0
2002 11 5.85223950710875 -2.58558346248108 163.1 138.318700693896 390 0
2002 12 0.953974714452891 -8.90708553587987 125 104.741805434848 390 0
2003 1 -4.91943420236015 -15.6650475412614 143.5 59.9227686125972 390 0
2003 2 -2.52483772688671 -13.5207796060422 209.8 79.2505579007774 390 0
2003 3 4.92177812299501 -7.9412108273821 301.6 92.8182953320342 390 0
2003 4 10.1017409235009 -1.52476957596398 391.2 71.2514950420431 390 0
2003 5 16.8200484862723 5.88961858029195 461.6 100.625932836081 390 0
2003 6 22.9010832610734 11.6056236487892 512.7 80.926302603508 390 0
2003 7 26.2191283825278 14.5251775737315 503.7 59.1447927438421 390 0
2003 8 25.8423845740156 15.1356533650698 439.3 126.075633892049 390 0
2003 9 21.570399016924 9.95110166010515 346.6 148.673864618958 390 0
2003 10 13.7240388789199 2.48634512372788 255.1 177.085570661206 390 0
2003 11 8.84999864050442 -0.933719722353069 163.1 100.378091717655 390 0
2003 12 2.18474593844825 -7.79189043371499 125 157.097616609824 390 0
2004 1 -6.32579512712042 -15.5380191727221 143.5 24.8793042096654 390 0
2004 2 0.539692668128414 -11.5268262173343 209.8 41.8682455322354 390 0
2004 3 5.63792879468203 -4.37894050394657 301.6 44.9835858302771 390 0
2004 4 11.9359028493357 0.479273352557473 391.2 139.673447207258 390 0
2004 5 19.4410972474959 6.95250938040852 461.6 118.445216019699 390 0
2004 6 22.1989565536177 9.68913220989538 512.7 60.2046413643937 390 0
2004 7 24.3082130239566 14.1144350701182 503.7 105.040241739907 390 0
2004 8 24.9033637724317 14.0193306896852 439.3 139.842289447608 390 0
2004 9 21.4531123093233 9.40241676663499 346.6 120.209484607041 390 0
2004 10 14.3027791010903 3.27084109920945 255.1 54.9275114498011 390 0
2004 11 8.20863382796368 -2.23183799673946 163.1 105.679226376766 390 0
2004 12 0.847457182440854 -8.71084265174785 125 108.695647669359 390 0
2005 1 -2.91775393167159 -13.6968078537539 143.5 88.1298818099932 390 0
2005 2 1.57561887131079 -10.9211747500625 209.8 75.0933959872716 390 0
2005 3 3.49706788274652 -7.9524064312021 301.6 117.64486495815 390 0
2005 4 13.8499607258226 0.624575742975166 391.2 173.688295005526 390 0
2005 5 14.730027893982 4.73996863798418 461.6 149.034915769248 390 0
2005 6 24.8189050078352 12.7359912300304 512.7 99.1302627408413 390 0
2005 7 26.5983342485872 14.77731336565 503.7 85.7746948588565 390 0
2005 8 26.3238613227277 14.531868309566 439.3 88.2251897952146 390 0
2005 9 23.1938706124384 10.6371964063743 346.6 78.3772493342927 390 0
2005 10 13.926552708561 5.57400530954887 255.1 364.819861610148 390 0
2005 11 9.03686879462616 -1.58055473467902 163.1 150.106279905396 390 0
2005 12 0.829404817880225 -8.51716194793518 125 122.847573456671 390 0
2006 1 2.48317923795987 -7.25107137386405 143.5 119.847406257073 390 0
2006 2 0.494976672099407 -9.54965329467406 209.8 65.3197776800424 390 0
2006 3 5.33108030121622 -5.51450962608264 301.6 28.8556211841156 390 0
2006 4 13.9022514491657 0.977516402100885 391.2 73.5490883676874 390 0
2006 5 17.949907733445 7.35860354059022 461.6 192.66034290124 390 0
2006 6 22.6643580221239 13.5976957130462 512.7 217.81614090641 390 0
2006 7 27.400636788361 16.1386397790005 503.7 126.610072015533 390 0
2006 8 24.3161541824524 12.8198950645015 439.3 94.2182236188401 390 0
2006 9 20.4513670503962 9.04907774161931 346.6 74.4455376469153 390 0
2006 10 14.0450457689236 3.11139025436294 255.1 191.680928845692 390 0
2006 11 10.2619103221269 1.14734327117993 163.1 133.111136206224 390 0
2006 12 5.08218074463562 -3.95364234634535 125 78.3207957960543 390 0
2007 1 0.141310883682562 -9.61782417391741 143.5 79.020989220404 390 0
2007 2 -3.08503149806233 -14.1573305832348 209.8 52.7880118518479 390 0
2007 3 4.72512268093756 -7.32444235570536 301.6 111.889095367267 390 0
2007 4 9.69405573685994 -0.242401283072567 391.2 198.889512013489 390 0
2007 5 19.7256639924332 6.00664775924321 461.6 78.7504657537927 390 0
2007 6 23.4524730918689 11.4367491978703 512.7 74.7071040431638 390 0
2007 7 25.1124897133347 13.80427022314 503.7 102.158366144334 390 0
2007 8 25.7873925508149 12.9402195008417 439.3 62.7821814429049 390 0
2007 9 22.399063396692 9.36371381496259 346.6 76.8050363561582 390 0
2007 10 17.0599955278776 6.08419918431497 255.1 126.930579690366 390 0
2007 11 6.67615869336221 -2.85520790730672 163.1 127.192188621082 390 0
2007 12 -0.471719145625218 -9.45564350290993 125 121.047377468949 390 0
2008 1 0.378420634320898 -10.3056908640999 143.5 71.7542882178772 390 0
2008 2 0.437957283713611 -9.82950533834373 209.8 205.628463788834 390 0
2008 3 3.52958191905673 -7.0164601713184 301.6 132.460127148312 390 0
2008 4 13.8957970312849 0.656390326442033 391.2 110.936711179216 390 0
2008 5 18.068352423581 5.02116211768865 461.6 33.9218901099436 390 0
2008 6 23.2421110528455 12.5536428026774 512.7 127.66316654751 390 0
2008 7 26.54465766976 15.3552115609457 503.7 138.496400669865 390 0
2008 8 23.6381740525755 12.9625066397515 439.3 126.112043162119 390 0
2008 9 20.9680679505991 9.66653967737986 346.6 204.899932849815 390 0
2008 10 14.0191560212121 2.39811992618893 255.1 90.1578694385363 390 0
2008 11 7.31960758759215 -1.56498085725052 163.1 122.151735042245 390 0
2008 12 1.8511840234126 -8.42526150740737 125 155.253240652554 390 0
2009 1 -4.22249807248956 -16.1100877837232 143.5 78.377640431822 390 0
2009 2 0.8111650363471 -11.0850772137487 209.8 61.6142181767402 390 0
2009 3 4.99871648763516 -6.57353421484586 301.6 74.930451281767 390 0
2009 4 13.6144018955393 1.33283574060836 391.2 104.473953917973 390 0
2009 5 18.4880672746513 6.42551386294023 461.6 107.68457227841 390 0
2009 6 20.6899642577373 11.3621326443839 512.7 181.035971120488 390 0
2009 7 23.1462438932784 13.3742879609071 503.7 184.205114024265 390 0
2009 8 25.9329411764709 14.5916135480727 439.3 136.828024372813 390 0
2009 9 20.511792857037 7.77084320749336 346.6 40.7475117113004 390 0
2009 10 11.8702717479088 2.38428593373009 255.1 147.923903670714 390 0
2009 11 10.4433369491041 0.42423001368711 163.1 111.327459810952 390 0
2009 12 0.915190318520414 -8.0423407369546 125 127.241944277283 390 0
2010 1 -0.541828226639866 -9.67789139910674 143.5 90.3137649066292 390 0
2010 2 0.84026593714644 -6.81255375609734 209.8 113.066627390006 390 0
2010 3 8.70547288367983 -1.83114249426818 301.6 190.575778372645 390 0
2010 4 15.052969086818 2.59456170118252 391.2 56.4642030415597 390 0
2010 5 21.1856125131116 7.3842305198167 461.6 54.1878533477793 390 0
2010 6 23.4137485479801 12.1315959452615 512.7 112.276396166374 390 0
2010 7 27.7106398257498 15.9591947859199 503.7 86.9162617732157 390 0
2010 8 25.8034419675064 13.7266372861535 439.3 70.6051792490999 390 0
2010 9 22.253607111718 10.9480052463052 346.6 82.999086413583 390 0
2010 10 14.3527620332364 3.83353984944547 255.1 194.815132761675 390 0
2010 11 7.85289979347543 -1.292415088187 163.1 120.841973607955 390 0
2010 12 0.494517394607634 -7.80174182123873 125 144.064042445636 390 0
2011 1 -1.97693884087272 -12.7656359673361 143.5 74.1285582604312 390 0
2011 2 -0.361085134747236 -13.0227211508224 209.8 86.7700880141245 390 0
2011 3 4.57746464849804 -5.73538366443114 301.6 137.865957412209 390 0
2011 4 11.7800732378154 1.21061260445185 391.2 145.282419691192 390 0
2011 5 18.1196000503418 8.18665078095553 461.6 110.100450580434 390 0
2011 6 22.7096821097915 11.3812982045349 512.7 110.443966636928 390 0
2011 7 27.6005728874931 15.1168845991591 503.7 64.6431213503279 390 0
2011 8 25.1639957315949 14.1568168002452 439.3 217.106437488692 390 0
2011 9 22.1149681585345 11.6086561492742 346.6 146.643850223159 390 0
2011 10 14.7604060409725 5.28619259961867 255.1 152.359353840875 390 0
2011 11 10.9712855973326 -0.498368149317551 163.1 83.556558633269 390 0
2011 12 4.49794958925589 -5.51437119980691 125 107.900405446915 390 0
2012 1 0.51802963526158 -9.0804729057182 143.5 84.9687599871083 390 0
2012 2 2.91610735786978 -7.72081177550745 209.8 33.4121818190171 390 0
2012 3 9.94040083862244 -1.93852900623234 301.6 51.4523715715291 390 0
2012 4 13.7884189467338 1.02475645195347 391.2 93.3791143783776 390 0
2012 5 19.4857288704092 8.65408378194884 461.6 143.126073255838 390 0
2012 6 22.4807837162309 11.5632545745831 512.7 152.78886365218 390 0
2012 7 27.6629325316725 15.0826279456011 503.7 56.6665419582422 390 0
2012 8 26.8207290868712 14.8374566547763 439.3 110.227326433356 390 0
2012 9 21.0452952764866 9.15678122204915 346.6 125.760221227918 390 0
2012 10 15.3765936501441 5.70165462556838 255.1 158.560574621042 390 0
2012 11 7.21339498940612 -2.51476101042515 163.1 24.8045662541568 390 0
2012 12 2.7743595072124 -5.40011750912468 125 141.889954775138 390 0
2013 1 -0.562774128915143 -11.1331576345717 143.5 32.5269912074785 390 0
2013 2 0.371049549352608 -8.94797866616841 209.8 91.9400089668126 390 0
2013 3 4.65086863933218 -4.46487710883623 301.6 64.0455121536938 390 0
2013 4 11.9527979630382 -0.0991139592731135 391.2 59.0790614908131 390 0
2013 5 19.0655848564541 6.05417687512393 461.6 139.90266911563 390 0
2013 6 23.5097424171593 12.2151336919243 512.7 183.019773408638 390 0
2013 7 27.2019551457335 16.7188318735083 503.7 126.72566478254 390 0
2013 8 25.0026145220181 12.7346960698883 439.3 100.590601107036 390 0
2013 9 20.8974410100018 9.25989527717223 346.6 134.28123969932 390 0
2013 10 15.9524805902941 3.93911972886159 255.1 35.7116060841475 390 0
2013 11 7.31309239136609 -3.23362054585124 163.1 106.354553514062 390 0
2013 12 -0.518416709830013 -9.45741648471103 125 101.62905310883 390 0
2014 1 -0.34481832 -9.797968 143.5 60.3799989 390 0
2014 2 4.604732 -4.8262267 209.8 63.586605725 390 0
2014 3 4.7737374 -6.313925 301.6 60.9936749 390 0
2014 4 13.165081 2.4580946 391.2 227.66826 390 0
2014 5 19.744781 6.0876517 461.6 81.6714964 390 0
2014 6 24.870428 12.426332 512.7 145.458399 390 0
2014 7 29.86608 16.213766 503.7 66.9836902 390 0
2014 8 27.160877 12.8067 439.3 62.2089586 390 0
2014 9 24.056278 10.887183 346.6 95.117019 390 0
2014 10 17.447676 5.5295677 255.1 173.4838833 390 0
2014 11 10.310901 -0.43879792 163.1 69.167175 390 0
2014 12 5.432167 -3.3630393 125 103.3436398 390 0
2015 1 -0.0808708 -9.864399 143.5 175.785686 390 0
2015 2 -0.017582532 -11.771226 209.8 175.385556975 390 0
2015 3 3.9811416 -5.6639137 301.6 129.087007 390 0
2015 4 14.390357 2.7300935 391.2 83.342706 390 0
2015 5 17.612957 5.5894074 461.6 210.548404 390 0
2015 6 25.4274 11.55213 512.7 33.544791 390 0
2015 7 27.388292 14.0386715 503.7 83.6596907 390 0
2015 8 27.556307 14.351934 439.3 52.8607257 390 0
2015 9 22.387238 10.137063 346.6 65.384925 390 0
2015 10 17.937588 5.2245197 255.1 174.3773653 390 0
2015 11 11.151945 1.184354 163.1 163.183665 390 0
2015 12 3.9412725 -5.431244 125 125.7650966 390 0
2016 1 -1.7089856 -12.9665785 143.5 106.1283109 390 0
2016 2 1.8332994 -11.270173 209.8 119.24752705 390 0
2016 3 2.0264056 -8.514373 301.6 113.5071727 390 0
2016 4 13.362459 1.4711443 391.2 169.627434 390 0
2016 5 17.102045 5.311474 461.6 144.326049 390 0
2016 6 26.28132 12.92942 512.7 74.155476 390 0
2016 7 27.998617 13.962484 503.7 42.0377763 390 0
2016 8 28.243456 15.453158 439.3 77.3968878 390 0
2016 9 21.43816 8.57896 346.6 145.97967 390 0
2016 10 14.543628 2.8298051 255.1 230.9367785 390 0
2016 11 7.6984363 -1.6729738 163.1 122.504841 390 0
2016 12 1.0167716 -8.254545 125 36.4708118 390 0
2017 1 2.555365 -7.0611963 143.5 258.652127 390 0
2017 2 1.8530835 -9.408046 209.8 47.006279575 390 0
2017 3 2.5741525 -7.0273376 301.6 138.109774 390 0
2017 4 12.502429 1.2654599 391.2 152.82765 390 0
2017 5 21.356733 7.175703 461.6 195.5503095 390 0
2017 6 24.525871 11.293533 512.7 70.359255 390 0
2017 7 26.461767 14.188445 503.7 168.2095526 390 0
2017 8 26.05018 12.603284 439.3 37.2219666 390 0
2017 9 20.79919 7.490708 346.6 69.554628 390 0
2017 10 16.15544 2.86086 255.1 70.5368668 390 0
2017 11 9.643056 0.70181316 163.1 156.069159 390 0
2017 12 1.5753973 -7.7018213 125 35.1091585 390 0
2018 1 3.4336834 -6.8535466 143.5 80.9186428 390 0
2018 2 4.5886536 -5.8054166 209.8 72.2356116 390 0
2018 3 8.166027 -2.9510565 301.6 46.6252462 390 0
2018 4 13.565244 1.7200054 391.2 121.329045 390 0
2018 5 20.793673 7.565618 461.6 191.821893 390 0
2018 6 24.916052 12.941619 512.7 80.037123 390 0
2018 7 27.651306 14.37553 503.7 101.4278708 390 0
2018 8 24.894886 12.289064 439.3 108.2596756 390 0
2018 9 21.37784 10.187276 346.6 132.61077 390 0
2018 10 16.495981 3.8395975 255.1 47.7508624 390 0
2018 11 12.142692 2.0095313 163.1 206.281872 390 0
2018 12 5.3396597 -4.2420754 125 243.2869677 390 0
2019 1 4.038191 -7.103139 143.5 70.171414 390 0
2019 2 1.220221 -10.938836 209.8 104.2991695 390 0
2019 3 6.486943 -4.0795956 301.6 110.395805 390 0
2019 4 13.740427 1.6701782 391.2 89.877891 390 0
2019 5 20.205275 7.085761 461.6 85.1701316 390 0
2019 6 27.884153 14.39508 512.7 78.402456 390 0
2019 7 28.955229 15.562601 503.7 83.6119972 390 0
2019 8 28.26965 15.891096 439.3 111.1597752 390 0
2019 9 21.861385 10.1837 346.6 53.369361 390 0
2019 10 16.452011 4.04128 255.1 103.1595091 390 0
2019 11 8.721364 -0.35973397 163.1 198.431238 390 0
2019 12 3.867314 -4.9761114 125 129.95045 390 0
2020 1 1.9451904 -8.698751 143.5 61.6320145 390 0
2020 2 3.8729367 -9.009287 209.8 74.456335625 390 0
2020 3 6.2662444 -4.0822954 301.6 86.0344922 390 0
2020 4 14.147769 1.6721538 391.2 70.82946 390 0
2020 5 18.796312 5.5738735 461.6 77.8869916 390 0
2020 6 24.970373 11.862609 512.7 93.503931 390 0
2020 7 27.712677 15.004944 503.7 74.3222427 390 0
2020 8 26.087244 13.960613 439.3 119.2305074 390 0
2020 9 22.915937 9.904872 346.6 65.879022 390 0
2020 10 16.092546 3.8874834 255.1 128.073741 390 0
2020 11 8.514088 -0.23259659 163.1 168.737241 390 0
2020 12 2.4443047 -6.2909 125 84.4203098 390 0
2021 1 -0.6139776 -10.4043255 143.5 114.0386708 390 0
2021 2 2.0637493 -10.311718 209.8 96.46417325 390 0
2021 3 6.476388 -4.7613015 301.6 139.7825123 390 0
2021 4 13.515207 0.81821704 391.2 47.722704 390 0
2021 5 20.424925 6.356841 461.6 110.6128732 390 0
2021 6 27.178373 13.935114 512.7 110.148876 390 0
2021 7 29.023235 15.480039 503.7 82.8895515 390 0
2021 8 27.436869 14.772195 439.3 102.4536856 390 0
2021 9 24.551847 10.5894575 346.6 52.079625 390 0
2021 10 16.67091 5.268915 255.1 156.6270195 390 0
2021 11 9.924135 -0.13192196 163.1 136.876389 390 0
2021 12 4.0038056 -4.8656096 125 80.8978232 390 0
2022 1 0.9308916 -8.791134 143.5 42.197386 390 0
2022 2 2.043706 -10.322268 209.8 52.563167575 390 0
2022 3 6.0564866 -3.4168725 301.6 117.3280033 390 0
2022 4 13.851535 1.6745136 391.2 88.71102 390 0
2022 5 21.558058 7.001199 461.6 73.846619 390 0
2022 6 27.0355 13.194163 512.7 139.57644 390 0
2022 7 28.65391 15.302817 503.7 89.1761686 390 0
2022 8 24.801502 12.886998 439.3 183.0256213 390 0
2022 9 21.115713 9.388743 346.6 95.732559 390 0
2022 10 13.572482 1.9040962 255.1 66.0046668 390 0
2022 11 8.712972 -0.37923908 163.1 178.516575 390 0
2022 12 4.9671226 -3.7958305 125 123.0425495 390 0
2023 1 0.92470473 -8.891191 143.5 121.1094546 390 0
2023 2 0.13026099 -12.005916 209.8 53.652645775 390 0
2023 3 1.9690669 -9.224069 301.6 82.0527158 390 0
2023 4 15.113524 3.0896797 391.2 116.223915 390 0
2023 5 20.556355 6.761992 461.6 77.9620767 390 0
2023 6 23.340816 10.87934 512.7 102.751194 390 0
2023 7 29.036417 16.553667 503.7 146.0466296 390 0
2023 8 27.042177 13.596621 439.3 52.2873559 390 0
2023 9 21.384764 9.395167 346.6 143.66514 390 0
2023 10 16.241955 3.3703685 255.1 32.494107 390 0
2023 11 11.721919 1.8458009 163.1 71.28165 390 0
2023 12 4.4956055 -4.1821275 125 108.0383232 390 0
2024 1 -0.67603326 -11.946055 143.5 108.1025862 390 0
2024 2 3.5293183 -7.4053297 209.8 79.256061475 390 0
2024 3 7.6121035 -2.9408734 301.6 64.011001 390 0
2024 4 14.811399 2.1561155 391.2 102.295596 390 0
2024 5 21.703684 6.852455 461.6 98.4806512 390 0
2024 6 23.503359 11.96928 512.7 126.605445 390 0
2024 7 29.293203 16.024628 503.7 76.393114 390 0
2024 8 28.018133 15.141566 439.3 87.8766331 390 0
2024 9 20.83603 8.138525 346.6 183.607179 390 0
2024 10 17.541769 5.2591147 255.1 96.4792137 390 0
2024 11 9.773892 -0.001986762 163.1 85.853025 390 0
2024 12 1.5422136 -10.692384 125 172.42913 390 0
2025 1 1.367641 -8.66388 143.5 162.648165 390 0
2025 2 0.6320326 -11.580534 209.8 53.92074675 390 0
2025 3 4.8420663 -6.594888 301.6 189.1269297 390 0
2025 4 11.076304 -0.47912496 391.2 112.971675 390 0
2025 5 19.731312 6.642048 461.6 200.5737324 390 0
2025 6 24.960249 12.491479 512.7 127.9263 390 0
2025 7 28.54248 14.897772 503.7 113.513909 390 0
2025 8 26.357155 13.538089 439.3 101.798203 390 0
2025 9 23.157345 11.465264 346.6 65.464311 390 0
2025 10 15.181898 2.8913145 255.1 147.432497 390 0
2025 11 12.399664 2.6759965 163.1 106.576158 390 0
2025 12 8.528467 -1.3917977 125 136.5061657 390 0
2026 1 -0.67917734 -10.738197 143.5 22.51993977 390 0
2026 2 0.13526282 -11.54752 209.8 78.931237325 390 0
2026 3 3.2202795 -6.857093 301.6 60.273114 390 0
2026 4 11.087658 -0.2367833 391.2 118.842708 390 0
2026 5 18.45302 6.6157174 461.6 105.4795212 390 0
2026 6 26.341364 12.561327 512.7 72.9372 390 0
2026 7 27.886614 15.488578 503.7 146.6419877 390 0
2026 8 27.440926 14.50031 439.3 119.1786072 390 0
2026 9 21.718737 9.108113 346.6 79.712706 390 0
2026 10 13.898742 2.613594 255.1 122.9034463 390 0
2026 11 8.786912 0.089652486 163.1 90.647019 390 0
2026 12 6.232423 -2.4554493 125 178.272568 390 0
2027 1 -1.7959448 -11.74164 143.5 43.259229 390 0
2027 2 1.5236707 -10.125898 209.8 73.51554 390 0
2027 3 4.16624 -5.5879254 301.6 95.601334 390 0
2027 4 14.617657 2.2742386 391.2 99.215004 390 0
2027 5 17.744806 6.247336 461.6 74.2465748 390 0
2027 6 25.27033 13.65488 512.7 166.58478 390 0
2027 7 28.475388 15.838602 503.7 127.2879654 390 0
2027 8 28.233479 14.333146 439.3 51.456931 390 0
2027 9 22.67869 10.420818 346.6 59.018724 390 0
2027 10 17.553694 5.616187 255.1 112.0299235 390 0
2027 11 8.716579 -0.35303497 163.1 164.410872 390 0
2027 12 2.63799 -7.9153886 125 40.2430747 390 0
2028 1 -3.6876454 -15.661169 143.5 110.151215 390 0
2028 2 -0.3091925 -12.3788395 209.8 82.224435875 390 0
2028 3 4.580051 -4.447595 301.6 115.5344053 390 0
2028 4 11.170389 -0.47924185 391.2 83.26188 390 0
2028 5 19.45683 6.0740714 461.6 66.8411708 390 0
2028 6 25.737123 12.116827 512.7 52.755261 390 0
2028 7 29.202393 16.163311 503.7 99.699348 390 0
2028 8 29.776207 16.712236 439.3 55.2773059 390 0
2028 9 28.301119 15.676826 346.6 105.66945 390 0
2028 10 21.33219 8.271047 255.1 58.9344534 390 0
2028 11 13.859488 3.067152 163.1 129.434022 390 0
2028 12 4.216584 -4.5284934 125 138.144246 390 0
2029 1 0.11575986 -9.843446 143.5 77.7492307 390 0
2029 2 2.220984 -9.75419 209.8 73.829405975 390 0
2029 3 6.089408 -3.551882 301.6 89.0339003 390 0
2029 4 14.980395 3.095704 391.2 75.571023 390 0
2029 5 19.12115 6.3904285 461.6 171.9108472 390 0
2029 6 24.693748 12.201448 512.7 112.912473 390 0
2029 7 27.668144 14.801767 503.7 104.2484089 390 0
2029 8 26.364775 13.647794 439.3 117.462348 390 0
2029 9 24.313206 11.389421 346.6 40.629075 390 0
2029 10 15.371852 2.2563424 255.1 118.2742318 390 0
2029 11 11.4128475 1.0958213 163.1 82.203819 390 0
2029 12 5.8582253 -2.4509032 125 118.0071172 390 0
2030 1 -1.1045055 -10.938954 143.5 136.89972 390 0
2030 2 2.06873 -8.114909 209.8 76.1032965 390 0
2030 3 5.9668746 -4.9326577 301.6 104.0717864 390 0
2030 4 15.049518 2.5632577 391.2 65.877822 390 0
2030 5 22.659513 8.563608 461.6 124.29295 390 0
2030 6 22.377596 10.994353 512.7 103.798299 390 0
2030 7 28.220524 15.421948 503.7 113.188626 390 0
2030 8 26.358887 13.571007 439.3 60.1348385 390 0
2030 9 21.784641 9.889264 346.6 60.843195 390 0
2030 10 15.633573 5.513582 255.1 258.782823 390 0
2030 11 11.299246 1.1629403 163.1 81.222246 390 0
2030 12 2.3318927 -6.761793 125 243.4178156 390 0
2031 1 -2.9065661 -15.020874 143.5 114.7002604 390 0
2031 2 3.2839677 -8.317445 209.8 92.810439725 390 0
2031 3 6.2266264 -3.8451104 301.6 105.590247 390 0
2031 4 13.618375 2.4583473 391.2 107.005398 390 0
2031 5 18.13521 6.193471 461.6 60.3795091 390 0
2031 6 25.990368 12.872989 512.7 65.426124 390 0
2031 7 27.641994 14.93014 503.7 73.6776907 390 0
2031 8 26.531054 13.799835 439.3 111.6756214 390 0
2031 9 22.337944 10.434395 346.6 142.81485 390 0
2031 10 16.148048 3.3985946 255.1 47.0646371 390 0
2031 11 8.424041 -1.0356306 163.1 183.871521 390 0
2031 12 3.8240664 -4.6965446 125 276.112319 390 0
2032 1 0.66377336 -10.071095 143.5 71.6554677 390 0
2032 2 3.2466648 -7.448559 209.8 74.605591675 390 0
2032 3 3.5549743 -8.33796 301.6 43.3552143 390 0
2032 4 16.49561 4.274478 391.2 79.181772 390 0
2032 5 21.788462 7.4105597 461.6 83.3804024 390 0
2032 6 25.900763 12.727392 512.7 104.393835 390 0
2032 7 28.647133 16.115705 503.7 102.225507 390 0
2032 8 28.971483 16.706944 439.3 104.1131962 390 0
2032 9 23.16404 9.544843 346.6 33.22071 390 0
2032 10 16.363913 4.2721605 255.1 203.22019 390 0
2032 11 10.238366 -0.11392352 163.1 128.07336 390 0
2032 12 5.42778 -3.8907328 125 158.6223314 390 0
2033 1 1.6213971 -9.644378 143.5 30.5122646 390 0
2033 2 2.1934986 -9.609971 209.8 99.142372125 390 0
2033 3 7.1614842 -3.5601327 301.6 91.786474 390 0
2033 4 14.819108 3.9353912 391.2 109.783467 390 0
2033 5 22.32054 8.789472 461.6 144.732056 390 0
2033 6 26.243874 13.148543 512.7 138.155079 390 0
2033 7 29.762905 15.436955 503.7 47.9361618 390 0
2033 8 27.228256 14.811725 439.3 160.2790644 390 0
2033 9 20.902758 7.530855 346.6 108.525723 390 0
2033 10 14.522065 2.425297 255.1 37.2156519 390 0
2033 11 9.104071 -0.27675056 163.1 107.48124 390 0
2033 12 5.7067027 -2.5909655 125 265.598886 390 0
2034 1 2.5928266 -7.0170527 143.5 246.7252645 390 0
2034 2 4.683359 -8.060085 209.8 194.58845775 390 0
2034 3 8.428758 -3.2861447 301.6 72.3515355 390 0
2034 4 16.037247 3.9693737 391.2 101.51778 390 0
2034 5 18.8066 7.8181505 461.6 271.787044 390 0
2034 6 29.482182 15.617938 512.7 124.89645 390 0
2034 7 29.059715 16.637196 503.7 196.1944616 390 0
2034 8 28.986982 16.295588 439.3 84.4681025 390 0
2034 9 23.322376 10.045222 346.6 35.103261 390 0
2034 10 18.507734 6.8532367 255.1 132.0183825 390 0
2034 11 8.710917 -1.2281258 163.1 108.637041 390 0
2034 12 1.1894522 -8.847539 125 207.7729585 390 0
2035 1 3.6565776 -6.5234833 143.5 157.0117357 390 0
2035 2 3.2305303 -8.114789 209.8 60.4237781 390 0
2035 3 8.454008 -1.5076293 301.6 106.2372015 390 0
2035 4 16.415493 3.699312 391.2 77.132298 390 0
2035 5 21.101212 8.11256 461.6 219.6908465 390 0
2035 6 25.507725 13.581026 512.7 91.93644 390 0
2035 7 29.304403 16.212038 503.7 96.2072476 390 0
2035 8 28.488503 14.952188 439.3 57.4866077 390 0
2035 9 22.570845 9.880673 346.6 37.902552 390 0
2035 10 16.97219 3.3745053 255.1 98.4961233 390 0
2035 11 12.483227 1.898289 163.1 140.799351 390 0
2035 12 7.96245 -1.9015918 125 78.8922007 390 0
2036 1 6.3772955 -1.9135405 143.5 136.6594855 390 0
2036 2 2.3443356 -8.504793 209.8 96.534092 390 0
2036 3 7.316175 -1.5655642 301.6 54.4278687 390 0
2036 4 14.396378 2.2403705 391.2 84.92292 390 0
2036 5 19.80249 9.008002 461.6 159.116924 390 0
2036 6 26.867882 14.104319 512.7 181.338285 390 0
2036 7 28.505163 16.35494 503.7 85.284069 390 0
2036 8 27.262074 15.806596 439.3 103.8152676 390 0
2036 9 22.722054 10.0088625 346.6 68.799999 390 0
2036 10 18.791151 6.799861 255.1 91.9048878 390 0
2036 11 12.105266 2.0918074 163.1 85.31556 390 0
2036 12 5.673393 -3.4167137 125 149.710036 390 0
2037 1 3.237348 -5.9467983 143.5 116.1443675 390 0
2037 2 4.742064 -6.1598744 209.8 80.2909522 390 0
2037 3 7.411425 -3.605293 301.6 78.2101015 390 0
2037 4 16.379269 4.3224244 391.2 86.028456 390 0
2037 5 22.872164 9.112096 461.6 67.5224175 390 0
2037 6 28.070223 14.424648 512.7 108.09453 390 0
2037 7 29.664288 16.066015 503.7 44.1983244 390 0
2037 8 28.878756 15.861564 439.3 85.136168 390 0
2037 9 23.348509 10.766422 346.6 94.883982 390 0
2037 10 19.267776 7.207588 255.1 124.6973977 390 0
2037 11 9.309095 0.12249151 163.1 197.455902 390 0
2037 12 4.730767 -3.9996102 125 99.6975531 390 0
2038 1 2.9496157 -9.628579 143.5 201.5393793 390 0
2038 2 2.9050035 -9.030001 209.8 95.231289575 390 0
2038 3 5.849372 -5.1430974 301.6 65.0551554 390 0
2038 4 15.25052 2.8881998 391.2 68.682753 390 0
2038 5 21.558567 8.747209 461.6 86.345013 390 0
2038 6 27.0254 13.6024885 512.7 90.685338 390 0
2038 7 29.784492 16.931955 503.7 155.9987735 390 0
2038 8 28.311245 16.334145 439.3 124.173569 390 0
2038 9 22.260035 10.786553 346.6 101.096607 390 0
2038 10 15.954454 4.3600025 255.1 144.5870163 390 0
2038 11 8.929598 -0.7496647 163.1 81.501039 390 0
2038 12 5.6055064 -2.5605612 125 134.480387 390 0
2039 1 4.0704017 -5.5213113 143.5 288.20824 390 0
2039 2 3.2041645 -7.854738 209.8 24.2269754125 390 0
2039 3 8.035703 -0.9166932 301.6 206.315013 390 0
2039 4 15.72683 3.5598722 391.2 76.776675 390 0
2039 5 23.938381 10.219216 461.6 66.8537785 390 0
2039 6 24.073174 12.093713 512.7 121.145769 390 0
2039 7 29.087273 15.651172 503.7 75.6480135 390 0
2039 8 27.243052 14.797629 439.3 125.922837 390 0
2039 9 22.253834 11.116656 346.6 97.030107 390 0
2039 10 16.205038 4.1973324 255.1 85.388415 390 0
2039 11 12.721931 2.0224347 163.1 171.125379 390 0
2039 12 5.9433336 -2.7669005 125 173.2171903 390 0
2040 1 1.084917 -8.782053 143.5 94.5212103 390 0
2040 2 2.6812065 -8.528564 209.8 48.69303905 390 0
2040 3 4.633069 -5.828485 301.6 128.1258954 390 0
2040 4 13.458109 1.637821 391.2 79.774296 390 0
2040 5 18.759508 7.6124697 461.6 123.318992 390 0
2040 6 27.11705 13.841359 512.7 73.169625 390 0
2040 7 27.684347 15.015351 503.7 94.4427338 390 0
2040 8 27.562859 15.280579 439.3 96.5060566 390 0
2040 9 24.330944 11.972123 346.6 116.899923 390 0
2040 10 18.86145 5.544435 255.1 62.4559139 390 0
2040 11 10.18509 -0.4535824 163.1 172.48098 390 0
2040 12 4.4316845 -4.927939 125 45.5084681 390 0
2041 1 3.3629498 -6.284339 143.5 162.7829034 390 0
2041 2 2.1040642 -9.60381 209.8 62.900034675 390 0
2041 3 9.573712 -1.0622139 301.6 55.8648148 390 0
2041 4 15.042609 3.4680007 391.2 109.8585 390 0
2041 5 24.424755 10.72844 461.6 133.13415 390 0
2041 6 27.125193 13.242576 512.7 39.54234 390 0
2041 7 29.8349 16.339005 503.7 81.2328278 390 0
2041 8 29.539139 17.081501 439.3 53.7913922 390 0
2041 9 25.891064 12.073782 346.6 34.867125 390 0
2041 10 20.02663 7.2798495 255.1 33.136737 390 0
2041 11 7.0238566 -2.842179 163.1 41.503587 390 0
2041 12 4.420816 -5.2335114 125 137.9382727 390 0
2042 1 3.9684696 -5.017592 143.5 99.864733 390 0
2042 2 4.5730596 -6.3484054 209.8 120.31242775 390 0
2042 3 9.478442 0.33239356 301.6 134.447992 390 0
2042 4 15.231071 3.7562263 391.2 191.847552 390 0
2042 5 19.682123 8.167884 461.6 155.2396145 390 0
2042 6 25.543755 13.892627 512.7 145.59075 390 0
2042 7 31.529135 17.82257 503.7 60.3466057 390 0
2042 8 28.005457 15.077997 439.3 58.2264072 390 0
2042 9 25.179384 12.450054 346.6 215.62488 390 0
2042 10 20.427984 8.054339 255.1 218.4052176 390 0
2042 11 11.027852 0.7695381 163.1 62.304648 390 0
2042 12 3.6708288 -5.4343753 125 47.0937399 390 0
2043 1 -1.7715266 -13.971166 143.5 63.7335076 390 0
2043 2 1.9368614 -9.3067665 209.8 90.43616 390 0
2043 3 8.848358 -2.6480684 301.6 76.1846266 390 0
2043 4 15.692324 3.23823 391.2 67.631958 390 0
2043 5 23.500074 9.183932 461.6 69.9105087 390 0
2043 6 26.706532 13.298222 512.7 106.506435 390 0
2043 7 28.468365 16.12515 503.7 95.0534338 390 0
2043 8 27.432552 14.86377 439.3 80.3519845 390 0
2043 9 23.465494 10.543375 346.6 47.293557 390 0
2043 10 18.80759 6.696844 255.1 56.2489916 390 0
2043 11 11.309983 1.6743643 163.1 237.621516 390 0
2043 12 8.044313 -1.6068419 125 173.564536 390 0
2044 1 2.5293317 -6.0054502 143.5 74.9555448 390 0
2044 2 4.530086 -5.5076933 209.8 153.14325 390 0
2044 3 6.6437554 -3.7886362 301.6 150.58932 390 0
2044 4 14.8265295 2.6272233 391.2 44.182194 390 0
2044 5 23.872084 9.423216 461.6 48.9281153 390 0
2044 6 28.009504 14.473908 512.7 93.220038 390 0
2044 7 29.36567 17.329653 503.7 120.655565 390 0
2044 8 29.428967 15.864868 439.3 74.9205427 390 0
2044 9 23.519896 11.846191 346.6 113.379756 390 0
2044 10 19.016897 6.2084665 255.1 54.7018684 390 0
2044 11 10.7980795 0.12271764 163.1 94.893867 390 0
2044 12 4.274028 -3.8676128 125 199.769828 390 0
2045 1 2.2520828 -7.8535886 143.5 74.777425 390 0
2045 2 0.825112 -12.011842 209.8 59.9029159 390 0
2045 3 9.076208 -1.4077777 301.6 136.5709402 390 0
2045 4 14.109541 2.5619438 391.2 113.645196 390 0
2045 5 22.576372 9.408718 461.6 132.7977876 390 0
2045 6 24.47512 12.170488 512.7 150.997725 390 0
2045 7 29.207478 16.203573 503.7 65.5098634 390 0
2045 8 27.969212 14.939815 439.3 168.8138387 390 0
2045 9 23.033346 10.723883 346.6 212.431971 390 0
2045 10 20.318167 8.53764 255.1 74.345285 390 0
2045 11 7.670877 -1.486121 163.1 84.37278 390 0
2045 12 3.3616002 -5.791884 125 57.4363164 390 0
2046 1 1.7111654 -8.124057 143.5 31.2140488 390 0
2046 2 0.5672168 -11.493104 209.8 53.209352425 390 0
2046 3 6.5449967 -4.6668797 301.6 99.7696095 390 0
2046 4 15.087001 3.2059298 391.2 100.74735 390 0
2046 5 22.265837 8.7352705 461.6 143.5000416 390 0
2046 6 26.886248 14.649803 512.7 87.461814 390 0
2046 7 29.729376 16.31038 503.7 52.2620444 390 0
2046 8 29.597317 17.071108 439.3 132.816989 390 0
2046 9 24.62358 11.986945 346.6 88.076949 390 0
2046 10 19.733423 8.267248 255.1 107.9419287 390 0
2046 11 10.7682495 0.94135267 163.1 99.243399 390 0
2046 12 3.0149243 -6.1058426 125 169.143812 390 0
2047 1 0.03665333 -10.364547 143.5 23.37739264 390 0
2047 2 4.397301 -6.31164 209.8 92.0077301 390 0
2047 3 10.423016 0.79722303 301.6 79.5958232 390 0
2047 4 15.806664 4.0616612 391.2 104.264238 390 0
2047 5 20.104975 7.1698995 461.6 57.0153054 390 0
2047 6 26.980232 14.607767 512.7 136.991559 390 0
2047 7 29.789888 17.541857 503.7 100.3244134 390 0
2047 8 27.37041 15.232265 439.3 85.465667 390 0
2047 9 28.482292 16.038422 346.6 65.587071 390 0
2047 10 18.151064 5.4496336 255.1 69.3175686 390 0
2047 11 9.847587 -0.36324027 163.1 119.946405 390 0
2047 12 3.0668962 -6.1821604 125 107.206711 390 0
2048 1 0.8750877 -10.970797 143.5 89.3329232 390 0
2048 2 1.9765253 -9.032092 209.8 74.184101675 390 0
2048 3 7.548565 -3.2287967 301.6 130.0587826 390 0
2048 4 13.345131 2.5627053 391.2 145.88067 390 0
2048 5 23.635487 9.563646 461.6 73.0178619 390 0
2048 6 28.376038 14.723633 512.7 68.179551 390 0
2048 7 30.801323 17.379114 503.7 77.0536155 390 0
2048 8 28.894323 16.658504 439.3 172.871655 390 0
2048 9 24.307226 12.699577 346.6 102.555276 390 0
2048 10 17.092012 5.4731917 255.1 149.041304 390 0
2048 11 9.897818 -0.49016428 163.1 128.164872 390 0
2048 12 5.904516 -1.3949984 125 136.6531894 390 0
2049 1 3.9559128 -5.7800865 143.5 98.767302 390 0
2049 2 3.396244 -6.5163918 209.8 49.11942195 390 0
2049 3 10.043571 0.5217113 301.6 82.693089 390 0
2049 4 16.99655 4.8402934 391.2 141.45777 390 0
2049 5 21.693409 8.4531 461.6 76.5979992 390 0
2049 6 29.077053 15.699651 512.7 49.733247 390 0
2049 7 29.351372 17.07566 503.7 137.2061085 390 0
2049 8 29.508045 16.280767 439.3 53.3674362 390 0
2049 9 24.362226 11.270231 346.6 80.613879 390 0
2049 10 19.534904 7.161229 255.1 142.918804 390 0
2049 11 9.408165 -0.39942598 163.1 175.175442 390 0
2049 12 6.7036433 -2.4610405 125 250.657444 390 0
2050 1 3.2666616 -5.6978555 143.5 290.462529 390 0
2050 2 0.7563893 -10.105404 209.8 76.82852485 390 0
2050 3 5.8696103 -4.052987 301.6 198.490117 390 0
2050 4 15.04038 2.929029 391.2 96.78369 390 0
2050 5 22.887756 8.39063 461.6 84.3837763 390 0
2050 6 25.372343 13.4298315 512.7 51.11973 390 0
2050 7 30.517574 17.680342 503.7 77.4752186 390 0
2050 8 29.335184 16.5818 439.3 95.250941 390 0
2050 9 24.745314 12.771977 346.6 154.17645 390 0
2050 10 18.752604 5.337848 255.1 53.2191043 390 0
2050 11 8.414193 -0.81406194 163.1 196.42656 390 0
2050 12 5.284399 -4.1684775 125 158.6329303 390 0
2051 1 5.0568132 -3.4585998 143.5 205.805342 390 0
2051 2 3.0228329 -8.2862425 209.8 79.05590175 390 0
2051 3 5.6425853 -5.1075025 301.6 62.943454 390 0
2051 4 16.145824 4.4357314 391.2 77.362224 390 0
2051 5 23.634516 9.541579 461.6 32.3811616 390 0
2051 6 27.10838 14.309747 512.7 104.382726 390 0
2051 7 30.118158 17.044989 503.7 80.3991634 390 0
2051 8 28.12908 16.484877 439.3 154.892523 390 0
2051 9 24.255959 12.318023 346.6 108.272868 390 0
2051 10 18.303974 6.5718064 255.1 88.1524432 390 0
2051 11 7.951607 -1.3385714 163.1 143.929995 390 0
2051 12 7.1029763 -1.5164038 125 80.104248 390 0
2052 1 2.6373372 -7.055511 143.5 48.4665501 390 0
2052 2 4.026988 -6.240666 209.8 93.57819845 390 0
2052 3 6.428771 -4.6201034 301.6 142.3154014 390 0
2052 4 13.475758 2.3765936 391.2 116.752395 390 0
2052 5 23.60721 8.864144 461.6 46.0496041 390 0
2052 6 25.879845 13.272735 512.7 103.343118 390 0
2052 7 29.877886 17.570255 503.7 161.7437927 390 0
2052 8 27.579102 15.261066 439.3 120.375759 390 0
2052 9 23.732244 10.636806 346.6 60.666705 390 0
2052 10 19.930202 7.49173 255.1 44.4216546 390 0
2052 11 11.477405 1.2777123 163.1 161.470941 390 0
2052 12 3.6936982 -5.004304 125 143.8402015 390 0
2053 1 -0.55824316 -11.969295 143.5 26.9853357 390 0
2053 2 1.6088313 -10.187309 209.8 65.69883845 390 0
2053 3 8.126366 -2.256958 301.6 159.0921457 390 0
2053 4 16.61688 5.622384 391.2 83.97078 390 0
2053 5 20.664099 7.940196 461.6 54.5089089 390 0
2053 6 28.98427 15.64582 512.7 100.03221 390 0
2053 7 30.03177 17.647287 503.7 142.85606 390 0
2053 8 29.061361 16.469366 439.3 84.4922918 390 0
2053 9 24.36663 12.762571 346.6 95.173458 390 0
2053 10 17.972916 6.1051636 255.1 67.7720202 390 0
2053 11 10.481965 0.19326174 163.1 87.945048 390 0
2053 12 6.606587 -2.3449533 125 132.179722 390 0
2054 1 3.0133574 -6.294424 143.5 128.1588577 390 0
2054 2 7.621198 -2.8035924 209.8 91.377808775 390 0
2054 3 11.225985 3.2353504 301.6 272.7132 390 0
2054 4 16.722397 4.846962 391.2 86.383704 390 0
2054 5 25.343842 11.546807 461.6 106.0787605 390 0
2054 6 27.641249 15.582583 512.7 155.168409 390 0
2054 7 30.968355 18.818462 503.7 122.3518788 390 0
2054 8 29.934385 17.265549 439.3 116.5381078 390 0
2054 9 28.721268 16.294966 346.6 132.500838 390 0
2054 10 18.25722 6.2087393 255.1 72.095429 390 0
2054 11 13.956068 2.7603061 163.1 58.15851 390 0
2054 12 7.74437 -1.9264588 125 145.9544945 390 0
2055 1 2.529819 -6.613104 143.5 111.0518983 390 0
2055 2 3.2431064 -8.301809 209.8 98.14625735 390 0
2055 3 6.879862 -4.3012447 301.6 126.4887203 390 0
2055 4 17.917095 5.868202 391.2 98.424741 390 0
2055 5 23.094545 8.926296 461.6 37.6537594 390 0
2055 6 28.143488 15.227883 512.7 102.43074 390 0
2055 7 31.793207 19.071985 503.7 177.236424 390 0
2055 8 29.267477 16.96595 439.3 155.570617 390 0
2055 9 24.799843 11.990631 346.6 90.341469 390 0
2055 10 19.581757 7.833186 255.1 78.1815226 390 0
2055 11 13.733988 2.567753 163.1 118.117848 390 0
2055 12 10.12892 0.14033906 125 127.5612986 390 0
2056 1 4.417227 -5.822296 143.5 177.5054637 390 0
2056 2 3.6423855 -6.4863286 209.8 47.47966765 390 0
2056 3 8.417844 -1.70296 301.6 129.443817 390 0
2056 4 15.392722 4.126484 391.2 101.577744 390 0
2056 5 21.873205 8.220407 461.6 41.9505888 390 0
2056 6 28.835777 15.521226 512.7 74.714736 390 0
2056 7 31.741264 17.843966 503.7 43.6365083 390 0
2056 8 31.63994 19.023333 439.3 80.6366203 390 0
2056 9 27.465015 13.784562 346.6 42.639417 390 0
2056 10 15.971921 4.6653485 255.1 142.6273575 390 0
2056 11 12.123808 1.6373243 163.1 133.580175 390 0
2056 12 7.6558847 -1.4270973 125 123.866886 390 0
2057 1 3.6245723 -5.475477 143.5 20.6064347 390 0
2057 2 4.1468706 -7.353393 209.8 160.303834 390 0
2057 3 9.472801 -0.95060325 301.6 133.30279 390 0
2057 4 15.874469 4.510453 391.2 120.426951 390 0
2057 5 20.644646 8.942992 461.6 98.0100092 390 0
2057 6 29.508337 16.268328 512.7 56.260929 390 0
2057 7 33.368275 20.11012 503.7 104.4370997 390 0
2057 8 31.488062 19.12494 439.3 217.0413447 390 0
2057 9 24.670876 13.209956 346.6 194.172435 390 0
2057 10 19.066372 8.454556 255.1 104.4450512 390 0
2057 11 14.417452 3.644288 163.1 151.184205 390 0
2057 12 6.2208896 -4.3377385 125 139.741242 390 0
2058 1 3.973284 -5.334126 143.5 116.7992828 390 0
2058 2 4.8820662 -6.256862 209.8 275.93009525 390 0
2058 3 10.560638 -1.1918538 301.6 41.7104876 390 0
2058 4 16.658274 4.6931715 391.2 91.001322 390 0
2058 5 24.153294 10.73198 461.6 179.028844 390 0
2058 6 27.670614 15.089317 512.7 78.182496 390 0
2058 7 31.682978 18.167643 503.7 73.722247 390 0
2058 8 29.340378 16.447054 439.3 69.3126892 390 0
2058 9 26.674688 14.383435 346.6 83.65878 390 0
2058 10 18.936275 5.90926 255.1 165.1997533 390 0
2058 11 13.392123 2.048588 163.1 101.97711 390 0
2058 12 3.633013 -6.3082824 125 118.970932 390 0
2059 1 6.169683 -3.6325884 143.5 173.185344 390 0
2059 2 5.930253 -5.074919 209.8 16.43160685 390 0
2059 3 6.7847543 -3.1807685 301.6 208.6575094 390 0
2059 4 17.187849 4.72445 391.2 92.002581 390 0
2059 5 20.404003 8.993804 461.6 89.3355024 390 0
2059 6 25.68735 13.724578 512.7 267.349005 390 0
2059 7 31.047596 18.110863 503.7 105.5087821 390 0
2059 8 29.614487 17.817707 439.3 139.5418934 390 0
2059 9 26.626879 14.128545 346.6 47.40579 390 0
2059 10 20.662537 7.476939 255.1 72.0625845 390 0
2059 11 13.286234 2.2677555 163.1 177.940935 390 0
2059 12 7.885499 -1.3736461 125 150.297579 390 0
2060 1 5.475999 -4.0318274 143.5 82.4694643 390 0
2060 2 6.9892707 -3.0672238 209.8 114.637694875 390 0
2060 3 9.168221 -2.1351573 301.6 120.672584 390 0
2060 4 18.98098 6.449978 391.2 68.251611 390 0
2060 5 23.173779 9.828238 461.6 98.5683161 390 0
2060 6 27.78528 14.679187 512.7 90.130125 390 0
2060 7 32.33741 18.675539 503.7 75.7033268 390 0
2060 8 32.080147 18.023048 439.3 52.6611074 390 0
2060 9 25.74872 13.780126 346.6 154.800225 390 0
2060 10 20.570301 8.541619 255.1 162.5953503 390 0
2060 11 10.8476925 0.13014317 163.1 198.687588 390 0
2060 12 5.9980717 -2.9941545 125 166.365499 390 0
2061 1 4.667448 -4.3807034 143.5 116.80614 390 0
2061 2 6.686549 -4.3417 209.8 82.0642951 390 0
2061 3 8.530134 -2.286715 301.6 135.9991917 390 0
2061 4 16.773561 5.252956 391.2 139.27329 390 0
2061 5 25.235432 11.697977 461.6 118.8371298 390 0
2061 6 29.150986 15.770216 512.7 174.985641 390 0
2061 7 33.764706 19.580624 503.7 73.296369 390 0
2061 8 32.704365 19.516977 439.3 80.8532204 390 0
2061 9 26.680294 14.025644 346.6 89.93085 390 0
2061 10 21.364788 8.880118 255.1 97.7379842 390 0
2061 11 15.552498 4.6213145 163.1 90.015636 390 0
2061 12 4.4685893 -4.2227693 125 77.5760399 390 0
2062 1 1.3483142 -9.08876 143.5 48.62071 390 0
2062 2 5.1427174 -6.497539 209.8 88.148249 390 0
2062 3 9.297474 -1.004501 301.6 108.9844122 390 0
2062 4 17.15596 5.1801157 391.2 173.42499 390 0
2062 5 24.80779 11.502147 461.6 177.1092 390 0
2062 6 27.71507 15.485021 512.7 197.14479 390 0
2062 7 32.502583 19.184143 503.7 86.5934718 390 0
2062 8 32.18787 18.759775 439.3 71.0549512 390 0
2062 9 24.718597 12.434982 346.6 92.784891 390 0
2062 10 20.420868 7.1572123 255.1 62.1576505 390 0
2062 11 12.457216 2.2154536 163.1 97.821501 390 0
2062 12 7.0091953 -1.5923643 125 123.2225727 390 0
2063 1 5.137835 -3.6492293 143.5 137.7063276 390 0
2063 2 4.060543 -7.0565157 209.8 149.404834275 390 0
2063 3 11.460143 1.678364 301.6 139.6225585 390 0
2063 4 17.054636 5.1662745 391.2 78.358761 390 0
2063 5 23.270802 10.406762 461.6 133.2442186 390 0
2063 6 28.9059 15.965096 512.7 70.42344 390 0
2063 7 33.46886 19.517456 503.7 59.3644916 390 0
2063 8 32.077793 19.611973 439.3 179.2184245 390 0
2063 9 28.421404 14.785882 346.6 85.472838 390 0
2063 10 19.616669 7.859675 255.1 233.194741 390 0
2063 11 13.778838 3.244555 163.1 184.35201 390 0
2063 12 9.358411 -0.20366845 125 80.0651942 390 0
2064 1 4.8338985 -4.4541454 143.5 45.776646 390 0
2064 2 3.4629521 -8.377968 209.8 22.474588645 390 0
2064 3 9.246251 -2.6245124 301.6 67.5944801 390 0
2064 4 16.17383 3.890073 391.2 126.76599 390 0
2064 5 19.487965 8.089898 461.6 106.674007 390 0
2064 6 29.010492 15.551714 512.7 74.308062 390 0
2064 7 31.64757 19.028393 503.7 109.3160967 390 0
2064 8 30.69852 17.589712 439.3 69.636075 390 0
2064 9 24.391914 10.891783 346.6 74.64993 390 0
2064 10 16.328667 5.508001 255.1 158.041193 390 0
2064 11 10.03413 0.28811026 163.1 152.029122 390 0
2064 12 7.4127645 -1.7982162 125 126.1174116 390 0
2065 1 5.1864023 -4.478429 143.5 50.3943099 390 0
2065 2 7.29844 -3.5512438 209.8 105.4843135 390 0
2065 3 9.973616 -0.86445 301.6 153.4581685 390 0
2065 4 16.782349 5.2645516 391.2 134.32545 390 0
2065 5 26.055075 12.235526 461.6 28.5677896 390 0
2065 6 29.199959 15.784297 512.7 114.299934 390 0
2065 7 34.16116 20.675339 503.7 102.0002207 390 0
2065 8 31.667076 17.617487 439.3 43.681511 390 0
2065 9 26.456442 13.221841 346.6 87.139341 390 0
2065 10 21.899338 9.442703 255.1 52.5900306 390 0
2065 11 13.417163 3.6017854 163.1 122.465271 390 0
2065 12 7.7260165 -1.411796 125 268.660198 390 0
2066 1 5.324677 -4.500022 143.5 142.120337 390 0
2066 2 4.1297784 -6.624112 209.8 123.8817305 390 0
2066 3 7.8307757 -2.4909413 301.6 73.885896 390 0
2066 4 16.785807 4.35835 391.2 70.862361 390 0
2066 5 23.426016 9.561569 461.6 121.100818 390 0
2066 6 28.285505 15.657996 512.7 158.232924 390 0
2066 7 33.71274 20.017586 503.7 47.4717012 390 0
2066 8 32.54954 18.818068 439.3 104.304553 390 0
2066 9 28.217197 14.780984 346.6 151.77135 390 0
2066 10 21.762936 9.366482 255.1 67.4659975 390 0
2066 11 10.255189 0.6770032 163.1 195.28584 390 0
2066 12 6.8811455 -2.01083 125 71.9359557 390 0
2067 1 1.7892271 -9.277287 143.5 68.906335 390 0
2067 2 7.349566 -3.5517325 209.8 139.645052525 390 0
2067 3 12.527489 1.8962033 301.6 163.781649 390 0
2067 4 17.009247 5.3314176 391.2 191.722212 390 0
2067 5 22.063284 10.046117 461.6 98.051636 390 0
2067 6 29.87524 17.09347 512.7 105.02562 390 0
2067 7 32.852394 19.924578 503.7 87.6086319 390 0
2067 8 31.432348 18.984497 439.3 102.868292 390 0
2067 9 25.181051 13.568301 346.6 74.216709 390 0
2067 10 20.154678 8.964321 255.1 109.6148034 390 0
2067 11 10.830109 1.5101503 163.1 76.60794 390 0
2067 12 7.3861346 -1.7932283 125 101.9838713 390 0
2068 1 6.5062037 -2.8211234 143.5 43.2004809 390 0
2068 2 6.6800065 -4.2142234 209.8 128.003272725 390 0
2068 3 8.517431 -2.2322598 301.6 154.917168 390 0
2068 4 18.421 6.791477 391.2 120.47868 390 0
2068 5 25.195004 11.595503 461.6 63.8464437 390 0
2068 6 28.85987 15.963413 512.7 128.672949 390 0
2068 7 36.147785 21.781569 503.7 53.3298766 390 0
2068 8 31.015556 18.887335 439.3 194.0785597 390 0
2068 9 26.28825 14.335419 346.6 66.976656 390 0
2068 10 20.479536 7.6097918 255.1 70.8870273 390 0
2068 11 10.561815 0.8764753 163.1 108.495585 390 0
2068 12 6.0322566 -3.687123 125 34.3433562 390 0
2069 1 1.135802 -8.778934 143.5 21.8534903 390 0
2069 2 4.0252776 -7.3259187 209.8 62.26022585 390 0
2069 3 9.311301 -1.2992785 301.6 95.274346 390 0
2069 4 18.415434 6.214773 391.2 71.962236 390 0
2069 5 23.787321 10.986198 461.6 205.8799528 390 0
2069 6 27.19273 15.737893 512.7 110.24973 390 0
2069 7 33.162586 20.058897 503.7 61.4725939 390 0
2069 8 31.915524 18.946627 439.3 61.4374027 390 0
2069 9 27.798044 14.724997 346.6 54.238986 390 0
2069 10 22.531792 10.070895 255.1 98.8482647 390 0
2069 11 12.582381 1.7239567 163.1 96.357579 390 0
2069 12 7.684412 -0.22645195 125 148.405029 390 0
2070 1 4.004796 -4.7486434 143.5 51.5291517 390 0
2070 2 5.346322 -5.452521 209.8 120.785685875 390 0
2070 3 10.221257 -1.404008 301.6 220.43201 390 0
2070 4 16.233263 5.02264 391.2 103.57311 390 0
2070 5 20.654371 9.539487 461.6 167.77882 390 0
2070 6 28.648422 15.712849 512.7 75.23193 390 0
2070 7 33.476654 20.423893 503.7 85.1948417 390 0
2070 8 33.11919 19.881409 439.3 85.8699101 390 0
2070 9 26.370756 13.451928 346.6 130.08873 390 0
2070 10 19.08594 7.71762 255.1 194.772256 390 0
2070 11 14.1582575 3.342564 163.1 112.01988 390 0
2070 12 6.1674356 -3.5538802 125 116.384044 390 0
2071 1 4.6933064 -4.5809665 143.5 105.1601964 390 0
2071 2 7.3491855 -3.890615 209.8 140.827945 390 0
2071 3 13.144159 2.5348983 301.6 100.004109 390 0
2071 4 16.917654 4.4623103 391.2 91.56618 390 0
2071 5 25.463676 11.289101 461.6 74.3221032 390 0
2071 6 26.78089 15.978002 512.7 221.133369 390 0
2071 7 34.687458 20.725168 503.7 68.0001213 390 0
2071 8 33.48528 20.443014 439.3 128.581211 390 0
2071 9 27.274424 15.181979 346.6 65.053575 390 0
2071 10 22.936544 11.074284 255.1 66.5984594 390 0
2071 11 11.025139 1.2288914 163.1 93.99771 390 0
2071 12 5.646566 -3.3346033 125 124.442184 390 0
2072 1 4.363186 -5.05402 143.5 132.5323346 390 0
2072 2 6.6629767 -4.914597 209.8 90.57499745 390 0
2072 3 6.6232843 -4.670871 301.6 78.171398 390 0
2072 4 17.25474 5.533089 391.2 118.84155 390 0
2072 5 24.749931 11.210469 461.6 71.6114973 390 0
2072 6 31.978313 17.640467 512.7 80.255742 390 0
2072 7 33.663124 20.859816 503.7 158.5221394 390 0
2072 8 33.599728 20.53612 439.3 124.478485 390 0
2072 9 26.326727 14.101516 346.6 83.07714 390 0
2072 10 19.148787 8.715274 255.1 228.1848 390 0
2072 11 14.949313 4.6820335 163.1 108.269907 390 0
2072 12 8.8056135 0.49456543 125 152.0845554 390 0
2073 1 3.9919477 -4.907087 143.5 40.8950543 390 0
2073 2 6.2287498 -5.205645 209.8 27.065983175 390 0
2073 3 7.674861 -2.7854092 301.6 150.6680445 390 0
2073 4 19.189333 7.1961045 391.2 87.182559 390 0
2073 5 22.56244 10.095352 461.6 93.355632 390 0
2073 6 30.150404 16.174088 512.7 53.069403 390 0
2073 7 32.715378 19.85915 503.7 91.773795 390 0
2073 8 33.522514 20.537806 439.3 135.555002 390 0
2073 9 27.793009 16.311823 346.6 93.56511 390 0
2073 10 20.852112 8.463901 255.1 135.830499 390 0
2073 11 14.109548 4.568074 163.1 173.58891 390 0
2073 12 6.909877 -2.8929138 125 219.962081 390 0
2074 1 5.5113673 -3.75413 143.5 122.0288402 390 0
2074 2 6.5608854 -4.1055493 209.8 50.697224 390 0
2074 3 9.371476 -1.744014 301.6 201.6071825 390 0
2074 4 16.965778 4.4065723 391.2 76.477455 390 0
2074 5 25.68402 12.153828 461.6 106.1918733 390 0
2074 6 27.930096 16.211966 512.7 112.520514 390 0
2074 7 34.065624 20.708673 503.7 107.0264832 390 0
2074 8 32.378498 19.033249 439.3 69.9757265 390 0
2074 9 29.711712 16.747887 346.6 86.672694 390 0
2074 10 22.946247 10.195122 255.1 87.9124443 390 0
2074 11 15.995997 5.983201 163.1 110.693565 390 0
2074 12 11.030936 1.0394878 125 101.9332297 390 0
2075 1 4.1046524 -4.6288157 143.5 198.1515195 390 0
2075 2 5.845512 -4.685199 209.8 212.051881725 390 0
2075 3 9.090401 -1.3592591 301.6 87.9529675 390 0
2075 4 19.559973 7.9085855 391.2 96.454476 390 0
2075 5 24.408262 11.8129425 461.6 96.6352057 390 0
2075 6 28.174849 15.700725 512.7 76.692432 390 0
2075 7 34.281757 20.582424 503.7 91.240068 390 0
2075 8 32.43354 19.66155 439.3 127.6981946 390 0
2075 9 27.583694 15.550629 346.6 156.045798 390 0
2075 10 20.633953 8.396103 255.1 31.2374352 390 0
2075 11 12.651613 2.6374478 163.1 71.646174 390 0
2075 12 9.404969 1.1967546 125 154.992405 390 0
2076 1 2.8934133 -7.397482 143.5 88.2387627 390 0
2076 2 9.747785 -0.71673167 209.8 84.6869234 390 0
2076 3 10.404719 0.9329036 301.6 155.6017596 390 0
2076 4 17.765844 5.8895164 391.2 95.443254 390 0
2076 5 25.639168 11.897594 461.6 99.937893 390 0
2076 6 28.590975 16.145 512.7 140.60814 390 0
2076 7 33.186283 20.160362 503.7 106.8768896 390 0
2076 8 34.61138 21.576006 439.3 61.3255299 390 0
2076 9 29.846666 16.581026 346.6 64.906131 390 0
2076 10 22.822886 10.147415 255.1 36.1143955 390 0
2076 11 12.779694 2.3521218 163.1 91.226571 390 0
2076 12 9.314889 -0.005120534 125 184.750545 390 0
2077 1 2.9625468 -5.5328307 143.5 39.1588683 390 0
2077 2 7.5907526 -2.8825972 209.8 85.444506475 390 0
2077 3 8.849591 -1.9336077 301.6 39.5679877 390 0
2077 4 19.435751 8.070069 391.2 98.76843 390 0
2077 5 24.891712 11.37026 461.6 71.643542 390 0
2077 6 32.069687 18.05907 512.7 56.110812 390 0
2077 7 32.51436 20.910217 503.7 141.301844 390 0
2077 8 31.792812 19.027107 439.3 80.042248 390 0
2077 9 27.47201 16.036352 346.6 158.950782 390 0
2077 10 23.966326 11.872581 255.1 33.4383298 390 0
2077 11 14.048164 4.136556 163.1 126.781839 390 0
2077 12 9.339607 -0.40235588 125 128.7008245 390 0
2078 1 5.4401536 -3.6253514 143.5 170.515097 390 0
2078 2 9.582693 -1.3967459 209.8 192.709699975 390 0
2078 3 11.122308 0.08889914 301.6 46.4807986 390 0
2078 4 19.125818 6.984833 391.2 73.777791 390 0
2078 5 21.814913 10.512739 461.6 92.8310934 390 0
2078 6 29.211002 17.159887 512.7 151.53903 390 0
2078 7 36.564556 22.053047 503.7 64.1110535 390 0
2078 8 32.13455 19.80824 439.3 142.050804 390 0
2078 9 28.182552 16.842524 346.6 90.557535 390 0
2078 10 18.963411 8.4092 255.1 202.765234 390 0
2078 11 15.796836 4.7174973 163.1 68.434932 390 0
2078 12 9.891748 0.7614928 125 129.958324 390 0
2079 1 6.121478 -3.2597218 143.5 119.6763525 390 0
2079 2 9.196002 -2.2200656 209.8 88.20065275 390 0
2079 3 12.801033 3.00223 301.6 102.3511438 390 0
2079 4 18.004414 6.31355 391.2 145.429602 390 0
2079 5 21.190603 10.725031 461.6 216.821502 390 0
2079 6 30.516397 18.257807 512.7 50.284734 390 0
2079 7 34.30347 20.756147 503.7 94.7028083 390 0
2079 8 31.290682 18.83834 439.3 123.0468368 390 0
2079 9 30.054127 17.183813 346.6 69.422685 390 0
2079 10 25.069508 12.959831 255.1 172.078427 390 0
2079 11 15.750529 5.4076757 163.1 105.8943 390 0
2079 12 6.6465006 -3.4380012 125 178.087002 390 0
2080 1 6.1298137 -3.2194304 143.5 65.3842545 390 0
2080 2 8.652092 -1.2217551 209.8 90.323123275 390 0
2080 3 10.914282 0.38954753 301.6 160.927789 390 0
2080 4 20.269135 8.523664 391.2 126.940941 390 0
2080 5 25.79353 11.833334 461.6 45.6542239 390 0
2080 6 30.580776 18.381653 512.7 184.907268 390 0
2080 7 37.652237 22.45262 503.7 68.072776 390 0
2080 8 34.536785 21.224224 439.3 83.7022196 390 0
2080 9 28.255983 16.648327 346.6 228.372645 390 0
2080 10 21.53633 8.60071 255.1 34.2791583 390 0
2080 11 15.224693 3.8680072 163.1 153.69063 390 0
2080 12 9.630633 0.34440124 125 105.6891246 390 0
2081 1 4.7154765 -4.1173463 143.5 99.9104456 390 0
2081 2 6.363062 -3.821663 209.8 91.634539125 390 0
2081 3 9.790417 -0.7920653 301.6 110.4927482 390 0
2081 4 20.286865 8.351864 391.2 42.147471 390 0
2081 5 23.848755 11.32178 461.6 178.8793 390 0
2081 6 30.276018 16.495604 512.7 38.728341 390 0
2081 7 34.758904 21.947224 503.7 123.8249368 390 0
2081 8 33.79853 21.058216 439.3 112.7440457 390 0
2081 9 27.41304 15.137199 346.6 56.421474 390 0
2081 10 22.995958 10.754178 255.1 60.3017363 390 0
2081 11 13.051198 2.3615336 163.1 104.667192 390 0
2081 12 9.588588 0.97659415 125 149.370958 390 0
2082 1 5.9293227 -2.7793257 143.5 74.9522774 390 0
2082 2 6.831324 -3.0449142 209.8 73.3961555 390 0
2082 3 8.01735 -3.709626 301.6 159.1435747 390 0
2082 4 19.27993 7.731078 391.2 153.600312 390 0
2082 5 23.707476 10.96489 461.6 96.4232277 390 0
2082 6 30.84356 17.27271 512.7 115.868046 390 0
2082 7 35.78259 22.479998 503.7 76.8363799 390 0
2082 8 34.589725 20.869884 439.3 58.9067022 390 0
2082 9 31.364616 17.857101 346.6 72.499851 390 0
2082 10 22.649914 9.895448 255.1 61.191489 390 0
2082 11 16.526033 5.790569 163.1 189.608631 390 0
2082 12 8.484726 -1.5743439 125 77.6031928 390 0
2083 1 5.642124 -3.5117726 143.5 234.413103 390 0
2083 2 6.1122622 -3.9871387 209.8 84.2439408 390 0
2083 3 9.625135 -1.3333588 301.6 162.644073 390 0
2083 4 19.195593 7.856538 391.2 119.892519 390 0
2083 5 22.974358 10.314711 461.6 149.614835 390 0
2083 6 27.428852 16.055893 512.7 228.86466 390 0
2083 7 34.300327 20.88773 503.7 70.6378338 390 0
2083 8 33.236794 21.03068 439.3 109.6053732 390 0
2083 9 25.383724 13.3607435 346.6 85.264242 390 0
2083 10 19.66818 8.184139 255.1 77.1393491 390 0
2083 11 12.511799 2.1162853 163.1 153.7188 390 0
2083 12 9.646402 0.67948073 125 205.2006777 390 0
2084 1 5.1361327 -4.0906186 143.5 142.884952 390 0
2084 2 8.072846 -3.8378694 209.8 111.2343185 390 0
2084 3 11.243272 1.1846495 301.6 91.4149018 390 0
2084 4 16.659845 5.1657724 391.2 88.731414 390 0
2084 5 21.62934 9.4744425 461.6 152.840571 390 0
2084 6 30.774675 17.52413 512.7 103.42584 390 0
2084 7 37.096333 22.33569 503.7 49.6515375 390 0
2084 8 35.25708 21.820862 439.3 95.6784372 390 0
2084 9 27.111073 14.362914 346.6 87.82356 390 0
2084 10 22.749664 10.70328 255.1 145.079256 390 0
2084 11 14.424188 3.760239 163.1 105.495765 390 0
2084 12 11.1865635 1.8787125 125 166.1908822 390 0
2085 1 7.928393 -1.001962 143.5 96.9051103 390 0
2085 2 5.571259 -4.221988 209.8 93.261388825 390 0
2085 3 10.972124 2.1360404 301.6 96.1564045 390 0
2085 4 18.186314 7.5214653 391.2 105.255 390 0
2085 5 25.28433 11.292328 461.6 82.3300108 390 0
2085 6 30.42962 17.765892 512.7 75.003153 390 0
2085 7 36.613346 22.218971 503.7 70.550048 390 0
2085 8 35.511646 22.191921 439.3 91.9775704 390 0
2085 9 27.549665 14.7089 346.6 139.31619 390 0
2085 10 19.841393 8.434302 255.1 81.9075273 390 0
2085 11 15.378015 4.897882 163.1 90.290136 390 0
2085 12 5.563544 -3.9240615 125 126.060105 390 0
2086 1 3.6363404 -5.377434 143.5 112.3959095 390 0
2086 2 8.020932 -1.187428 209.8 100.635943975 390 0
2086 3 8.871592 -0.5364368 301.6 127.7389317 390 0
2086 4 18.14064 6.7903676 391.2 74.268228 390 0
2086 5 19.818535 9.749344 461.6 137.3325513 390 0
2086 6 31.069519 17.834213 512.7 110.152209 390 0
2086 7 34.70339 21.752258 503.7 74.6393448 390 0
2086 8 35.10562 21.681765 439.3 75.4465724 390 0
2086 9 29.612572 17.617416 346.6 109.011498 390 0
2086 10 22.797972 11.667835 255.1 163.2372425 390 0
2086 11 12.11183 1.9224329 163.1 75.010809 390 0
2086 12 9.146528 -0.5526662 125 328.911426 390 0
2087 1 4.699332 -4.80834 143.5 177.4397406 390 0
2087 2 6.7175775 -3.318521 209.8 70.97278575 390 0
2087 3 9.266627 -1.0824904 301.6 73.2029908 390 0
2087 4 19.30691 7.5998807 391.2 100.854729 390 0
2087 5 20.976763 9.552144 461.6 119.1110086 390 0
2087 6 30.8179 17.832245 512.7 156.343416 390 0
2087 7 34.69089 21.433563 503.7 103.331091 390 0
2087 8 33.470028 20.78961 439.3 133.346035 390 0
2087 9 31.706684 18.400005 346.6 38.02101 390 0
2087 10 26.323248 13.914388 255.1 100.2683003 390 0
2087 11 15.6312 4.692631 163.1 102.122862 390 0
2087 12 6.1034994 -2.711419 125 102.3440789 390 0
2088 1 4.1951194 -4.422148 143.5 62.2340717 390 0
2088 2 4.8949385 -5.5956697 209.8 94.44253545 390 0
2088 3 10.737198 0.3822928 301.6 101.1917872 390 0
2088 4 16.797092 5.464 391.2 139.925808 390 0
2088 5 24.62597 11.443046 461.6 81.8616225 390 0
2088 6 31.170696 18.227877 512.7 103.93791 390 0
2088 7 35.621605 21.962593 503.7 74.829629 390 0
2088 8 36.141956 23.223688 439.3 61.1300129 390 0
2088 9 28.860495 17.173607 346.6 160.31229 390 0
2088 10 22.587788 10.376947 255.1 30.5483424 390 0
2088 11 16.09776 5.7169113 163.1 165.62481 390 0
2088 12 9.115989 -0.60006744 125 102.5907211 390 0
2089 1 5.0891004 -3.4316955 143.5 28.2321495 390 0
2089 2 4.822228 -5.2635365 209.8 49.368457 390 0
2089 3 9.861316 -0.47118822 301.6 120.120505 390 0
2089 4 16.656315 5.483632 391.2 113.208711 390 0
2089 5 24.021557 10.84229 461.6 121.1195017 390 0
2089 6 31.315716 18.46397 512.7 93.1605 390 0
2089 7 34.912037 22.293749 503.7 112.9243851 390 0
2089 8 32.88367 21.193317 439.3 146.7846497 390 0
2089 9 28.872696 16.834375 346.6 65.962986 390 0
2089 10 24.669113 12.691492 255.1 37.9134402 390 0
2089 11 15.5366535 4.456885 163.1 98.539059 390 0
2089 12 9.302938 1.3003911 125 121.2848061 390 0
2090 1 4.1375866 -5.495987 143.5 69.5937259 390 0
2090 2 7.1689553 -1.947463 209.8 71.69903675 390 0
2090 3 11.871333 0.39925864 301.6 142.743995 390 0
2090 4 18.002344 6.4704833 391.2 95.123355 390 0
2090 5 24.736525 12.504611 461.6 282.312877 390 0
2090 6 30.874222 17.375399 512.7 70.616019 390 0
2090 7 36.196873 22.249483 503.7 101.2648852 390 0
2090 8 35.547207 21.603468 439.3 74.7149383 390 0
2090 9 30.235813 18.348083 346.6 98.48091 390 0
2090 10 21.300714 9.822568 255.1 67.4155543 390 0
2090 11 13.110777 4.087181 163.1 111.07302 390 0
2090 12 8.959768 0.07345863 125 236.5794946 390 0
2091 1 4.1453323 -4.604937 143.5 30.72296416 390 0
2091 2 10.456016 1.2275649 209.8 57.3083342 390 0
2091 3 11.954361 1.4800694 301.6 113.4361145 390 0
2091 4 19.596922 8.157886 391.2 94.77831 390 0
2091 5 25.555593 12.421299 461.6 118.7099678 390 0
2091 6 28.409826 17.278353 512.7 241.23666 390 0
2091 7 36.730907 23.379057 503.7 98.7927964 390 0
2091 8 35.034607 23.071712 439.3 99.562235 390 0
2091 9 28.55704 17.078281 346.6 52.151688 390 0
2091 10 23.841686 10.958132 255.1 38.9870663 390 0
2091 11 14.870126 3.529412 163.1 264.81624 390 0
2091 12 9.48315 0.8258915 125 194.039385 390 0
2092 1 7.123111 -2.5982227 143.5 123.722519 390 0
2092 2 7.1787977 -3.4040163 209.8 81.360731675 390 0
2092 3 12.866432 2.9512916 301.6 188.1844336 390 0
2092 4 18.145735 7.3535867 391.2 201.875025 390 0
2092 5 25.899017 13.332946 461.6 191.633568 390 0
2092 6 31.935791 19.01261 512.7 158.07411 390 0
2092 7 37.50653 23.27997 503.7 76.9719801 390 0
2092 8 35.291206 22.360807 439.3 140.6440054 390 0
2092 9 32.80287 18.393465 346.6 56.556 390 0
2092 10 25.366892 12.580786 255.1 31.9869222 390 0
2092 11 18.773682 7.6369905 163.1 71.858877 390 0
2092 12 9.15371 -0.556065 125 170.3111914 390 0
2093 1 4.3668513 -5.0423245 143.5 167.3446433 390 0
2093 2 7.4709916 -2.64538 209.8 110.906547875 390 0
2093 3 13.074912 2.6528878 301.6 84.5414795 390 0
2093 4 20.0871 8.942176 391.2 106.063821 390 0
2093 5 27.291788 13.03984 461.6 51.2359599 390 0
2093 6 31.37723 18.696724 512.7 87.92892 390 0
2093 7 35.364017 22.376427 503.7 133.8932656 390 0
2093 8 32.951416 19.348616 439.3 70.7328364 390 0
2093 9 29.826687 17.287727 346.6 33.656964 390 0
2093 10 25.039984 13.1646185 255.1 96.4061684 390 0
2093 11 12.890891 3.031057 163.1 170.71968 390 0
2093 12 8.0079365 -0.3939401 125 118.2297468 390 0
2094 1 6.4895797 -2.8357165 143.5 101.7284468 390 0
2094 2 8.171862 -2.3651214 209.8 117.66872495 390 0
2094 3 10.226303 0.3577226 301.6 162.2531785 390 0
2094 4 17.79152 6.04699 391.2 98.744265 390 0
2094 5 26.63723 13.263721 461.6 63.4915867 390 0
2094 6 28.594776 16.47186 512.7 112.350432 390 0
2094 7 40.33623 24.741756 503.7 44.8711732 390 0
2094 8 36.80018 23.333593 439.3 30.7247324 390 0
2094 9 30.910275 18.385012 346.6 90.898353 390 0
2094 10 21.183643 10.034377 255.1 75.2987985 390 0
2094 11 17.253048 5.9864683 163.1 185.024685 390 0
2094 12 8.230705 -1.7312963 125 127.8136696 390 0
2095 1 6.76503 -1.8809017 143.5 72.8770413 390 0
2095 2 10.882052 1.1722233 209.8 22.426881175 390 0
2095 3 14.3697405 3.6508305 301.6 143.8742023 390 0
2095 4 20.385414 8.277304 391.2 97.430619 390 0
2095 5 25.84843 13.31741 461.6 157.433717 390 0
2095 6 32.979942 19.054832 512.7 61.13658 390 0
2095 7 37.42267 23.828533 503.7 78.292515 390 0
2095 8 36.72996 23.487608 439.3 69.6114548 390 0
2095 9 28.213898 16.724445 346.6 179.56893 390 0
2095 10 23.307673 11.332969 255.1 63.5652024 390 0
2095 11 16.30064 6.6212306 163.1 227.2095 390 0
2095 12 9.846097 1.4708126 125 294.119599 390 0
2096 1 5.9792233 -2.844745 143.5 119.9656445 390 0
2096 2 9.882366 -0.61539197 209.8 114.8554035 390 0
2096 3 11.730508 1.4499301 301.6 61.7124564 390 0
2096 4 18.992195 7.346166 391.2 115.653084 390 0
2096 5 23.34713 12.14201 461.6 170.376806 390 0
2096 6 32.752792 19.45624 512.7 104.7903 390 0
2096 7 35.72039 23.067442 503.7 148.5381275 390 0
2096 8 34.843533 21.584684 439.3 130.1150135 390 0
2096 9 27.876013 15.137166 346.6 176.570448 390 0
2096 10 21.835442 10.627965 255.1 83.436624 390 0
2096 11 14.50464 4.5782995 163.1 192.5559 390 0
2096 12 6.377173 -2.0895991 125 33.8614798 390 0
2097 1 6.6545863 -2.0352416 143.5 59.2899738 390 0
2097 2 6.6259303 -3.3011417 209.8 102.10909955 390 0
2097 3 12.168743 2.1185887 301.6 155.2395866 390 0
2097 4 20.100082 8.366852 391.2 77.30223 390 0
2097 5 26.498905 14.262161 461.6 159.107314 390 0
2097 6 31.713537 19.048182 512.7 123.226905 390 0
2097 7 36.222 23.177261 503.7 68.5029134 390 0
2097 8 34.24121 21.211653 439.3 48.9207156 390 0
2097 9 32.59463 18.860796 346.6 37.450512 390 0
2097 10 24.32352 13.316763 255.1 220.1073284 390 0
2097 11 16.314646 5.521476 163.1 209.24721 390 0
2097 12 9.333397 0.77677095 125 295.926124 390 0
2098 1 6.0118666 -3.1898298 143.5 230.836602 390 0
2098 2 8.372041 -2.521644 209.8 180.97561895 390 0
2098 3 11.976012 2.1299357 301.6 249.157261 390 0
2098 4 19.839666 7.928506 391.2 79.727541 390 0
2098 5 26.36326 12.280666 461.6 87.7858527 390 0
2098 6 30.115862 17.941664 512.7 182.934309 390 0
2098 7 36.71339 23.520916 503.7 157.6876535 390 0
2098 8 34.650303 22.10525 439.3 119.8015181 390 0
2098 9 29.022013 18.008627 346.6 140.10828 390 0
2098 10 23.417109 11.773912 255.1 87.3773967 390 0
2098 11 15.811869 4.9406333 163.1 49.334322 390 0
2098 12 5.201852 -5.2565565 125 132.248883 390 0
2099 1 6.653137 -1.9527222 143.5 85.5742507 390 0
2099 2 7.4713845 -2.6535335 209.8 163.1961933 390 0
2099 3 10.211554 -0.5508097 301.6 80.144145 390 0
2099 4 18.168688 6.533141 391.2 77.82867 390 0
2099 5 21.42452 11.03871 461.6 198.519691 390 0
2099 6 28.226099 16.646282 512.7 200.61612 390 0
2099 7 36.095146 22.531075 503.7 85.9969326 390 0
2099 8 35.641903 22.826057 439.3 103.5768187 390 0
2099 9 30.46784 18.492504 346.6 51.361797 390 0
2099 10 24.504095 12.20121 255.1 82.2823018 390 0
2099 11 16.721268 5.823082 163.1 192.0849 390 0
2099 12 9.51341 0.53881484 125 210.4724974 390 0
2100-2200 1 6.653137 -1.9527222 143.5 85.5742507 390 0
2100-2200 2 7.4713845 -2.6535335 209.8 163.1961933 390 0
2100-2200 3 10.211554 -0.5508097 301.6 80.144145 390 0
2100-2200 4 18.168688 6.533141 391.2 77.82867 390 0
2100-2200 5 21.42452 11.03871 461.6 198.519691 390 0
2100-2200 6 28.226099 16.646282 512.7 200.61612 390 0
2100-2200 7 36.095146 22.531075 503.7 85.9969326 390 0
2100-2200 8 35.641903 22.826057 439.3 103.5768187 390 0
2100-2200 9 30.46784 18.492504 346.6 51.361797 390 0
2100-2200 10 24.504095 12.20121 255.1 82.2823018 390 0
2100-2200 11 16.721268 5.823082 163.1 192.0849 390 0
2100-2200 12 9.51341 0.53881484 125 210.4724974 390 0
