Year Month Tmax Tmin PAR Prec CO2 O3
1200-1980 1 -1.40869417242998 -12.1057201271139 143.5 84.953422999966 390 0
1200-1980 2 0.668207960782056 -10.6519659071236 209.8 80.1168871720896 390 0
1200-1980 3 5.2469330657924 -5.74245450594114 301.6 99.2853858262441 390 0
1200-1980 4 12.2389835814994 0.400323252989985 391.2 104.099789496298 390 0
1200-1980 5 18.7380549305134 6.12610444858438 461.6 104.785832266615 390 0
1200-1980 6 23.3865055557382 11.2736580185722 512.7 110.171030653285 390 0
1200-1980 7 26.269414785249 14.2147216395071 503.7 97.451143466382 390 0
1200-1980 8 25.4862250869476 13.389674386083 439.3 97.8457575958585 390 0
1200-1980 9 21.1248736643138 9.06791642837748 346.6 102.959154265004 390 0
1200-1980 10 14.5391713942798 3.06511695414708 255.1 117.153449760033 390 0
1200-1980 11 7.97617053276672 -1.66677503822998 163.1 111.65139315118 390 0
1200-1980 12 1.60539974356243 -7.86177000701591 125 103.516692263951 390 0
1981 1 -4.58487745616422 -17.4383650396406 143.5 24.988499836847 390 0
1981 2 4.52529176799494 -6.84256454444764 209.8 176.542583301945 390 0
1981 3 5.81324560504739 -4.51820717704201 301.6 27.4315008273778 390 0
1981 4 13.5396280708091 1.13113880903563 391.2 90.7639785780698 390 0
1981 5 20.3232055337551 6.47604727739944 461.6 82.6463279372995 390 0
1981 6 24.0270440637647 11.1112732817115 512.7 96.0794198779424 390 0
1981 7 26.1886103220864 14.1485049246713 503.7 137.339523105566 390 0
1981 8 25.1009101072646 12.1456846794288 439.3 79.9044146217445 390 0
1981 9 19.5104352833571 8.96876478073259 346.6 127.207767890105 390 0
1981 10 12.8696031526936 1.55131307067031 255.1 144.137611860243 390 0
1981 11 7.59373626627384 -1.79300524146244 163.1 75.7727558011189 390 0
1981 12 0.798569645309447 -7.2379172700141 125 128.835972808655 390 0
1982 1 -5.28344314849824 -17.791311461364 143.5 104.981224405649 390 0
1982 2 -0.297287574043121 -12.2385590369347 209.8 83.7519659389428 390 0
1982 3 4.44033318233181 -7.36518713315293 301.6 74.0051434887036 390 0
1982 4 10.8698032989044 -1.57621105228627 391.2 112.963110539997 390 0
1982 5 20.0778915378159 5.81903433083223 461.6 49.1963734021134 390 0
1982 6 20.8736771821034 9.73085554715367 512.7 178.863738514297 390 0
1982 7 27.0507735315325 12.9419555361125 503.7 75.9013567491317 390 0
1982 8 23.7443910757924 11.2159031011604 439.3 81.3448475532905 390 0
1982 9 20.8335271149218 8.97570947468737 346.6 67.98186407039 390 0
1982 10 15.3835742578255 1.67212633370185 255.1 45.3176122177154 390 0
1982 11 9.47879004536845 -0.180234234429131 163.1 101.254938273026 390 0
1982 12 4.32104784751776 -5.87375583893075 125 45.4016797963985 390 0
1983 1 -0.194321510424175 -10.6670481430497 143.5 105.979835499306 390 0
1983 2 1.68694224375803 -9.86915039200056 209.8 84.8234315520449 390 0
1983 3 5.55355836579604 -3.09380087596996 301.6 188.552820641317 390 0
1983 4 11.4157847575149 1.23260025034454 391.2 201.03074644718 390 0
1983 5 16.4358171455728 5.94485975053181 461.6 158.575002346338 390 0
1983 6 25.0517404222884 10.733201614835 512.7 53.9649507314709 390 0
1983 7 27.4307796264324 13.5844552059598 503.7 76.9119775558668 390 0
1983 8 26.2954724775259 13.1469263228469 439.3 95.7214706565777 390 0
1983 9 23.6693265145095 8.96913325316567 346.6 52.8947650235458 390 0
1983 10 14.5851538779272 2.70394783176003 255.1 91.7109469489495 390 0
1983 11 7.91737377930174 -1.02236156937454 163.1 244.828568054666 390 0
1983 12 0.059724794473753 -9.6226663651435 125 174.52298229377 390 0
1984 1 -2.85725857541118 -14.2217181073484 143.5 58.0330201486709 390 0
1984 2 3.83132011937362 -6.21738126585791 209.8 140.575030841829 390 0
1984 3 1.67930767658639 -8.49177367246047 301.6 131.420734803404 390 0
1984 4 11.6343194219905 0.589639900084161 391.2 111.726182131918 390 0
1984 5 17.7719067186683 5.02692514396016 461.6 236.751991088728 390 0
1984 6 24.0307971055599 11.0320430227109 512.7 121.145339820923 390 0
1984 7 25.972964624299 14.0808052182909 503.7 116.534649774424 390 0
1984 8 26.426566750267 14.5130210029292 439.3 46.9206086419964 390 0
1984 9 20.6021819297759 6.58826714784732 346.6 36.68490246971 390 0
1984 10 16.1577614068962 3.35793944631225 255.1 80.0098335312143 390 0
1984 11 8.55157826041551 -2.22660574495048 163.1 74.7246199271074 390 0
1984 12 3.43039065787797 -6.34472191801142 125 86.2084151787057 390 0
1985 1 -4.06416182768849 -14.8223135241592 143.5 27.6997074399278 390 0
1985 2 1.28947411943648 -10.1494986015504 209.8 68.9942702758238 390 0
1985 3 6.73924466738466 -5.95965626659821 301.6 79.121570705916 390 0
1985 4 12.6196776913417 -0.013967512574942 391.2 41.4356776448097 390 0
1985 5 19.607568746683 5.4824756078831 461.6 77.3681897689506 390 0
1985 6 21.2343637193486 9.72223828444507 512.7 90.7558333183894 390 0
1985 7 26.9984493793989 13.1765310734326 503.7 61.0122035374983 390 0
1985 8 24.8486246812585 12.1514782144983 439.3 130.989732351019 390 0
1985 9 21.4538125267229 8.8769295725862 346.6 109.780348353716 390 0
1985 10 15.3304873376424 3.03512247459826 255.1 75.8978304667494 390 0
1985 11 7.29368196380669 -1.21570235684786 163.1 142.675121840716 390 0
1985 12 -0.801050175237643 -11.4167401058773 125 55.9259948706666 390 0
1986 1 0.25404379113001 -11.508289313121 143.5 142.116343248489 390 0
1986 2 -0.885745493313525 -12.2666518146203 209.8 61.0382402319968 390 0
1986 3 6.33329588584734 -5.96047683266839 301.6 109.019476859032 390 0
1986 4 14.3201358070641 1.66752083326897 391.2 66.3021907450535 390 0
1986 5 19.3262085635992 6.60405363978815 461.6 80.1214681385161 390 0
1986 6 22.3891098834659 9.34133431957585 512.7 116.801279144427 390 0
1986 7 24.5534063446801 13.3446639479937 503.7 144.271340033019 390 0
1986 8 23.6468056093358 12.4899427982538 439.3 105.089426483843 390 0
1986 9 19.2680931590443 7.39479923899694 346.6 68.1420599476654 390 0
1986 10 14.5600446714645 2.37236683430036 255.1 51.8174127862148 390 0
1986 11 6.13817242155718 -4.00839980765711 163.1 124.846156766917 390 0
1986 12 1.55348058461564 -7.50921433766704 125 121.931549967208 390 0
1987 1 -1.49442829118256 -13.1173020987492 143.5 110.718272583137 390 0
1987 2 -0.373565180192602 -12.6809888359773 209.8 10.6359249091976 390 0
1987 3 6.34068287787972 -5.49904810945981 301.6 74.7003404056926 390 0
1987 4 13.2475708361896 1.87373065161639 391.2 180.260685033262 390 0
1987 5 19.4533857102152 5.45963400678961 461.6 55.2105219781604 390 0
1987 6 23.3624465001072 11.4351847137722 512.7 123.746002001634 390 0
1987 7 26.0559577176417 14.1137905353488 503.7 58.4691820307438 390 0
1987 8 24.8021792175809 11.3585141156428 439.3 72.6229316530568 390 0
1987 9 20.0309402269432 8.9188626569178 346.6 158.831918750107 390 0
1987 10 14.3387478331951 1.67724570311757 255.1 112.499944832263 390 0
1987 11 7.54590697753306 -2.97579631766565 163.1 65.2998934398588 390 0
1987 12 1.92921651012768 -6.30172810170689 125 81.8170810115035 390 0
1988 1 -1.48760145787542 -13.9418623216283 143.5 60.8756727895727 390 0
1988 2 1.05177969073206 -11.3128623153288 209.8 93.458646170364 390 0
1988 3 5.603581010192 -6.45212359134471 301.6 46.3334271515861 390 0
1988 4 11.1714262948034 0.794274147147138 391.2 97.240555066638 390 0
1988 5 19.2442599853523 6.92273916475272 461.6 85.9909863430739 390 0
1988 6 24.194984773596 9.76874651338111 512.7 45.4967830186107 390 0
1988 7 27.1775443038495 15.2624324993201 503.7 160.471415122598 390 0
1988 8 26.5489075054614 14.9481945864807 439.3 126.971588776522 390 0
1988 9 20.6502777786374 7.50925405143297 346.6 49.6620435650558 390 0
1988 10 12.0926229608433 1.86811607845843 255.1 82.8790986613295 390 0
1988 11 8.71338118013553 -1.18412130067404 163.1 179.471473939679 390 0
1988 12 0.523599881830617 -10.369923790106 125 36.804541845274 390 0
1989 1 1.00455598781871 -10.1187300176729 143.5 38.884421724342 390 0
1989 2 -0.313713939588889 -11.3602793816226 209.8 67.7389789612278 390 0
1989 3 4.75086588408846 -7.47376385833443 301.6 67.5347908970291 390 0
1989 4 10.1708850936069 -1.24370878955481 391.2 91.9572463105829 390 0
1989 5 19.7621124373171 7.33580804865173 461.6 195.760682809049 390 0
1989 6 23.12256830978 12.0183590417053 512.7 136.366786721369 390 0
1989 7 26.3419297033748 13.5108111562566 503.7 71.2926462765488 390 0
1989 8 24.7566142189147 12.876331980747 439.3 109.160969655373 390 0
1989 9 21.259119249895 8.96682678266582 346.6 108.80276456742 390 0
1989 10 15.5031780815908 2.83657567924355 255.1 130.103050899527 390 0
1989 11 6.86157141474209 -2.83234154163529 163.1 125.482567161041 390 0
1989 12 -6.0773144740506 -17.7685675844392 125 39.3208158883337 390 0
1990 1 2.50497576552953 -7.15467356457814 143.5 113.558558446794 390 0
1990 2 1.95587096603359 -11.1326054425499 209.8 79.1496992010478 390 0
1990 3 6.71127522373458 -5.96389782654442 301.6 59.9525681127694 390 0
1990 4 12.106383187872 0.769962733380562 391.2 104.727265379379 390 0
1990 5 16.862596350773 5.06746620400939 461.6 170.967644697708 390 0
1990 6 23.6104565900562 11.0244301885505 512.7 92.9699806027563 390 0
1990 7 26.5335757907927 14.3417026047112 503.7 80.5095805628473 390 0
1990 8 26.1426628549138 14.4252058990554 439.3 163.404921258657 390 0
1990 9 20.4566370762611 8.84507349081728 346.6 67.3496712097465 390 0
1990 10 16.2284945931906 5.2938792258299 255.1 177.513471256945 390 0
1990 11 9.08659763291761 -0.994168640370782 163.1 98.9590987622866 390 0
1990 12 4.1352453755342 -5.54942515736893 125 150.413236815743 390 0
1991 1 -1.28787082334188 -12.4363884674061 143.5 72.1243063820881 390 0
1991 2 2.58036276045757 -8.86225474781473 209.8 43.1973146954681 390 0
1991 3 6.19542743946868 -3.59514291740731 301.6 126.164640012066 390 0
1991 4 14.1887878631244 1.18028435118164 391.2 90.2316648447582 390 0
1991 5 21.914018538575 7.33526523566723 461.6 99.9942836081149 390 0
1991 6 24.8796816413042 11.2319006550353 512.7 64.8064163310664 390 0
1991 7 26.5826741826383 13.3693322115534 503.7 64.131844837263 390 0
1991 8 26.2308159797962 14.1006491584959 439.3 213.430263971593 390 0
1991 9 20.4264507100917 7.61763814495777 346.6 146.451458201446 390 0
1991 10 15.6958147187761 3.97700873999994 255.1 98.8443106914969 390 0
1991 11 7.78005808407725 -0.437997766323064 163.1 106.252047115415 390 0
1991 12 1.21517085225233 -9.33448540936469 125 88.0826735393694 390 0
1992 1 -0.833381846948033 -11.5488277647488 143.5 88.6278371882826 390 0
1992 2 0.393398771728206 -10.2661932452647 209.8 67.2542399566616 390 0
1992 3 3.2416024394611 -7.50797037153774 301.6 101.33822555442 390 0
1992 4 10.1524550677794 -0.927567675462562 391.2 64.1282800839795 390 0
1992 5 19.5479815857343 4.46439703898588 461.6 38.5913640329771 390 0
1992 6 23.4490919612217 10.1809420464893 512.7 112.337148667105 390 0
1992 7 24.0968409866197 12.0811955909048 503.7 100.268899956285 390 0
1992 8 23.9819873872659 12.7470932655071 439.3 98.5758502953876 390 0
1992 9 20.8790405775223 8.68684072086213 346.6 74.4651303441475 390 0
1992 10 12.5174750000398 1.53503807271485 255.1 74.0442367638906 390 0
1992 11 5.94363972193738 -2.82020056181136 163.1 113.007493745801 390 0
1992 12 1.37555942253131 -7.57346438469805 125 69.635946090553 390 0
1993 1 -0.322942532141883 -10.3920501633215 143.5 63.482087031501 390 0
1993 2 -3.41640494701429 -16.4524066079008 209.8 89.5118557665574 390 0
1993 3 4.19112059067244 -8.19418587848993 301.6 124.966791191858 390 0
1993 4 12.1847188172659 0.305345312260249 391.2 136.37910643567 390 0
1993 5 19.9158852554144 6.19883169803197 461.6 31.6383092927229 390 0
1993 6 23.7150724596313 10.3753982486813 512.7 86.9154451682208 390 0
1993 7 26.8132841921844 13.8171230544492 503.7 65.1214790512144 390 0
1993 8 26.3457307808033 13.5733758613146 439.3 59.4747141065303 390 0
1993 9 20.1352439550015 9.24934286967033 346.6 111.164668277643 390 0
1993 10 12.896801434229 1.19246750172526 255.1 95.6541889041472 390 0
1993 11 8.18190291956858 -2.7612505796537 163.1 119.160690873133 390 0
1993 12 1.56124956717741 -7.38405702300988 125 131.773896302429 390 0
1994 1 -5.46734071533622 -17.9125756332167 143.5 131.194377600366 390 0
1994 2 -2.33306857525955 -14.8483901596719 209.8 39.5715713651784 390 0
1994 3 4.04045606365338 -5.68504090096048 301.6 140.260774820651 390 0
1994 4 12.3889647252061 0.234654695161295 391.2 86.4766470224736 390 0
1994 5 17.6064628238896 5.12798984478698 461.6 119.180218536006 390 0
1994 6 25.063588498996 12.5663047249506 512.7 72.9972307801612 390 0
1994 7 27.6813938850771 16.0338383405731 503.7 95.8124637031497 390 0
1994 8 24.7267405676011 12.6808692984063 439.3 92.5442405653031 390 0
1994 9 19.6142234285721 8.78685212372912 346.6 135.690621786408 390 0
1994 10 15.492778714329 2.59661851997619 255.1 36.4401738372187 390 0
1994 11 10.3752228888632 -0.94540449192045 163.1 101.835741643771 390 0
1994 12 3.53011323308491 -6.51505822351448 125 106.868430581632 390 0
1995 1 0.548410827356902 -7.55803394114356 143.5 105.347019282984 390 0
1995 2 -0.967572040362179 -13.2069388769663 209.8 73.5042938642702 390 0
1995 3 5.75904735216101 -4.23111918782582 301.6 68.1019428972591 390 0
1995 4 10.5646572153522 -1.60124940286662 391.2 59.175308962172 390 0
1995 5 17.7695593036349 5.30917353575919 461.6 86.5089686166679 390 0
1995 6 25.2434402103513 11.2618537177914 512.7 59.7269824767706 390 0
1995 7 27.486680135264 15.168797937966 503.7 95.6247447047081 390 0
1995 8 26.5760959889975 12.5833249407932 439.3 49.6544527793296 390 0
1995 9 20.344012909495 6.46366805175385 346.6 67.1055803211784 390 0
1995 10 17.1042516129244 4.56584038812788 255.1 211.094441865439 390 0
1995 11 5.58557634182142 -3.10350542876833 163.1 164.177238729031 390 0
1995 12 -1.26127860293381 -10.1837849855701 125 79.4270258001354 390 0
1996 1 -1.45117768473947 -12.4429523182826 143.5 147.255152342105 390 0
1996 2 -0.599735911590625 -10.8882586418992 209.8 84.3528044459818 390 0
1996 3 4.20938367127239 -7.69974659168372 301.6 67.9839576616253 390 0
1996 4 11.3276955508786 0.371050984623882 391.2 168.412691792663 390 0
1996 5 17.6475044674893 4.89591351392095 461.6 127.713318503107 390 0
1996 6 23.5694054925037 11.8405000698018 512.7 89.9842127026787 390 0
1996 7 24.6232550381858 13.7858534111988 503.7 183.566374608906 390 0
1996 8 25.6199918051736 13.5029784527259 439.3 23.6365293202956 390 0
1996 9 20.3948772469881 10.0134933485009 346.6 140.850594187425 390 0
1996 10 13.7795855034678 2.25365179292215 255.1 159.254702997082 390 0
1996 11 5.61139001634233 -3.71456201053134 163.1 73.6379965774535 390 0
1996 12 3.45893015918481 -3.71770203424712 125 183.866906001878 390 0
1997 1 -1.62938739334468 -11.6862666810608 143.5 100.625863814673 390 0
1997 2 1.96333912311163 -9.00324412892998 209.8 61.526346857133 390 0
1997 3 3.17649259932365 -7.13639396556653 301.6 103.781247836331 390 0
1997 4 10.4732642542006 -1.22311572423876 391.2 117.564479378755 390 0
1997 5 15.8043920870101 4.45179655105221 461.6 85.7620070949964 390 0
1997 6 24.4045522742181 10.6646645287734 512.7 54.5116626447014 390 0
1997 7 26.3204309980973 13.2177438039692 503.7 93.2635772846943 390 0
1997 8 24.805846800231 12.8644333992735 439.3 105.458456229651 390 0
1997 9 20.0717149733356 8.74402970350308 346.6 66.9793336221072 390 0
1997 10 13.7844997342254 1.89957359327729 255.1 42.5422965639708 390 0
1997 11 5.72789229905612 -3.02556759514781 163.1 146.151745222777 390 0
1997 12 1.77031043205118 -7.81838161621636 125 72.2993860220811 390 0
1998 1 0.0875480772381985 -8.32207446737914 143.5 139.605700222871 390 0
1998 2 3.3807835300254 -6.81778833407366 209.8 94.6853707888259 390 0
1998 3 6.30776888958121 -4.40234911591623 301.6 111.71936096157 390 0
1998 4 13.5716812493519 0.830526375275604 391.2 77.5731115175141 390 0
1998 5 21.203597467018 7.99200661894153 461.6 92.937346028746 390 0
1998 6 21.3158244821358 11.7473999239651 512.7 229.232850803704 390 0
1998 7 26.2274642772506 13.9458819197333 503.7 66.0562498912569 390 0
1998 8 26.3561661275417 13.6481777605649 439.3 62.0081688347207 390 0
1998 9 21.8807887728222 9.52191744838506 346.6 54.2410816760203 390 0
1998 10 14.2902800533522 3.92000010017176 255.1 144.458042209459 390 0
1998 11 7.32639062312319 -1.14663002510225 163.1 74.083904418026 390 0
1998 12 5.17171760584565 -5.57428598704262 125 43.0142670466029 390 0
1999 1 -0.709198398113426 -12.456781826173 143.5 165.487921016758 390 0
1999 2 2.3582533332545 -8.9482862653261 209.8 68.4185930233099 390 0
1999 3 5.50508407832219 -4.27683472965521 301.6 154.104896534487 390 0
1999 4 13.0971376039429 0.377283855955984 391.2 17.735706644593 390 0
1999 5 20.0816725601672 6.63380539425051 461.6 90.35537451761 390 0
1999 6 26.2994481935981 12.3051276445244 512.7 56.6797805036905 390 0
1999 7 27.7356065319229 15.025881938695 503.7 67.6727207394464 390 0
1999 8 25.3572701064792 12.9651752977098 439.3 74.8962313074395 390 0
1999 9 23.0008629639236 11.458615205539 346.6 241.379936552757 390 0
1999 10 13.7537293821902 1.37024197856136 255.1 106.615718791433 390 0
1999 11 10.4643861017932 0.363435990671009 163.1 86.0442944359171 390 0
1999 12 2.87340912138035 -6.00214803602568 125 61.5683324668747 390 0
2000 1 -1.90217490826826 -12.8205726940917 143.5 96.4884861299403 390 0
2000 2 1.17500466874422 -10.3409896339055 209.8 85.4239470950872 390 0
2000 3 8.27955843903644 -3.43118549441251 301.6 106.325265943907 390 0
2000 4 10.8050046750215 0.79587687864447 391.2 147.033629423504 390 0
2000 5 17.5137018407947 5.97210129024666 461.6 104.275572852353 390 0
2000 6 22.9148302434462 10.895592079342 512.7 107.150453430551 390 0
2000 7 23.943737310816 12.5317702910856 503.7 132.200029905334 390 0
2000 8 23.8318611719509 12.8112712994567 439.3 75.7498762616719 390 0
2000 9 20.514761031134 8.39364813851811 346.6 69.1438127828661 390 0
2000 10 14.8121592207707 2.43062116618766 255.1 81.4830867393508 390 0
2000 11 7.22567720116967 -0.745693532375269 163.1 87.0989461214417 390 0
2000 12 -0.727370244511388 -10.6583667692213 125 116.631897603667 390 0
2001 1 -1.17690831233944 -12.9476982397223 143.5 37.8562507135703 390 0
2001 2 0.286169128369192 -11.6190576673208 209.8 79.973465013781 390 0
2001 3 2.65291269022802 -6.87821075850854 301.6 160.53320378148 390 0
2001 4 11.7993473280292 -0.741665534696141 391.2 30.6722625299576 390 0
2001 5 20.3358122976247 6.19799270375364 461.6 53.0950609918104 390 0
2001 6 24.5701006921536 12.2886419749702 512.7 121.602432494827 390 0
2001 7 25.0508627229582 12.4944257152611 503.7 76.942406585186 390 0
2001 8 27.6043351474799 14.4088398750177 439.3 33.7880862429251 390 0
2001 9 22.1472510399913 9.01202614007415 346.6 106.287725414372 390 0
2001 10 16.3719331757656 2.88877386377286 255.1 32.9709100837248 390 0
2001 11 9.81127434752906 -0.513987315835743 163.1 55.908210756092 390 0
2001 12 4.69664096808712 -4.70449961557329 125 70.9703556368292 390 0
2002 1 1.80611488139933 -7.34122173682495 143.5 63.6620480299227 390 0
2002 2 2.74408712788131 -9.0961126430775 209.8 82.9771253145734 390 0
2002 3 5.10906333967869 -5.01344703626727 301.6 105.543390565573 390 0
2002 4 12.668759533316 1.35002575840701 391.2 114.835225529759 390 0
2002 5 17.0705804076604 4.76996436629765 461.6 106.851070245157 390 0
2002 6 22.3506506014658 10.48247260772 512.7 123.49669261269 390 0
2002 7 26.5186621976612 14.141442448565 503.7 56.1317963139887 390 0
2002 8 27.760398568156 14.2451695018772 439.3 54.9490890866694 390 0
2002 9 23.1182677032593 10.465322621743 346.6 102.71102704285 390 0
2002 10 12.8535972187533 2.08069745684663 255.1 95.8020264985179 390 0
2002 11 5.85223950710875 -2.58558346248108 163.1 138.318700693896 390 0
2002 12 0.953974714452891 -8.90708553587987 125 104.741805434848 390 0
2003 1 -4.91943420236015 -15.6650475412614 143.5 59.9227686125972 390 0
2003 2 -2.52483772688671 -13.5207796060422 209.8 79.2505579007774 390 0
2003 3 4.92177812299501 -7.9412108273821 301.6 92.8182953320342 390 0
2003 4 10.1017409235009 -1.52476957596398 391.2 71.2514950420431 390 0
2003 5 16.8200484862723 5.88961858029195 461.6 100.625932836081 390 0
2003 6 22.9010832610734 11.6056236487892 512.7 80.926302603508 390 0
2003 7 26.2191283825278 14.5251775737315 503.7 59.1447927438421 390 0
2003 8 25.8423845740156 15.1356533650698 439.3 126.075633892049 390 0
2003 9 21.570399016924 9.95110166010515 346.6 148.673864618958 390 0
2003 10 13.7240388789199 2.48634512372788 255.1 177.085570661206 390 0
2003 11 8.84999864050442 -0.933719722353069 163.1 100.378091717655 390 0
2003 12 2.18474593844825 -7.79189043371499 125 157.097616609824 390 0
2004 1 -6.32579512712042 -15.5380191727221 143.5 24.8793042096654 390 0
2004 2 0.539692668128414 -11.5268262173343 209.8 41.8682455322354 390 0
2004 3 5.63792879468203 -4.37894050394657 301.6 44.9835858302771 390 0
2004 4 11.9359028493357 0.479273352557473 391.2 139.673447207258 390 0
2004 5 19.4410972474959 6.95250938040852 461.6 118.445216019699 390 0
2004 6 22.1989565536177 9.68913220989538 512.7 60.2046413643937 390 0
2004 7 24.3082130239566 14.1144350701182 503.7 105.040241739907 390 0
2004 8 24.9033637724317 14.0193306896852 439.3 139.842289447608 390 0
2004 9 21.4531123093233 9.40241676663499 346.6 120.209484607041 390 0
2004 10 14.3027791010903 3.27084109920945 255.1 54.9275114498011 390 0
2004 11 8.20863382796368 -2.23183799673946 163.1 105.679226376766 390 0
2004 12 0.847457182440854 -8.71084265174785 125 108.695647669359 390 0
2005 1 -2.91775393167159 -13.6968078537539 143.5 88.1298818099932 390 0
2005 2 1.57561887131079 -10.9211747500625 209.8 75.0933959872716 390 0
2005 3 3.49706788274652 -7.9524064312021 301.6 117.64486495815 390 0
2005 4 13.8499607258226 0.624575742975166 391.2 173.688295005526 390 0
2005 5 14.730027893982 4.73996863798418 461.6 149.034915769248 390 0
2005 6 24.8189050078352 12.7359912300304 512.7 99.1302627408413 390 0
2005 7 26.5983342485872 14.77731336565 503.7 85.7746948588565 390 0
2005 8 26.3238613227277 14.531868309566 439.3 88.2251897952146 390 0
2005 9 23.1938706124384 10.6371964063743 346.6 78.3772493342927 390 0
2005 10 13.926552708561 5.57400530954887 255.1 364.819861610148 390 0
2005 11 9.03686879462616 -1.58055473467902 163.1 150.106279905396 390 0
2005 12 0.829404817880225 -8.51716194793518 125 122.847573456671 390 0
2006 1 2.48317923795987 -7.25107137386405 143.5 119.847406257073 390 0
2006 2 0.494976672099407 -9.54965329467406 209.8 65.3197776800424 390 0
2006 3 5.33108030121622 -5.51450962608264 301.6 28.8556211841156 390 0
2006 4 13.9022514491657 0.977516402100885 391.2 73.5490883676874 390 0
2006 5 17.949907733445 7.35860354059022 461.6 192.66034290124 390 0
2006 6 22.6643580221239 13.5976957130462 512.7 217.81614090641 390 0
2006 7 27.400636788361 16.1386397790005 503.7 126.610072015533 390 0
2006 8 24.3161541824524 12.8198950645015 439.3 94.2182236188401 390 0
2006 9 20.4513670503962 9.04907774161931 346.6 74.4455376469153 390 0
2006 10 14.0450457689236 3.11139025436294 255.1 191.680928845692 390 0
2006 11 10.2619103221269 1.14734327117993 163.1 133.111136206224 390 0
2006 12 5.08218074463562 -3.95364234634535 125 78.3207957960543 390 0
2007 1 0.141310883682562 -9.61782417391741 143.5 79.020989220404 390 0
2007 2 -3.08503149806233 -14.1573305832348 209.8 52.7880118518479 390 0
2007 3 4.72512268093756 -7.32444235570536 301.6 111.889095367267 390 0
2007 4 9.69405573685994 -0.242401283072567 391.2 198.889512013489 390 0
2007 5 19.7256639924332 6.00664775924321 461.6 78.7504657537927 390 0
2007 6 23.4524730918689 11.4367491978703 512.7 74.7071040431638 390 0
2007 7 25.1124897133347 13.80427022314 503.7 102.158366144334 390 0
2007 8 25.7873925508149 12.9402195008417 439.3 62.7821814429049 390 0
2007 9 22.399063396692 9.36371381496259 346.6 76.8050363561582 390 0
2007 10 17.0599955278776 6.08419918431497 255.1 126.930579690366 390 0
2007 11 6.67615869336221 -2.85520790730672 163.1 127.192188621082 390 0
2007 12 -0.471719145625218 -9.45564350290993 125 121.047377468949 390 0
2008 1 0.378420634320898 -10.3056908640999 143.5 71.7542882178772 390 0
2008 2 0.437957283713611 -9.82950533834373 209.8 205.628463788834 390 0
2008 3 3.52958191905673 -7.0164601713184 301.6 132.460127148312 390 0
2008 4 13.8957970312849 0.656390326442033 391.2 110.936711179216 390 0
2008 5 18.068352423581 5.02116211768865 461.6 33.9218901099436 390 0
2008 6 23.2421110528455 12.5536428026774 512.7 127.66316654751 390 0
2008 7 26.54465766976 15.3552115609457 503.7 138.496400669865 390 0
2008 8 23.6381740525755 12.9625066397515 439.3 126.112043162119 390 0
2008 9 20.9680679505991 9.66653967737986 346.6 204.899932849815 390 0
2008 10 14.0191560212121 2.39811992618893 255.1 90.1578694385363 390 0
2008 11 7.31960758759215 -1.56498085725052 163.1 122.151735042245 390 0
2008 12 1.8511840234126 -8.42526150740737 125 155.253240652554 390 0
2009 1 -4.22249807248956 -16.1100877837232 143.5 78.377640431822 390 0
2009 2 0.8111650363471 -11.0850772137487 209.8 61.6142181767402 390 0
2009 3 4.99871648763516 -6.57353421484586 301.6 74.930451281767 390 0
2009 4 13.6144018955393 1.33283574060836 391.2 104.473953917973 390 0
2009 5 18.4880672746513 6.42551386294023 461.6 107.68457227841 390 0
2009 6 20.6899642577373 11.3621326443839 512.7 181.035971120488 390 0
2009 7 23.1462438932784 13.3742879609071 503.7 184.205114024265 390 0
2009 8 25.9329411764709 14.5916135480727 439.3 136.828024372813 390 0
2009 9 20.511792857037 7.77084320749336 346.6 40.7475117113004 390 0
2009 10 11.8702717479088 2.38428593373009 255.1 147.923903670714 390 0
2009 11 10.4433369491041 0.42423001368711 163.1 111.327459810952 390 0
2009 12 0.915190318520414 -8.0423407369546 125 127.241944277283 390 0
2010 1 -0.541828226639866 -9.67789139910674 143.5 90.3137649066292 390 0
2010 2 0.84026593714644 -6.81255375609734 209.8 113.066627390006 390 0
2010 3 8.70547288367983 -1.83114249426818 301.6 190.575778372645 390 0
2010 4 15.052969086818 2.59456170118252 391.2 56.4642030415597 390 0
2010 5 21.1856125131116 7.3842305198167 461.6 54.1878533477793 390 0
2010 6 23.4137485479801 12.1315959452615 512.7 112.276396166374 390 0
2010 7 27.7106398257498 15.9591947859199 503.7 86.9162617732157 390 0
2010 8 25.8034419675064 13.7266372861535 439.3 70.6051792490999 390 0
2010 9 22.253607111718 10.9480052463052 346.6 82.999086413583 390 0
2010 10 14.3527620332364 3.83353984944547 255.1 194.815132761675 390 0
2010 11 7.85289979347543 -1.292415088187 163.1 120.841973607955 390 0
2010 12 0.494517394607634 -7.80174182123873 125 144.064042445636 390 0
2011 1 -1.97693884087272 -12.7656359673361 143.5 74.1285582604312 390 0
2011 2 -0.361085134747236 -13.0227211508224 209.8 86.7700880141245 390 0
2011 3 4.57746464849804 -5.73538366443114 301.6 137.865957412209 390 0
2011 4 11.7800732378154 1.21061260445185 391.2 145.282419691192 390 0
2011 5 18.1196000503418 8.18665078095553 461.6 110.100450580434 390 0
2011 6 22.7096821097915 11.3812982045349 512.7 110.443966636928 390 0
2011 7 27.6005728874931 15.1168845991591 503.7 64.6431213503279 390 0
2011 8 25.1639957315949 14.1568168002452 439.3 217.106437488692 390 0
2011 9 22.1149681585345 11.6086561492742 346.6 146.643850223159 390 0
2011 10 14.7604060409725 5.28619259961867 255.1 152.359353840875 390 0
2011 11 10.9712855973326 -0.498368149317551 163.1 83.556558633269 390 0
2011 12 4.49794958925589 -5.51437119980691 125 107.900405446915 390 0
2012 1 0.51802963526158 -9.0804729057182 143.5 84.9687599871083 390 0
2012 2 2.91610735786978 -7.72081177550745 209.8 33.4121818190171 390 0
2012 3 9.94040083862244 -1.93852900623234 301.6 51.4523715715291 390 0
2012 4 13.7884189467338 1.02475645195347 391.2 93.3791143783776 390 0
2012 5 19.4857288704092 8.65408378194884 461.6 143.126073255838 390 0
2012 6 22.4807837162309 11.5632545745831 512.7 152.78886365218 390 0
2012 7 27.6629325316725 15.0826279456011 503.7 56.6665419582422 390 0
2012 8 26.8207290868712 14.8374566547763 439.3 110.227326433356 390 0
2012 9 21.0452952764866 9.15678122204915 346.6 125.760221227918 390 0
2012 10 15.3765936501441 5.70165462556838 255.1 158.560574621042 390 0
2012 11 7.21339498940612 -2.51476101042515 163.1 24.8045662541568 390 0
2012 12 2.7743595072124 -5.40011750912468 125 141.889954775138 390 0
2013 1 -0.562774128915143 -11.1331576345717 143.5 32.5269912074785 390 0
2013 2 0.371049549352608 -8.94797866616841 209.8 91.9400089668126 390 0
2013 3 4.65086863933218 -4.46487710883623 301.6 64.0455121536938 390 0
2013 4 11.9527979630382 -0.0991139592731135 391.2 59.0790614908131 390 0
2013 5 19.0655848564541 6.05417687512393 461.6 139.90266911563 390 0
2013 6 23.5097424171593 12.2151336919243 512.7 183.019773408638 390 0
2013 7 27.2019551457335 16.7188318735083 503.7 126.72566478254 390 0
2013 8 25.0026145220181 12.7346960698883 439.3 100.590601107036 390 0
2013 9 20.8974410100018 9.25989527717223 346.6 134.28123969932 390 0
2013 10 15.9524805902941 3.93911972886159 255.1 35.7116060841475 390 0
2013 11 7.31309239136609 -3.23362054585124 163.1 106.354553514062 390 0
2013 12 -0.518416709830013 -9.45741648471103 125 101.62905310883 390 0
2014 1 -4.5711365 -17.057693 143.5 73.3576684 399 0
2014 2 -1.1089482 -14.078778 209.8 94.771645125 399.92 0
2014 3 5.4963984 -5.7658014 301.6 106.7248935 400.9 0
2014 4 12.519251 0.72251594 391.2 126.62298 402.36 0
2014 5 18.817856 5.928064 461.6 149.147355 402.9 0
2014 6 24.215086 11.706601 512.7 106.245096 402.35 0
2014 7 27.75179 14.96482 503.7 103.9251192 400.83 0
2014 8 27.727715 13.648643 439.3 63.9837148 398.24 0
2014 9 21.452877 9.624253 346.6 99.285822 397.24 0
2014 10 15.0000725 2.8146596 255.1 118.8282762 397.1 0
2014 11 6.719744 -3.1427336 163.1 171.88521 398.53 0
2014 12 2.8873625 -5.7040067 125 103.4008627 399.74 0
2015 1 -0.29090214 -10.507713 143.5 111.4589934 401.63 0
2015 2 4.5616093 -6.0222464 209.8 113.3139592 402.55 0
2015 3 7.401489 -3.1551318 301.6 235.24009 403.53 0
2015 4 12.430572 0.7574629 391.2 134.181075 404.99 0
2015 5 22.440327 9.418033 461.6 87.0722823 405.53 0
2015 6 25.649023 11.73283 512.7 84.087297 404.98 0
2015 7 28.124847 14.85606 503.7 140.059116 403.46 0
2015 8 26.820112 14.559349 439.3 121.1826921 400.87 0
2015 9 22.843323 9.371634 346.6 84.731892 399.87 0
2015 10 15.816519 3.0056646 255.1 103.3018735 399.73 0
2015 11 9.998057 -0.18239036 163.1 73.721358 401.16 0
2015 12 -0.96348417 -12.740749 125 143.8869867 402.37 0
2016 1 -1.5203464 -12.58948 143.5 132.8993405 404.33 0
2016 2 -0.5425287 -11.644852 209.8 84.21388845 405.25 0
2016 3 7.4357014 -3.457251 301.6 84.01403 406.23 0
2016 4 11.087444 -0.5939909 391.2 122.005191 407.69 0
2016 5 18.378748 5.9510016 461.6 97.1812087 408.23 0
2016 6 25.690031 12.446813 512.7 133.511181 407.68 0
2016 7 28.377905 15.078941 503.7 106.7314934 406.16 0
2016 8 28.538519 13.997084 439.3 46.1301483 403.57 0
2016 9 22.72556 9.311745 346.6 88.95576 402.57 0
2016 10 14.612718 2.7704225 255.1 111.7208473 402.43 0
2016 11 8.7879715 -0.7546151 163.1 183.639021 403.86 0
2016 12 6.9001584 -3.2359328 125 91.789636 405.07 0
2017 1 2.978663 -6.9982734 143.5 90.1044605 407.1 0
2017 2 1.3935715 -9.964082 209.8 63.4604723 408.02 0
2017 3 9.290099 -2.4874647 301.6 107.8702164 409 0
2017 4 14.839765 2.6959338 391.2 100.28307 410.46 0
2017 5 19.06421 4.487678 461.6 125.9767305 411 0
2017 6 25.09285 11.585994 512.7 74.560932 410.45 0
2017 7 27.58282 14.19735 503.7 167.678008 408.93 0
2017 8 26.027493 13.341765 439.3 84.1799482 406.34 0
2017 9 21.452244 9.517785 346.6 79.181007 405.34 0
2017 10 14.769655 2.3887625 255.1 81.7905364 405.2 0
2017 11 9.978477 0.16159658 163.1 106.214832 406.63 0
2017 12 2.2013288 -7.624055 125 135.381278 407.84 0
2018 1 -1.5802205 -13.238262 143.5 94.9989792 409.93 0
2018 2 5.754567 -5.0146 209.8 38.022514025 410.85 0
2018 3 7.857039 -3.8896217 301.6 52.529345 411.83 0
2018 4 11.520829 -0.54736924 391.2 99.098853 413.29 0
2018 5 16.93345 3.828149 461.6 110.253608 413.83 0
2018 6 24.867268 11.625376 512.7 142.37418 413.28 0
2018 7 27.11361 14.474004 503.7 152.3258997 411.76 0
2018 8 27.830101 15.158838 439.3 102.4975878 409.17 0
2018 9 21.131618 7.6214986 346.6 88.449804 408.17 0
2018 10 16.850367 3.6248958 255.1 74.3207423 408.03 0
2018 11 10.107048 -0.6686996 163.1 118.483242 409.46 0
2018 12 2.3631854 -7.1647162 125 62.2200225 410.67 0
2019 1 -2.506623 -12.532309 143.5 37.3503252 412.82 0
2019 2 5.792404 -4.574356 209.8 90.3305728 413.74 0
2019 3 9.543703 -1.5969429 301.6 83.7149017 414.72 0
2019 4 13.767307 0.24514684 391.2 95.444805 416.18 0
2019 5 19.341854 6.010052 461.6 218.801193 416.72 0
2019 6 24.957644 11.969709 512.7 118.048575 416.17 0
2019 7 27.51045 15.094606 503.7 141.665412 414.65 0
2019 8 25.664055 14.348938 439.3 199.377089 412.06 0
2019 9 22.1106 10.095816 346.6 46.492392 411.06 0
2019 10 19.155706 6.4876003 255.1 65.0784674 410.92 0
2019 11 11.045197 0.2930296 163.1 124.895412 412.35 0
2019 12 3.5063086 -6.15315 125 145.0679627 413.56 0
2020 1 -2.1140077 -12.2430935 143.5 25.0293938 415.78 0
2020 2 0.47209844 -11.638092 209.8 85.6019522 416.7 0
2020 3 7.975045 -3.602962 301.6 228.666261 417.68 0
2020 4 13.56438 -0.36020127 391.2 103.694265 419.14 0
2020 5 21.413702 6.2466545 461.6 73.7679844 419.68 0
2020 6 25.702946 12.489202 512.7 125.004558 419.13 0
2020 7 26.795244 15.417249 503.7 134.878489 417.61 0
2020 8 27.925442 14.238278 439.3 71.2508867 415.02 0
2020 9 21.895254 9.180433 346.6 157.272321 414.02 0
2020 10 16.938686 2.4359386 255.1 22.00487384 413.88 0
2020 11 10.662731 1.5987626 163.1 151.389099 415.31 0
2020 12 5.8457613 -2.9513562 125 59.3381137 416.52 0
2021 1 0.7960553 -8.609701 143.5 31.7634835 418.8 0
2021 2 3.4312594 -6.3626165 209.8 122.60124275 419.72 0
2021 3 8.717491 -2.423746 301.6 83.11968 420.7 0
2021 4 14.771845 1.4969616 391.2 127.092891 422.16 0
2021 5 23.213127 8.962846 461.6 46.5975446 422.7 0
2021 6 26.051556 13.6135025 512.7 125.96529 422.15 0
2021 7 28.436474 14.950833 503.7 85.0997182 420.63 0
2021 8 26.061327 14.24066 439.3 150.4028116 418.04 0
2021 9 20.271564 8.877174 346.6 102.403599 417.04 0
2021 10 17.252111 4.344062 255.1 65.0395252 416.9 0
2021 11 11.180464 -0.5620383 163.1 163.301682 418.33 0
2021 12 5.4098005 -4.5657315 125 137.183463 419.54 0
2022 1 -0.0918933 -10.886871 143.5 153.1908803 421.86 0
2022 2 2.3636687 -9.898424 209.8 73.2001005 422.78 0
2022 3 8.842169 -1.61022 301.6 142.8186957 423.76 0
2022 4 15.137695 1.9805194 391.2 30.360726 425.22 0
2022 5 22.556885 6.9016695 461.6 47.5140937 425.76 0
2022 6 26.506012 12.991619 512.7 155.21952 425.21 0
2022 7 28.900005 14.565757 503.7 78.0287577 423.69 0
2022 8 26.962849 13.941834 439.3 81.1047575 421.1 0
2022 9 23.154543 10.170057 346.6 86.696328 420.1 0
2022 10 16.89489 3.020394 255.1 90.56061 419.96 0
2022 11 9.680771 -0.37052694 163.1 142.956219 421.39 0
2022 12 2.3152654 -4.9651775 125 193.69885 422.6 0
2023 1 1.1005301 -9.580333 143.5 126.075915 424.99 0
2023 2 2.005045 -10.9561205 209.8 64.6611425 425.91 0
2023 3 7.2910643 -4.4745436 301.6 80.4212912 426.89 0
2023 4 15.003631 2.9972036 391.2 124.916469 428.35 0
2023 5 22.308727 8.792559 461.6 180.0841584 428.89 0
2023 6 26.941126 12.398974 512.7 70.834881 428.34 0
2023 7 27.505657 14.58613 503.7 157.699821 426.82 0
2023 8 27.088223 14.3016 439.3 82.1607043 424.23 0
2023 9 23.44691 9.694742 346.6 41.086149 423.23 0
2023 10 18.109135 5.732462 255.1 38.1141993 423.09 0
2023 11 10.857845 1.1442239 163.1 130.432848 424.52 0
2023 12 2.380932 -7.200401 125 50.1925433 425.73 0
2024 1 -1.1254661 -11.970398 143.5 74.5907275 428.2 0
2024 2 3.2385683 -7.7202263 209.8 73.786957525 429.12 0
2024 3 7.7464614 -3.029608 301.6 215.5791894 430.1 0
2024 4 13.389457 1.6761574 391.2 120.60561 431.56 0
2024 5 18.474377 7.631306 461.6 130.3684354 432.1 0
2024 6 25.90076 12.663415 512.7 108.448956 431.55 0
2024 7 28.51425 16.576643 503.7 124.647714 430.03 0
2024 8 29.93341 16.393208 439.3 48.2115069 427.44 0
2024 9 23.415283 9.084535 346.6 110.67966 426.44 0
2024 10 18.671082 5.26088 255.1 97.3303714 426.3 0
2024 11 10.717158 0.62684536 163.1 177.26823 427.73 0
2024 12 7.7462273 -2.0753853 125 59.9322628 428.94 0
2025 1 3.7106469 -5.8908615 143.5 52.5497492 431.47 0
2025 2 2.3134499 -9.607579 209.8 115.0952912 432.39 0
2025 3 8.677195 -1.5199871 301.6 113.9350192 433.37 0
2025 4 12.060035 0.30315796 391.2 228.129072 434.83 0
2025 5 22.008402 7.1420207 461.6 80.0625623 435.37 0
2025 6 23.57125 10.280029 512.7 62.482818 434.82 0
2025 7 25.816948 12.913846 503.7 115.9444857 433.3 0
2025 8 27.290562 14.109328 439.3 142.5111726 430.71 0
2025 9 22.092606 10.41368 346.6 97.805379 429.71 0
2025 10 16.433851 3.821254 255.1 121.2223442 429.57 0
2025 11 8.647203 -1.1520684 163.1 88.178652 431 0
2025 12 2.266814 -9.215356 125 151.392127 432.21 0
2026 1 1.2529377 -9.504216 143.5 198.372193 434.83 0
2026 2 3.77164 -8.014569 209.8 27.8685162375 435.75 0
2026 3 7.386834 -3.418079 301.6 113.1012215 436.73 0
2026 4 15.255481 2.1722083 391.2 116.739198 438.19 0
2026 5 20.805124 8.592801 461.6 127.744056 438.73 0
2026 6 24.556894 14.493641 512.7 186.746421 438.18 0
2026 7 28.108465 14.967142 503.7 78.867162 436.66 0
2026 8 27.021881 16.731146 439.3 102.769619 434.07 0
2026 9 22.50479 9.916852 346.6 125.90265 433.07 0
2026 10 18.253723 6.180802 255.1 123.702431 432.93 0
2026 11 11.314404 0.050927676 163.1 93.791271 434.36 0
2026 12 4.3844466 -5.0697083 125 98.386126 435.57 0
2027 1 -0.40201217 -12.072975 143.5 70.0341026 438.24 0
2027 2 6.0095806 -5.0597186 209.8 78.95124115 439.16 0
2027 3 9.241491 -3.3978033 301.6 33.142069 440.14 0
2027 4 14.161324 1.0743942 391.2 177.22806 441.6 0
2027 5 21.337914 7.192993 461.6 121.949939 442.14 0
2027 6 25.858503 12.278076 512.7 116.282772 441.59 0
2027 7 28.599142 16.761185 503.7 136.7148422 440.07 0
2027 8 29.037043 15.084419 439.3 64.723846 437.48 0
2027 9 25.040445 11.784274 346.6 70.582902 436.48 0
2027 10 18.002062 4.757198 255.1 96.1882167 436.34 0
2027 11 11.135607 0.5862985 163.1 125.31603 437.77 0
2027 12 5.816946 -3.425992 125 116.19606 438.98 0
2028 1 1.7694701 -8.686863 143.5 159.465085 441.72 0
2028 2 0.64509976 -11.59627 209.8 89.45160795 442.64 0
2028 3 6.6642747 -4.983918 301.6 104.4270712 443.62 0
2028 4 15.649378 2.4727962 391.2 37.729071 445.08 0
2028 5 21.627172 7.0153193 461.6 62.8375735 445.62 0
2028 6 28.272537 12.719227 512.7 47.782047 445.07 0
2028 7 27.526913 14.397765 503.7 155.7006217 443.55 0
2028 8 28.527626 14.702249 439.3 57.9501259 440.96 0
2028 9 23.649784 10.416672 346.6 84.072576 439.96 0
2028 10 14.781194 2.9057536 255.1 108.9114196 439.82 0
2028 11 9.909332 -0.1386695 163.1 191.56398 441.25 0
2028 12 2.3764875 -7.7425265 125 136.346246 442.46 0
2029 1 -5.328615 -18.1359 143.5 152.7829296 445.25 0
2029 2 -1.5222192 -14.150413 209.8 73.533091725 446.17 0
2029 3 8.204021 -2.0102057 301.6 124.9800123 447.15 0
2029 4 15.690517 3.2944255 391.2 104.063316 448.61 0
2029 5 19.346596 9.332657 461.6 256.5914485 449.15 0
2029 6 26.35851 12.390419 512.7 97.044774 448.6 0
2029 7 28.505686 16.04406 503.7 120.0947564 447.08 0
2029 8 27.77905 14.835351 439.3 82.0132187 444.49 0
2029 9 24.818993 12.430317 346.6 72.911139 443.49 0
2029 10 21.25099 10.277913 255.1 156.5492963 443.35 0
2029 11 7.9827623 -1.7502217 163.1 152.70708 444.78 0
2029 12 3.2374053 -4.8714213 125 127.003094 445.99 0
2030 1 -1.0098827 -12.29265 143.5 108.986204 448.83 0
2030 2 1.6857485 -9.665676 209.8 173.226175 449.75 0
2030 3 7.0828285 -2.9941535 301.6 119.6342545 450.73 0
2030 4 13.500995 1.6270285 391.2 59.540925 452.19 0
2030 5 23.291422 7.68047 461.6 48.1008369 452.73 0
2030 6 26.110085 12.48122 512.7 76.836771 452.18 0
2030 7 30.947456 16.305803 503.7 53.3223436 450.66 0
2030 8 27.041758 13.625963 439.3 100.942076 448.07 0
2030 9 24.43415 11.35486 346.6 80.923077 447.07 0
2030 10 16.442093 3.7991934 255.1 98.2449334 446.93 0
2030 11 11.265948 0.7716174 163.1 186.912075 448.36 0
2030 12 1.5031211 -6.79181 125 122.571489 449.57 0
2031 1 -0.15556937 -11.590197 143.5 89.5535006 452.47 0
2031 2 3.1523933 -9.263978 209.8 39.549437825 453.39 0
2031 3 9.53613 -1.0373096 301.6 80.7355165 454.37 0
2031 4 11.747986 -0.20865443 391.2 151.26957 455.83 0
2031 5 18.815775 6.27126 461.6 74.176676 456.37 0
2031 6 27.006538 12.0634365 512.7 49.735344 455.82 0
2031 7 28.293554 15.320594 503.7 97.4392186 454.3 0
2031 8 26.183584 13.649141 439.3 69.9175891 451.71 0
2031 9 23.503435 11.423203 346.6 184.71717 450.71 0
2031 10 16.667213 3.6918974 255.1 29.5745673 450.57 0
2031 11 10.202038 -0.39416486 163.1 146.60133 452 0
2031 12 3.663119 -4.862908 125 93.5510126 453.21 0
2032 1 -3.7293975 -17.061733 143.5 39.1083352 456.18 0
2032 2 1.837145 -9.772916 209.8 100.9099718 457.1 0
2032 3 6.4635315 -3.9009323 301.6 78.6268934 458.08 0
2032 4 13.948011 1.2339094 391.2 89.579931 459.54 0
2032 5 22.117334 7.749727 461.6 133.141373 460.08 0
2032 6 25.948105 12.43261 512.7 69.6657 459.53 0
2032 7 28.367105 16.004286 503.7 120.5741931 458.01 0
2032 8 28.469086 16.620441 439.3 181.6140766 455.42 0
2032 9 22.750196 8.174865 346.6 59.56533 454.42 0
2032 10 16.551197 4.109672 255.1 57.9245323 454.28 0
2032 11 6.9925656 -2.4264474 163.1 186.65169 455.71 0
2032 12 2.0612936 -7.350631 125 171.58066 456.92 0
2033 1 -4.8528705 -16.65228 143.5 119.3814836 459.96 0
2033 2 1.497439 -9.743751 209.8 72.927417375 460.88 0
2033 3 4.5845923 -6.3112636 301.6 71.304371 461.86 0
2033 4 13.159741 0.7516918 391.2 151.60107 463.32 0
2033 5 20.517538 9.054648 461.6 123.0215687 463.86 0
2033 6 25.013659 11.397534 512.7 72.423807 463.31 0
2033 7 28.033226 13.829169 503.7 43.4167741 461.79 0
2033 8 27.346893 13.184534 439.3 40.3510725 459.2 0
2033 9 23.236927 9.761136 346.6 113.715792 458.2 0
2033 10 16.953724 4.6325884 255.1 94.9602943 458.06 0
2033 11 9.932222 -0.17935133 163.1 221.920308 459.49 0
2033 12 2.0108757 -7.530543 125 123.2347247 460.7 0
2034 1 1.1241509 -10.380403 143.5 110.8894862 463.85 0
2034 2 2.4172435 -9.308378 209.8 161.584511025 464.77 0
2034 3 7.3019433 -3.2655787 301.6 165.7919184 465.75 0
2034 4 13.91968 2.415925 391.2 114.173112 467.21 0
2034 5 19.438044 8.589196 461.6 233.8977652 467.75 0
2034 6 27.433405 12.8479595 512.7 74.852571 467.2 0
2034 7 28.964638 16.051018 503.7 112.1644325 465.68 0
2034 8 27.020405 14.807454 439.3 180.8298355 463.09 0
2034 9 21.84273 9.270829 346.6 97.34445 462.09 0
2034 10 18.987772 5.35299 255.1 87.1935667 461.95 0
2034 11 11.250323 2.0708714 163.1 157.921542 463.38 0
2034 12 4.8507667 -4.592644 125 127.5220216 464.59 0
2035 1 3.9332423 -5.68144 143.5 75.1390648 467.85 0
2035 2 6.958775 -3.9776433 209.8 75.006651275 468.77 0
2035 3 8.461809 -1.9063367 301.6 75.923619 469.75 0
2035 4 13.643479 0.8677913 391.2 137.863971 471.21 0
2035 5 22.568653 6.7324996 461.6 42.3004579 471.75 0
2035 6 27.732086 13.027435 512.7 76.831806 471.2 0
2035 7 33.817596 17.007334 503.7 43.5288856 469.68 0
2035 8 30.153261 14.906936 439.3 52.4090805 467.09 0
2035 9 26.58615 12.652945 346.6 119.774679 466.09 0
2035 10 16.181822 3.2056408 255.1 66.423886 465.95 0
2035 11 9.76579 0.5496099 163.1 195.86268 467.38 0
2035 12 7.112417 -3.424286 125 171.7202065 468.59 0
2036 1 -0.5594147 -11.721755 143.5 101.549707 471.96 0
2036 2 1.5761822 -8.947727 209.8 68.260455225 472.88 0
2036 3 4.883842 -6.499377 301.6 102.9395827 473.86 0
2036 4 14.5059185 2.1221313 391.2 132.83313 475.32 0
2036 5 22.378736 9.00134 461.6 114.882714 475.86 0
2036 6 24.86532 12.865487 512.7 153.32904 475.31 0
2036 7 27.973316 14.528837 503.7 87.3240767 473.79 0
2036 8 27.970345 14.456252 439.3 71.7463039 471.2 0
2036 9 22.378565 10.943879 346.6 187.20615 470.2 0
2036 10 19.399004 7.6506615 255.1 169.7743675 470.06 0
2036 11 9.603091 -0.6560135 163.1 155.29635 471.49 0
2036 12 6.824674 -3.6002085 125 62.4598385 472.7 0
2037 1 1.2309968 -9.680617 143.5 92.9465622 476.18 0
2037 2 3.6083114 -6.618772 209.8 146.62531395 477.1 0
2037 3 7.400704 -4.1554866 301.6 85.7401038 478.08 0
2037 4 15.924948 2.278713 391.2 39.47649 479.54 0
2037 5 20.715845 8.618483 461.6 176.2507573 480.08 0
2037 6 27.02742 12.868913 512.7 84.33654 479.53 0
2037 7 29.837246 17.086853 503.7 102.397805 478.01 0
2037 8 29.424906 14.909785 439.3 86.062386 475.42 0
2037 9 24.036003 12.176378 346.6 121.194519 474.42 0
2037 10 17.270721 4.393974 255.1 59.1103009 474.28 0
2037 11 8.170145 -0.15780339 163.1 179.72529 475.71 0
2037 12 1.9717574 -7.960796 125 75.8464011 476.92 0
2038 1 0.39214733 -10.471097 143.5 199.730241 480.51 0
2038 2 4.043818 -7.1789565 209.8 16.41339577 481.43 0
2038 3 8.164988 -2.9842365 301.6 123.920826 482.41 0
2038 4 15.818068 2.9847183 391.2 108.203688 483.87 0
2038 5 21.359522 7.7084203 461.6 138.3418772 484.41 0
2038 6 26.395882 12.59278 512.7 73.32807 483.86 0
2038 7 30.878471 16.83124 503.7 82.3583975 482.34 0
2038 8 27.347525 15.225457 439.3 105.084606 479.75 0
2038 9 23.147877 9.702259 346.6 165.15069 478.75 0
2038 10 20.156399 6.900132 255.1 79.0164425 478.61 0
2038 11 10.766417 1.5778071 163.1 167.72631 480.04 0
2038 12 2.6303055 -7.0147953 125 132.287695 481.25 0
2039 1 -3.1052442 -13.607816 143.5 75.3136909 484.93 0
2039 2 8.017265 -2.7921746 209.8 112.0248665 485.85 0
2039 3 7.681941 -3.876367 301.6 160.9957534 486.83 0
2039 4 15.820628 3.5217226 391.2 112.330734 488.29 0
2039 5 20.518482 5.7317486 461.6 44.9166347 488.83 0
2039 6 26.942272 13.597863 512.7 81.831186 488.28 0
2039 7 28.843306 14.958411 503.7 86.6829564 486.76 0
2039 8 28.496927 16.22298 439.3 128.1300773 484.17 0
2039 9 25.542244 11.909021 346.6 64.620801 483.17 0
2039 10 17.099548 4.576515 255.1 103.3995235 483.03 0
2039 11 9.822959 -0.019812023 163.1 81.024564 484.46 0
2039 12 1.5823215 -10.554171 125 106.7939553 485.67 0
2040 1 1.7415644 -8.920877 143.5 91.8426336 489.44 0
2040 2 5.9326425 -5.771594 209.8 69.593216775 490.36 0
2040 3 9.301298 -2.9748788 301.6 63.3510854 491.34 0
2040 4 14.4877825 1.5168743 391.2 115.55859 492.8 0
2040 5 21.172466 5.802534 461.6 76.8088922 493.34 0
2040 6 27.424114 12.565476 512.7 43.718871 492.79 0
2040 7 28.423822 14.706693 503.7 87.9108168 491.27 0
2040 8 29.226282 14.686516 439.3 74.6200845 488.68 0
2040 9 25.93152 13.438823 346.6 95.019351 487.68 0
2040 10 18.585302 6.549873 255.1 195.1823426 487.54 0
2040 11 10.165482 0.03885407 163.1 82.635198 488.97 0
2040 12 1.2592651 -8.292212 125 170.58215 490.18 0
2041 1 -0.46792552 -10.060652 143.5 218.4491477 494.03 0
2041 2 2.5245209 -8.015528 209.8 84.0607339 494.95 0
2041 3 9.418167 -0.6409694 301.6 156.9438426 495.93 0
2041 4 13.519703 0.8433213 391.2 113.181525 497.39 0
2041 5 18.763037 4.2845263 461.6 77.344969 497.93 0
2041 6 27.13017 12.797904 512.7 90.912609 497.38 0
2041 7 30.110506 16.969706 503.7 130.887332 495.86 0
2041 8 27.747072 14.534962 439.3 82.4569124 493.27 0
2041 9 22.347178 12.265309 346.6 199.358769 492.27 0
2041 10 16.037693 4.117558 255.1 89.5442905 492.13 0
2041 11 9.891842 0.12868634 163.1 120.88968 493.56 0
2041 12 2.5884802 -7.5522676 125 93.4352772 494.77 0
2042 1 -2.5465736 -14.737575 143.5 120.85722 498.73 0
2042 2 4.4737096 -6.804817 209.8 123.815639625 499.65 0
2042 3 5.4811287 -5.525044 301.6 120.0476023 500.63 0
2042 4 16.540335 3.4723427 391.2 58.199823 502.09 0
2042 5 23.240131 7.7199354 461.6 45.976906 502.63 0
2042 6 27.416307 12.81351 512.7 143.33982 502.08 0
2042 7 28.443031 16.622416 503.7 119.355611 500.56 0
2042 8 27.814362 15.799752 439.3 122.8687511 497.97 0
2042 9 23.92223 11.497185 346.6 65.202168 496.97 0
2042 10 19.620415 6.4805923 255.1 90.764466 496.83 0
2042 11 9.368898 -0.22091389 163.1 116.15922 498.26 0
2042 12 2.642818 -4.298604 125 60.8687046 499.47 0
2043 1 5.4547353 -2.4231613 143.5 156.19164 503.53 0
2043 2 6.6557198 -3.9495382 209.8 80.806675725 504.45 0
2043 3 8.891879 -1.9995813 301.6 61.0969452 505.43 0
2043 4 13.708804 2.1854205 391.2 200.542875 506.89 0
2043 5 22.730862 8.266642 461.6 87.4201395 507.43 0
2043 6 28.15541 13.423548 512.7 61.051539 506.88 0
2043 7 28.564827 14.932316 503.7 114.8357087 505.36 0
2043 8 26.597857 11.89821 439.3 33.9474583 502.77 0
2043 9 25.841475 10.691696 346.6 38.550714 501.77 0
2043 10 16.261591 4.1479344 255.1 123.3410857 501.63 0
2043 11 8.2339325 -1.1219652 163.1 214.691421 503.06 0
2043 12 4.682944 -4.140005 125 34.4214607 504.27 0
2044 1 3.9384844 -7.3449817 143.5 64.7980011 508.43 0
2044 2 6.2564096 -3.4443824 209.8 159.47427275 509.35 0
2044 3 6.238519 -5.0281386 301.6 154.3275697 510.33 0
2044 4 14.355736 2.834291 391.2 197.30784 511.79 0
2044 5 23.124561 9.544306 461.6 168.1877937 512.33 0
2044 6 26.876308 13.087274 512.7 78.041418 511.78 0
2044 7 29.744045 15.905044 503.7 108.6246262 510.26 0
2044 8 28.111916 14.540948 439.3 66.677559 507.67 0
2044 9 22.179064 9.879736 346.6 167.347125 506.67 0
2044 10 16.786253 4.613326 255.1 134.3773585 506.53 0
2044 11 9.715808 -1.2420449 163.1 86.336589 507.96 0
2044 12 8.086402 -1.9049574 125 176.4023876 509.17 0
2045 1 6.788011 -3.213093 143.5 159.440378 513.46 0
2045 2 1.6904597 -10.294135 209.8 101.12429325 514.38 0
2045 3 4.3863134 -5.6232347 301.6 190.3523535 515.36 0
2045 4 13.540701 0.63586104 391.2 136.519605 516.82 0
2045 5 22.760832 9.419767 461.6 140.8767038 517.36 0
2045 6 26.744518 13.134459 512.7 100.742577 516.81 0
2045 7 29.32559 15.616745 503.7 94.3477963 515.29 0
2045 8 27.72839 13.768589 439.3 107.533637 512.7 0
2045 9 26.190308 12.944601 346.6 75.636255 511.7 0
2045 10 19.495184 4.3161845 255.1 29.1252006 511.56 0
2045 11 10.006631 -0.55589837 163.1 62.049702 512.99 0
2045 12 6.35418 -1.7609674 125 81.853826 514.2 0
2046 1 2.866232 -8.076225 143.5 99.2734235 518.61 0
2046 2 6.5611086 -5.003428 209.8 107.711806225 519.53 0
2046 3 9.526774 -1.4363204 301.6 86.4999696 520.51 0
2046 4 17.125813 2.771227 391.2 53.50431 521.97 0
2046 5 21.924257 7.1728363 461.6 63.6089031 522.51 0
2046 6 27.249777 12.695434 512.7 37.235559 521.96 0
2046 7 29.625988 17.351467 503.7 196.5242923 520.44 0
2046 8 28.40168 16.097572 439.3 120.4648654 517.85 0
2046 9 23.71122 9.666993 346.6 44.225343 516.85 0
2046 10 17.34647 4.4074197 255.1 60.6369858 516.71 0
2046 11 8.116026 -1.673326 163.1 92.59134 518.14 0
2046 12 9.076299 -0.35669369 125 296.457433 519.35 0
2047 1 4.7027855 -5.1658034 143.5 84.686792 523.9 0
2047 2 6.289119 -2.8228269 209.8 114.561640225 524.82 0
2047 3 9.3545265 -1.4761957 301.6 227.385713 525.8 0
2047 4 14.372059 2.5102475 391.2 184.040808 527.26 0
2047 5 21.269077 7.552584 461.6 119.8736334 527.8 0
2047 6 28.37314 15.453553 512.7 150.34443 527.25 0
2047 7 30.089035 17.547611 503.7 88.4924791 525.73 0
2047 8 29.465403 17.241009 439.3 121.8946815 523.14 0
2047 9 23.915054 13.118569 346.6 137.79483 522.14 0
2047 10 20.673815 6.0589314 255.1 58.9495349 522 0
2047 11 10.964344 1.1121292 163.1 185.075055 523.43 0
2047 12 3.7211068 -4.5866065 125 258.338469 524.64 0
2048 1 -2.7718801 -13.809457 143.5 22.64528517 529.32 0
2048 2 2.9076602 -8.840599 209.8 77.603718975 530.24 0
2048 3 6.687145 -4.810293 301.6 65.103038 531.22 0
2048 4 14.906657 2.6687682 391.2 152.54934 532.68 0
2048 5 23.114502 8.632027 461.6 66.1292434 533.22 0
2048 6 26.20388 13.042252 512.7 82.32414 532.67 0
2048 7 29.208345 15.786839 503.7 95.5594344 531.15 0
2048 8 29.997602 17.386843 439.3 85.5238943 528.56 0
2048 9 24.107086 11.427444 346.6 112.732044 527.56 0
2048 10 17.75238 4.8405232 255.1 87.6326817 527.42 0
2048 11 10.575364 0.900972 163.1 174.50145 528.85 0
2048 12 7.5806985 -1.970857 125 104.4624422 530.06 0
2049 1 1.6560944 -8.209951 143.5 139.602765 534.88 0
2049 2 3.7986734 -7.6639876 209.8 117.813480775 535.8 0
2049 3 7.7668495 -4.538013 301.6 85.5615655 536.78 0
2049 4 14.980324 2.762239 391.2 94.604124 538.24 0
2049 5 18.165031 5.7725444 461.6 90.5172317 538.78 0
2049 6 26.011955 12.861941 512.7 96.698019 538.23 0
2049 7 26.86024 14.973039 503.7 164.931625 536.71 0
2049 8 27.1729 15.36237 439.3 212.1297016 534.12 0
2049 9 24.035013 11.78887 346.6 132.747618 533.12 0
2049 10 17.626377 7.0277934 255.1 80.673067 532.98 0
2049 11 11.95992 2.0968888 163.1 146.94273 534.41 0
2049 12 9.193593 -1.1386783 125 233.7997773 535.62 0
2050 1 1.4010979 -9.584726 143.5 91.4293664 540.54 0
2050 2 4.8229322 -6.7229342 209.8 78.830876375 541.46 0
2050 3 10.055802 -1.1670674 301.6 115.9108073 542.44 0
2050 4 16.339972 3.3324163 391.2 88.589259 543.9 0
2050 5 24.866665 9.150408 461.6 79.5410183 544.44 0
2050 6 27.331905 13.58544 512.7 139.562472 543.89 0
2050 7 30.026554 16.196129 503.7 86.25192 542.37 0
2050 8 30.019554 16.638378 439.3 163.3007305 539.78 0
2050 9 22.75887 8.790955 346.6 62.19633 538.78 0
2050 10 19.467241 7.3717713 255.1 106.0289683 538.64 0
2050 11 13.156879 2.2313957 163.1 233.68326 540.07 0
2050 12 4.4759407 -5.0057063 125 71.0405176 541.28 0
2051 1 0.10888518 -10.186237 143.5 62.8974996 546.32 0
2051 2 1.6727037 -9.154004 209.8 74.40459575 547.24 0
2051 3 9.062039 -1.8973408 301.6 126.1756513 548.22 0
2051 4 14.01943 1.6685134 391.2 98.210529 549.68 0
2051 5 23.963682 10.422187 461.6 133.8394 550.22 0
2051 6 24.077963 11.432817 512.7 158.326062 549.67 0
2051 7 28.63923 15.4602785 503.7 149.0290094 548.15 0
2051 8 26.720856 12.936639 439.3 94.3283345 545.56 0
2051 9 24.636976 11.742592 346.6 92.898588 544.56 0
2051 10 18.434027 4.979491 255.1 34.8807505 544.42 0
2051 11 12.011218 0.35896558 163.1 180.39114 545.85 0
2051 12 3.0837164 -8.27458 125 52.0911135 547.06 0
2052 1 4.2285633 -7.4681134 143.5 28.0102856 552.21 0
2052 2 3.3355203 -8.778602 209.8 107.02342435 553.13 0
2052 3 10.811115 -0.53436905 301.6 68.9372203 554.11 0
2052 4 12.556446 0.37842563 391.2 170.7093 555.57 0
2052 5 22.238455 8.572682 461.6 172.843259 556.11 0
2052 6 27.486916 13.617646 512.7 57.84939 555.56 0
2052 7 29.733032 16.980482 503.7 153.357806 554.04 0
2052 8 30.220762 17.757425 439.3 88.403289 551.45 0
2052 9 24.08779 11.613479 346.6 100.309518 550.45 0
2052 10 19.143803 5.0037684 255.1 84.4151452 550.31 0
2052 11 12.830965 2.0569332 163.1 162.497391 551.74 0
2052 12 2.7548938 -7.534323 125 41.7589251 552.95 0
2053 1 1.4003183 -9.765799 143.5 81.2894555 558.21 0
2053 2 7.570937 -3.5147579 209.8 82.27832275 559.13 0
2053 3 8.832667 -2.588033 301.6 126.146967 560.11 0
2053 4 15.131893 1.9264369 391.2 122.54757 561.57 0
2053 5 20.394648 8.301185 461.6 149.3476336 562.11 0
2053 6 27.218182 12.963218 512.7 64.757394 561.56 0
2053 7 29.932814 17.041666 503.7 111.3203676 560.04 0
2053 8 29.39912 14.35176 439.3 38.9894812 557.45 0
2053 9 22.516663 11.927497 346.6 164.368272 556.45 0
2053 10 18.004936 5.202072 255.1 84.8500287 556.31 0
2053 11 9.960666 -0.5448164 163.1 58.196676 557.74 0
2053 12 5.137744 -3.8170395 125 123.3990247 558.95 0
2054 1 5.8404336 -3.825771 143.5 153.6057657 564.31 0
2054 2 3.7669904 -7.6998806 209.8 134.15419325 565.23 0
2054 3 8.086778 -3.8956923 301.6 79.9154363 566.21 0
2054 4 15.120015 2.4544556 391.2 133.026195 567.67 0
2054 5 20.693918 7.462936 461.6 68.407638 568.21 0
2054 6 28.566614 14.452371 512.7 149.471139 567.66 0
2054 7 28.833515 17.639874 503.7 169.5951534 566.14 0
2054 8 29.072762 16.429485 439.3 85.8708804 563.55 0
2054 9 23.752626 10.395063 346.6 77.349372 562.55 0
2054 10 20.038242 5.2442193 255.1 71.6592156 562.41 0
2054 11 12.343345 1.0045353 163.1 122.81826 563.84 0
2054 12 8.050341 -1.7588909 125 97.7256803 565.05 0
2055 1 5.097516 -3.5295691 143.5 144.436843 570.52 0
2055 2 2.2182217 -9.137296 209.8 49.092511 571.44 0
2055 3 8.041584 -3.9423828 301.6 72.0406768 572.42 0
2055 4 15.870484 3.0790288 391.2 120.88686 573.88 0
2055 5 25.106636 8.764163 461.6 25.6941206 574.42 0
2055 6 28.297066 15.142883 512.7 100.32279 573.87 0
2055 7 32.318966 17.260498 503.7 70.6271233 572.35 0
2055 8 31.676456 18.624493 439.3 63.3460014 569.76 0
2055 9 27.161337 11.972274 346.6 63.27789 568.76 0
2055 10 17.747675 5.290015 255.1 62.1580566 568.62 0
2055 11 13.59636 2.4477592 163.1 84.125019 570.05 0
2055 12 6.2828555 -2.7361805 125 89.8166627 571.26 0
2056 1 3.2674692 -6.9777226 143.5 149.1217366 576.84 0
2056 2 3.6915975 -6.9967175 209.8 110.632763 577.76 0
2056 3 8.449318 -3.168341 301.6 100.8835325 578.74 0
2056 4 15.784189 1.6857336 391.2 68.268384 580.2 0
2056 5 23.672638 8.734553 461.6 77.291432 580.74 0
2056 6 27.34226 13.070787 512.7 75.47742 580.19 0
2056 7 30.503855 18.468235 503.7 123.0370067 578.67 0
2056 8 29.94334 16.932484 439.3 94.2196206 576.08 0
2056 9 24.921251 12.297698 346.6 94.384245 575.08 0
2056 10 21.039156 5.8817763 255.1 26.0914941 574.94 0
2056 11 12.279308 3.0592217 163.1 271.52055 576.37 0
2056 12 6.608808 -2.5255923 125 92.7309913 577.58 0
2057 1 0.46642777 -10.642762 143.5 128.962666 583.3 0
2057 2 0.42858973 -10.392384 209.8 119.024383125 584.22 0
2057 3 6.4703565 -5.530195 301.6 69.8195485 585.2 0
2057 4 16.225197 2.2634509 391.2 86.073975 586.66 0
2057 5 20.356354 8.208119 461.6 138.115075 587.2 0
2057 6 28.310047 14.326791 512.7 68.987832 586.65 0
2057 7 31.551622 19.309101 503.7 126.737548 585.13 0
2057 8 30.15885 15.764175 439.3 67.9318128 582.54 0
2057 9 24.72336 12.472907 346.6 134.673945 581.54 0
2057 10 16.828978 5.842297 255.1 163.0500583 581.4 0
2057 11 12.115573 2.4351108 163.1 228.11682 582.83 0
2057 12 5.0823383 -2.4606671 125 81.3300717 584.04 0
2058 1 3.5573545 -5.838943 143.5 133.690817 589.91 0
2058 2 9.738676 -0.54718596 209.8 108.004724825 590.83 0
2058 3 8.553247 -3.0268312 301.6 70.2670273 591.81 0
2058 4 15.339913 1.7352616 391.2 149.2131 593.27 0
2058 5 24.423515 10.437481 461.6 105.8098045 593.81 0
2058 6 27.750038 14.960958 512.7 159.30777 593.26 0
2058 7 30.487913 17.093033 503.7 61.7512746 591.74 0
2058 8 31.023584 17.11791 439.3 89.693075 589.15 0
2058 9 23.813108 11.936821 346.6 92.21874 588.15 0
2058 10 16.542355 2.5724592 255.1 51.9374744 588.01 0
2058 11 12.814132 2.2800477 163.1 86.776392 589.44 0
2058 12 4.6203 -3.9618251 125 84.083377 590.65 0
2059 1 0.57312614 -9.425139 143.5 19.60781217 596.65 0
2059 2 0.7753588 -11.26714 209.8 107.974220475 597.57 0
2059 3 7.8430586 -3.7970643 301.6 94.8646779 598.55 0
2059 4 16.715298 4.961585 391.2 188.60157 600.01 0
2059 5 20.605776 8.368589 461.6 236.4718378 600.55 0
2059 6 27.774601 14.28676 512.7 139.23255 600 0
2059 7 31.178326 17.212948 503.7 116.0607543 598.48 0
2059 8 30.06107 17.167177 439.3 160.6398765 595.89 0
2059 9 24.899471 13.01157 346.6 121.60041 594.89 0
2059 10 16.028055 3.7792544 255.1 66.4897362 594.75 0
2059 11 11.416722 1.8398226 163.1 111.084939 596.18 0
2059 12 7.4408813 -1.2872292 125 61.4482 597.39 0
2060 1 3.388037 -6.683875 143.5 82.2157169 603.52 0
2060 2 4.5743732 -6.253989 209.8 171.5870535 604.44 0
2060 3 10.493369 -0.41930667 301.6 104.2866257 605.42 0
2060 4 16.876455 3.229232 391.2 77.927064 606.88 0
2060 5 23.145813 9.154347 461.6 75.7150572 607.42 0
2060 6 28.420805 14.206091 512.7 116.71431 606.87 0
2060 7 32.83111 17.34119 503.7 43.4510787 605.35 0
2060 8 30.314579 17.230947 439.3 129.8569354 602.76 0
2060 9 24.973598 12.751161 346.6 118.61808 601.76 0
2060 10 19.838257 5.181157 255.1 48.8606965 601.62 0
2060 11 8.518927 -0.6182106 163.1 77.869335 603.05 0
2060 12 2.6417947 -5.918788 125 82.6966912 604.26 0
2061 1 2.2858777 -8.047193 143.5 136.0757152 610.52 0
2061 2 0.820094 -11.389581 209.8 46.254965175 611.44 0
2061 3 5.8724375 -4.749057 301.6 125.134507 612.42 0
2061 4 14.373416 1.361344 391.2 102.752544 613.88 0
2061 5 20.296045 7.9450955 461.6 99.9021965 614.42 0
2061 6 27.546238 14.251834 512.7 115.098381 613.87 0
2061 7 29.675068 16.372395 503.7 137.7576667 612.35 0
2061 8 30.215006 17.342754 439.3 172.784328 609.76 0
2061 9 24.820023 10.928453 346.6 85.860486 608.76 0
2061 10 17.667736 5.8999987 255.1 196.6557757 608.62 0
2061 11 9.199596 0.035832632 163.1 148.260771 610.05 0
2061 12 3.8445568 -5.3249526 125 70.7290296 611.26 0
2062 1 3.9934292 -5.9466953 143.5 129.4513624 617.61 0
2062 2 2.3800507 -9.576192 209.8 106.5225575 618.53 0
2062 3 7.1658673 -5.0319266 301.6 140.7279813 619.51 0
2062 4 15.524452 3.6929884 391.2 239.99886 620.97 0
2062 5 24.657822 9.891846 461.6 65.3669224 621.51 0
2062 6 27.872326 13.919155 512.7 75.548178 620.96 0
2062 7 29.817478 16.43677 503.7 151.273056 619.44 0
2062 8 29.745584 17.016685 439.3 226.2034784 616.85 0
2062 9 26.46307 14.337959 346.6 130.96926 615.85 0
2062 10 18.041426 4.968394 255.1 67.0998038 615.71 0
2062 11 11.571394 2.7371805 163.1 250.19661 617.14 0
2062 12 5.697936 -3.5517185 125 199.460107 618.35 0
2063 1 8.686924 0.36454633 143.5 186.1986263 624.76 0
2063 2 6.21606 -2.911963 209.8 170.2520715 625.68 0
2063 3 9.058988 -1.184652 301.6 204.287861 626.66 0
2063 4 16.909472 3.30406 391.2 79.618965 628.12 0
2063 5 26.429327 12.600774 461.6 73.9830996 628.66 0
2063 6 28.507618 15.165382 512.7 102.039012 628.11 0
2063 7 30.706299 18.711899 503.7 104.0891774 626.59 0
2063 8 30.154474 17.708889 439.3 107.1755374 624 0
2063 9 28.830723 14.664791 346.6 41.979282 623 0
2063 10 20.43165 6.000761 255.1 39.708613 622.86 0
2063 11 11.967716 2.4169772 163.1 152.696241 624.29 0
2063 12 8.8178625 -1.3888137 125 109.0150402 625.5 0
2064 1 2.500001 -7.1238923 143.5 88.662666 631.99 0
2064 2 1.2151477 -12.622743 209.8 144.936554375 632.91 0
2064 3 7.871104 -3.5595472 301.6 124.0275094 633.89 0
2064 4 15.64038 2.204981 391.2 92.172531 635.35 0
2064 5 24.624441 10.151128 461.6 83.0260786 635.89 0
2064 6 28.797277 14.206869 512.7 78.19467 635.34 0
2064 7 30.089323 17.244715 503.7 172.0921786 633.82 0
2064 8 30.736673 18.964909 439.3 134.296681 631.23 0
2064 9 23.893736 11.990135 346.6 87.84345 630.23 0
2064 10 21.742329 9.405896 255.1 66.9434987 630.09 0
2064 11 10.037222 -0.41722146 163.1 184.390182 631.52 0
2064 12 8.85055 -0.4808852 125 171.6497993 632.73 0
2065 1 3.3743463 -6.0249605 143.5 149.4216616 639.29 0
2065 2 7.3344636 -4.06298 209.8 63.65861215 640.21 0
2065 3 7.9409513 -2.7973766 301.6 94.7401602 641.19 0
2065 4 16.760302 4.315149 391.2 121.138929 642.65 0
2065 5 24.46888 9.408927 461.6 81.1860953 643.19 0
2065 6 30.373838 16.45996 512.7 83.516208 642.64 0
2065 7 30.437628 16.754292 503.7 120.2446073 641.12 0
2065 8 29.10995 17.465588 439.3 222.0811325 638.53 0
2065 9 24.40575 11.437642 346.6 183.57234 637.53 0
2065 10 17.560728 4.7639713 255.1 26.0047065 637.39 0
2065 11 11.261978 1.2304384 163.1 145.862616 638.82 0
2065 12 4.559006 -4.181901 125 188.511682 640.03 0
2066 1 2.4690588 -6.751328 143.5 129.495339 646.65 0
2066 2 5.601414 -6.7229924 209.8 13.69464063 647.57 0
2066 3 10.692959 -0.9443693 301.6 69.2107767 648.55 0
2066 4 14.42099 2.9214687 391.2 196.77948 650.01 0
2066 5 23.892702 9.523029 461.6 61.3297118 650.55 0
2066 6 27.591782 12.69756 512.7 80.629371 650 0
2066 7 30.578411 17.87191 503.7 174.7485097 648.48 0
2066 8 29.337189 17.370703 439.3 131.7806125 645.89 0
2066 9 24.607496 12.543362 346.6 82.897518 644.89 0
2066 10 18.578686 6.913829 255.1 162.2692303 644.75 0
2066 11 9.367296 0.4844263 163.1 225.350748 646.18 0
2066 12 3.646788 -6.7579885 125 92.146415 647.39 0
2067 1 0.4007216 -9.229928 143.5 135.7916374 654.1 0
2067 2 5.7607856 -6.2141967 209.8 27.620575875 655.02 0
2067 3 8.554146 -2.8055847 301.6 155.414129 656 0
2067 4 16.2285 5.0744624 391.2 151.996278 657.46 0
2067 5 22.99601 10.032485 461.6 125.6757267 658 0
2067 6 28.848635 14.614826 512.7 105.721728 657.45 0
2067 7 32.356174 19.100012 503.7 122.9395427 655.93 0
2067 8 29.504692 16.888092 439.3 133.147573 653.34 0
2067 9 25.516506 11.793035 346.6 38.28705 652.34 0
2067 10 20.596842 8.101558 255.1 55.796528 652.2 0
2067 11 10.675365 0.13701668 163.1 132.931995 653.63 0
2067 12 3.0591607 -7.102542 125 132.5663323 654.84 0
2068 1 1.0582159 -11.1725025 143.5 120.7602613 661.64 0
2068 2 2.029457 -9.878881 209.8 15.51012575 662.56 0
2068 3 9.330311 -2.8262317 301.6 155.86986 663.54 0
2068 4 14.736453 3.0328593 391.2 208.809828 665 0
2068 5 25.66507 12.326781 461.6 74.128564 665.54 0
2068 6 27.48758 14.197847 512.7 120.463701 664.99 0
2068 7 31.024426 16.627083 503.7 76.5178208 663.47 0
2068 8 31.417112 16.616003 439.3 58.1415478 660.88 0
2068 9 27.039646 14.202099 346.6 99.577761 659.88 0
2068 10 21.00833 9.798175 255.1 87.1659333 659.74 0
2068 11 11.282252 1.6504006 163.1 179.55372 661.17 0
2068 12 7.4653735 -0.8229984 125 101.6471524 662.38 0
2069 1 3.4839299 -5.9194913 143.5 81.607314 669.3 0
2069 2 5.1643534 -6.184231 209.8 123.743313975 670.22 0
2069 3 9.055811 -1.8696009 301.6 133.2623133 671.2 0
2069 4 14.5851 2.6020172 391.2 153.480219 672.66 0
2069 5 23.91779 9.431868 461.6 66.9259961 673.2 0
2069 6 28.779736 14.553636 512.7 89.060811 672.65 0
2069 7 31.044548 16.840416 503.7 99.888324 671.13 0
2069 8 30.51361 16.356678 439.3 79.2167397 668.54 0
2069 9 26.643646 13.2417345 346.6 75.897189 667.54 0
2069 10 20.260288 7.8092837 255.1 119.8550148 667.4 0
2069 11 11.26873 0.32357058 163.1 159.658128 668.83 0
2069 12 9.415744 -0.455851 125 148.433301 670.04 0
2070 1 5.502184 -1.7542577 143.5 172.0120157 677.08 0
2070 2 6.4265366 -4.836532 209.8 83.046974175 678 0
2070 3 10.094934 -0.5590691 301.6 114.3322718 678.98 0
2070 4 19.137823 5.002102 391.2 75.752541 680.44 0
2070 5 25.448011 11.988854 461.6 96.5684813 680.98 0
2070 6 28.870285 16.351093 512.7 168.94362 680.43 0
2070 7 31.261835 17.34445 503.7 73.100356 678.91 0
2070 8 30.998495 19.068447 439.3 121.2837118 676.32 0
2070 9 27.487139 13.971225 346.6 65.397078 675.32 0
2070 10 19.94319 8.73082 255.1 153.618609 675.18 0
2070 11 10.705529 0.7688312 163.1 142.523289 676.61 0
2070 12 9.277682 -0.5778059 125 234.822644 677.82 0
2071 1 5.2582126 -4.9073253 143.5 202.6610926 684.95 0
2071 2 4.0090256 -6.793385 209.8 87.2650184 685.87 0
2071 3 11.519362 0.86979336 301.6 89.2312525 686.85 0
2071 4 15.740366 3.139223 391.2 146.352468 688.31 0
2071 5 25.324203 11.48884 461.6 59.0367813 688.85 0
2071 6 28.497221 13.90449 512.7 70.722549 688.3 0
2071 7 29.11344 17.2932 503.7 155.871751 686.78 0
2071 8 31.538443 20.234161 439.3 151.354555 684.19 0
2071 9 25.909304 13.206327 346.6 184.707 683.19 0
2071 10 19.442343 6.0812654 255.1 73.3518962 683.05 0
2071 11 12.102273 1.2600085 163.1 239.632845 684.48 0
2071 12 10.343382 0.037070513 125 204.7057906 685.69 0
2072 1 3.795994 -5.104052 143.5 100.8314277 692.9 0
2072 2 8.446932 -2.0841427 209.8 74.244240275 693.82 0
2072 3 9.917622 -1.3049498 301.6 125.2822747 694.8 0
2072 4 15.639868 3.7101262 391.2 129.951738 696.26 0
2072 5 25.089224 10.061324 461.6 111.1395849 696.8 0
2072 6 30.370632 17.267778 512.7 98.75139 696.25 0
2072 7 33.724697 20.065916 503.7 123.7839114 694.73 0
2072 8 28.945461 17.283699 439.3 160.289251 692.14 0
2072 9 27.094599 14.546932 346.6 105.082935 691.14 0
2072 10 20.857847 6.2178493 255.1 51.866627 691 0
2072 11 12.554929 2.6083434 163.1 133.662228 692.43 0
2072 12 2.358233 -9.091507 125 132.063999 693.64 0
2073 1 5.521829 -4.2307386 143.5 27.3279477 700.89 0
2073 2 3.0842478 -8.981532 209.8 120.2545435 701.81 0
2073 3 9.33184 -3.0510287 301.6 86.5383507 702.79 0
2073 4 16.650923 2.5364528 391.2 111.689502 704.25 0
2073 5 22.57209 8.497533 461.6 82.4044666 704.79 0
2073 6 28.88021 16.294163 512.7 138.4338 704.24 0
2073 7 31.961863 18.924032 503.7 115.0934024 702.72 0
2073 8 30.032885 15.459577 439.3 91.6301937 700.13 0
2073 9 26.25237 11.314937 346.6 71.975964 699.13 0
2073 10 20.317526 5.5777736 255.1 28.77013714 698.99 0
2073 11 12.82804 0.94173616 163.1 126.620592 700.42 0
2073 12 0.86348605 -8.668246 125 94.2059124 701.63 0
2074 1 5.201479 -6.3553596 143.5 176.8702985 708.93 0
2074 2 8.325717 -3.6176455 209.8 71.28556975 709.85 0
2074 3 8.788278 -3.3426077 301.6 109.7177513 710.83 0
2074 4 16.085386 3.863185 391.2 173.66616 712.29 0
2074 5 23.996563 8.620369 461.6 57.2114641 712.83 0
2074 6 29.421526 15.499958 512.7 92.304825 712.28 0
2074 7 32.128048 18.063375 503.7 129.875244 710.76 0
2074 8 31.22495 18.726334 439.3 128.703134 708.17 0
2074 9 27.096714 12.308065 346.6 64.61331 707.17 0
2074 10 17.761576 5.789533 255.1 159.001015 707.03 0
2074 11 13.984648 4.163094 163.1 207.51876 708.46 0
2074 12 5.550891 -2.701652 125 34.7088524 709.67 0
2075 1 3.6830451 -4.827748 143.5 196.983548 717.02 0
2075 2 6.340147 -4.7047486 209.8 96.80706045 717.94 0
2075 3 10.584427 -0.6594368 301.6 106.4981626 718.92 0
2075 4 17.305174 4.4962673 391.2 216.396345 720.38 0
2075 5 19.579517 8.939869 461.6 224.7314496 720.92 0
2075 6 29.083622 15.218282 512.7 105.18372 720.37 0
2075 7 31.728828 18.703463 503.7 112.3069519 718.85 0
2075 8 32.92208 18.936935 439.3 87.350219 716.26 0
2075 9 26.149008 13.875096 346.6 83.740734 715.26 0
2075 10 21.502356 5.863085 255.1 41.5086745 715.12 0
2075 11 14.745629 3.6951115 163.1 61.582881 716.55 0
2075 12 9.971998 -0.43439516 125 111.4790504 717.76 0
2076 1 8.140432 -1.1847162 143.5 125.3924146 725.14 0
2076 2 -0.14908887 -12.115381 209.8 70.29354275 726.06 0
2076 3 8.882136 -2.383009 301.6 157.7404837 727.04 0
2076 4 16.527895 4.0773625 391.2 130.155288 728.5 0
2076 5 23.154436 9.483719 461.6 98.6900097 729.04 0
2076 6 29.180737 15.20254 512.7 80.260791 728.49 0
2076 7 32.511307 19.5069 503.7 119.400003 726.97 0
2076 8 30.169943 18.754745 439.3 149.6465697 724.38 0
2076 9 27.586975 14.780876 346.6 78.539535 723.38 0
2076 10 20.28006 6.8993697 255.1 41.6685477 723.24 0
2076 11 11.469276 1.7864603 163.1 136.426548 724.67 0
2076 12 4.345092 -4.5428658 125 40.9839065 725.88 0
2077 1 -1.3071402 -11.464658 143.5 34.2717524 733.31 0
2077 2 7.02878 -5.508296 209.8 117.6435768 734.23 0
2077 3 9.688677 -1.6797613 301.6 152.9649833 735.21 0
2077 4 15.328009 2.3772984 391.2 104.652945 736.67 0
2077 5 24.422426 8.810009 461.6 52.3001465 737.21 0
2077 6 30.403446 16.0226 512.7 64.133541 736.66 0
2077 7 32.667374 18.938004 503.7 85.890522 735.14 0
2077 8 31.01456 19.32136 439.3 147.563162 732.55 0
2077 9 23.364082 12.475078 346.6 159.865695 731.55 0
2077 10 17.468678 4.143933 255.1 80.33309 731.41 0
2077 11 13.444768 2.6914735 163.1 60.64341 732.84 0
2077 12 9.353738 -0.2034266 125 146.03015 734.05 0
2078 1 3.1929445 -6.1875362 143.5 95.570706 741.52 0
2078 2 3.6354966 -8.026896 209.8 84.692898275 742.44 0
2078 3 9.242628 -2.1919124 301.6 185.2527884 743.42 0
2078 4 19.69997 6.1595087 391.2 113.802345 744.88 0
2078 5 26.615267 11.723381 461.6 80.4933755 745.42 0
2078 6 30.754068 15.408798 512.7 55.585176 744.87 0
2078 7 31.690825 18.936422 503.7 158.763555 743.35 0
2078 8 30.730394 17.176062 439.3 106.0248298 740.76 0
2078 9 26.079008 11.342993 346.6 39.97485 739.76 0
2078 10 19.25532 5.693623 255.1 90.5460493 739.62 0
2078 11 13.049447 2.9854894 163.1 147.617439 741.05 0
2078 12 7.403125 -0.9955551 125 180.24516 742.26 0
2079 1 6.7617836 -1.9197652 143.5 179.192028 749.8 0
2079 2 7.7020493 -2.6470659 209.8 88.212339775 750.72 0
2079 3 11.418834 1.3461477 301.6 215.9615837 751.7 0
2079 4 19.878035 6.271759 391.2 128.950638 753.16 0
2079 5 24.0274 8.584114 461.6 38.5327675 753.7 0
2079 6 28.252958 15.3779 512.7 115.961172 753.15 0
2079 7 32.437252 18.673706 503.7 135.382859 751.63 0
2079 8 29.972637 15.827982 439.3 185.018416 749.04 0
2079 9 26.224009 12.381651 346.6 71.226954 748.04 0
2079 10 19.264133 7.2124853 255.1 132.9994457 747.9 0
2079 11 13.890011 3.911715 163.1 112.691739 749.33 0
2079 12 5.740402 -2.7405326 125 114.5476722 750.54 0
2080 1 3.5819016 -6.8402247 143.5 63.2456389 758.18 0
2080 2 9.937457 -1.398348 209.8 90.2156292 759.1 0
2080 3 9.184137 -2.7458253 301.6 63.560106 760.08 0
2080 4 16.481747 3.2137418 391.2 95.087799 761.54 0
2080 5 25.610754 10.60758 461.6 77.3371384 762.08 0
2080 6 29.470638 15.060562 512.7 97.38873 761.53 0
2080 7 32.68582 20.200455 503.7 123.9378202 760.01 0
2080 8 31.414198 18.517197 439.3 125.6594517 757.42 0
2080 9 27.778067 14.2516775 346.6 89.874228 756.42 0
2080 10 20.018803 6.040699 255.1 86.4115669 756.28 0
2080 11 12.021668 1.8066726 163.1 103.55547 757.71 0
2080 12 7.6191845 -2.2332141 125 100.648196 758.92 0
2081 1 5.035425 -5.2650337 143.5 107.7987955 766.64 0
2081 2 5.8308334 -6.8342032 209.8 70.2804404 767.56 0
2081 3 9.770249 -1.0736086 301.6 108.690123 768.54 0
2081 4 15.082193 2.8309574 391.2 210.426765 770 0
2081 5 24.80607 10.818505 461.6 123.247475 770.54 0
2081 6 29.673529 15.517985 512.7 117.11736 769.99 0
2081 7 30.704224 17.440697 503.7 117.458287 768.47 0
2081 8 31.746134 18.634367 439.3 104.1801593 765.88 0
2081 9 26.990852 13.308529 346.6 39.022566 764.88 0
2081 10 20.502144 8.469619 255.1 75.7685074 764.74 0
2081 11 14.634304 3.0878654 163.1 84.056268 766.17 0
2081 12 5.624973 -5.984855 125 254.533312 767.38 0
2082 1 5.659628 -5.3882556 143.5 61.7562532 775.17 0
2082 2 3.843814 -7.494545 209.8 95.410948275 776.09 0
2082 3 9.446576 -2.8026009 301.6 99.7433122 777.07 0
2082 4 20.154888 6.1577277 391.2 53.467608 778.53 0
2082 5 25.819874 10.032929 461.6 59.0574304 779.07 0
2082 6 29.454973 15.468122 512.7 108.116583 778.52 0
2082 7 32.90544 20.314278 503.7 130.092182 777 0
2082 8 31.628508 18.507433 439.3 87.1696223 774.41 0
2082 9 25.22494 11.688533 346.6 69.254916 773.41 0
2082 10 19.260286 8.363927 255.1 202.4326815 773.27 0
2082 11 11.609143 1.6992513 163.1 86.239929 774.7 0
2082 12 8.61718 -0.7274051 125 130.9023143 775.91 0
2083 1 3.7035823 -5.198387 143.5 175.59733 783.75 0
2083 2 9.832112 -0.57214284 209.8 77.876851275 784.67 0
2083 3 8.848868 -2.478652 301.6 103.7696356 785.65 0
2083 4 18.02323 5.0571313 391.2 136.32093 787.11 0
2083 5 25.482473 10.713134 461.6 139.111198 787.65 0
2083 6 29.963854 15.279301 512.7 88.839525 787.1 0
2083 7 32.76088 19.06208 503.7 86.318074 785.58 0
2083 8 32.084312 19.247429 439.3 169.162133 782.99 0
2083 9 27.743238 15.578304 346.6 136.19649 781.99 0
2083 10 19.939829 8.401775 255.1 168.7246734 781.85 0
2083 11 14.170871 4.2345057 163.1 110.919198 783.28 0
2083 12 5.3712153 -2.9643846 125 33.6111114 784.49 0
2084 1 -1.7014002 -13.261522 143.5 69.5765643 792.37 0
2084 2 6.434932 -5.503709 209.8 77.2909717 793.29 0
2084 3 10.257795 -1.714418 301.6 102.1417357 794.27 0
2084 4 15.353968 2.7482634 391.2 108.08703 795.73 0
2084 5 20.372934 7.375181 461.6 177.927352 796.27 0
2084 6 29.631483 14.590543 512.7 39.438777 795.72 0
2084 7 32.796577 19.025358 503.7 104.9542324 794.2 0
2084 8 30.398823 16.322182 439.3 130.4097956 791.61 0
2084 9 26.723763 14.638054 346.6 208.578759 790.61 0
2084 10 18.381191 6.7957277 255.1 100.428871 790.47 0
2084 11 16.047987 4.464214 163.1 46.837971 791.9 0
2084 12 8.61615 -0.21790363 125 105.6523741 793.11 0
2085 1 -0.6566887 -11.641102 143.5 78.0754406 801.02 0
2085 2 5.5313063 -6.6549125 209.8 106.274819125 801.94 0
2085 3 10.604073 0.87737143 301.6 198.7046897 802.92 0
2085 4 15.298087 2.9927964 391.2 124.98477 804.38 0
2085 5 25.447681 10.826171 461.6 135.3939136 804.92 0
2085 6 30.801739 14.959718 512.7 69.041784 804.37 0
2085 7 31.662718 17.617968 503.7 125.897169 802.85 0
2085 8 31.729202 21.116417 439.3 219.1275517 800.26 0
2085 9 27.645527 15.600797 346.6 127.5183 799.26 0
2085 10 18.165854 5.653074 255.1 65.3702115 799.12 0
2085 11 12.304388 1.8822687 163.1 86.633676 800.55 0
2085 12 9.925597 0.54384506 125 58.4730866 801.76 0
2086 1 5.475559 -5.796096 143.5 196.749188 809.71 0
2086 2 5.0282235 -5.97041 209.8 66.04379355 810.63 0
2086 3 9.954757 -1.1650668 301.6 81.5946164 811.61 0
2086 4 15.964259 3.2437649 391.2 179.146872 813.07 0
2086 5 25.303389 8.866729 461.6 44.9368746 813.61 0
2086 6 29.10131 13.377337 512.7 99.349515 813.06 0
2086 7 31.646185 17.728731 503.7 99.7719655 811.54 0
2086 8 31.184668 19.282343 439.3 125.312106 808.95 0
2086 9 28.728258 15.711104 346.6 66.299622 807.95 0
2086 10 22.892576 9.300643 255.1 44.1435133 807.81 0
2086 11 11.276523 2.2755592 163.1 218.03223 809.24 0
2086 12 6.4487376 -0.48175824 125 195.29473 810.45 0
2087 1 1.4855198 -7.1451254 143.5 178.741505 818.42 0
2087 2 5.8836946 -3.924554 209.8 81.987037 819.34 0
2087 3 9.266069 -2.498914 301.6 66.7058 820.32 0
2087 4 17.571512 5.6335664 391.2 162.871929 821.78 0
2087 5 25.36645 12.274291 461.6 121.7822352 822.32 0
2087 6 30.103918 17.156279 512.7 106.954788 821.77 0
2087 7 32.04993 18.186466 503.7 91.920146 820.25 0
2087 8 32.852116 20.095823 439.3 94.6813594 817.66 0
2087 9 29.097887 16.264883 346.6 69.9183 816.66 0
2087 10 22.124119 8.844786 255.1 115.3007335 816.52 0
2087 11 14.292155 3.3584151 163.1 105.87366 817.95 0
2087 12 5.502294 -3.4525018 125 190.932441 819.16 0
2088 1 5.1871114 -5.302716 143.5 79.6981294 827.16 0
2088 2 6.0686965 -5.011788 209.8 35.177784225 828.08 0
2088 3 10.555061 -1.9152725 301.6 101.2846198 829.06 0
2088 4 15.653395 2.9906056 391.2 108.475449 830.52 0
2088 5 24.446268 10.180779 461.6 94.9518685 831.06 0
2088 6 30.193249 15.215128 512.7 109.92819 830.51 0
2088 7 30.371233 17.76018 503.7 114.7436387 828.99 0
2088 8 31.9728 20.03277 439.3 232.0475984 826.4 0
2088 9 28.346619 14.334087 346.6 33.62472 825.4 0
2088 10 21.697866 7.5824075 255.1 99.2334304 825.26 0
2088 11 12.227665 1.5670359 163.1 121.594764 826.69 0
2088 12 9.586499 0.15756655 125 103.5344913 827.9 0
2089 1 5.9159307 -4.659617 143.5 148.1372417 835.96 0
2089 2 7.800153 -4.0730944 209.8 89.470137125 836.88 0
2089 3 9.999092 -1.2545803 301.6 119.0081785 837.86 0
2089 4 18.026775 5.372482 391.2 122.986179 839.32 0
2089 5 24.049341 9.582892 461.6 133.9681957 839.86 0
2089 6 29.46074 15.326976 512.7 117.169182 839.31 0
2089 7 31.967646 19.093018 503.7 151.8589095 837.79 0
2089 8 33.074547 21.07058 439.3 69.65421 835.2 0
2089 9 26.28933 14.238997 346.6 87.222612 834.2 0
2089 10 21.546053 9.309899 255.1 61.6336761 834.06 0
2089 11 13.877041 3.7552416 163.1 120.54618 835.49 0
2089 12 4.279017 -6.2827754 125 80.0170419 836.7 0
2090 1 3.0750413 -6.158069 143.5 188.706238 844.8 0
2090 2 2.5447795 -8.804042 209.8 88.293581125 845.72 0
2090 3 11.255211 -0.87752867 301.6 120.0903296 846.7 0
2090 4 16.862913 5.2276316 391.2 189.48039 848.16 0
2090 5 22.38255 10.055807 461.6 127.811574 848.7 0
2090 6 31.544144 17.571335 512.7 99.102165 848.15 0
2090 7 35.784683 19.926031 503.7 57.63086 846.63 0
2090 8 31.08535 18.955507 439.3 170.9683356 844.04 0
2090 9 24.955416 14.40324 346.6 141.998178 843.04 0
2090 10 18.927172 6.6597686 255.1 109.104469 842.9 0
2090 11 14.89695 4.299086 163.1 155.72334 844.33 0
2090 12 7.3715587 -1.8637209 125 149.1164294 845.54 0
2091 1 4.587192 -4.794458 143.5 69.420563 853.73 0
2091 2 8.552617 -3.7777658 209.8 80.82570775 854.65 0
2091 3 13.251169 2.1836126 301.6 94.0050758 855.63 0
2091 4 15.246082 2.405577 391.2 73.473951 857.09 0
2091 5 27.140059 10.183156 461.6 81.0368117 857.63 0
2091 6 30.233465 13.964863 512.7 53.518302 857.08 0
2091 7 33.03545 20.746119 503.7 115.0179329 855.56 0
2091 8 33.49595 20.231407 439.3 95.577619 852.97 0
2091 9 26.404291 14.279031 346.6 62.481702 851.97 0
2091 10 22.676865 8.453607 255.1 52.3664214 851.83 0
2091 11 14.477666 4.208828 163.1 107.196972 853.26 0
2091 12 4.8594866 -5.483366 125 58.6300799 854.47 0
2092 1 1.9392008 -7.532295 143.5 142.7235753 862.73 0
2092 2 6.725729 -4.492793 209.8 99.86247875 863.65 0
2092 3 11.054159 -0.9198854 301.6 201.9580498 864.63 0
2092 4 17.61738 5.6172867 391.2 183.897558 866.09 0
2092 5 22.852594 10.334376 461.6 132.0017355 866.63 0
2092 6 29.39008 15.669301 512.7 111.99177 866.08 0
2092 7 33.023163 19.895994 503.7 123.6228323 864.56 0
2092 8 34.320396 20.011417 439.3 77.0417084 861.97 0
2092 9 24.470469 11.663893 346.6 80.250972 860.97 0
2092 10 22.48235 8.8979645 255.1 104.4056347 860.83 0
2092 11 14.229597 3.8739235 163.1 88.70013 862.26 0
2092 12 8.373109 0.36488613 125 98.7132473 863.47 0
2093 1 4.7801847 -4.9576945 143.5 311.236218 871.78 0
2093 2 10.636169 0.17536499 209.8 83.069980975 872.7 0
2093 3 10.863141 -0.36161488 301.6 222.8685976 873.68 0
2093 4 18.028143 5.971867 391.2 204.17025 875.14 0
2093 5 27.877155 12.562737 461.6 81.079415 875.68 0
2093 6 28.35944 16.460365 512.7 132.0123 875.13 0
2093 7 33.71905 19.306688 503.7 96.916447 873.61 0
2093 8 33.05739 19.537561 439.3 222.364364 871.02 0
2093 9 29.006262 15.25183 346.6 164.76546 870.02 0
2093 10 21.918434 7.424217 255.1 55.6899624 869.88 0
2093 11 14.608273 3.5374053 163.1 62.445651 871.31 0
2093 12 8.854129 -0.23480716 125 234.103475 872.52 0
2094 1 4.306306 -5.4555354 143.5 159.3192114 880.86 0
2094 2 6.7113724 -4.151976 209.8 104.8961711 881.78 0
2094 3 11.648821 -0.38393185 301.6 60.5518536 882.76 0
2094 4 16.655453 2.8370967 391.2 73.12104 884.22 0
2094 5 24.82051 10.420153 461.6 76.6779017 884.76 0
2094 6 30.2093 16.107515 512.7 123.605805 884.21 0
2094 7 31.980146 19.40757 503.7 156.641729 882.69 0
2094 8 33.068493 21.54098 439.3 145.4112133 880.1 0
2094 9 26.046307 12.149143 346.6 77.080092 879.1 0
2094 10 21.355492 7.4802804 255.1 88.3723758 878.96 0
2094 11 12.25911 2.5618298 163.1 149.050041 880.39 0
2094 12 8.710152 0.83387756 125 163.2117574 881.6 0
2095 1 5.6315165 -4.566271 143.5 44.9530566 889.98 0
2095 2 8.48913 -2.954913 209.8 92.304278825 890.9 0
2095 3 9.857114 -1.7198149 301.6 112.3374404 891.88 0
2095 4 15.548637 2.5053384 391.2 104.701788 893.34 0
2095 5 25.405365 9.889011 461.6 128.0876693 893.88 0
2095 6 28.320992 15.158234 512.7 148.91574 893.33 0
2095 7 31.633108 21.032112 503.7 142.262751 891.81 0
2095 8 32.3574 20.645954 439.3 139.3611975 889.22 0
2095 9 28.121878 14.89357 346.6 98.67774 888.22 0
2095 10 18.745512 6.618432 255.1 162.0500758 888.08 0
2095 11 13.660941 3.0470874 163.1 73.722447 889.51 0
2095 12 8.771599 -1.1166009 125 187.231692 890.72 0
2096 1 5.1261873 -4.9287505 143.5 181.042294 899.12 0
2096 2 4.1982718 -7.3894696 209.8 130.15478425 900.04 0
2096 3 11.325344 -0.22172509 301.6 165.15467 901.02 0
2096 4 17.625265 3.7261672 391.2 139.84941 902.48 0
2096 5 26.346199 10.445716 461.6 61.1753442 903.02 0
2096 6 31.257807 16.1408 512.7 124.1292 902.47 0
2096 7 34.24797 20.735569 503.7 124.3162744 900.95 0
2096 8 33.816753 19.330833 439.3 102.3551862 898.36 0
2096 9 25.039402 13.968907 346.6 234.79461 897.36 0
2096 10 18.406836 6.757412 255.1 127.3724714 897.22 0
2096 11 14.0685835 3.6978507 163.1 138.90333 898.65 0
2096 12 7.2754655 -0.96510017 125 59.0207946 899.86 0
2097 1 4.8604918 -5.2318726 143.5 92.3760165 908.29 0
2097 2 6.437237 -3.9650662 209.8 114.9191242 909.21 0
2097 3 10.14148 -1.3062813 301.6 169.891749 910.19 0
2097 4 16.508224 3.209122 391.2 63.111792 911.65 0
2097 5 27.638815 11.19015 461.6 61.0712462 912.19 0
2097 6 31.722286 15.796194 512.7 74.708298 911.64 0
2097 7 32.876278 20.024107 503.7 150.113129 910.12 0
2097 8 32.564606 19.913864 439.3 114.0314943 907.53 0
2097 9 26.906324 14.18833 346.6 174.95415 906.53 0
2097 10 19.497225 8.438387 255.1 173.721551 906.39 0
2097 11 14.250178 3.376772 163.1 147.95463 907.82 0
2097 12 8.071281 -0.11649822 125 315.704155 909.03 0
2098 1 6.5257115 -3.817166 143.5 52.0433766 917.47 0
2098 2 10.116416 -0.000929 209.8 221.402439625 918.39 0
2098 3 13.597493 2.0492823 301.6 40.4060727 919.37 0
2098 4 19.294582 6.4664288 391.2 96.187161 920.83 0
2098 5 26.613438 11.747813 461.6 129.0390934 921.37 0
2098 6 31.408043 16.32551 512.7 115.346247 920.82 0
2098 7 33.96188 20.796247 503.7 110.8184373 919.3 0
2098 8 33.712185 21.636232 439.3 85.0785514 916.71 0
2098 9 28.942102 15.356013 346.6 108.8079 915.71 0
2098 10 20.303694 8.0469885 255.1 100.570944 915.57 0
2098 11 13.87321 3.372345 163.1 146.935929 917 0
2098 12 8.423318 0.28468826 125 44.1410581 918.21 0
2099 1 1.5840902 -8.621174 143.5 177.0870164 926.67 0
2099 2 8.93712 -1.5445833 209.8 123.81407175 927.59 0
2099 3 11.309678 -0.096665934 301.6 100.0105694 928.57 0
2099 4 17.999378 5.5855775 391.2 110.18766 930.03 0
2099 5 23.19697 9.284799 461.6 85.7948188 930.57 0
2099 6 30.118183 17.300829 512.7 117.323478 930.02 0
2099 7 33.69332 20.34203 503.7 167.1429294 928.5 0
2099 8 34.38959 20.068985 439.3 79.4691324 925.91 0
2099 9 28.061043 14.237134 346.6 80.14416 924.91 0
2099 10 24.7068 11.445894 255.1 69.9578426 924.77 0
2099 11 15.902866 4.3697395 163.1 38.764638 926.2 0
2099 12 6.7751656 -2.6107306 125 138.602922 927.41 0
2100-2200 1 1.5840902 -8.621174 143.5 177.0870164 926.67 0
2100-2200 2 8.93712 -1.5445833 209.8 123.81407175 927.59 0
2100-2200 3 11.309678 -0.096665934 301.6 100.0105694 928.57 0
2100-2200 4 17.999378 5.5855775 391.2 110.18766 930.03 0
2100-2200 5 23.19697 9.284799 461.6 85.7948188 930.57 0
2100-2200 6 30.118183 17.300829 512.7 117.323478 930.02 0
2100-2200 7 33.69332 20.34203 503.7 167.1429294 928.5 0
2100-2200 8 34.38959 20.068985 439.3 79.4691324 925.91 0
2100-2200 9 28.061043 14.237134 346.6 80.14416 924.91 0
2100-2200 10 24.7068 11.445894 255.1 69.9578426 924.77 0
2100-2200 11 15.902866 4.3697395 163.1 38.764638 926.2 0
2100-2200 12 6.7751656 -2.6107306 125 138.602922 927.41 0
