Year Month Tmax Tmin PAR Prec CO2 O3
1200-1980 1 -1.40869417242998 -12.1057201271139 143.5 84.953422999966 390 0
1200-1980 2 0.668207960782056 -10.6519659071236 209.8 80.1168871720896 390 0
1200-1980 3 5.2469330657924 -5.74245450594114 301.6 99.2853858262441 390 0
1200-1980 4 12.2389835814994 0.400323252989985 391.2 104.099789496298 390 0
1200-1980 5 18.7380549305134 6.12610444858438 461.6 104.785832266615 390 0
1200-1980 6 23.3865055557382 11.2736580185722 512.7 110.171030653285 390 0
1200-1980 7 26.269414785249 14.2147216395071 503.7 97.451143466382 390 0
1200-1980 8 25.4862250869476 13.389674386083 439.3 97.8457575958585 390 0
1200-1980 9 21.1248736643138 9.06791642837748 346.6 102.959154265004 390 0
1200-1980 10 14.5391713942798 3.06511695414708 255.1 117.153449760033 390 0
1200-1980 11 7.97617053276672 -1.66677503822998 163.1 111.65139315118 390 0
1200-1980 12 1.60539974356243 -7.86177000701591 125 103.516692263951 390 0
1981 1 -4.58487745616422 -17.4383650396406 143.5 24.988499836847 390 0
1981 2 4.52529176799494 -6.84256454444764 209.8 176.542583301945 390 0
1981 3 5.81324560504739 -4.51820717704201 301.6 27.4315008273778 390 0
1981 4 13.5396280708091 1.13113880903563 391.2 90.7639785780698 390 0
1981 5 20.3232055337551 6.47604727739944 461.6 82.6463279372995 390 0
1981 6 24.0270440637647 11.1112732817115 512.7 96.0794198779424 390 0
1981 7 26.1886103220864 14.1485049246713 503.7 137.339523105566 390 0
1981 8 25.1009101072646 12.1456846794288 439.3 79.9044146217445 390 0
1981 9 19.5104352833571 8.96876478073259 346.6 127.207767890105 390 0
1981 10 12.8696031526936 1.55131307067031 255.1 144.137611860243 390 0
1981 11 7.59373626627384 -1.79300524146244 163.1 75.7727558011189 390 0
1981 12 0.798569645309447 -7.2379172700141 125 128.835972808655 390 0
1982 1 -5.28344314849824 -17.791311461364 143.5 104.981224405649 390 0
1982 2 -0.297287574043121 -12.2385590369347 209.8 83.7519659389428 390 0
1982 3 4.44033318233181 -7.36518713315293 301.6 74.0051434887036 390 0
1982 4 10.8698032989044 -1.57621105228627 391.2 112.963110539997 390 0
1982 5 20.0778915378159 5.81903433083223 461.6 49.1963734021134 390 0
1982 6 20.8736771821034 9.73085554715367 512.7 178.863738514297 390 0
1982 7 27.0507735315325 12.9419555361125 503.7 75.9013567491317 390 0
1982 8 23.7443910757924 11.2159031011604 439.3 81.3448475532905 390 0
1982 9 20.8335271149218 8.97570947468737 346.6 67.98186407039 390 0
1982 10 15.3835742578255 1.67212633370185 255.1 45.3176122177154 390 0
1982 11 9.47879004536845 -0.180234234429131 163.1 101.254938273026 390 0
1982 12 4.32104784751776 -5.87375583893075 125 45.4016797963985 390 0
1983 1 -0.194321510424175 -10.6670481430497 143.5 105.979835499306 390 0
1983 2 1.68694224375803 -9.86915039200056 209.8 84.8234315520449 390 0
1983 3 5.55355836579604 -3.09380087596996 301.6 188.552820641317 390 0
1983 4 11.4157847575149 1.23260025034454 391.2 201.03074644718 390 0
1983 5 16.4358171455728 5.94485975053181 461.6 158.575002346338 390 0
1983 6 25.0517404222884 10.733201614835 512.7 53.9649507314709 390 0
1983 7 27.4307796264324 13.5844552059598 503.7 76.9119775558668 390 0
1983 8 26.2954724775259 13.1469263228469 439.3 95.7214706565777 390 0
1983 9 23.6693265145095 8.96913325316567 346.6 52.8947650235458 390 0
1983 10 14.5851538779272 2.70394783176003 255.1 91.7109469489495 390 0
1983 11 7.91737377930174 -1.02236156937454 163.1 244.828568054666 390 0
1983 12 0.059724794473753 -9.6226663651435 125 174.52298229377 390 0
1984 1 -2.85725857541118 -14.2217181073484 143.5 58.0330201486709 390 0
1984 2 3.83132011937362 -6.21738126585791 209.8 140.575030841829 390 0
1984 3 1.67930767658639 -8.49177367246047 301.6 131.420734803404 390 0
1984 4 11.6343194219905 0.589639900084161 391.2 111.726182131918 390 0
1984 5 17.7719067186683 5.02692514396016 461.6 236.751991088728 390 0
1984 6 24.0307971055599 11.0320430227109 512.7 121.145339820923 390 0
1984 7 25.972964624299 14.0808052182909 503.7 116.534649774424 390 0
1984 8 26.426566750267 14.5130210029292 439.3 46.9206086419964 390 0
1984 9 20.6021819297759 6.58826714784732 346.6 36.68490246971 390 0
1984 10 16.1577614068962 3.35793944631225 255.1 80.0098335312143 390 0
1984 11 8.55157826041551 -2.22660574495048 163.1 74.7246199271074 390 0
1984 12 3.43039065787797 -6.34472191801142 125 86.2084151787057 390 0
1985 1 -4.06416182768849 -14.8223135241592 143.5 27.6997074399278 390 0
1985 2 1.28947411943648 -10.1494986015504 209.8 68.9942702758238 390 0
1985 3 6.73924466738466 -5.95965626659821 301.6 79.121570705916 390 0
1985 4 12.6196776913417 -0.013967512574942 391.2 41.4356776448097 390 0
1985 5 19.607568746683 5.4824756078831 461.6 77.3681897689506 390 0
1985 6 21.2343637193486 9.72223828444507 512.7 90.7558333183894 390 0
1985 7 26.9984493793989 13.1765310734326 503.7 61.0122035374983 390 0
1985 8 24.8486246812585 12.1514782144983 439.3 130.989732351019 390 0
1985 9 21.4538125267229 8.8769295725862 346.6 109.780348353716 390 0
1985 10 15.3304873376424 3.03512247459826 255.1 75.8978304667494 390 0
1985 11 7.29368196380669 -1.21570235684786 163.1 142.675121840716 390 0
1985 12 -0.801050175237643 -11.4167401058773 125 55.9259948706666 390 0
1986 1 0.25404379113001 -11.508289313121 143.5 142.116343248489 390 0
1986 2 -0.885745493313525 -12.2666518146203 209.8 61.0382402319968 390 0
1986 3 6.33329588584734 -5.96047683266839 301.6 109.019476859032 390 0
1986 4 14.3201358070641 1.66752083326897 391.2 66.3021907450535 390 0
1986 5 19.3262085635992 6.60405363978815 461.6 80.1214681385161 390 0
1986 6 22.3891098834659 9.34133431957585 512.7 116.801279144427 390 0
1986 7 24.5534063446801 13.3446639479937 503.7 144.271340033019 390 0
1986 8 23.6468056093358 12.4899427982538 439.3 105.089426483843 390 0
1986 9 19.2680931590443 7.39479923899694 346.6 68.1420599476654 390 0
1986 10 14.5600446714645 2.37236683430036 255.1 51.8174127862148 390 0
1986 11 6.13817242155718 -4.00839980765711 163.1 124.846156766917 390 0
1986 12 1.55348058461564 -7.50921433766704 125 121.931549967208 390 0
1987 1 -1.49442829118256 -13.1173020987492 143.5 110.718272583137 390 0
1987 2 -0.373565180192602 -12.6809888359773 209.8 10.6359249091976 390 0
1987 3 6.34068287787972 -5.49904810945981 301.6 74.7003404056926 390 0
1987 4 13.2475708361896 1.87373065161639 391.2 180.260685033262 390 0
1987 5 19.4533857102152 5.45963400678961 461.6 55.2105219781604 390 0
1987 6 23.3624465001072 11.4351847137722 512.7 123.746002001634 390 0
1987 7 26.0559577176417 14.1137905353488 503.7 58.4691820307438 390 0
1987 8 24.8021792175809 11.3585141156428 439.3 72.6229316530568 390 0
1987 9 20.0309402269432 8.9188626569178 346.6 158.831918750107 390 0
1987 10 14.3387478331951 1.67724570311757 255.1 112.499944832263 390 0
1987 11 7.54590697753306 -2.97579631766565 163.1 65.2998934398588 390 0
1987 12 1.92921651012768 -6.30172810170689 125 81.8170810115035 390 0
1988 1 -1.48760145787542 -13.9418623216283 143.5 60.8756727895727 390 0
1988 2 1.05177969073206 -11.3128623153288 209.8 93.458646170364 390 0
1988 3 5.603581010192 -6.45212359134471 301.6 46.3334271515861 390 0
1988 4 11.1714262948034 0.794274147147138 391.2 97.240555066638 390 0
1988 5 19.2442599853523 6.92273916475272 461.6 85.9909863430739 390 0
1988 6 24.194984773596 9.76874651338111 512.7 45.4967830186107 390 0
1988 7 27.1775443038495 15.2624324993201 503.7 160.471415122598 390 0
1988 8 26.5489075054614 14.9481945864807 439.3 126.971588776522 390 0
1988 9 20.6502777786374 7.50925405143297 346.6 49.6620435650558 390 0
1988 10 12.0926229608433 1.86811607845843 255.1 82.8790986613295 390 0
1988 11 8.71338118013553 -1.18412130067404 163.1 179.471473939679 390 0
1988 12 0.523599881830617 -10.369923790106 125 36.804541845274 390 0
1989 1 1.00455598781871 -10.1187300176729 143.5 38.884421724342 390 0
1989 2 -0.313713939588889 -11.3602793816226 209.8 67.7389789612278 390 0
1989 3 4.75086588408846 -7.47376385833443 301.6 67.5347908970291 390 0
1989 4 10.1708850936069 -1.24370878955481 391.2 91.9572463105829 390 0
1989 5 19.7621124373171 7.33580804865173 461.6 195.760682809049 390 0
1989 6 23.12256830978 12.0183590417053 512.7 136.366786721369 390 0
1989 7 26.3419297033748 13.5108111562566 503.7 71.2926462765488 390 0
1989 8 24.7566142189147 12.876331980747 439.3 109.160969655373 390 0
1989 9 21.259119249895 8.96682678266582 346.6 108.80276456742 390 0
1989 10 15.5031780815908 2.83657567924355 255.1 130.103050899527 390 0
1989 11 6.86157141474209 -2.83234154163529 163.1 125.482567161041 390 0
1989 12 -6.0773144740506 -17.7685675844392 125 39.3208158883337 390 0
1990 1 2.50497576552953 -7.15467356457814 143.5 113.558558446794 390 0
1990 2 1.95587096603359 -11.1326054425499 209.8 79.1496992010478 390 0
1990 3 6.71127522373458 -5.96389782654442 301.6 59.9525681127694 390 0
1990 4 12.106383187872 0.769962733380562 391.2 104.727265379379 390 0
1990 5 16.862596350773 5.06746620400939 461.6 170.967644697708 390 0
1990 6 23.6104565900562 11.0244301885505 512.7 92.9699806027563 390 0
1990 7 26.5335757907927 14.3417026047112 503.7 80.5095805628473 390 0
1990 8 26.1426628549138 14.4252058990554 439.3 163.404921258657 390 0
1990 9 20.4566370762611 8.84507349081728 346.6 67.3496712097465 390 0
1990 10 16.2284945931906 5.2938792258299 255.1 177.513471256945 390 0
1990 11 9.08659763291761 -0.994168640370782 163.1 98.9590987622866 390 0
1990 12 4.1352453755342 -5.54942515736893 125 150.413236815743 390 0
1991 1 -1.28787082334188 -12.4363884674061 143.5 72.1243063820881 390 0
1991 2 2.58036276045757 -8.86225474781473 209.8 43.1973146954681 390 0
1991 3 6.19542743946868 -3.59514291740731 301.6 126.164640012066 390 0
1991 4 14.1887878631244 1.18028435118164 391.2 90.2316648447582 390 0
1991 5 21.914018538575 7.33526523566723 461.6 99.9942836081149 390 0
1991 6 24.8796816413042 11.2319006550353 512.7 64.8064163310664 390 0
1991 7 26.5826741826383 13.3693322115534 503.7 64.131844837263 390 0
1991 8 26.2308159797962 14.1006491584959 439.3 213.430263971593 390 0
1991 9 20.4264507100917 7.61763814495777 346.6 146.451458201446 390 0
1991 10 15.6958147187761 3.97700873999994 255.1 98.8443106914969 390 0
1991 11 7.78005808407725 -0.437997766323064 163.1 106.252047115415 390 0
1991 12 1.21517085225233 -9.33448540936469 125 88.0826735393694 390 0
1992 1 -0.833381846948033 -11.5488277647488 143.5 88.6278371882826 390 0
1992 2 0.393398771728206 -10.2661932452647 209.8 67.2542399566616 390 0
1992 3 3.2416024394611 -7.50797037153774 301.6 101.33822555442 390 0
1992 4 10.1524550677794 -0.927567675462562 391.2 64.1282800839795 390 0
1992 5 19.5479815857343 4.46439703898588 461.6 38.5913640329771 390 0
1992 6 23.4490919612217 10.1809420464893 512.7 112.337148667105 390 0
1992 7 24.0968409866197 12.0811955909048 503.7 100.268899956285 390 0
1992 8 23.9819873872659 12.7470932655071 439.3 98.5758502953876 390 0
1992 9 20.8790405775223 8.68684072086213 346.6 74.4651303441475 390 0
1992 10 12.5174750000398 1.53503807271485 255.1 74.0442367638906 390 0
1992 11 5.94363972193738 -2.82020056181136 163.1 113.007493745801 390 0
1992 12 1.37555942253131 -7.57346438469805 125 69.635946090553 390 0
1993 1 -0.322942532141883 -10.3920501633215 143.5 63.482087031501 390 0
1993 2 -3.41640494701429 -16.4524066079008 209.8 89.5118557665574 390 0
1993 3 4.19112059067244 -8.19418587848993 301.6 124.966791191858 390 0
1993 4 12.1847188172659 0.305345312260249 391.2 136.37910643567 390 0
1993 5 19.9158852554144 6.19883169803197 461.6 31.6383092927229 390 0
1993 6 23.7150724596313 10.3753982486813 512.7 86.9154451682208 390 0
1993 7 26.8132841921844 13.8171230544492 503.7 65.1214790512144 390 0
1993 8 26.3457307808033 13.5733758613146 439.3 59.4747141065303 390 0
1993 9 20.1352439550015 9.24934286967033 346.6 111.164668277643 390 0
1993 10 12.896801434229 1.19246750172526 255.1 95.6541889041472 390 0
1993 11 8.18190291956858 -2.7612505796537 163.1 119.160690873133 390 0
1993 12 1.56124956717741 -7.38405702300988 125 131.773896302429 390 0
1994 1 -5.46734071533622 -17.9125756332167 143.5 131.194377600366 390 0
1994 2 -2.33306857525955 -14.8483901596719 209.8 39.5715713651784 390 0
1994 3 4.04045606365338 -5.68504090096048 301.6 140.260774820651 390 0
1994 4 12.3889647252061 0.234654695161295 391.2 86.4766470224736 390 0
1994 5 17.6064628238896 5.12798984478698 461.6 119.180218536006 390 0
1994 6 25.063588498996 12.5663047249506 512.7 72.9972307801612 390 0
1994 7 27.6813938850771 16.0338383405731 503.7 95.8124637031497 390 0
1994 8 24.7267405676011 12.6808692984063 439.3 92.5442405653031 390 0
1994 9 19.6142234285721 8.78685212372912 346.6 135.690621786408 390 0
1994 10 15.492778714329 2.59661851997619 255.1 36.4401738372187 390 0
1994 11 10.3752228888632 -0.94540449192045 163.1 101.835741643771 390 0
1994 12 3.53011323308491 -6.51505822351448 125 106.868430581632 390 0
1995 1 0.548410827356902 -7.55803394114356 143.5 105.347019282984 390 0
1995 2 -0.967572040362179 -13.2069388769663 209.8 73.5042938642702 390 0
1995 3 5.75904735216101 -4.23111918782582 301.6 68.1019428972591 390 0
1995 4 10.5646572153522 -1.60124940286662 391.2 59.175308962172 390 0
1995 5 17.7695593036349 5.30917353575919 461.6 86.5089686166679 390 0
1995 6 25.2434402103513 11.2618537177914 512.7 59.7269824767706 390 0
1995 7 27.486680135264 15.168797937966 503.7 95.6247447047081 390 0
1995 8 26.5760959889975 12.5833249407932 439.3 49.6544527793296 390 0
1995 9 20.344012909495 6.46366805175385 346.6 67.1055803211784 390 0
1995 10 17.1042516129244 4.56584038812788 255.1 211.094441865439 390 0
1995 11 5.58557634182142 -3.10350542876833 163.1 164.177238729031 390 0
1995 12 -1.26127860293381 -10.1837849855701 125 79.4270258001354 390 0
1996 1 -1.45117768473947 -12.4429523182826 143.5 147.255152342105 390 0
1996 2 -0.599735911590625 -10.8882586418992 209.8 84.3528044459818 390 0
1996 3 4.20938367127239 -7.69974659168372 301.6 67.9839576616253 390 0
1996 4 11.3276955508786 0.371050984623882 391.2 168.412691792663 390 0
1996 5 17.6475044674893 4.89591351392095 461.6 127.713318503107 390 0
1996 6 23.5694054925037 11.8405000698018 512.7 89.9842127026787 390 0
1996 7 24.6232550381858 13.7858534111988 503.7 183.566374608906 390 0
1996 8 25.6199918051736 13.5029784527259 439.3 23.6365293202956 390 0
1996 9 20.3948772469881 10.0134933485009 346.6 140.850594187425 390 0
1996 10 13.7795855034678 2.25365179292215 255.1 159.254702997082 390 0
1996 11 5.61139001634233 -3.71456201053134 163.1 73.6379965774535 390 0
1996 12 3.45893015918481 -3.71770203424712 125 183.866906001878 390 0
1997 1 -1.62938739334468 -11.6862666810608 143.5 100.625863814673 390 0
1997 2 1.96333912311163 -9.00324412892998 209.8 61.526346857133 390 0
1997 3 3.17649259932365 -7.13639396556653 301.6 103.781247836331 390 0
1997 4 10.4732642542006 -1.22311572423876 391.2 117.564479378755 390 0
1997 5 15.8043920870101 4.45179655105221 461.6 85.7620070949964 390 0
1997 6 24.4045522742181 10.6646645287734 512.7 54.5116626447014 390 0
1997 7 26.3204309980973 13.2177438039692 503.7 93.2635772846943 390 0
1997 8 24.805846800231 12.8644333992735 439.3 105.458456229651 390 0
1997 9 20.0717149733356 8.74402970350308 346.6 66.9793336221072 390 0
1997 10 13.7844997342254 1.89957359327729 255.1 42.5422965639708 390 0
1997 11 5.72789229905612 -3.02556759514781 163.1 146.151745222777 390 0
1997 12 1.77031043205118 -7.81838161621636 125 72.2993860220811 390 0
1998 1 0.0875480772381985 -8.32207446737914 143.5 139.605700222871 390 0
1998 2 3.3807835300254 -6.81778833407366 209.8 94.6853707888259 390 0
1998 3 6.30776888958121 -4.40234911591623 301.6 111.71936096157 390 0
1998 4 13.5716812493519 0.830526375275604 391.2 77.5731115175141 390 0
1998 5 21.203597467018 7.99200661894153 461.6 92.937346028746 390 0
1998 6 21.3158244821358 11.7473999239651 512.7 229.232850803704 390 0
1998 7 26.2274642772506 13.9458819197333 503.7 66.0562498912569 390 0
1998 8 26.3561661275417 13.6481777605649 439.3 62.0081688347207 390 0
1998 9 21.8807887728222 9.52191744838506 346.6 54.2410816760203 390 0
1998 10 14.2902800533522 3.92000010017176 255.1 144.458042209459 390 0
1998 11 7.32639062312319 -1.14663002510225 163.1 74.083904418026 390 0
1998 12 5.17171760584565 -5.57428598704262 125 43.0142670466029 390 0
1999 1 -0.709198398113426 -12.456781826173 143.5 165.487921016758 390 0
1999 2 2.3582533332545 -8.9482862653261 209.8 68.4185930233099 390 0
1999 3 5.50508407832219 -4.27683472965521 301.6 154.104896534487 390 0
1999 4 13.0971376039429 0.377283855955984 391.2 17.735706644593 390 0
1999 5 20.0816725601672 6.63380539425051 461.6 90.35537451761 390 0
1999 6 26.2994481935981 12.3051276445244 512.7 56.6797805036905 390 0
1999 7 27.7356065319229 15.025881938695 503.7 67.6727207394464 390 0
1999 8 25.3572701064792 12.9651752977098 439.3 74.8962313074395 390 0
1999 9 23.0008629639236 11.458615205539 346.6 241.379936552757 390 0
1999 10 13.7537293821902 1.37024197856136 255.1 106.615718791433 390 0
1999 11 10.4643861017932 0.363435990671009 163.1 86.0442944359171 390 0
1999 12 2.87340912138035 -6.00214803602568 125 61.5683324668747 390 0
2000 1 -1.90217490826826 -12.8205726940917 143.5 96.4884861299403 390 0
2000 2 1.17500466874422 -10.3409896339055 209.8 85.4239470950872 390 0
2000 3 8.27955843903644 -3.43118549441251 301.6 106.325265943907 390 0
2000 4 10.8050046750215 0.79587687864447 391.2 147.033629423504 390 0
2000 5 17.5137018407947 5.97210129024666 461.6 104.275572852353 390 0
2000 6 22.9148302434462 10.895592079342 512.7 107.150453430551 390 0
2000 7 23.943737310816 12.5317702910856 503.7 132.200029905334 390 0
2000 8 23.8318611719509 12.8112712994567 439.3 75.7498762616719 390 0
2000 9 20.514761031134 8.39364813851811 346.6 69.1438127828661 390 0
2000 10 14.8121592207707 2.43062116618766 255.1 81.4830867393508 390 0
2000 11 7.22567720116967 -0.745693532375269 163.1 87.0989461214417 390 0
2000 12 -0.727370244511388 -10.6583667692213 125 116.631897603667 390 0
2001 1 -1.17690831233944 -12.9476982397223 143.5 37.8562507135703 390 0
2001 2 0.286169128369192 -11.6190576673208 209.8 79.973465013781 390 0
2001 3 2.65291269022802 -6.87821075850854 301.6 160.53320378148 390 0
2001 4 11.7993473280292 -0.741665534696141 391.2 30.6722625299576 390 0
2001 5 20.3358122976247 6.19799270375364 461.6 53.0950609918104 390 0
2001 6 24.5701006921536 12.2886419749702 512.7 121.602432494827 390 0
2001 7 25.0508627229582 12.4944257152611 503.7 76.942406585186 390 0
2001 8 27.6043351474799 14.4088398750177 439.3 33.7880862429251 390 0
2001 9 22.1472510399913 9.01202614007415 346.6 106.287725414372 390 0
2001 10 16.3719331757656 2.88877386377286 255.1 32.9709100837248 390 0
2001 11 9.81127434752906 -0.513987315835743 163.1 55.908210756092 390 0
2001 12 4.69664096808712 -4.70449961557329 125 70.9703556368292 390 0
2002 1 1.80611488139933 -7.34122173682495 143.5 63.6620480299227 390 0
2002 2 2.74408712788131 -9.0961126430775 209.8 82.9771253145734 390 0
2002 3 5.10906333967869 -5.01344703626727 301.6 105.543390565573 390 0
2002 4 12.668759533316 1.35002575840701 391.2 114.835225529759 390 0
2002 5 17.0705804076604 4.76996436629765 461.6 106.851070245157 390 0
2002 6 22.3506506014658 10.48247260772 512.7 123.49669261269 390 0
2002 7 26.5186621976612 14.141442448565 503.7 56.1317963139887 390 0
2002 8 27.760398568156 14.2451695018772 439.3 54.9490890866694 390 0
2002 9 23.1182677032593 10.465322621743 346.6 102.71102704285 390 0
2002 10 12.8535972187533 2.08069745684663 255.1 95.8020264985179 390 0
2002 11 5.85223950710875 -2.58558346248108 163.1 138.318700693896 390 0
2002 12 0.953974714452891 -8.90708553587987 125 104.741805434848 390 0
2003 1 -4.91943420236015 -15.6650475412614 143.5 59.9227686125972 390 0
2003 2 -2.52483772688671 -13.5207796060422 209.8 79.2505579007774 390 0
2003 3 4.92177812299501 -7.9412108273821 301.6 92.8182953320342 390 0
2003 4 10.1017409235009 -1.52476957596398 391.2 71.2514950420431 390 0
2003 5 16.8200484862723 5.88961858029195 461.6 100.625932836081 390 0
2003 6 22.9010832610734 11.6056236487892 512.7 80.926302603508 390 0
2003 7 26.2191283825278 14.5251775737315 503.7 59.1447927438421 390 0
2003 8 25.8423845740156 15.1356533650698 439.3 126.075633892049 390 0
2003 9 21.570399016924 9.95110166010515 346.6 148.673864618958 390 0
2003 10 13.7240388789199 2.48634512372788 255.1 177.085570661206 390 0
2003 11 8.84999864050442 -0.933719722353069 163.1 100.378091717655 390 0
2003 12 2.18474593844825 -7.79189043371499 125 157.097616609824 390 0
2004 1 -6.32579512712042 -15.5380191727221 143.5 24.8793042096654 390 0
2004 2 0.539692668128414 -11.5268262173343 209.8 41.8682455322354 390 0
2004 3 5.63792879468203 -4.37894050394657 301.6 44.9835858302771 390 0
2004 4 11.9359028493357 0.479273352557473 391.2 139.673447207258 390 0
2004 5 19.4410972474959 6.95250938040852 461.6 118.445216019699 390 0
2004 6 22.1989565536177 9.68913220989538 512.7 60.2046413643937 390 0
2004 7 24.3082130239566 14.1144350701182 503.7 105.040241739907 390 0
2004 8 24.9033637724317 14.0193306896852 439.3 139.842289447608 390 0
2004 9 21.4531123093233 9.40241676663499 346.6 120.209484607041 390 0
2004 10 14.3027791010903 3.27084109920945 255.1 54.9275114498011 390 0
2004 11 8.20863382796368 -2.23183799673946 163.1 105.679226376766 390 0
2004 12 0.847457182440854 -8.71084265174785 125 108.695647669359 390 0
2005 1 -2.91775393167159 -13.6968078537539 143.5 88.1298818099932 390 0
2005 2 1.57561887131079 -10.9211747500625 209.8 75.0933959872716 390 0
2005 3 3.49706788274652 -7.9524064312021 301.6 117.64486495815 390 0
2005 4 13.8499607258226 0.624575742975166 391.2 173.688295005526 390 0
2005 5 14.730027893982 4.73996863798418 461.6 149.034915769248 390 0
2005 6 24.8189050078352 12.7359912300304 512.7 99.1302627408413 390 0
2005 7 26.5983342485872 14.77731336565 503.7 85.7746948588565 390 0
2005 8 26.3238613227277 14.531868309566 439.3 88.2251897952146 390 0
2005 9 23.1938706124384 10.6371964063743 346.6 78.3772493342927 390 0
2005 10 13.926552708561 5.57400530954887 255.1 364.819861610148 390 0
2005 11 9.03686879462616 -1.58055473467902 163.1 150.106279905396 390 0
2005 12 0.829404817880225 -8.51716194793518 125 122.847573456671 390 0
2006 1 2.48317923795987 -7.25107137386405 143.5 119.847406257073 390 0
2006 2 0.494976672099407 -9.54965329467406 209.8 65.3197776800424 390 0
2006 3 5.33108030121622 -5.51450962608264 301.6 28.8556211841156 390 0
2006 4 13.9022514491657 0.977516402100885 391.2 73.5490883676874 390 0
2006 5 17.949907733445 7.35860354059022 461.6 192.66034290124 390 0
2006 6 22.6643580221239 13.5976957130462 512.7 217.81614090641 390 0
2006 7 27.400636788361 16.1386397790005 503.7 126.610072015533 390 0
2006 8 24.3161541824524 12.8198950645015 439.3 94.2182236188401 390 0
2006 9 20.4513670503962 9.04907774161931 346.6 74.4455376469153 390 0
2006 10 14.0450457689236 3.11139025436294 255.1 191.680928845692 390 0
2006 11 10.2619103221269 1.14734327117993 163.1 133.111136206224 390 0
2006 12 5.08218074463562 -3.95364234634535 125 78.3207957960543 390 0
2007 1 0.141310883682562 -9.61782417391741 143.5 79.020989220404 390 0
2007 2 -3.08503149806233 -14.1573305832348 209.8 52.7880118518479 390 0
2007 3 4.72512268093756 -7.32444235570536 301.6 111.889095367267 390 0
2007 4 9.69405573685994 -0.242401283072567 391.2 198.889512013489 390 0
2007 5 19.7256639924332 6.00664775924321 461.6 78.7504657537927 390 0
2007 6 23.4524730918689 11.4367491978703 512.7 74.7071040431638 390 0
2007 7 25.1124897133347 13.80427022314 503.7 102.158366144334 390 0
2007 8 25.7873925508149 12.9402195008417 439.3 62.7821814429049 390 0
2007 9 22.399063396692 9.36371381496259 346.6 76.8050363561582 390 0
2007 10 17.0599955278776 6.08419918431497 255.1 126.930579690366 390 0
2007 11 6.67615869336221 -2.85520790730672 163.1 127.192188621082 390 0
2007 12 -0.471719145625218 -9.45564350290993 125 121.047377468949 390 0
2008 1 0.378420634320898 -10.3056908640999 143.5 71.7542882178772 390 0
2008 2 0.437957283713611 -9.82950533834373 209.8 205.628463788834 390 0
2008 3 3.52958191905673 -7.0164601713184 301.6 132.460127148312 390 0
2008 4 13.8957970312849 0.656390326442033 391.2 110.936711179216 390 0
2008 5 18.068352423581 5.02116211768865 461.6 33.9218901099436 390 0
2008 6 23.2421110528455 12.5536428026774 512.7 127.66316654751 390 0
2008 7 26.54465766976 15.3552115609457 503.7 138.496400669865 390 0
2008 8 23.6381740525755 12.9625066397515 439.3 126.112043162119 390 0
2008 9 20.9680679505991 9.66653967737986 346.6 204.899932849815 390 0
2008 10 14.0191560212121 2.39811992618893 255.1 90.1578694385363 390 0
2008 11 7.31960758759215 -1.56498085725052 163.1 122.151735042245 390 0
2008 12 1.8511840234126 -8.42526150740737 125 155.253240652554 390 0
2009 1 -4.22249807248956 -16.1100877837232 143.5 78.377640431822 390 0
2009 2 0.8111650363471 -11.0850772137487 209.8 61.6142181767402 390 0
2009 3 4.99871648763516 -6.57353421484586 301.6 74.930451281767 390 0
2009 4 13.6144018955393 1.33283574060836 391.2 104.473953917973 390 0
2009 5 18.4880672746513 6.42551386294023 461.6 107.68457227841 390 0
2009 6 20.6899642577373 11.3621326443839 512.7 181.035971120488 390 0
2009 7 23.1462438932784 13.3742879609071 503.7 184.205114024265 390 0
2009 8 25.9329411764709 14.5916135480727 439.3 136.828024372813 390 0
2009 9 20.511792857037 7.77084320749336 346.6 40.7475117113004 390 0
2009 10 11.8702717479088 2.38428593373009 255.1 147.923903670714 390 0
2009 11 10.4433369491041 0.42423001368711 163.1 111.327459810952 390 0
2009 12 0.915190318520414 -8.0423407369546 125 127.241944277283 390 0
2010 1 -0.541828226639866 -9.67789139910674 143.5 90.3137649066292 390 0
2010 2 0.84026593714644 -6.81255375609734 209.8 113.066627390006 390 0
2010 3 8.70547288367983 -1.83114249426818 301.6 190.575778372645 390 0
2010 4 15.052969086818 2.59456170118252 391.2 56.4642030415597 390 0
2010 5 21.1856125131116 7.3842305198167 461.6 54.1878533477793 390 0
2010 6 23.4137485479801 12.1315959452615 512.7 112.276396166374 390 0
2010 7 27.7106398257498 15.9591947859199 503.7 86.9162617732157 390 0
2010 8 25.8034419675064 13.7266372861535 439.3 70.6051792490999 390 0
2010 9 22.253607111718 10.9480052463052 346.6 82.999086413583 390 0
2010 10 14.3527620332364 3.83353984944547 255.1 194.815132761675 390 0
2010 11 7.85289979347543 -1.292415088187 163.1 120.841973607955 390 0
2010 12 0.494517394607634 -7.80174182123873 125 144.064042445636 390 0
2011 1 -1.97693884087272 -12.7656359673361 143.5 74.1285582604312 390 0
2011 2 -0.361085134747236 -13.0227211508224 209.8 86.7700880141245 390 0
2011 3 4.57746464849804 -5.73538366443114 301.6 137.865957412209 390 0
2011 4 11.7800732378154 1.21061260445185 391.2 145.282419691192 390 0
2011 5 18.1196000503418 8.18665078095553 461.6 110.100450580434 390 0
2011 6 22.7096821097915 11.3812982045349 512.7 110.443966636928 390 0
2011 7 27.6005728874931 15.1168845991591 503.7 64.6431213503279 390 0
2011 8 25.1639957315949 14.1568168002452 439.3 217.106437488692 390 0
2011 9 22.1149681585345 11.6086561492742 346.6 146.643850223159 390 0
2011 10 14.7604060409725 5.28619259961867 255.1 152.359353840875 390 0
2011 11 10.9712855973326 -0.498368149317551 163.1 83.556558633269 390 0
2011 12 4.49794958925589 -5.51437119980691 125 107.900405446915 390 0
2012 1 0.51802963526158 -9.0804729057182 143.5 84.9687599871083 390 0
2012 2 2.91610735786978 -7.72081177550745 209.8 33.4121818190171 390 0
2012 3 9.94040083862244 -1.93852900623234 301.6 51.4523715715291 390 0
2012 4 13.7884189467338 1.02475645195347 391.2 93.3791143783776 390 0
2012 5 19.4857288704092 8.65408378194884 461.6 143.126073255838 390 0
2012 6 22.4807837162309 11.5632545745831 512.7 152.78886365218 390 0
2012 7 27.6629325316725 15.0826279456011 503.7 56.6665419582422 390 0
2012 8 26.8207290868712 14.8374566547763 439.3 110.227326433356 390 0
2012 9 21.0452952764866 9.15678122204915 346.6 125.760221227918 390 0
2012 10 15.3765936501441 5.70165462556838 255.1 158.560574621042 390 0
2012 11 7.21339498940612 -2.51476101042515 163.1 24.8045662541568 390 0
2012 12 2.7743595072124 -5.40011750912468 125 141.889954775138 390 0
2013 1 -0.562774128915143 -11.1331576345717 143.5 32.5269912074785 390 0
2013 2 0.371049549352608 -8.94797866616841 209.8 91.9400089668126 390 0
2013 3 4.65086863933218 -4.46487710883623 301.6 64.0455121536938 390 0
2013 4 11.9527979630382 -0.0991139592731135 391.2 59.0790614908131 390 0
2013 5 19.0655848564541 6.05417687512393 461.6 139.90266911563 390 0
2013 6 23.5097424171593 12.2151336919243 512.7 183.019773408638 390 0
2013 7 27.2019551457335 16.7188318735083 503.7 126.72566478254 390 0
2013 8 25.0026145220181 12.7346960698883 439.3 100.590601107036 390 0
2013 9 20.8974410100018 9.25989527717223 346.6 134.28123969932 390 0
2013 10 15.9524805902941 3.93911972886159 255.1 35.7116060841475 390 0
2013 11 7.31309239136609 -3.23362054585124 163.1 106.354553514062 390 0
2013 12 -0.518416709830013 -9.45741648471103 125 101.62905310883 390 0
2014 1 -3.2091954 -12.611238 143.5 92.4203837 399 0
2014 2 5.197197 -6.1675982 209.8 91.61247305 399.92 0
2014 3 5.5413017 -5.2057786 301.6 149.673859 400.9 0
2014 4 14.207688 2.0054173 391.2 91.314684 402.36 0
2014 5 23.604942 8.018803 461.6 81.0201895 402.9 0
2014 6 23.877638 10.96648 512.7 87.59826 402.35 0
2014 7 27.802702 13.73418 503.7 78.721524 400.83 0
2014 8 26.155807 13.599892 439.3 123.9946866 398.24 0
2014 9 21.789663 9.2806835 346.6 50.165367 397.24 0
2014 10 14.404106 2.558664 255.1 84.0765136 397.1 0
2014 11 7.9708257 -2.1535048 163.1 121.728915 398.53 0
2014 12 3.917111 -5.2200136 125 120.342806 399.74 0
2015 1 0.052973185 -9.477767 143.5 98.6032252 401.63 0
2015 2 1.7673495 -10.601562 209.8 135.624535125 402.55 0
2015 3 6.421219 -4.978621 301.6 77.1321354 403.53 0
2015 4 11.373035 -0.335576 391.2 99.625131 404.99 0
2015 5 22.865355 7.3786464 461.6 38.0312929 405.53 0
2015 6 25.50337 12.054448 512.7 88.398408 404.98 0
2015 7 28.865236 15.208566 503.7 63.6725492 403.46 0
2015 8 26.81516 13.464546 439.3 78.2327563 400.87 0
2015 9 20.27218 7.587923 346.6 116.601534 399.87 0
2015 10 16.87323 3.1490257 255.1 41.6630359 399.73 0
2015 11 7.3249044 -2.9832578 163.1 80.127348 401.16 0
2015 12 0.37078366 -7.7945027 125 97.3685634 402.37 0
2016 1 -0.698146 -11.731461 143.5 87.057517 404.33 0
2016 2 1.5669128 -10.879853 209.8 133.198283875 405.25 0
2016 3 10.894142 -0.42837584 301.6 43.9075382 406.23 0
2016 4 15.643246 2.1343215 391.2 29.148426 407.69 0
2016 5 18.712646 5.2936254 461.6 91.030911 408.23 0
2016 6 24.19687 11.715467 512.7 128.444151 407.68 0
2016 7 27.919188 14.908497 503.7 96.554894 406.16 0
2016 8 27.009703 13.569245 439.3 84.1342077 403.57 0
2016 9 24.36037 12.457676 346.6 81.309801 402.57 0
2016 10 16.03437 3.1944163 255.1 52.4230739 402.43 0
2016 11 11.461707 0.41428897 163.1 113.818959 403.86 0
2016 12 4.2328215 -5.1076207 125 35.2613003 405.07 0
2017 1 0.38272166 -10.169263 143.5 83.8665413 407.1 0
2017 2 1.1280075 -10.346127 209.8 38.0233022 408.02 0
2017 3 6.0057883 -5.652057 301.6 121.6969139 409 0
2017 4 10.673042 -0.4580002 391.2 200.652852 410.46 0
2017 5 21.616098 8.485983 461.6 117.4952235 411 0
2017 6 27.284517 12.184216 512.7 69.783861 410.45 0
2017 7 28.257214 15.842671 503.7 98.586975 408.93 0
2017 8 28.100925 16.44086 439.3 198.9465207 406.34 0
2017 9 23.36154 10.125793 346.6 49.672014 405.34 0
2017 10 20.186632 5.0061007 255.1 46.921755 405.2 0
2017 11 8.392813 -1.6361493 163.1 87.017004 406.63 0
2017 12 2.4849641 -9.294107 125 122.554129 407.84 0
2018 1 0.7016804 -8.377644 143.5 153.1891226 409.93 0
2018 2 0.114734724 -11.725243 209.8 190.822018025 410.85 0
2018 3 7.505179 -4.6201544 301.6 79.3246259 411.83 0
2018 4 11.868965 0.7922704 391.2 71.008731 413.29 0
2018 5 18.609917 6.4468327 461.6 164.827837 413.83 0
2018 6 26.090204 11.990554 512.7 37.273743 413.28 0
2018 7 30.246798 15.192756 503.7 47.3394087 411.76 0
2018 8 27.87251 13.247498 439.3 63.3396526 409.17 0
2018 9 23.261608 9.59154 346.6 100.945695 408.17 0
2018 10 16.804363 2.362827 255.1 23.1219824 408.03 0
2018 11 7.1603 -2.9423358 163.1 87.274404 409.46 0
2018 12 4.8085227 -5.092894 125 169.1505855 410.67 0
2019 1 -2.5840743 -14.468165 143.5 92.9467761 412.82 0
2019 2 -1.3664265 -12.678997 209.8 70.23726875 413.74 0
2019 3 6.2045946 -5.2739344 301.6 161.7831286 414.72 0
2019 4 14.245942 1.3850231 391.2 21.495807 416.18 0
2019 5 23.895086 9.311046 461.6 96.1298344 416.72 0
2019 6 25.60978 12.391201 512.7 99.535704 416.17 0
2019 7 27.48464 15.5760355 503.7 148.1738124 414.65 0
2019 8 26.608398 13.686055 439.3 103.859858 412.06 0
2019 9 24.840683 12.731804 346.6 98.181876 411.06 0
2019 10 15.632996 2.6388164 255.1 57.5367812 410.92 0
2019 11 12.109927 1.6524216 163.1 113.982039 412.35 0
2019 12 3.1723466 -7.7047553 125 133.7574763 413.56 0
2020 1 1.3566637 -9.218962 143.5 52.3970153 415.78 0
2020 2 4.4012384 -6.987803 209.8 77.9895603 416.7 0
2020 3 9.180857 -2.6054075 301.6 111.570116 417.68 0
2020 4 14.723459 1.3829173 391.2 37.597983 419.14 0
2020 5 21.621916 8.088277 461.6 125.643651 419.68 0
2020 6 25.799757 12.371594 512.7 91.21179 419.13 0
2020 7 29.121708 16.287756 503.7 100.9533414 417.61 0
2020 8 27.895485 15.856444 439.3 101.6139173 415.02 0
2020 9 22.043137 10.037867 346.6 103.299294 414.02 0
2020 10 15.221201 3.4122615 255.1 147.4486976 413.88 0
2020 11 10.234842 0.3392492 163.1 137.80914 415.31 0
2020 12 5.8248672 -3.9633472 125 128.266809 416.52 0
2021 1 1.8437167 -6.8862658 143.5 70.093573 418.8 0
2021 2 3.5477986 -8.236779 209.8 93.282065 419.72 0
2021 3 8.226896 -3.566409 301.6 29.3576417 420.7 0
2021 4 12.497944 0.31776014 391.2 100.29048 422.16 0
2021 5 19.708595 6.786703 461.6 73.1122135 422.7 0
2021 6 24.679895 11.572101 512.7 85.360902 422.15 0
2021 7 27.707615 14.854274 503.7 123.8780553 420.63 0
2021 8 27.807348 16.075985 439.3 120.7172023 418.04 0
2021 9 24.719862 11.187642 346.6 145.576602 417.04 0
2021 10 15.576412 3.635571 255.1 91.5246201 416.9 0
2021 11 12.164503 0.99676657 163.1 91.06557 418.33 0
2021 12 3.8706236 -6.693005 125 69.6170596 419.54 0
2022 1 -0.3723784 -14.276012 143.5 154.6393057 421.86 0
2022 2 0.7625466 -11.235129 209.8 134.97868645 422.78 0
2022 3 7.6251836 -3.5953712 301.6 62.5844647 423.76 0
2022 4 12.136805 -0.23691073 391.2 111.79008 425.22 0
2022 5 22.748192 7.1984563 461.6 31.9214316 425.76 0
2022 6 23.38277 11.267954 512.7 228.34539 425.21 0
2022 7 28.02851 14.698579 503.7 133.697854 423.69 0
2022 8 27.040825 14.116564 439.3 99.635116 421.1 0
2022 9 22.982134 9.933154 346.6 83.625948 420.1 0
2022 10 13.423883 1.1052921 255.1 109.0461642 419.96 0
2022 11 7.7950864 -2.205773 163.1 102.403092 421.39 0
2022 12 2.1183302 -7.2867255 125 201.884493 422.6 0
2023 1 -1.9583528 -10.423588 143.5 124.0722827 424.99 0
2023 2 0.71080637 -10.781312 209.8 79.452997875 425.91 0
2023 3 3.4274359 -8.261357 301.6 134.9106763 426.89 0
2023 4 16.564499 2.963285 391.2 81.141435 428.35 0
2023 5 19.676966 7.33505 461.6 126.4745285 428.89 0
2023 6 25.81783 11.407264 512.7 39.492846 428.34 0
2023 7 28.892662 15.085791 503.7 75.3201947 426.82 0
2023 8 26.499607 14.150241 439.3 141.5562734 424.23 0
2023 9 22.267338 8.770827 346.6 50.260263 423.23 0
2023 10 13.487549 1.740131 255.1 123.7476197 423.09 0
2023 11 4.9207287 -3.3767862 163.1 163.391031 424.52 0
2023 12 2.9104362 -6.0992723 125 203.5734784 425.73 0
2024 1 0.91852015 -9.975782 143.5 86.86758 428.2 0
2024 2 0.7920992 -10.867037 209.8 121.842201975 429.12 0
2024 3 2.8525896 -8.231399 301.6 107.334059 430.1 0
2024 4 13.909495 1.682817 391.2 49.3383 431.56 0
2024 5 18.443413 5.3000755 461.6 112.606539 432.1 0
2024 6 25.625507 11.696529 512.7 68.994828 431.55 0
2024 7 30.559021 15.46089 503.7 91.7882348 430.03 0
2024 8 27.558552 14.509788 439.3 113.6120643 427.44 0
2024 9 23.36749 12.038913 346.6 220.716762 426.44 0
2024 10 17.717411 5.596935 255.1 65.6549124 426.3 0
2024 11 11.870816 1.3660841 163.1 175.390878 427.73 0
2024 12 5.4458656 -4.533879 125 121.8264381 428.94 0
2025 1 0.684076 -11.443242 143.5 72.2717942 431.47 0
2025 2 1.8140075 -8.902776 209.8 74.54123535 432.39 0
2025 3 5.059427 -5.695065 301.6 114.3986924 433.37 0
2025 4 10.695545 -1.1606039 391.2 48.075621 434.83 0
2025 5 20.562185 7.30486 461.6 87.1323107 435.37 0
2025 6 26.33191 10.577706 512.7 33.480417 434.82 0
2025 7 29.15964 15.812233 503.7 71.7191262 433.3 0
2025 8 27.354145 14.289717 439.3 87.509094 430.71 0
2025 9 22.406057 9.164976 346.6 81.01254 429.71 0
2025 10 17.169592 3.522825 255.1 81.86945 429.57 0
2025 11 9.355761 -2.0705974 163.1 79.259376 431 0
2025 12 4.2404957 -5.169629 125 100.895359 432.21 0
2026 1 -0.6341652 -12.468535 143.5 264.661136 434.83 0
2026 2 0.66136587 -8.962286 209.8 158.19935025 435.75 0
2026 3 4.189346 -5.915845 301.6 86.8577375 436.73 0
2026 4 14.0714655 2.7739885 391.2 101.203122 438.19 0
2026 5 21.522177 7.804609 461.6 103.5139383 438.73 0
2026 6 26.340117 11.689549 512.7 61.462869 438.18 0
2026 7 27.756065 15.012293 503.7 88.27188 436.66 0
2026 8 28.47597 15.722699 439.3 74.7596186 434.07 0
2026 9 22.963392 10.606159 346.6 107.809266 433.07 0
2026 10 15.82841 3.8322418 255.1 121.6353603 432.93 0
2026 11 7.9685664 -1.9310877 163.1 88.795179 434.36 0
2026 12 6.113827 -3.5054915 125 158.034094 435.57 0
2027 1 1.0491239 -9.474557 143.5 90.2315326 438.24 0
2027 2 0.71858954 -11.28571 209.8 87.32039405 439.16 0
2027 3 5.476735 -4.6951013 301.6 77.5741179 440.14 0
2027 4 13.07736 1.4891326 391.2 121.07391 441.6 0
2027 5 20.599234 6.8934894 461.6 43.8615435 442.14 0
2027 6 25.175484 11.997609 512.7 106.823874 441.59 0
2027 7 29.081718 14.656012 503.7 118.700488 440.07 0
2027 8 26.049944 13.37999 439.3 148.048932 437.48 0
2027 9 24.145237 9.295804 346.6 79.044465 436.48 0
2027 10 16.82189 3.7658927 255.1 114.3163595 436.34 0
2027 11 8.1285715 -1.6685225 163.1 106.475472 437.77 0
2027 12 8.462075 -2.794972 125 146.6680184 438.98 0
2028 1 0.35883647 -9.90783 143.5 29.26028806 441.72 0
2028 2 3.574475 -8.672199 209.8 99.054896 442.64 0
2028 3 7.4422 -3.873946 301.6 131.1876507 443.62 0
2028 4 12.965425 1.615132 391.2 135.732981 445.08 0
2028 5 19.799616 6.2761326 461.6 79.396735 445.62 0
2028 6 26.93598 12.794713 512.7 124.884309 445.07 0
2028 7 28.907202 17.538967 503.7 125.203327 443.55 0
2028 8 27.082043 14.088153 439.3 167.3657233 440.96 0
2028 9 22.765783 9.568845 346.6 100.193652 439.96 0
2028 10 15.701911 3.2748926 255.1 55.598624 439.82 0
2028 11 8.31486 -0.9105553 163.1 120.550419 441.25 0
2028 12 2.3965585 -8.790673 125 138.2704966 442.46 0
2029 1 -3.828765 -16.01741 143.5 114.5905855 445.25 0
2029 2 0.4039898 -11.457418 209.8 103.528913475 446.17 0
2029 3 6.0420756 -5.10442 301.6 80.964436 447.15 0
2029 4 11.79564 -0.44244328 391.2 40.963809 448.61 0
2029 5 23.299282 7.6108828 461.6 33.6180833 449.15 0
2029 6 26.365818 12.907546 512.7 89.29569 448.6 0
2029 7 29.36076 16.239668 503.7 97.219906 447.08 0
2029 8 27.21783 13.694811 439.3 73.4922208 444.49 0
2029 9 21.821978 9.337464 346.6 176.520639 443.49 0
2029 10 14.943717 2.5152109 255.1 91.9780943 443.35 0
2029 11 12.181814 2.0635343 163.1 137.535081 444.78 0
2029 12 -0.85398746 -7.180626 125 96.1694214 445.99 0
2030 1 2.8147004 -6.106217 143.5 88.470063 448.83 0
2030 2 4.0904512 -6.565941 209.8 185.949975 449.75 0
2030 3 9.951758 -0.18012324 301.6 53.3163823 450.73 0
2030 4 14.044933 1.5241197 391.2 140.65572 452.19 0
2030 5 20.18639 6.7565384 461.6 80.7701528 452.73 0
2030 6 27.103743 12.208485 512.7 60.51876 452.18 0
2030 7 29.370226 17.087831 503.7 186.1939546 450.66 0
2030 8 27.184307 14.073556 439.3 117.8885205 448.07 0
2030 9 21.697117 9.334639 346.6 118.7592 447.07 0
2030 10 17.129688 3.582249 255.1 46.6455915 446.93 0
2030 11 11.843391 1.2594138 163.1 99.822864 448.36 0
2030 12 4.9610124 -4.014501 125 136.4948135 449.57 0
2031 1 3.7518854 -6.4522552 143.5 207.6441194 452.47 0
2031 2 1.0956109 -11.375056 209.8 115.081524975 453.39 0
2031 3 9.474337 -2.4250472 301.6 55.7086585 454.37 0
2031 4 15.846565 2.3081813 391.2 53.334492 455.83 0
2031 5 23.26921 9.158163 461.6 116.348983 456.37 0
2031 6 26.5073 12.95368 512.7 103.265985 455.82 0
2031 7 29.001307 15.137152 503.7 87.8447434 454.3 0
2031 8 27.486181 13.969748 439.3 85.3988682 451.71 0
2031 9 22.670788 10.198198 346.6 139.142505 450.71 0
2031 10 15.832062 2.951259 255.1 39.3570947 450.57 0
2031 11 9.827561 -1.0925614 163.1 107.61615 452 0
2031 12 4.2220044 -5.3647003 125 255.792005 453.21 0
2032 1 -0.9740481 -15.074984 143.5 107.778196 456.18 0
2032 2 2.2924154 -10.028033 209.8 202.136272975 457.1 0
2032 3 8.851728 -3.4695802 301.6 46.2934191 458.08 0
2032 4 11.584432 -0.32381377 391.2 88.115415 459.54 0
2032 5 24.439646 9.0568495 461.6 44.4216453 460.08 0
2032 6 25.958342 11.608179 512.7 51.392511 459.53 0
2032 7 28.258068 15.247839 503.7 117.267885 458.01 0
2032 8 27.025856 12.789027 439.3 107.7857724 455.42 0
2032 9 21.111362 6.7437882 346.6 61.32507 454.42 0
2032 10 15.859157 2.6528423 255.1 39.6204769 454.28 0
2032 11 12.372907 1.7209029 163.1 162.64353 455.71 0
2032 12 3.465092 -5.1394963 125 181.946843 456.92 0
2033 1 -1.0746115 -12.393149 143.5 46.2985806 459.96 0
2033 2 3.9964058 -8.795904 209.8 37.604493125 460.88 0
2033 3 8.775466 -2.0297616 301.6 147.6261106 461.86 0
2033 4 15.458229 2.6104693 391.2 68.600148 463.32 0
2033 5 18.999481 5.8811235 461.6 87.7684896 463.86 0
2033 6 25.645878 12.152637 512.7 98.758029 463.31 0
2033 7 29.350164 15.731394 503.7 100.3285085 461.79 0
2033 8 27.445303 14.162546 439.3 117.2091555 459.2 0
2033 9 22.555384 9.3527565 346.6 77.34912 458.2 0
2033 10 15.636514 3.496022 255.1 115.2659143 458.06 0
2033 11 10.41234 1.769462 163.1 136.80717 459.49 0
2033 12 4.686551 -4.204532 125 231.2547548 460.7 0
2034 1 2.166028 -8.375905 143.5 100.0515979 463.85 0
2034 2 2.7173896 -8.624744 209.8 66.6489481 464.77 0
2034 3 9.916969 -0.4538148 301.6 117.9268954 465.75 0
2034 4 15.346561 3.5955646 391.2 99.30207 467.21 0
2034 5 21.236898 6.7603226 461.6 77.753735 467.75 0
2034 6 27.00458 12.476938 512.7 93.380355 467.2 0
2034 7 28.612125 14.213561 503.7 115.9507012 465.68 0
2034 8 27.46442 13.599709 439.3 83.353947 463.09 0
2034 9 23.855755 9.3605175 346.6 53.41311 462.09 0
2034 10 17.455215 4.3400865 255.1 63.7661537 461.95 0
2034 11 6.4288282 -3.1730745 163.1 95.726823 463.38 0
2034 12 -1.8016477 -11.553075 125 32.2116443 464.59 0
2035 1 -0.58991045 -12.029098 143.5 98.5363427 467.85 0
2035 2 1.9001418 -10.02893 209.8 160.053765 468.77 0
2035 3 8.246921 -3.3188183 301.6 114.8138444 469.75 0
2035 4 15.312532 2.3710194 391.2 107.729217 471.21 0
2035 5 19.425262 5.9686966 461.6 77.4150786 471.75 0
2035 6 27.478268 14.211328 512.7 69.3597 471.2 0
2035 7 29.208303 17.176727 503.7 112.7915098 469.68 0
2035 8 28.418434 16.24293 439.3 110.3384457 467.09 0
2035 9 23.322342 9.402783 346.6 77.30268 466.09 0
2035 10 17.926683 3.6044908 255.1 48.6383428 465.95 0
2035 11 11.085023 1.9533389 163.1 98.709369 467.38 0
2035 12 1.2004254 -8.856058 125 48.0451454 468.59 0
2036 1 2.1200404 -9.099432 143.5 102.305921 471.96 0
2036 2 5.357875 -6.1527047 209.8 72.718627275 472.88 0
2036 3 6.723175 -4.672057 301.6 73.3484087 473.86 0
2036 4 14.975112 2.4434574 391.2 63.925473 475.32 0
2036 5 19.791449 6.354171 461.6 81.3169525 475.86 0
2036 6 24.240988 11.746614 512.7 159.00945 475.31 0
2036 7 27.850027 14.331915 503.7 106.6375324 473.79 0
2036 8 26.745451 13.8738785 439.3 124.2585524 471.2 0
2036 9 22.951206 9.670012 346.6 83.073357 470.2 0
2036 10 17.298824 3.9104137 255.1 33.9884372 470.06 0
2036 11 9.477744 -0.9923171 163.1 57.19404 471.49 0
2036 12 2.449638 -7.289368 125 52.1733875 472.7 0
2037 1 0.37553927 -10.287826 143.5 195.4570925 476.18 0
2037 2 1.3109174 -10.791495 209.8 66.717547575 477.1 0
2037 3 6.126142 -5.4442263 301.6 62.006448 478.08 0
2037 4 16.477507 4.0099363 391.2 82.975224 479.54 0
2037 5 23.604862 8.084534 461.6 64.8500346 480.08 0
2037 6 27.15507 12.291951 512.7 74.486562 479.53 0
2037 7 30.014746 15.953351 503.7 93.40548 478.01 0
2037 8 27.754435 14.084665 439.3 137.0549773 475.42 0
2037 9 21.004946 6.9793234 346.6 161.218299 474.42 0
2037 10 18.300272 5.198883 255.1 83.8720996 474.28 0
2037 11 7.613192 -2.4212768 163.1 175.636512 475.71 0
2037 12 3.2481997 -5.6641035 125 119.349721 476.92 0
2038 1 3.1011147 -6.427384 143.5 92.1427353 480.51 0
2038 2 5.4644346 -5.1977673 209.8 71.37398095 481.43 0
2038 3 9.294852 -2.4378533 301.6 90.8223895 482.41 0
2038 4 11.900802 -0.013508431 391.2 161.04417 483.87 0
2038 5 20.176134 7.4204483 461.6 122.0050508 484.41 0
2038 6 23.976984 10.619477 512.7 45.004512 483.86 0
2038 7 28.300026 14.83456 503.7 88.353534 482.34 0
2038 8 27.826715 14.615182 439.3 127.425345 479.75 0
2038 9 21.718744 8.605955 346.6 73.282908 478.75 0
2038 10 16.58913 4.258822 255.1 75.720879 478.61 0
2038 11 12.106602 1.3361115 163.1 117.05739 480.04 0
2038 12 4.9515915 -5.2372274 125 119.9825302 481.25 0
2039 1 -1.5939261 -12.036247 143.5 74.7639648 484.93 0
2039 2 6.045264 -5.519518 209.8 157.370515025 485.85 0
2039 3 6.9187884 -4.468588 301.6 82.2228562 486.83 0
2039 4 14.059079 1.2352623 391.2 28.238961 488.29 0
2039 5 23.358871 8.16944 461.6 139.7583013 488.83 0
2039 6 26.961142 12.211702 512.7 65.160162 488.28 0
2039 7 29.437122 16.591959 503.7 110.2481427 486.76 0
2039 8 27.821703 14.526071 439.3 131.9152176 484.17 0
2039 9 24.278284 10.135243 346.6 107.28237 483.17 0
2039 10 19.513634 6.43485 255.1 108.2797202 483.03 0
2039 11 11.046237 0.9188261 163.1 69.596022 484.46 0
2039 12 4.604169 -4.2458296 125 59.8982682 485.67 0
2040 1 -1.9955893 -14.086463 143.5 99.7382499 489.44 0
2040 2 2.5997844 -10.19725 209.8 25.1873652375 490.36 0
2040 3 7.8450084 -3.146682 301.6 111.2557915 491.34 0
2040 4 14.889716 2.3742723 391.2 93.399147 492.8 0
2040 5 20.966389 8.415198 461.6 147.4051364 493.34 0
2040 6 26.670734 12.727278 512.7 94.181076 492.79 0
2040 7 29.548973 15.975938 503.7 41.0080958 491.27 0
2040 8 28.140234 15.945245 439.3 69.3727424 488.68 0
2040 9 23.93368 10.599073 346.6 83.233515 487.68 0
2040 10 16.493256 4.2030606 255.1 80.5180081 487.54 0
2040 11 7.4447303 -2.2660513 163.1 80.39043 488.97 0
2040 12 5.8567414 -3.0198789 125 65.3329743 490.18 0
2041 1 1.6767224 -8.214909 143.5 51.1022476 494.03 0
2041 2 5.409263 -7.11383 209.8 69.5224138 494.95 0
2041 3 7.458734 -3.9466193 301.6 116.695594 495.93 0
2041 4 14.741633 2.2756677 391.2 109.826616 497.39 0
2041 5 18.334423 5.671866 461.6 65.2431394 497.93 0
2041 6 27.555449 13.239668 512.7 79.014486 497.38 0
2041 7 31.046532 15.742705 503.7 47.7755229 495.86 0
2041 8 28.63193 14.183464 439.3 227.4244847 493.27 0
2041 9 21.556244 7.972932 346.6 122.430039 492.27 0
2041 10 21.597662 6.5132604 255.1 88.7462947 492.13 0
2041 11 11.975586 1.0972972 163.1 108.010662 493.56 0
2041 12 4.9570665 -4.625433 125 128.1845474 494.77 0
2042 1 2.1958184 -6.7163477 143.5 124.8765994 498.73 0
2042 2 3.9215782 -7.5215855 209.8 24.670072425 499.65 0
2042 3 7.1797476 -3.7554657 301.6 136.2512 500.63 0
2042 4 14.749599 1.8735176 391.2 47.165658 502.09 0
2042 5 21.376907 7.3210278 461.6 72.3795533 502.63 0
2042 6 26.68363 12.575506 512.7 56.382723 502.08 0
2042 7 29.234863 16.658155 503.7 151.2006555 500.56 0
2042 8 28.171896 14.034895 439.3 52.3332235 497.97 0
2042 9 23.31733 10.661807 346.6 85.20942 496.97 0
2042 10 16.850536 5.394175 255.1 152.9401647 496.83 0
2042 11 7.2105618 -1.901488 163.1 135.751191 498.26 0
2042 12 5.6350646 -3.7511716 125 40.0140591 499.47 0
2043 1 2.2316337 -8.989791 143.5 95.4026953 503.53 0
2043 2 4.999629 -6.4182687 209.8 87.239483225 504.45 0
2043 3 8.627482 -2.870602 301.6 91.9549745 505.43 0
2043 4 14.909277 2.3470256 391.2 65.652801 506.89 0
2043 5 20.792461 5.747454 461.6 38.0703033 507.43 0
2043 6 28.302565 13.979457 512.7 94.688109 506.88 0
2043 7 29.934072 15.978714 503.7 99.918859 505.36 0
2043 8 28.139076 14.135796 439.3 95.2620297 502.77 0
2043 9 22.177229 9.94822 346.6 92.46579 501.77 0
2043 10 18.331518 4.37272 255.1 59.7060899 501.63 0
2043 11 11.050902 1.16872 163.1 154.31664 503.06 0
2043 12 6.999579 -2.7836947 125 95.6603084 504.27 0
2044 1 -1.698757 -13.661352 143.5 120.9802838 508.43 0
2044 2 3.3180254 -9.099364 209.8 70.9170711 509.35 0
2044 3 8.689021 -2.9379127 301.6 84.3919138 510.33 0
2044 4 13.614211 1.3369644 391.2 92.407092 511.79 0
2044 5 21.355042 7.9402637 461.6 96.9394118 512.33 0
2044 6 23.14964 12.833819 512.7 197.73024 511.78 0
2044 7 28.480564 15.559009 503.7 164.7480616 510.26 0
2044 8 27.727299 13.476737 439.3 81.2294209 507.67 0
2044 9 23.069725 9.452537 346.6 51.578001 506.67 0
2044 10 14.9088125 3.0163033 255.1 117.3496382 506.53 0
2044 11 10.6296835 1.0557669 163.1 155.298972 507.96 0
2044 12 5.6404905 -3.7679288 125 132.2058457 509.17 0
2045 1 1.7784467 -8.471556 143.5 106.6635042 513.46 0
2045 2 3.2033343 -8.887462 209.8 15.3628938125 514.38 0
2045 3 7.585862 -4.0578904 301.6 117.774456 515.36 0
2045 4 13.429774 2.8192542 391.2 177.305931 516.82 0
2045 5 18.226751 6.0161986 461.6 139.6341897 517.36 0
2045 6 24.465427 12.391672 512.7 137.723922 516.81 0
2045 7 28.770412 17.294672 503.7 160.345113 515.29 0
2045 8 28.006548 15.192034 439.3 73.8038235 512.7 0
2045 9 22.846954 9.458332 346.6 71.281242 511.7 0
2045 10 18.236732 4.194217 255.1 38.2897616 511.56 0
2045 11 7.463614 -2.38662 163.1 92.622729 512.99 0
2045 12 3.7325146 -6.003614 125 65.819913 514.2 0
2046 1 -1.5113006 -13.300627 143.5 90.3269723 518.61 0
2046 2 6.087607 -4.6715436 209.8 108.99118375 519.53 0
2046 3 7.3799415 -4.388598 301.6 114.665125 520.51 0
2046 4 12.974785 2.479945 391.2 195.36438 521.97 0
2046 5 21.931147 7.637426 461.6 149.8452363 522.51 0
2046 6 28.109413 13.880639 512.7 88.966785 521.96 0
2046 7 28.92978 15.522046 503.7 67.186331 520.44 0
2046 8 30.213959 16.981897 439.3 79.364278 517.85 0
2046 9 23.606203 11.538762 346.6 157.934862 516.85 0
2046 10 16.49178 4.3894076 255.1 92.390385 516.71 0
2046 11 9.509794 1.2533237 163.1 222.791019 518.14 0
2046 12 0.047563884 -10.656652 125 113.4634844 519.35 0
2047 1 -2.4179325 -13.594784 143.5 209.1730146 523.9 0
2047 2 5.620253 -6.6642265 209.8 130.13531435 524.82 0
2047 3 8.708953 -3.5831552 301.6 82.2785601 525.8 0
2047 4 16.322824 4.301692 391.2 156.18933 527.26 0
2047 5 21.136774 7.3858867 461.6 153.350676 527.8 0
2047 6 24.121904 12.670809 512.7 199.79517 527.25 0
2047 7 30.33071 16.168205 503.7 88.8914243 525.73 0
2047 8 28.159254 14.838157 439.3 76.2331416 523.14 0
2047 9 24.04403 11.048904 346.6 99.426342 522.14 0
2047 10 16.200304 3.201504 255.1 82.006222 522 0
2047 11 9.955145 -1.0160191 163.1 80.2932 523.43 0
2047 12 4.7012014 -4.388677 125 52.9184818 524.64 0
2048 1 3.3930588 -6.044512 143.5 164.341137 529.32 0
2048 2 1.1148252 -10.757359 209.8 61.272800775 530.24 0
2048 3 7.672069 -3.8433619 301.6 96.1730701 531.22 0
2048 4 15.597761 3.1481385 391.2 72.41469 532.68 0
2048 5 20.891981 6.780248 461.6 96.488492 533.22 0
2048 6 26.712746 13.66156 512.7 94.943148 532.67 0
2048 7 29.332058 15.030869 503.7 56.6929147 531.15 0
2048 8 28.92873 15.22211 439.3 112.7432025 528.56 0
2048 9 22.648539 9.816438 346.6 69.982038 527.56 0
2048 10 16.485325 3.686614 255.1 37.960027 527.42 0
2048 11 11.989428 2.5389555 163.1 157.081431 528.85 0
2048 12 6.810005 -3.097848 125 131.6715824 530.06 0
2049 1 -1.8259866 -12.608158 143.5 91.650198 534.88 0
2049 2 4.75404 -6.584138 209.8 110.06432215 535.8 0
2049 3 6.689377 -4.936145 301.6 91.993182 536.78 0
2049 4 15.541558 3.132044 391.2 122.29497 538.24 0
2049 5 18.426338 5.772158 461.6 239.133845 538.78 0
2049 6 25.90365 11.93155 512.7 69.820503 538.23 0
2049 7 28.985247 17.243692 503.7 92.7637924 536.71 0
2049 8 28.001852 14.823109 439.3 119.24894 534.12 0
2049 9 22.838816 10.2744255 346.6 100.702479 533.12 0
2049 10 15.6002865 3.371186 255.1 122.8604586 532.98 0
2049 11 10.099793 -0.17372759 163.1 143.202525 534.41 0
2049 12 4.998048 -4.1607885 125 157.98902 535.62 0
2050 1 3.76928 -4.9853063 143.5 136.356724 540.54 0
2050 2 5.9222894 -6.217821 209.8 15.376686875 541.46 0
2050 3 8.016978 -3.0505846 301.6 89.9164021 542.44 0
2050 4 16.369596 4.4834595 391.2 99.180693 543.9 0
2050 5 21.072527 5.454812 461.6 43.6692939 544.44 0
2050 6 27.434837 13.993738 512.7 91.44399 543.89 0
2050 7 29.826485 16.975119 503.7 114.3360166 542.37 0
2050 8 28.541435 15.989748 439.3 102.561609 539.78 0
2050 9 22.240568 10.280744 346.6 72.30756 538.78 0
2050 10 17.869944 3.8451073 255.1 77.2405548 538.64 0
2050 11 8.944756 -0.65969133 163.1 70.322436 540.07 0
2050 12 3.2210736 -5.0015764 125 69.2955524 541.28 0
2051 1 0.8863861 -10.580897 143.5 109.9172053 546.32 0
2051 2 1.8945553 -9.924287 209.8 94.963903325 547.24 0
2051 3 7.026065 -4.753608 301.6 45.1434741 548.22 0
2051 4 16.269476 3.1118412 391.2 46.100166 549.68 0
2051 5 23.487825 8.918442 461.6 144.7999367 550.22 0
2051 6 26.143372 12.958945 512.7 104.270424 549.67 0
2051 7 28.98821 16.61562 503.7 127.133511 548.15 0
2051 8 28.081469 16.064575 439.3 123.7747292 545.56 0
2051 9 22.70964 10.394703 346.6 88.687068 544.56 0
2051 10 18.839909 4.983894 255.1 70.4715002 544.42 0
2051 11 10.918918 -0.1576979 163.1 78.23028 545.85 0
2051 12 3.1829412 -6.650787 125 37.4866942 547.06 0
2052 1 -2.0296428 -12.847038 143.5 105.0518886 552.21 0
2052 2 4.65833 -7.1016836 209.8 245.5632945 553.13 0
2052 3 7.78241 -3.4777193 301.6 68.8798517 554.11 0
2052 4 13.8826685 0.71652323 391.2 65.38668 555.57 0
2052 5 22.715023 8.52511 461.6 112.6854588 556.11 0
2052 6 26.914593 13.220073 512.7 90.603876 555.56 0
2052 7 28.96125 15.854813 503.7 89.8313939 554.04 0
2052 8 27.39227 15.239279 439.3 109.1838879 551.45 0
2052 9 22.320417 8.927588 346.6 87.580983 550.45 0
2052 10 18.012094 4.7658625 255.1 81.7566565 550.31 0
2052 11 13.079999 2.0619836 163.1 123.739299 551.74 0
2052 12 8.210756 -2.2942061 125 116.2191736 552.95 0
2053 1 0.7300546 -13.7342615 143.5 125.8269323 558.21 0
2053 2 1.297677 -10.955972 209.8 149.34674945 559.13 0
2053 3 9.80189 -1.8449354 301.6 93.810681 560.11 0
2053 4 15.486851 3.0202982 391.2 140.54094 561.57 0
2053 5 21.787466 6.909098 461.6 161.350288 562.11 0
2053 6 27.137865 13.97956 512.7 106.763607 561.56 0
2053 7 29.946865 15.936122 503.7 70.5356237 560.04 0
2053 8 30.23963 16.041653 439.3 71.393713 557.45 0
2053 9 24.480722 10.998064 346.6 121.061511 556.45 0
2053 10 16.912655 4.7957463 255.1 81.6362401 556.31 0
2053 11 11.445908 2.458853 163.1 130.544859 557.74 0
2053 12 4.1028996 -4.9750767 125 92.6692548 558.95 0
2054 1 5.891245 -3.5446343 143.5 103.816272 564.31 0
2054 2 4.040496 -8.033195 209.8 50.321047 565.23 0
2054 3 10.864895 -0.88602805 301.6 94.5458677 566.21 0
2054 4 14.721658 2.2078443 391.2 122.07606 567.67 0
2054 5 20.890257 7.888272 461.6 147.7469703 568.21 0
2054 6 28.252235 13.382947 512.7 73.512069 567.66 0
2054 7 30.243408 16.52199 503.7 78.3969757 566.14 0
2054 8 28.19327 15.210322 439.3 119.9462633 563.55 0
2054 9 23.773338 12.076799 346.6 138.772788 562.55 0
2054 10 18.50752 5.668627 255.1 69.1424186 562.41 0
2054 11 13.099437 2.090568 163.1 137.361918 563.84 0
2054 12 1.2617713 -8.003908 125 189.874504 565.05 0
2055 1 -1.3711071 -13.91003 143.5 107.4116551 570.52 0
2055 2 2.938783 -8.997394 209.8 88.38566765 571.44 0
2055 3 8.972623 -2.3308408 301.6 145.4131663 572.42 0
2055 4 16.277155 3.6991675 391.2 138.22398 573.88 0
2055 5 22.979094 9.006356 461.6 69.0985288 574.42 0
2055 6 27.356045 12.976339 512.7 74.977368 573.87 0
2055 7 30.789816 16.899265 503.7 73.9684056 572.35 0
2055 8 27.475843 15.765968 439.3 201.521886 569.76 0
2055 9 23.88583 12.316913 346.6 106.09332 568.76 0
2055 10 19.643995 6.8328233 255.1 56.6638398 568.62 0
2055 11 8.330514 -1.5249265 163.1 105.201531 570.05 0
2055 12 0.26089346 -9.142507 125 38.7515717 571.26 0
2056 1 3.0804615 -6.741236 143.5 110.6072994 576.84 0
2056 2 5.211711 -6.937382 209.8 109.6162941 577.76 0
2056 3 9.117964 -2.6664832 301.6 39.3788102 578.74 0
2056 4 15.498231 2.3887072 391.2 96.346599 580.2 0
2056 5 23.000042 7.451943 461.6 34.5174429 580.74 0
2056 6 25.647238 12.455613 512.7 83.09475 580.19 0
2056 7 30.572178 16.49741 503.7 76.0215697 578.67 0
2056 8 27.247091 17.281393 439.3 254.98275 576.08 0
2056 9 23.297606 10.5801935 346.6 87.122892 575.08 0
2056 10 17.055685 3.7278633 255.1 117.398984 574.94 0
2056 11 9.183943 -1.6027699 163.1 87.49308 576.37 0
2056 12 5.6178513 -3.969641 125 41.6721561 577.58 0
2057 1 3.998353 -6.2464113 143.5 98.7293084 583.3 0
2057 2 1.8104941 -9.956337 209.8 88.489890375 584.22 0
2057 3 8.77575 -2.6370833 301.6 142.561219 585.2 0
2057 4 15.973495 3.533136 391.2 151.911549 586.66 0
2057 5 19.257383 5.6502423 461.6 55.0655728 587.2 0
2057 6 25.529264 13.574266 512.7 98.44779 586.65 0
2057 7 30.059193 16.867836 503.7 157.136148 585.13 0
2057 8 31.387308 16.248127 439.3 79.9910856 582.54 0
2057 9 25.492495 13.17615 346.6 131.022018 581.54 0
2057 10 16.481482 3.4819872 255.1 102.7726725 581.4 0
2057 11 9.332361 0.41846532 163.1 88.328634 582.83 0
2057 12 4.857717 -3.5556936 125 77.7823883 584.04 0
2058 1 5.030268 -3.146516 143.5 68.907203 589.91 0
2058 2 3.9304886 -7.1853585 209.8 136.924063375 590.83 0
2058 3 9.479282 -2.1035266 301.6 79.324939 591.81 0
2058 4 18.295513 4.9403896 391.2 72.456966 593.27 0
2058 5 22.870874 9.217832 461.6 147.2746574 593.81 0
2058 6 26.542551 12.907887 512.7 139.901232 593.26 0
2058 7 30.86779 17.079361 503.7 119.32768 591.74 0
2058 8 28.950401 17.19389 439.3 173.2912183 589.15 0
2058 9 24.55371 10.956418 346.6 48.903285 588.15 0
2058 10 18.400007 5.113017 255.1 54.4995531 588.01 0
2058 11 11.238118 0.24135238 163.1 70.870305 589.44 0
2058 12 5.4767885 -3.5918584 125 62.2504738 590.65 0
2059 1 3.1436408 -6.9070435 143.5 71.835866 596.65 0
2059 2 2.8225017 -8.678059 209.8 89.32995215 597.57 0
2059 3 10.75273 -1.4816959 301.6 81.534588 598.55 0
2059 4 16.79825 4.6730437 391.2 105.062376 600.01 0
2059 5 24.346203 8.194202 461.6 86.878399 600.55 0
2059 6 29.241184 14.628036 512.7 93.964734 600 0
2059 7 30.499643 18.108448 503.7 126.442583 598.48 0
2059 8 29.084251 14.985155 439.3 102.821358 595.89 0
2059 9 23.328978 10.986938 346.6 107.187159 594.89 0
2059 10 17.597708 4.7703 255.1 100.1298667 594.75 0
2059 11 11.37789 1.2231826 163.1 62.533551 596.18 0
2059 12 4.9593406 -6.3205595 125 123.9063273 597.39 0
2060 1 3.0878663 -6.145021 143.5 132.718688 603.52 0
2060 2 3.4854088 -7.2251506 209.8 163.53457745 604.44 0
2060 3 9.639398 -1.9489646 301.6 69.1586254 605.42 0
2060 4 16.576662 3.753316 391.2 33.911355 606.88 0
2060 5 24.476654 9.094143 461.6 91.6304665 607.42 0
2060 6 27.613684 13.402779 512.7 83.604282 606.87 0
2060 7 29.4064 15.591427 503.7 116.313085 605.35 0
2060 8 29.626411 14.767107 439.3 84.296409 602.76 0
2060 9 22.700878 10.511506 346.6 112.530534 601.76 0
2060 10 19.36823 6.4840183 255.1 57.3994543 601.62 0
2060 11 10.973756 0.011786301 163.1 139.100889 603.05 0
2060 12 5.484203 -3.424031 125 98.4301057 604.26 0
2061 1 2.1520524 -8.765878 143.5 109.2009596 610.52 0
2061 2 3.1467264 -8.362167 209.8 90.883145625 611.44 0
2061 3 12.716734 1.8158569 301.6 87.776128 612.42 0
2061 4 13.447926 0.9689042 391.2 68.316258 613.88 0
2061 5 19.302465 4.8155656 461.6 116.1607479 614.42 0
2061 6 26.240479 13.426521 512.7 125.769609 613.87 0
2061 7 31.94979 17.67685 503.7 103.0458724 612.35 0
2061 8 28.421635 15.969597 439.3 116.4780918 609.76 0
2061 9 23.820791 10.08367 346.6 39.395184 608.76 0
2061 10 17.4589 4.939211 255.1 109.6704484 608.62 0
2061 11 9.157722 -0.3390857 163.1 100.135518 610.05 0
2061 12 4.107592 -5.6934953 125 99.5751372 611.26 0
2062 1 0.41346723 -9.07195 143.5 151.683465 617.61 0
2062 2 1.5503472 -10.071264 209.8 93.23480275 618.53 0
2062 3 8.558432 -3.0332427 301.6 52.1863827 619.51 0
2062 4 15.508339 2.180576 391.2 28.445619 620.97 0
2062 5 22.76775 10.196658 461.6 175.2361955 621.51 0
2062 6 26.446833 12.426792 512.7 57.477795 620.96 0
2062 7 28.19025 17.06204 503.7 171.02576 619.44 0
2062 8 30.783693 17.578548 439.3 125.2888374 616.85 0
2062 9 25.762667 12.8558035 346.6 90.820326 615.85 0
2062 10 17.689205 4.482505 255.1 43.0375232 615.71 0
2062 11 9.630721 -0.26678267 163.1 101.653527 617.14 0
2062 12 5.9550643 -3.263949 125 245.3200035 618.35 0
2063 1 1.730481 -9.047506 143.5 72.9901076 624.76 0
2063 2 5.3576035 -6.1009235 209.8 84.1630102 625.68 0
2063 3 6.678457 -3.7428954 301.6 166.275971 626.66 0
2063 4 16.73236 4.346616 391.2 157.44816 628.12 0
2063 5 19.475353 7.665757 461.6 225.6293646 628.66 0
2063 6 28.631954 13.811778 512.7 31.543533 628.11 0
2063 7 30.680437 15.937827 503.7 98.9721221 626.59 0
2063 8 28.288618 14.8037 439.3 111.158684 624 0
2063 9 23.524485 11.441183 346.6 115.94208 623 0
2063 10 20.656618 6.9004073 255.1 41.2634893 622.86 0
2063 11 9.0866995 -0.17651422 163.1 213.055215 624.29 0
2063 12 0.35920548 -7.092709 125 55.9666839 625.5 0
2064 1 3.4346714 -5.587424 143.5 93.325469 631.99 0
2064 2 7.0004754 -3.0223784 209.8 132.376626975 632.91 0
2064 3 8.008245 -3.3528726 301.6 89.654914 633.89 0
2064 4 14.179231 1.2468898 391.2 61.750194 635.35 0
2064 5 21.507423 6.62504 461.6 45.5017411 635.89 0
2064 6 27.812626 13.5177 512.7 66.896481 635.34 0
2064 7 32.007954 17.573462 503.7 70.0858168 633.82 0
2064 8 30.057774 15.5538025 439.3 100.063257 631.23 0
2064 9 24.637562 12.110585 346.6 117.242061 630.23 0
2064 10 16.8019 7.5387897 255.1 220.889012 630.09 0
2064 11 13.867142 3.2014608 163.1 171.847428 631.52 0
2064 12 5.7778535 -3.5876765 125 219.4898115 632.73 0
2065 1 1.6996132 -8.166788 143.5 92.0812716 639.29 0
2065 2 1.8428771 -9.6494255 209.8 56.275262775 640.21 0
2065 3 9.401818 -1.4665248 301.6 103.397338 641.19 0
2065 4 13.779693 1.9127026 391.2 109.717239 642.65 0
2065 5 22.989405 9.698538 461.6 140.454521 643.19 0
2065 6 27.527163 13.698795 512.7 152.731275 642.64 0
2065 7 30.773014 17.456648 503.7 57.4513855 641.12 0
2065 8 30.065487 16.292145 439.3 71.1574713 638.53 0
2065 9 26.64666 11.669039 346.6 41.029014 637.53 0
2065 10 17.762337 6.6750584 255.1 117.2388752 637.39 0
2065 11 9.020136 -0.96034276 163.1 80.774094 638.82 0
2065 12 8.129601 -1.5587875 125 200.4230166 640.03 0
2066 1 1.8253272 -7.6255727 143.5 31.3660852 646.65 0
2066 2 1.8003838 -9.616753 209.8 70.435083725 647.57 0
2066 3 9.778771 -0.6559081 301.6 82.7767952 648.55 0
2066 4 16.345943 3.8307948 391.2 93.303729 650.01 0
2066 5 23.271872 7.809342 461.6 40.7127154 650.55 0
2066 6 28.359198 14.04176 512.7 82.274574 650 0
2066 7 31.141916 16.711893 503.7 70.5725416 648.48 0
2066 8 28.538397 16.901184 439.3 116.8989726 645.89 0
2066 9 23.317177 11.587519 346.6 169.832181 644.89 0
2066 10 20.637325 7.9842343 255.1 64.2579439 644.75 0
2066 11 11.724756 1.2447797 163.1 97.948902 646.18 0
2066 12 6.6598125 -1.5383313 125 99.2402907 647.39 0
2067 1 0.946012 -10.073398 143.5 87.0623499 654.1 0
2067 2 5.152758 -5.5098 209.8 124.447013 655.02 0
2067 3 8.24494 -2.0696244 301.6 150.296959 656 0
2067 4 18.337862 5.265422 391.2 97.810908 657.46 0
2067 5 25.259907 10.858054 461.6 143.7620505 658 0
2067 6 28.32773 16.490728 512.7 153.60324 657.45 0
2067 7 31.407307 16.703583 503.7 112.2285405 655.93 0
2067 8 31.047794 16.333677 439.3 106.901578 653.34 0
2067 9 23.785315 10.628838 346.6 66.394764 652.34 0
2067 10 20.601135 7.2712727 255.1 59.1418651 652.2 0
2067 11 12.862456 3.255603 163.1 143.18217 653.63 0
2067 12 9.255479 -0.9709497 125 321.000009 654.84 0
2068 1 -0.10044347 -10.951827 143.5 115.107216 661.64 0
2068 2 1.2586457 -10.353376 209.8 223.1941535 662.56 0
2068 3 8.538459 -3.0513823 301.6 43.9601173 663.54 0
2068 4 19.060041 5.8674726 391.2 83.97783 665 0
2068 5 23.882994 9.636758 461.6 128.7294127 665.54 0
2068 6 27.989817 13.917107 512.7 121.70172 664.99 0
2068 7 32.336212 18.355684 503.7 92.2875332 663.47 0
2068 8 31.223246 17.598581 439.3 76.621367 660.88 0
2068 9 25.822393 13.593118 346.6 114.68103 659.88 0
2068 10 18.071257 5.7235622 255.1 102.7384082 659.74 0
2068 11 11.946182 2.2936454 163.1 80.214909 661.17 0
2068 12 6.945592 -1.7159476 125 90.9562754 662.38 0
2069 1 3.283602 -5.863583 143.5 169.8234157 669.3 0
2069 2 0.85571474 -10.850476 209.8 100.598363 670.22 0
2069 3 8.825282 -2.026093 301.6 130.5269415 671.2 0
2069 4 16.493446 3.8327236 391.2 99.280194 672.66 0
2069 5 23.150284 7.7612286 461.6 41.6334309 673.2 0
2069 6 28.64966 14.165331 512.7 61.801044 672.65 0
2069 7 30.8154 18.26565 503.7 133.3630354 671.13 0
2069 8 31.92695 19.119371 439.3 138.0268025 668.54 0
2069 9 23.932608 11.600657 346.6 86.73168 667.54 0
2069 10 18.613886 6.8964534 255.1 165.213353 667.4 0
2069 11 10.033945 1.1230743 163.1 82.408311 668.83 0
2069 12 4.302372 -3.8697097 125 43.412648 670.04 0
2070 1 3.3524206 -6.394887 143.5 44.4740942 677.08 0
2070 2 4.0932636 -5.9616914 209.8 106.6489593 678 0
2070 3 8.154587 -3.084835 301.6 84.386464 678.98 0
2070 4 13.198901 1.4231471 391.2 90.059022 680.44 0
2070 5 20.638638 7.7475963 461.6 91.3618856 680.98 0
2070 6 28.026808 13.715991 512.7 101.295477 680.43 0
2070 7 31.126003 18.348083 503.7 172.1547645 678.91 0
2070 8 30.1942 16.025692 439.3 90.3943477 676.32 0
2070 9 23.606398 11.009589 346.6 75.783792 675.32 0
2070 10 17.802725 4.6166477 255.1 41.4936333 675.18 0
2070 11 9.984224 1.2716398 163.1 130.71369 676.61 0
2070 12 5.7964163 -3.8413475 125 151.0412442 677.82 0
2071 1 2.9059205 -6.986678 143.5 154.755534 684.95 0
2071 2 0.68710536 -10.893082 209.8 81.99837655 685.87 0
2071 3 8.2544155 -2.3435707 301.6 104.1327696 686.85 0
2071 4 15.519067 2.928042 391.2 94.310946 688.31 0
2071 5 23.91344 9.222167 461.6 84.3248267 688.85 0
2071 6 28.976551 14.688383 512.7 77.023314 688.3 0
2071 7 30.693485 15.648293 503.7 47.5201976 686.78 0
2071 8 29.710873 15.234161 439.3 100.0369256 684.19 0
2071 9 23.353703 11.49021 346.6 95.543331 683.19 0
2071 10 17.826778 5.9079714 255.1 98.8323462 683.05 0
2071 11 13.310964 4.6518903 163.1 156.91965 684.48 0
2071 12 7.6592946 -0.924068 125 212.7639213 685.69 0
2072 1 4.4860964 -5.2181587 143.5 87.9511726 692.9 0
2072 2 2.2296832 -8.485512 209.8 154.787154225 693.82 0
2072 3 8.8897915 -2.058072 301.6 128.47609 694.8 0
2072 4 16.554773 3.6506555 391.2 76.026528 696.26 0
2072 5 19.851723 7.537747 461.6 160.9038384 696.8 0
2072 6 26.735996 14.334658 512.7 103.591968 696.25 0
2072 7 29.897635 17.098038 503.7 159.266778 694.73 0
2072 8 30.31831 16.647625 439.3 79.2006476 692.14 0
2072 9 23.473888 11.524504 346.6 109.697235 691.14 0
2072 10 20.553642 8.278182 255.1 82.0274446 691 0
2072 11 16.883915 5.4205008 163.1 83.18889 692.43 0
2072 12 7.45681 -2.493963 125 104.8437794 693.64 0
2073 1 4.4131684 -5.9257326 143.5 68.7574358 700.89 0
2073 2 1.9421417 -8.988066 209.8 95.940680975 701.81 0
2073 3 7.6103873 -3.9234197 301.6 49.4286072 702.79 0
2073 4 13.791511 1.8364118 391.2 77.537535 704.25 0
2073 5 20.108473 7.625068 461.6 178.5827726 704.79 0
2073 6 28.980967 14.274384 512.7 45.822624 704.24 0
2073 7 32.208557 17.531239 503.7 51.6982815 702.72 0
2073 8 30.224304 16.842886 439.3 86.9672574 700.13 0
2073 9 25.008348 12.576421 346.6 98.989578 699.13 0
2073 10 19.64459 7.5671124 255.1 101.6978033 698.99 0
2073 11 11.305965 2.459298 163.1 156.570339 700.42 0
2073 12 5.7447376 -2.170996 125 56.5138091 701.63 0
2074 1 3.6477876 -6.3926444 143.5 116.0466896 708.93 0
2074 2 2.649665 -7.548321 209.8 169.1291905 709.85 0
2074 3 7.437788 -4.592819 301.6 123.7363853 710.83 0
2074 4 17.538565 5.512136 391.2 92.285328 712.29 0
2074 5 23.88403 9.883103 461.6 84.1645598 712.83 0
2074 6 29.17546 12.965077 512.7 42.531072 712.28 0
2074 7 32.06217 16.66214 503.7 112.287053 710.76 0
2074 8 31.04054 18.231974 439.3 88.1170474 708.17 0
2074 9 26.842249 13.736899 346.6 82.956012 707.17 0
2074 10 19.470106 4.845879 255.1 48.3751528 707.03 0
2074 11 11.864887 2.6596327 163.1 148.456491 708.46 0
2074 12 7.215579 -2.239951 125 213.579274 709.67 0
2075 1 4.226439 -5.146169 143.5 131.668346 717.02 0
2075 2 5.784212 -3.5040998 209.8 97.38094225 717.94 0
2075 3 8.435844 -2.4061882 301.6 115.4781 718.92 0
2075 4 17.506866 4.3199573 391.2 51.461163 720.38 0
2075 5 23.092041 8.414475 461.6 95.1105668 720.92 0
2075 6 29.307154 16.10309 512.7 87.65418 720.37 0
2075 7 31.951334 17.49397 503.7 63.8345738 718.85 0
2075 8 32.152203 18.14012 439.3 94.1435156 716.26 0
2075 9 27.888025 13.707499 346.6 84.400605 715.26 0
2075 10 18.958426 6.2908897 255.1 123.380744 715.12 0
2075 11 12.34054 3.4929907 163.1 204.313788 716.55 0
2075 12 6.0742006 -1.6425318 125 55.8005394 717.76 0
2076 1 5.271143 -4.650788 143.5 81.267802 725.14 0
2076 2 3.7025604 -6.888104 209.8 87.2274007 726.06 0
2076 3 7.3463736 -3.9091482 301.6 74.8297375 727.04 0
2076 4 17.752176 4.991733 391.2 60.495108 728.5 0
2076 5 23.852676 9.562878 461.6 62.970207 729.04 0
2076 6 28.671038 15.266702 512.7 104.659674 728.49 0
2076 7 32.906654 17.575865 503.7 50.8112599 726.97 0
2076 8 29.840277 16.577023 439.3 95.755218 724.38 0
2076 9 25.541508 12.462864 346.6 62.417892 723.38 0
2076 10 19.162409 5.970452 255.1 93.3852463 723.24 0
2076 11 9.650045 -0.36383674 163.1 111.095961 724.67 0
2076 12 5.7250924 -2.5097246 125 121.0354266 725.88 0
2077 1 2.5190084 -6.786781 143.5 93.0011377 733.31 0
2077 2 5.3879123 -4.9082737 209.8 228.46873925 734.23 0
2077 3 8.2711525 -3.3556979 301.6 126.560476 735.21 0
2077 4 17.023796 4.5929875 391.2 186.02271 736.67 0
2077 5 24.535803 8.819737 461.6 66.0628631 737.21 0
2077 6 29.02128 15.6159115 512.7 94.093845 736.66 0
2077 7 31.65699 17.437393 503.7 87.2335908 735.14 0
2077 8 30.947872 18.172611 439.3 147.0378484 732.55 0
2077 9 24.060768 10.649369 346.6 93.85761 731.55 0
2077 10 19.021807 5.767949 255.1 90.052644 731.41 0
2077 11 8.700333 -0.7732554 163.1 103.375239 732.84 0
2077 12 0.7913066 -7.31379 125 136.248689 734.05 0
2078 1 2.8327882 -8.166946 143.5 104.1099536 741.52 0
2078 2 4.7919273 -7.0233297 209.8 74.8368151 742.44 0
2078 3 10.575407 -0.6710025 301.6 105.5643186 743.42 0
2078 4 18.771786 6.623173 391.2 95.910417 744.88 0
2078 5 20.734772 8.145032 461.6 218.9354013 745.42 0
2078 6 27.037216 14.608733 512.7 151.266402 744.87 0
2078 7 29.981222 17.228975 503.7 142.3478894 743.35 0
2078 8 29.674015 17.126099 439.3 282.800786 740.76 0
2078 9 25.902653 12.4771 346.6 97.437015 739.76 0
2078 10 17.329203 4.803026 255.1 103.6464726 739.62 0
2078 11 11.244329 0.9986165 163.1 293.78631 741.05 0
2078 12 2.2250986 -5.5525403 125 187.904392 742.26 0
2079 1 4.0594106 -4.4813685 143.5 229.1768837 749.8 0
2079 2 7.696451 -4.1686535 209.8 91.68287205 750.72 0
2079 3 11.73111 1.6626534 301.6 187.334612 751.7 0
2079 4 16.045403 4.1319118 391.2 210.64167 753.16 0
2079 5 26.998997 11.7473 461.6 62.2267464 753.7 0
2079 6 27.403973 13.879885 512.7 82.917651 753.15 0
2079 7 33.877438 18.554707 503.7 86.0381812 751.63 0
2079 8 30.111832 16.816212 439.3 90.7095805 749.04 0
2079 9 24.437538 11.262156 346.6 77.099985 748.04 0
2079 10 18.535557 5.462023 255.1 87.2758066 747.9 0
2079 11 15.10831 3.2016742 163.1 145.019931 749.33 0
2079 12 6.11782 -2.2088401 125 32.3146914 750.54 0
2080 1 4.3093204 -4.5369678 143.5 170.519096 758.18 0
2080 2 4.0872216 -8.06214 209.8 20.7920319225 759.1 0
2080 3 9.668261 -1.786717 301.6 95.1674983 760.08 0
2080 4 18.619698 5.951541 391.2 73.513062 761.54 0
2080 5 22.343842 9.033033 461.6 47.254106 762.08 0
2080 6 29.368742 14.884448 512.7 73.06398 761.53 0
2080 7 31.988249 18.986141 503.7 150.805638 760.01 0
2080 8 30.708126 17.158737 439.3 54.7111994 757.42 0
2080 9 25.523642 12.334543 346.6 121.01526 756.42 0
2080 10 20.430899 6.550918 255.1 85.648505 756.28 0
2080 11 12.605005 2.7292857 163.1 155.86116 757.71 0
2080 12 5.9061737 -2.4904058 125 109.7813075 758.92 0
2081 1 -0.3704479 -12.183495 143.5 145.078202 766.64 0
2081 2 4.703689 -7.5673866 209.8 123.50135555 767.56 0
2081 3 9.924044 -1.8206728 301.6 155.280736 768.54 0
2081 4 18.222586 5.3914413 391.2 60.54084 770 0
2081 5 26.82891 11.109176 461.6 86.1735675 770.54 0
2081 6 31.992826 15.601565 512.7 61.27848 769.99 0
2081 7 32.62569 17.61765 503.7 73.1097521 768.47 0
2081 8 30.035355 17.04644 439.3 120.008409 765.88 0
2081 9 27.171724 13.0107765 346.6 72.069825 764.88 0
2081 10 20.716955 7.6542106 255.1 65.8335003 764.74 0
2081 11 9.353387 -0.46133706 163.1 142.925391 766.17 0
2081 12 6.200202 -1.9249289 125 47.341092 767.38 0
2082 1 2.5706131 -6.4958925 143.5 90.3824344 775.17 0
2082 2 8.837081 -1.6710181 209.8 191.5687305 776.09 0
2082 3 11.269562 1.2839333 301.6 128.2991234 777.07 0
2082 4 18.576466 5.965726 391.2 201.52803 778.53 0
2082 5 22.554989 9.771814 461.6 147.337916 779.07 0
2082 6 28.708939 15.090927 512.7 99.918258 778.52 0
2082 7 30.967558 18.38462 503.7 82.248239 777 0
2082 8 31.089981 16.66198 439.3 75.6802318 774.41 0
2082 9 25.810766 12.641909 346.6 140.646342 773.41 0
2082 10 18.851498 6.5547867 255.1 54.3239071 773.27 0
2082 11 10.863086 0.012756477 163.1 75.166548 774.7 0
2082 12 3.8788757 -4.093363 125 32.2526852 775.91 0
2083 1 3.8616233 -5.7308993 143.5 79.7448836 783.75 0
2083 2 2.7468317 -8.898071 209.8 80.52415595 784.67 0
2083 3 8.661895 -2.2138276 301.6 81.3159543 785.65 0
2083 4 16.959373 3.68909 391.2 157.3509 787.11 0
2083 5 23.712547 10.689731 461.6 153.4379038 787.65 0
2083 6 28.932142 15.153597 512.7 69.497682 787.1 0
2083 7 32.140583 18.475924 503.7 104.4830417 785.58 0
2083 8 31.646042 18.663303 439.3 114.4123758 782.99 0
2083 9 24.681879 11.958018 346.6 151.23741 781.99 0
2083 10 18.25549 6.5128174 255.1 158.599906 781.85 0
2083 11 9.218661 -0.16029824 163.1 290.80404 783.28 0
2083 12 7.95104 -1.5640649 125 189.5047267 784.49 0
2084 1 2.718441 -8.69184 143.5 95.8598554 792.37 0
2084 2 3.9222448 -7.4763556 209.8 36.3496479 793.29 0
2084 3 9.828713 -1.9380974 301.6 89.565572 794.27 0
2084 4 20.258524 6.7744308 391.2 70.11657 795.73 0
2084 5 23.20784 8.425158 461.6 82.7554579 796.27 0
2084 6 28.80348 14.986587 512.7 107.956938 795.72 0
2084 7 33.403202 18.465439 503.7 73.4496268 794.2 0
2084 8 31.237202 17.142385 439.3 107.7208863 791.61 0
2084 9 26.19509 12.553228 346.6 54.04395 790.61 0
2084 10 18.978256 7.078946 255.1 115.2361946 790.47 0
2084 11 9.914679 -0.6836037 163.1 65.114115 791.9 0
2084 12 7.3937387 -2.3703778 125 209.3200383 793.11 0
2085 1 4.749923 -6.567981 143.5 125.421567 801.02 0
2085 2 3.9297466 -6.9085383 209.8 65.77538465 801.94 0
2085 3 11.726881 1.1624817 301.6 134.049797 802.92 0
2085 4 18.024378 5.2166047 391.2 138.2343 804.38 0
2085 5 24.830751 9.046994 461.6 49.6036363 804.92 0
2085 6 31.800747 15.631797 512.7 42.066546 804.37 0
2085 7 31.579618 18.060387 503.7 91.0178135 802.85 0
2085 8 32.162357 18.183159 439.3 81.6711058 800.26 0
2085 9 23.988493 10.808145 346.6 144.486078 799.26 0
2085 10 18.89229 6.5682783 255.1 45.2514254 799.12 0
2085 11 10.752116 2.7503395 163.1 138.43701 800.55 0
2085 12 5.281054 -5.276609 125 269.703286 801.76 0
2086 1 2.3037665 -8.654222 143.5 113.1709126 809.71 0
2086 2 3.1323152 -7.867644 209.8 79.00299515 810.63 0
2086 3 10.409953 -1.4737383 301.6 32.9488491 811.61 0
2086 4 15.993872 4.4737344 391.2 150.60657 813.07 0
2086 5 26.011044 10.672232 461.6 42.4869074 813.61 0
2086 6 29.564215 14.812194 512.7 116.737119 813.06 0
2086 7 32.273037 18.991716 503.7 160.284074 811.54 0
2086 8 30.968214 17.881605 439.3 185.5636223 808.95 0
2086 9 25.664974 13.720844 346.6 122.508345 807.95 0
2086 10 20.41264 7.32292 255.1 64.5920898 807.81 0
2086 11 12.169821 1.5744865 163.1 80.208105 809.24 0
2086 12 5.010192 -4.2861776 125 81.5135142 810.45 0
2087 1 5.055785 -3.5963411 143.5 208.4934016 818.42 0
2087 2 3.865167 -7.295579 209.8 154.54306575 819.34 0
2087 3 12.236182 1.9712275 301.6 164.074971 820.32 0
2087 4 15.829292 3.2896216 391.2 78.153027 821.78 0
2087 5 25.55014 9.385611 461.6 26.0403782 822.32 0
2087 6 29.449158 15.416146 512.7 114.029589 821.77 0
2087 7 31.736126 17.646774 503.7 96.6099965 820.25 0
2087 8 31.78502 18.047691 439.3 138.5544876 817.66 0
2087 9 28.507854 16.157955 346.6 120.623145 816.66 0
2087 10 20.333426 9.1592455 255.1 124.276675 816.52 0
2087 11 9.345935 -0.12338315 163.1 70.867809 817.95 0
2087 12 1.6698506 -7.864233 125 74.4411494 819.16 0
2088 1 3.421833 -5.2696085 143.5 90.960572 827.16 0
2088 2 4.0757337 -6.0493116 209.8 115.17454375 828.08 0
2088 3 9.393852 -1.6689225 301.6 170.0811962 829.06 0
2088 4 15.805646 4.192983 391.2 112.78458 830.52 0
2088 5 25.529198 11.96602 461.6 105.7015339 831.06 0
2088 6 28.66472 14.147245 512.7 88.046658 830.51 0
2088 7 32.20454 17.772907 503.7 86.037369 828.99 0
2088 8 30.687153 18.56806 439.3 173.0086316 826.4 0
2088 9 25.880697 13.308718 346.6 81.37683 825.4 0
2088 10 20.47772 7.7458386 255.1 107.162319 825.26 0
2088 11 9.808391 0.7380927 163.1 100.354299 826.69 0
2088 12 1.5060709 -7.1165037 125 50.7613716 827.9 0
2089 1 4.275171 -5.9528522 143.5 97.36759 835.96 0
2089 2 5.943722 -5.130252 209.8 79.210471625 836.88 0
2089 3 10.486888 -1.3432716 301.6 52.2634952 837.86 0
2089 4 17.398216 4.4011974 391.2 40.659309 839.32 0
2089 5 22.760424 8.971113 461.6 93.5950915 839.86 0
2089 6 26.974693 13.75779 512.7 64.125639 839.31 0
2089 7 33.81176 19.666372 503.7 68.220057 837.79 0
2089 8 30.602661 17.860666 439.3 203.124741 835.2 0
2089 9 25.403868 13.159927 346.6 79.658109 834.2 0
2089 10 20.256008 7.753379 255.1 102.221012 834.06 0
2089 11 14.003661 3.270743 163.1 87.86511 835.49 0
2089 12 5.250324 -3.4206507 125 147.7331784 836.7 0
2090 1 7.5020514 0.14936544 143.5 159.839379 844.8 0
2090 2 7.056989 -3.081376 209.8 113.76854125 845.72 0
2090 3 9.054567 -1.8239342 301.6 108.9573678 846.7 0
2090 4 14.884298 3.839663 391.2 108.063798 848.16 0
2090 5 24.23421 9.219811 461.6 48.6851559 848.7 0
2090 6 30.566277 14.865507 512.7 69.3459 848.15 0
2090 7 32.024174 18.903633 503.7 102.5645726 846.63 0
2090 8 31.261717 17.588137 439.3 100.430297 844.04 0
2090 9 25.870783 13.285124 346.6 191.33067 843.04 0
2090 10 22.334642 9.793735 255.1 86.9328505 842.9 0
2090 11 15.04306 3.6247423 163.1 106.126014 844.33 0
2090 12 4.689391 -2.81962 125 52.5890603 845.54 0
2091 1 3.5662308 -5.687086 143.5 296.319049 853.73 0
2091 2 7.915902 -2.9376888 209.8 152.37160125 854.65 0
2091 3 8.812182 -1.6531124 301.6 137.139443 855.63 0
2091 4 18.036312 5.6705647 391.2 89.835384 857.09 0
2091 5 26.486128 11.049817 461.6 50.2030461 857.63 0
2091 6 31.279331 15.258467 512.7 117.56028 857.08 0
2091 7 32.50196 18.790607 503.7 97.070176 855.56 0
2091 8 31.066767 17.923893 439.3 103.3148966 852.97 0
2091 9 25.868317 13.13739 346.6 107.86659 851.97 0
2091 10 22.194742 8.800321 255.1 75.7832913 851.83 0
2091 11 11.152562 1.798377 163.1 129.14691 853.26 0
2091 12 6.9123187 -2.3232393 125 236.340683 854.47 0
2092 1 3.0128026 -7.655133 143.5 91.0073324 862.73 0
2092 2 4.274969 -6.3452077 209.8 145.6181958 863.65 0
2092 3 7.7253594 -3.6300843 301.6 70.8670292 864.63 0
2092 4 16.483473 4.0477147 391.2 156.536979 866.09 0
2092 5 24.513685 10.965106 461.6 120.6839424 866.63 0
2092 6 26.656857 13.1071005 512.7 108.534129 866.08 0
2092 7 32.080105 20.000555 503.7 157.7806783 864.56 0
2092 8 32.768124 18.183344 439.3 52.5488812 861.97 0
2092 9 25.101007 12.580103 346.6 90.593862 860.97 0
2092 10 18.271336 6.1220665 255.1 103.8834056 860.83 0
2092 11 10.1023445 0.4039058 163.1 103.34934 862.26 0
2092 12 7.123792 -1.5860534 125 40.4009546 863.47 0
2093 1 4.026888 -6.0955367 143.5 66.917344 871.78 0
2093 2 4.191575 -6.9549584 209.8 170.091894 872.7 0
2093 3 9.9112215 -1.4158845 301.6 121.835456 873.68 0
2093 4 18.120838 4.82068 391.2 65.29176 875.14 0
2093 5 23.236164 8.245102 461.6 46.3645796 875.68 0
2093 6 30.25426 15.854183 512.7 180.86145 875.13 0
2093 7 33.937527 19.862637 503.7 74.6542806 873.61 0
2093 8 32.48431 18.49355 439.3 58.7165575 871.02 0
2093 9 25.06495 13.37441 346.6 112.930356 870.02 0
2093 10 22.498915 9.613894 255.1 81.1171203 869.88 0
2093 11 14.835208 4.4749475 163.1 138.722091 871.31 0
2093 12 5.3166 -4.6078324 125 53.4740917 872.52 0
2094 1 3.183596 -8.14963 143.5 179.046421 880.86 0
2094 2 4.733069 -6.8363476 209.8 149.7329665 881.78 0
2094 3 8.702078 -2.904192 301.6 133.748632 882.76 0
2094 4 18.267591 5.2250733 391.2 77.045115 884.22 0
2094 5 24.39519 11.902526 461.6 173.814489 884.76 0
2094 6 29.939054 14.508524 512.7 57.617481 884.21 0
2094 7 35.033886 19.569029 503.7 109.3516475 882.69 0
2094 8 31.37319 18.446308 439.3 131.1332984 880.1 0
2094 9 27.737295 14.321088 346.6 72.105474 879.1 0
2094 10 20.31488 8.632037 255.1 163.2309154 878.96 0
2094 11 15.777127 5.1610065 163.1 174.968232 880.39 0
2094 12 3.265257 -6.7888026 125 178.957389 881.6 0
2095 1 3.216879 -6.476258 143.5 111.7598112 889.98 0
2095 2 7.8430424 -3.0943172 209.8 114.79694295 890.9 0
2095 3 10.285977 -0.55874276 301.6 124.966115 891.88 0
2095 4 18.383848 4.7402325 391.2 67.324575 893.34 0
2095 5 26.601824 10.567701 461.6 68.1475914 893.88 0
2095 6 28.98098 15.128968 512.7 149.33538 893.33 0
2095 7 33.210735 19.384445 503.7 101.5639174 891.81 0
2095 8 32.432102 19.238977 439.3 151.450531 889.22 0
2095 9 26.213593 13.223079 346.6 100.822164 888.22 0
2095 10 23.109406 10.275656 255.1 47.4796899 888.08 0
2095 11 11.235548 1.5337492 163.1 157.25385 889.51 0
2095 12 4.3893805 -3.7120023 125 147.663447 890.72 0
2096 1 2.5185373 -7.3952036 143.5 131.12659 899.12 0
2096 2 3.8346426 -7.3750825 209.8 130.448519275 900.04 0
2096 3 8.288733 -1.8769889 301.6 161.763115 901.02 0
2096 4 17.21672 4.5270634 391.2 87.651264 902.48 0
2096 5 27.543655 12.787655 461.6 98.9633212 903.02 0
2096 6 29.732983 15.050325 512.7 80.804301 902.47 0
2096 7 32.053993 19.895632 503.7 129.9239574 900.95 0
2096 8 32.479267 18.254332 439.3 110.3666278 898.36 0
2096 9 26.390352 13.884155 346.6 178.48602 897.36 0
2096 10 19.367517 7.276946 255.1 102.4659027 897.22 0
2096 11 13.496321 3.159481 163.1 221.54991 898.65 0
2096 12 6.209938 -2.2353866 125 48.5914677 899.86 0
2097 1 3.5134954 -6.035309 143.5 119.9602691 908.29 0
2097 2 7.04003 -4.549802 209.8 62.577027 909.21 0
2097 3 8.266681 -3.0672662 301.6 69.6113742 910.19 0
2097 4 16.41225 3.533747 391.2 69.768327 911.65 0
2097 5 23.150448 10.281713 461.6 87.8430787 912.19 0
2097 6 30.851572 15.178779 512.7 60.068715 911.64 0
2097 7 32.78199 19.937073 503.7 142.0820086 910.12 0
2097 8 32.016296 18.01892 439.3 94.8877822 907.53 0
2097 9 27.125275 14.144886 346.6 89.37924 906.53 0
2097 10 20.49685 8.978722 255.1 188.4101074 906.39 0
2097 11 15.363087 5.2146153 163.1 64.75806 907.82 0
2097 12 6.162146 -2.6944234 125 194.916189 909.03 0
2098 1 -1.1025531 -13.10527 143.5 119.15501 917.47 0
2098 2 7.664562 -2.3208342 209.8 140.600823475 918.39 0
2098 3 8.78046 -2.2500556 301.6 65.310552 919.37 0
2098 4 15.247529 2.6052322 391.2 149.75937 920.83 0
2098 5 25.358625 11.254653 461.6 225.895264 921.37 0
2098 6 27.201387 12.924532 512.7 79.56855 920.82 0
2098 7 32.019302 18.57063 503.7 168.74354 919.3 0
2098 8 31.312487 18.431017 439.3 146.76578 916.71 0
2098 9 25.23992 12.216947 346.6 76.140939 915.71 0
2098 10 20.816307 10.228753 255.1 210.968361 915.57 0
2098 11 14.969947 3.0199075 163.1 59.873148 917 0
2098 12 6.3575544 -2.9211597 125 156.908608 918.21 0
2099 1 5.2798147 -3.4835722 143.5 100.611585 926.67 0
2099 2 5.6590905 -4.6838584 209.8 76.633597025 927.59 0
2099 3 9.698592 -1.7730882 301.6 65.4267307 928.57 0
2099 4 19.817806 6.0958424 391.2 90.256962 930.03 0
2099 5 25.171183 10.205784 461.6 71.74485 930.57 0
2099 6 28.741964 14.226441 512.7 93.07536 930.02 0
2099 7 34.179783 19.097153 503.7 64.94128 928.5 0
2099 8 32.626312 17.752306 439.3 91.705099 925.91 0
2099 9 26.866322 14.745347 346.6 146.20638 924.91 0
2099 10 20.28874 8.923333 255.1 104.3724368 924.77 0
2099 11 16.489882 4.705673 163.1 111.557208 926.2 0
2099 12 7.077429 -1.6679848 125 112.1774773 927.41 0
2100-2200 1 5.2798147 -3.4835722 143.5 100.611585 926.67 0
2100-2200 2 5.6590905 -4.6838584 209.8 76.633597025 927.59 0
2100-2200 3 9.698592 -1.7730882 301.6 65.4267307 928.57 0
2100-2200 4 19.817806 6.0958424 391.2 90.256962 930.03 0
2100-2200 5 25.171183 10.205784 461.6 71.74485 930.57 0
2100-2200 6 28.741964 14.226441 512.7 93.07536 930.02 0
2100-2200 7 34.179783 19.097153 503.7 64.94128 928.5 0
2100-2200 8 32.626312 17.752306 439.3 91.705099 925.91 0
2100-2200 9 26.866322 14.745347 346.6 146.20638 924.91 0
2100-2200 10 20.28874 8.923333 255.1 104.3724368 924.77 0
2100-2200 11 16.489882 4.705673 163.1 111.557208 926.2 0
2100-2200 12 7.077429 -1.6679848 125 112.1774773 927.41 0
