Year Month Tmax Tmin PAR Prec CO2 O3
1200-1980 1 1.10268943216741 -9.30379085107149 143.5 89.6029519628203 390 0
1200-1980 2 3.02348926372174 -7.79505755876151 209.8 84.6638164380136 390 0
1200-1980 3 7.46154097820127 -3.59242769403598 301.6 107.653215035857 390 0
1200-1980 4 14.1322456466107 2.01119642106144 391.2 109.182789844584 390 0
1200-1980 5 20.0579687164993 7.43246393670649 461.6 102.705244359352 390 0
1200-1980 6 24.6921926226484 12.6750700155848 512.7 113.043080356748 390 0
1200-1980 7 27.5873750327713 15.7447374467957 503.7 99.1820637971455 390 0
1200-1980 8 26.6809641424293 14.8875563837581 439.3 103.957491072892 390 0
1200-1980 9 22.5805584319426 10.5481343652495 346.6 103.209216784227 390 0
1200-1980 10 16.2795120771818 4.23237753700374 255.1 116.508001666737 390 0
1200-1980 11 10.2231646119951 -0.334538621725408 163.1 108.36447725593 390 0
1200-1980 12 3.99423573720966 -5.63651002704248 125 105.71713441638 390 0
1981 1 -2.61897742419454 -14.8247601849795 143.5 19.4133468041283 390 0
1981 2 6.27956962136569 -5.51660787206215 209.8 198.079960652373 390 0
1981 3 7.46500559230033 -3.50457559111617 301.6 18.8548419837274 390 0
1981 4 15.7247019038454 2.91222430954861 391.2 97.1909216554702 390 0
1981 5 21.439979294893 7.43861180774692 461.6 75.6117892708621 390 0
1981 6 25.6101716155339 12.6079392581861 512.7 82.6698035546991 390 0
1981 7 27.8301330853912 15.5012305851386 503.7 117.094549744207 390 0
1981 8 26.7587642311979 13.1383491833203 439.3 39.4948255023547 390 0
1981 9 21.1578937075503 9.6859199409273 346.6 107.920240749616 390 0
1981 10 14.4269075304457 2.30905955026107 255.1 134.696224507862 390 0
1981 11 9.7659717972729 -0.627460659385451 163.1 79.1467335554719 390 0
1981 12 2.31530387603672 -6.19214237158341 125 143.920085927591 390 0
1982 1 -2.69023229049636 -14.7098201538601 143.5 121.018480432893 390 0
1982 2 2.09235059016354 -8.28854610871264 209.8 88.1559692540092 390 0
1982 3 6.89900672654086 -4.9421119785334 301.6 67.6377796194197 390 0
1982 4 13.0346523653495 -0.194739217586782 391.2 118.177203022887 390 0
1982 5 21.3238153276888 7.21895515175003 461.6 68.2084062563634 390 0
1982 6 21.8012367408949 10.8327993246971 512.7 277.519274490736 390 0
1982 7 28.2612139305765 14.4337415833472 503.7 86.2972235462538 390 0
1982 8 25.1013657383675 12.635382161282 439.3 72.3666650920956 390 0
1982 9 22.2555477714945 9.99461489791197 346.6 67.9297145193615 390 0
1982 10 16.5261133117456 2.7141559562146 255.1 73.2768765295663 390 0
1982 11 12.0076637586105 1.19073728059196 163.1 101.861231335339 390 0
1982 12 6.67591941940753 -3.50529990441933 125 40.7902846767246 390 0
1983 1 1.62676034177112 -8.48694609320384 143.5 123.949274994644 390 0
1983 2 3.60319656666336 -7.62075677653711 209.8 109.4595009114 390 0
1983 3 7.62631934545557 -1.44140070215858 301.6 212.915949692572 390 0
1983 4 13.140258373774 2.42354460702114 391.2 226.757716544422 390 0
1983 5 18.1696932402666 7.08082115903798 461.6 132.835163495653 390 0
1983 6 26.3492613075854 12.1486415375874 512.7 63.8382084246807 390 0
1983 7 29.0244480747858 14.8844003474881 503.7 51.5386322386588 390 0
1983 8 27.6635866839698 14.5683028821992 439.3 91.2184608336123 390 0
1983 9 25.3585830447695 10.529040967281 346.6 47.555356874726 390 0
1983 10 16.1041991848893 4.24910489762141 255.1 124.702169759027 390 0
1983 11 10.5023335772292 0.0716752826884796 163.1 222.008912224279 390 0
1983 12 2.43599395842431 -7.25079590320211 125 163.097185348915 390 0
1984 1 -0.564066580697411 -11.5484317007244 143.5 54.2645605095886 390 0
1984 2 5.85113935486779 -4.41159750480519 209.8 153.767028024774 390 0
1984 3 3.55445834917922 -6.13411825804234 301.6 139.692694973115 390 0
1984 4 12.8084369478337 1.78918800492606 391.2 122.224741057878 390 0
1984 5 19.311640484591 6.2844570859479 461.6 223.596704805131 390 0
1984 6 25.9241597167007 12.8131560424593 512.7 120.686454091494 390 0
1984 7 26.7369868614049 15.2970957731892 503.7 135.623370135963 390 0
1984 8 27.5472246754998 15.7024318281489 439.3 32.1071322302096 390 0
1984 9 21.8981215626071 8.05091072196127 346.6 37.3978317939725 390 0
1984 10 17.8497784539734 5.17840064160125 255.1 97.1229932982624 390 0
1984 11 10.7309431623813 -1.21215750858597 163.1 78.7217936624843 390 0
1984 12 6.36665841516569 -3.8044570450583 125 80.6890354554204 390 0
1985 1 -1.54993362825776 -11.8107821379733 143.5 26.443151546892 390 0
1985 2 3.47961578373271 -7.9112767255861 209.8 60.5418601289158 390 0
1985 3 9.49367209110937 -3.56751411575063 301.6 69.7691328614492 390 0
1985 4 14.6479556514435 2.15431869812506 391.2 44.7612576619169 390 0
1985 5 21.3466694552511 7.38543853072781 461.6 96.5110998354767 390 0
1985 6 22.4140873474706 10.9505977574201 512.7 103.531754695805 390 0
1985 7 27.9032668750808 14.6943718142645 503.7 88.7941371247354 390 0
1985 8 26.008024996607 14.0969892376601 439.3 164.910833205498 390 0
1985 9 22.6458973712397 10.4419428973962 346.6 109.022663866673 390 0
1985 10 17.2575220142256 4.29078180140887 255.1 66.991450606495 390 0
1985 11 9.95944367891818 0.933445533076703 163.1 170.375831275081 390 0
1985 12 1.48336574666094 -8.17562993559025 125 42.6167015663736 390 0
1986 1 2.70867666322037 -8.68003705785497 143.5 127.685422746978 390 0
1986 2 0.651599917341396 -8.95457781407917 209.8 79.9214651132867 390 0
1986 3 8.86673881560263 -3.69408360119634 301.6 92.1730773076256 390 0
1986 4 15.1574766343566 2.86746769682418 391.2 51.6631144139704 390 0
1986 5 20.9240463408995 7.82809182785765 461.6 46.1289820971736 390 0
1986 6 23.8707006136716 10.7713063164138 512.7 160.893148334375 390 0
1986 7 26.0887223048201 14.869494661689 503.7 129.704423570217 390 0
1986 8 24.7809118084274 13.6486541686015 439.3 95.2420515650557 390 0
1986 9 20.871193543456 8.95012927827536 346.6 38.3382063999523 390 0
1986 10 16.6289492494965 3.63548910999304 255.1 63.5531892611143 390 0
1986 11 8.89584107409956 -2.60831759710619 163.1 156.771338990218 390 0
1986 12 4.11993873513022 -4.96009902648028 125 161.423580081114 390 0
1987 1 0.852091072997239 -10.3454476974602 143.5 139.322286780999 390 0
1987 2 2.20636462236362 -10.0764316316967 209.8 9.57600844178092 390 0
1987 3 8.32060001933998 -3.43253518744259 301.6 77.3438095393953 390 0
1987 4 13.6311797163555 2.94246341982825 391.2 251.838220307126 390 0
1987 5 20.578888740098 6.89930164411065 461.6 45.9456909829087 390 0
1987 6 25.053966361065 12.9028858514552 512.7 82.2823672829832 390 0
1987 7 27.7702643943428 15.7483114698798 503.7 46.7189940310659 390 0
1987 8 25.963532713233 12.7767961962344 439.3 90.7215747538997 390 0
1987 9 21.5265494869813 10.4710280590441 346.6 152.158807025968 390 0
1987 10 15.9578890429084 2.24766082728806 255.1 97.5790672356492 390 0
1987 11 10.1127469891402 -1.61345916411393 163.1 68.1260418661023 390 0
1987 12 4.54808710216519 -4.5286892330837 125 69.1052198365307 390 0
1988 1 0.32012766494294 -11.7380779001651 143.5 71.6229011652198 390 0
1988 2 3.33940035397143 -8.33507911587409 209.8 99.4096019093646 390 0
1988 3 8.19221334135287 -3.89731401673696 301.6 74.8460198125581 390 0
1988 4 12.4463258764188 2.07270968361732 391.2 76.9104823963469 390 0
1988 5 19.8659295198754 7.77754318355147 461.6 97.6005914024962 390 0
1988 6 25.3814175493306 11.2225873029019 512.7 34.8921699211189 390 0
1988 7 28.3821390404809 16.3481848053485 503.7 193.857251100113 390 0
1988 8 28.2239236250215 16.4854568307792 439.3 80.7914612306358 390 0
1988 9 22.3191487489312 8.62994343826395 346.6 55.7135669911213 390 0
1988 10 14.0366451633405 2.2706334970185 255.1 76.5379507271969 390 0
1988 11 11.240040584241 -0.44665342139975 163.1 200.691114834306 390 0
1988 12 3.27396940916639 -7.75546933405709 125 34.0352777562783 390 0
1989 1 3.7727309953707 -7.17812550712408 143.5 33.3250965955872 390 0
1989 2 2.13019122026154 -8.18664552377156 209.8 69.7225240779787 390 0
1989 3 7.54809579770627 -4.68522631790359 301.6 75.0887126984762 390 0
1989 4 12.5076737632645 0.242648699220209 391.2 105.381858027898 390 0
1989 5 20.7375074201175 8.03157232063776 461.6 180.963467812296 390 0
1989 6 24.4394875472097 13.2884388410064 512.7 143.534066316444 390 0
1989 7 27.161299954298 14.7545636227657 503.7 108.057880674718 390 0
1989 8 26.169542114271 14.4895379845856 439.3 148.95673670684 390 0
1989 9 22.7864167775608 10.291504001278 346.6 121.337060774035 390 0
1989 10 17.2965544186421 3.83685282034425 255.1 171.352356233958 390 0
1989 11 9.54708091043296 -1.20676877336475 163.1 122.120424807066 390 0
1989 12 -3.44717263167557 -14.3999648968169 125 29.7513741978745 390 0
1990 1 4.95713797991577 -4.73312130215325 143.5 119.340019284328 390 0
1990 2 5.06345299169825 -7.19073238449369 209.8 93.2367909469954 390 0
1990 3 9.54313565744863 -3.78580298276771 301.6 56.6181078240073 390 0
1990 4 13.7169845244264 1.99487663406112 391.2 116.844878712693 390 0
1990 5 17.7783299337235 6.15335726901199 461.6 179.66809581258 390 0
1990 6 24.9781595328537 12.2425164995404 512.7 55.0108556541728 390 0
1990 7 27.2160874703226 15.9059114167751 503.7 84.1357924630539 390 0
1990 8 26.7431202034754 15.7335365095261 439.3 185.910732660482 390 0
1990 9 22.2005607101801 9.58654175195309 346.6 44.6618167836518 390 0
1990 10 18.6388877065365 6.56572279156209 255.1 208.734821189072 390 0
1990 11 12.0431182911087 0.14635337220163 163.1 75.904614945456 390 0
1990 12 6.95634375696898 -3.42784489553037 125 134.599036064368 390 0
1991 1 1.52632469593172 -9.6398732064765 143.5 74.4622512557562 390 0
1991 2 5.33203844010078 -6.27485748640911 209.8 53.5229516365952 390 0
1991 3 8.74076272311798 -1.9687525537245 301.6 124.735241054766 390 0
1991 4 16.305242987406 2.66425457485245 391.2 81.1844450351443 390 0
1991 5 23.5775881799818 8.95855181566098 461.6 110.413127173404 390 0
1991 6 26.0991493909493 12.3487154604917 512.7 56.5499060039808 390 0
1991 7 27.725872199324 14.6633302600469 503.7 78.7185486999078 390 0
1991 8 27.2467360873742 15.1805213006982 439.3 220.26683286586 390 0
1991 9 21.8841482326053 9.09951072477485 346.6 168.851111201755 390 0
1991 10 17.6217868524408 4.84148075723543 255.1 76.7337873455166 390 0
1991 11 9.5588851196709 0.484516982803524 163.1 124.81853484845 390 0
1991 12 4.76296523184911 -5.66458365328674 125 86.0244971754236 390 0
1992 1 2.09966122218994 -8.59327038578808 143.5 75.7167497255532 390 0
1992 2 3.24794109335193 -7.2937523826574 209.8 57.4411499440397 390 0
1992 3 5.49952779109489 -5.44189997896321 301.6 103.296565692842 390 0
1992 4 12.0784931537821 0.553265726937143 391.2 73.6440559099736 390 0
1992 5 20.4111061653624 5.76911169136528 461.6 39.343081698393 390 0
1992 6 24.4830649839157 11.3180075058229 512.7 147.107069761684 390 0
1992 7 25.570050162004 13.5977279212688 503.7 97.1455480673984 390 0
1992 8 24.9403129588345 13.6396168914712 439.3 140.884266317332 390 0
1992 9 21.9209897184514 10.0303455873707 346.6 78.9072278639579 390 0
1992 10 14.4925412370008 2.24535495904184 255.1 64.2981978499221 390 0
1992 11 7.88925438893489 -0.981911157084323 163.1 134.471331455337 390 0
1992 12 3.03504260210945 -5.91360033790373 125 133.107309286112 390 0
1993 1 2.25213874906053 -7.38084475410617 143.5 65.1312810073826 390 0
1993 2 -0.46236727832101 -12.4142484272216 209.8 88.0366081350925 390 0
1993 3 5.20790966231174 -5.77817069982155 301.6 166.025332666614 390 0
1993 4 13.7698719443595 2.04400685686755 391.2 124.415227152269 390 0
1993 5 21.5000392088001 7.60534317202457 461.6 23.1355049353075 390 0
1993 6 25.2091870270005 11.7549729477441 512.7 64.9625133954949 390 0
1993 7 28.4336548177334 15.0454063232753 503.7 68.1110532070466 390 0
1993 8 27.6980124221323 14.8652476486706 439.3 59.5438031135432 390 0
1993 9 21.6749599820894 10.7708120059811 346.6 140.004330359501 390 0
1993 10 14.9559813730411 2.54146386776777 255.1 94.0121579549645 390 0
1993 11 10.4955894132308 -1.75677742139718 163.1 111.268420620801 390 0
1993 12 3.5370817029903 -5.99985275036235 125 140.543989343537 390 0
1994 1 -2.48994894112959 -14.6343989431172 143.5 135.260989487495 390 0
1994 2 -0.108521289449619 -11.824363920192 209.8 60.662361162594 390 0
1994 3 6.11703009671737 -4.2216926041245 301.6 157.910475302844 390 0
1994 4 15.3442491972693 1.87569569045754 391.2 68.6834478567075 390 0
1994 5 19.3872704479544 6.15234789033855 461.6 110.040102370395 390 0
1994 6 26.3094102809826 13.7818967133377 512.7 64.3637902309466 390 0
1994 7 29.1770835144829 17.6378432775267 503.7 93.1031727966738 390 0
1994 8 25.8253793147809 13.9837949848788 439.3 145.491529169278 390 0
1994 9 21.269182313904 10.0248482355011 346.6 130.180726668976 390 0
1994 10 16.9002277805082 3.11877356881067 255.1 24.273899263491 390 0
1994 11 12.8686019159545 0.551516786908616 163.1 111.027724625921 390 0
1994 12 6.20942756521879 -4.27391113956779 125 130.868118626632 390 0
1995 1 3.57210858136328 -5.05321937588103 143.5 102.199007234012 390 0
1995 2 1.6712640757164 -10.4151260761405 209.8 70.2194872612796 390 0
1995 3 8.17218744271824 -2.46525500625721 301.6 66.7071909701627 390 0
1995 4 13.0628317638746 0.0314180053438122 391.2 60.3973561594101 390 0
1995 5 18.7527318247378 6.25071300745616 461.6 76.1288077302285 390 0
1995 6 25.6803589674265 12.3339636973476 512.7 50.601925546483 390 0
1995 7 28.7672710933984 16.4272321925897 503.7 81.90535476957 390 0
1995 8 27.6821860663173 13.4579007317361 439.3 51.5364377582201 390 0
1995 9 22.022157092321 8.51862045108258 346.6 80.2943175906397 390 0
1995 10 18.7903389659449 5.33410416501218 255.1 213.156713773171 390 0
1995 11 7.60273432015982 -2.14456454401619 163.1 145.113420868044 390 0
1995 12 0.69445897752714 -8.38087953025491 125 66.7904296377573 390 0
1996 1 0.99445822214604 -9.8601127042903 143.5 165.623919380384 390 0
1996 2 1.63500469269763 -8.79979804529279 209.8 75.3033324629978 390 0
1996 3 5.97727309211527 -6.23142854694981 301.6 77.0160162812579 390 0
1996 4 13.3955805007521 1.74316056502777 391.2 177.305897239249 390 0
1996 5 19.2961798904346 6.29194427695668 461.6 101.417671936374 390 0
1996 6 24.9639763953048 13.0944719817527 512.7 67.0165506302477 390 0
1996 7 25.9751725830441 15.2091169556594 503.7 171.119632656355 390 0
1996 8 26.4762497451633 15.0741595156122 439.3 47.2224356941598 390 0
1996 9 21.5962300140129 11.2778834078517 346.6 161.165447908267 390 0
1996 10 15.7413927575153 3.61931908781047 255.1 208.709286611936 390 0
1996 11 7.48676799434731 -2.72833328918121 163.1 84.8935849554507 390 0
1996 12 5.52262166875712 -2.30769968422433 125 186.705121445257 390 0
1997 1 1.19773957324765 -8.8642102476299 143.5 95.3845301878024 390 0
1997 2 4.94068518164067 -5.16034721552274 209.8 53.8735495444714 390 0
1997 3 6.10049782650352 -4.04749283879259 301.6 104.69552219865 390 0
1997 4 12.4850204296402 0.465742376498037 391.2 140.202355477746 390 0
1997 5 17.7224342776449 5.94201339053716 461.6 80.847435296207 390 0
1997 6 25.4074559426652 11.978992384321 512.7 37.1768281655683 390 0
1997 7 27.6950903243554 14.6293118151573 503.7 78.822559648765 390 0
1997 8 26.0018902879769 14.2324645046306 439.3 119.94862709842 390 0
1997 9 21.9852547760432 10.1986513794794 346.6 43.5409300768383 390 0
1997 10 15.7702422872291 3.06531446754973 255.1 47.0733915055597 390 0
1997 11 7.70953232233357 -1.50903330273535 163.1 158.232373315755 390 0
1997 12 4.1280892513208 -5.29675854131682 125 84.5785714641826 390 0
1998 1 3.28122684874063 -5.11303715944166 143.5 134.416748945374 390 0
1998 2 5.47723274737335 -4.2277146949011 209.8 106.429746368286 390 0
1998 3 8.45982432818911 -2.12668034721768 301.6 137.720342454277 390 0
1998 4 15.0917028458272 2.44663798237415 391.2 92.0973217852583 390 0
1998 5 21.9790277326395 9.18010751771876 461.6 122.770334870016 390 0
1998 6 22.794092639217 13.0913128123754 512.7 232.534825028423 390 0
1998 7 27.4414014347896 15.6246640408008 503.7 88.8102996460061 390 0
1998 8 27.5183551856015 15.5660506008849 439.3 69.4370000278779 390 0
1998 9 23.7970642986269 11.2123432263113 346.6 60.1804190984888 390 0
1998 10 16.3179988726434 5.01146463316747 255.1 138.822431842505 390 0
1998 11 9.77308848642998 -0.519932918103121 163.1 60.8617692241498 390 0
1998 12 7.65393438353849 -3.30512603749145 125 37.9749506776066 390 0
1999 1 2.03360926485377 -9.24561821700912 143.5 172.808663926609 390 0
1999 2 4.37067383089035 -6.42176026846955 209.8 83.0838835706444 390 0
1999 3 7.64135842543145 -2.94881404577772 301.6 140.009746299016 390 0
1999 4 15.0858942029154 1.72103791950346 391.2 25.8740226189966 390 0
1999 5 20.7299219424043 7.53847968937187 461.6 95.2124675014492 390 0
1999 6 27.2669225858318 13.5881630029131 512.7 25.783797831122 390 0
1999 7 29.4673337440246 16.7134922733723 503.7 70.6706968912718 390 0
1999 8 26.7008150766246 14.7022800824872 439.3 65.8309102893124 390 0
1999 9 23.8869318372899 12.3767304640137 346.6 239.45980544214 390 0
1999 10 15.8521993971931 2.83316581381884 255.1 115.124476366981 390 0
1999 11 12.8317613476262 1.77793942704047 163.1 74.4060163925247 390 0
1999 12 5.25857504072925 -4.44840613355876 125 60.5178616953915 390 0
2000 1 0.56656149141419 -10.5128979021786 143.5 89.4734766293935 390 0
2000 2 3.74657890534447 -6.78562521162552 209.8 82.3861318388687 390 0
2000 3 10.7618804364384 -1.14280478986109 301.6 108.74577135766 390 0
2000 4 12.656076873156 2.34328622844423 391.2 150.492410552088 390 0
2000 5 19.6379570206864 7.43988463229908 461.6 98.9155175023187 390 0
2000 6 24.4543238546046 12.4570369545945 512.7 143.038671820901 390 0
2000 7 25.2540963055348 13.9417778353638 503.7 130.345927401113 390 0
2000 8 24.9103304712589 14.1293929079395 439.3 77.8776512198427 390 0
2000 9 22.2634477517555 10.1036003484135 346.6 89.1444227516345 390 0
2000 10 16.5189364325742 3.72344471264425 255.1 53.898082646483 390 0
2000 11 9.07308954327156 0.00375846173930301 163.1 97.7842840537972 390 0
2000 12 1.39103671990434 -8.7713159038959 125 114.436709918973 390 0
2001 1 1.14233316909588 -10.3680108690043 143.5 52.2256407905114 390 0
2001 2 2.98659062089751 -8.03454991715649 209.8 73.9591119778532 390 0
2001 3 4.54035137487297 -4.25059882938818 301.6 206.897923474321 390 0
2001 4 14.4003761720022 1.53320400270233 391.2 40.9526200750566 390 0
2001 5 21.402555806537 7.80224632022894 461.6 74.2450407054964 390 0
2001 6 25.8242320876855 13.8558353674666 512.7 154.715615553183 390 0
2001 7 26.2730006766716 13.7979572427945 503.7 74.2014130687011 390 0
2001 8 28.3494797121173 16.34817468434 439.3 83.8835949890078 390 0
2001 9 23.4929384411161 10.7076175350592 346.6 87.4400273512954 390 0
2001 10 18.0562778819984 4.317340093764 255.1 26.3417326609797 390 0
2001 11 12.4999431637418 0.65752390723142 163.1 34.2549299848053 390 0
2001 12 7.22741723124828 -2.66279475189908 125 72.2722050975788 390 0
2002 1 4.67883106317092 -4.72443540306466 143.5 55.8216515817145 390 0
2002 2 6.00424923817309 -5.83491205685538 209.8 59.2159241411949 390 0
2002 3 8.08924346224412 -2.92508036131894 301.6 106.605552969575 390 0
2002 4 15.6788642715371 3.21528031437851 391.2 95.8993112251209 390 0
2002 5 18.6732951109651 6.34788670009298 461.6 130.305866570859 390 0
2002 6 24.1094469737309 11.9521500972716 512.7 127.727107587058 390 0
2002 7 28.0980024346409 15.9275278853968 503.7 55.5163043074214 390 0
2002 8 28.7569419027202 15.9443950446166 439.3 74.6050867761388 390 0
2002 9 24.1228088986467 12.2967806293645 346.6 102.532523643398 390 0
2002 10 14.7813328786651 3.76274720903247 255.1 103.620558672175 390 0
2002 11 8.17227799552455 -0.841004958574038 163.1 143.980808692345 390 0
2002 12 2.75940311329328 -6.6868560258797 125 130.770882784509 390 0
2003 1 -2.47952831949238 -12.1195142969161 143.5 70.8569603925522 390 0
2003 2 -0.410025131500206 -10.6363457579864 209.8 102.766362202288 390 0
2003 3 7.7504796674786 -5.3607839543509 301.6 106.030829806718 390 0
2003 4 11.6572091438483 0.488596694124651 391.2 93.7096296250162 390 0
2003 5 17.8852665655766 6.90527953962695 461.6 106.192865884895 390 0
2003 6 22.9943190318589 12.9314217424315 512.7 142.748806995419 390 0
2003 7 27.4203747803689 16.2838702424233 503.7 64.7470095706612 390 0
2003 8 27.215624933619 16.9204385427568 439.3 125.30381904549 390 0
2003 9 22.4832692117347 11.7930199391937 346.6 151.952374816032 390 0
2003 10 14.9925120030689 3.32003251082686 255.1 153.264754165407 390 0
2003 11 11.0128072837677 0.779690817231613 163.1 70.4245663066884 390 0
2003 12 4.54318953130972 -5.32169014701092 125 141.571442307979 390 0
2004 1 -3.71605234329529 -12.6919403863448 143.5 37.2465272690897 390 0
2004 2 2.56990001293512 -8.27211662336727 209.8 43.8796310648059 390 0
2004 3 7.64199687473945 -2.40028103068003 301.6 51.2962957388137 390 0
2004 4 13.8834708397761 2.46476088392814 391.2 205.987599381953 390 0
2004 5 21.0394883706035 8.71133393836154 461.6 99.9781131642629 390 0
2004 6 23.6918829296238 11.696758596914 512.7 53.3061175074688 390 0
2004 7 25.5983106344393 15.6009397357302 503.7 100.31999703731 390 0
2004 8 25.9731301465084 15.6372336623685 439.3 138.242296877861 390 0
2004 9 22.7610174689222 11.3374017865522 346.6 182.887017787309 390 0
2004 10 15.1821984555511 4.66843613908177 255.1 56.3243721495839 390 0
2004 11 10.4902190485449 -0.770444591688429 163.1 97.4841338675576 390 0
2004 12 3.53862631937176 -6.29143981617781 125 116.0614672023 390 0
2005 1 -0.349199280503395 -10.2309098445336 143.5 124.599395015068 390 0
2005 2 3.48441474231613 -8.31231577489999 209.8 74.6332598181483 390 0
2005 3 4.79769133101945 -5.97431989051929 301.6 124.080725733073 390 0
2005 4 15.919203882327 2.26963251944265 391.2 135.181208967697 390 0
2005 5 16.1088298871549 5.78942266743304 461.6 123.798504576847 390 0
2005 6 26.0505872714449 14.2374963797048 512.7 61.9985642388378 390 0
2005 7 27.5083827688819 16.4916680209413 503.7 86.7135286317908 390 0
2005 8 27.9771846223515 16.5805105014842 439.3 68.2436085016262 390 0
2005 9 24.8601938065158 12.2545437533005 346.6 65.5463570637959 390 0
2005 10 15.3877945666373 6.8039599550964 255.1 382.615442697594 390 0
2005 11 11.3425394838726 -0.291205053593013 163.1 119.759965287072 390 0
2005 12 2.69356582342721 -6.90132275502424 125 116.138727449401 390 0
2006 1 4.93000244476777 -4.8109949177273 143.5 130.272878504269 390 0
2006 2 2.86450370057433 -7.22390901569307 209.8 67.6330484400024 390 0
2006 3 7.34392929989701 -3.89518081415942 301.6 18.0460071052334 390 0
2006 4 15.7086334228252 2.45182715645271 391.2 83.6491219825858 390 0
2006 5 18.6192884794365 8.20308016666727 461.6 225.731251551177 390 0
2006 6 23.8105837628457 14.6979519532188 512.7 241.632782402381 390 0
2006 7 28.4436015374045 17.7531335416336 503.7 90.7157260475718 390 0
2006 8 26.0066752700513 14.7865463476973 439.3 112.383332136614 390 0
2006 9 21.566979856392 10.3725934975581 346.6 67.9537391698684 390 0
2006 10 15.8271348263093 4.18659527484145 255.1 166.400583089165 390 0
2006 11 12.2022213674388 2.4992597654486 163.1 145.959979580049 390 0
2006 12 7.59368623237347 -2.07750107654992 125 58.7327970671114 390 0
2007 1 3.13231424722571 -6.19418509781262 143.5 77.3850312918243 390 0
2007 2 -0.90425141997259 -10.6532169904748 209.8 52.1016382816737 390 0
2007 3 6.88188950956283 -4.98924247831291 301.6 127.126460317463 390 0
2007 4 11.537414098169 1.31312090207865 391.2 207.65119438867 390 0
2007 5 21.686357703872 7.87960708560807 461.6 76.760618288051 390 0
2007 6 24.587801973373 12.8709372213535 512.7 80.732674991386 390 0
2007 7 26.7498075161924 15.6570954279099 503.7 113.706933339324 390 0
2007 8 27.0234350074048 14.895728840835 439.3 41.8896147569495 390 0
2007 9 24.2117066056697 11.0899869934734 346.6 60.7511247082154 390 0
2007 10 18.9180628631347 7.75531713287601 255.1 97.82231584571 390 0
2007 11 8.93501500343578 -1.56563147339411 163.1 88.9458322871211 390 0
2007 12 1.86272769631881 -6.65698054749017 125 128.395008389568 390 0
2008 1 2.80255020377165 -7.29775007908103 143.5 70.1802965207435 390 0
2008 2 2.85289723305167 -6.89063678602898 209.8 220.722938064423 390 0
2008 3 6.40115298596684 -3.96916740670473 301.6 137.428972943954 390 0
2008 4 15.7728837524728 2.35850515215548 391.2 106.280841153577 390 0
2008 5 18.8138033884302 6.22594932459915 461.6 49.7088186263019 390 0
2008 6 25.2068039772392 14.0525049619062 512.7 109.82653270954 390 0
2008 7 27.8416035439167 17.1516389569565 503.7 168.604407419216 390 0
2008 8 25.1695336867975 14.0834385784709 439.3 105.182350666312 390 0
2008 9 22.2547703420464 11.3870790827075 346.6 227.342711698429 390 0
2008 10 15.6617055750111 3.69603162332193 255.1 70.9742670244527 390 0
2008 11 9.07409803181549 -0.387777787312863 163.1 93.0986589926114 390 0
2008 12 4.33204172458474 -5.70419610145035 125 186.418520938258 390 0
2009 1 -2.0050951110571 -12.5892504832348 143.5 90.6522706031691 390 0
2009 2 3.32063655358328 -7.8706257769846 209.8 48.486532154919 390 0
2009 3 7.08881284993317 -3.92436466802336 301.6 76.6279425156379 390 0
2009 4 15.1956309199443 3.0574714082356 391.2 107.693931538583 390 0
2009 5 19.7008715513677 8.13500569154504 461.6 95.1290481808411 390 0
2009 6 21.6065116045154 12.6022043313122 512.7 157.17423440996 390 0
2009 7 24.7685688800006 14.6948263932741 503.7 208.453863034778 390 0
2009 8 27.0697575216173 16.4102276970189 439.3 114.200412266631 390 0
2009 9 21.5902743347462 9.55162210060031 346.6 46.8307568259508 390 0
2009 10 13.909150607945 3.81637218084773 255.1 143.884639247285 390 0
2009 11 12.1370937269885 2.42039954794797 163.1 94.1773501682294 390 0
2009 12 2.98926711722968 -6.30851966366564 125 132.457555320857 390 0
2010 1 1.10571072788179 -8.08475843255069 143.5 86.7690796729545 390 0
2010 2 2.12362273220474 -5.62400852111458 209.8 124.164038714207 390 0
2010 3 10.3050784764277 0.041419798082879 301.6 289.252071412589 390 0
2010 4 16.7338254697977 4.02783927391887 391.2 46.5677180013439 390 0
2010 5 22.3926993536665 8.9206134436795 461.6 69.9945552551263 390 0
2010 6 25.4808213594127 14.1954022338291 512.7 87.8278576740661 390 0
2010 7 29.4127695955609 17.5279969627013 503.7 76.5885406428518 390 0
2010 8 26.8506157666813 15.3750722397377 439.3 98.6035504946433 390 0
2010 9 24.0838362527875 12.4169420198737 346.6 56.8812537909296 390 0
2010 10 16.3050201503208 5.36140720217718 255.1 151.149692701409 390 0
2010 11 9.98025593967893 -0.00753145883817764 163.1 99.6023787856961 390 0
2010 12 2.04608387732897 -6.60911324669336 125 111.564625467598 390 0
2011 1 -0.135211638380475 -10.9585553597923 143.5 95.9292208876655 390 0
2011 2 2.0974480301288 -10.3077318122774 209.8 98.3342375763292 390 0
2011 3 6.88762921385111 -3.35107786707769 301.6 117.111509022158 390 0
2011 4 13.9481604480412 3.30639353830346 391.2 138.111952319929 390 0
2011 5 19.688455787453 9.36910409617238 461.6 102.555728849308 390 0
2011 6 24.1194888460856 12.9570010260703 512.7 135.889062397604 390 0
2011 7 28.7862257725549 16.8557315588651 503.7 57.4862152649268 390 0
2011 8 26.4507474133954 15.7507325433701 439.3 265.009618391855 390 0
2011 9 23.4478173475176 13.3687499237779 346.6 171.422195944217 390 0
2011 10 16.4084083064875 6.5185803005002 255.1 181.787215557405 390 0
2011 11 13.0276750289488 1.3106729671637 163.1 94.5064058316457 390 0
2011 12 7.17316786357115 -3.11571172481016 125 113.114871832388 390 0
2012 1 3.45691044023048 -6.20137174001581 143.5 81.0883414090514 390 0
2012 2 6.05798456983758 -4.7958764295603 209.8 24.5610124443 390 0
2012 3 12.3109566684897 0.864596805946506 301.6 49.4291929003387 390 0
2012 4 15.7469789534009 3.02240713980162 391.2 85.8900438920441 390 0
2012 5 20.7910547247741 10.3133399231266 461.6 107.359429984556 390 0
2012 6 23.7811510386647 12.8952398037814 512.7 125.682480118172 390 0
2012 7 28.9052049753014 16.8644904155694 503.7 69.7603759210273 390 0
2012 8 27.7954226133855 16.2285064146641 439.3 116.556247799206 390 0
2012 9 22.559273287881 11.0481896435059 346.6 118.665404866366 390 0
2012 10 16.8858780174106 6.86180030688403 255.1 127.819898449151 390 0
2012 11 8.74141530322274 -0.984895665330082 163.1 22.7193901177775 390 0
2012 12 5.37887733281892 -2.88457327692237 125 136.328168367169 390 0
2013 1 1.97699115571868 -7.80038854386398 143.5 37.0079621934381 390 0
2013 2 2.17976339881359 -6.67080879067974 209.8 110.618296188558 390 0
2013 3 6.00414300548523 -2.95835904354311 301.6 70.820281652983 390 0
2013 4 14.0908453079606 1.7672344476137 391.2 49.4099587322446 390 0
2013 5 20.6402444665901 7.44179395006348 461.6 122.219179435846 390 0
2013 6 25.0881352907025 13.8040046066713 512.7 237.165834006236 390 0
2013 7 28.6959347953251 19.0422503851149 503.7 105.618742607129 390 0
2013 8 25.8730036973835 14.2214894153103 439.3 86.7337053685582 390 0
2013 9 22.4032636582603 10.2189853631945 346.6 91.9346614724104 390 0
2013 10 17.2233303821663 4.96809086570158 255.1 32.1090582332573 390 0
2013 11 9.65438214346441 -1.66340390380832 163.1 92.5078516880593 390 0
2013 12 2.75008453364751 -6.42160550114347 125 103.263823333768 390 0
2014 1 0.320127665 -11.7380779 143.5 71.62290117 390 0
2014 2 3.339400354 -8.335079116 209.8 99.40960191 390 0
2014 3 8.192213341 -3.897314017 301.6 74.84601981 390 0
2014 4 12.44632588 2.072709684 391.2 76.9104824 390 0
2014 5 19.86592952 7.777543184 461.6 97.6005914 390 0
2014 6 25.38141755 11.2225873 512.7 34.89216992 390 0
2014 7 28.38213904 16.34818481 503.7 193.8572511 390 0
2014 8 28.22392363 16.48545683 439.3 80.79146123 390 0
2014 9 22.31914875 8.629943438 346.6 55.71356699 390 0
2014 10 14.03664516 2.270633497 255.1 76.53795073 390 0
2014 11 11.24004058 -0.446653421 163.1 200.6911148 390 0
2014 12 3.273969409 -7.755469334 125 34.03527776 390 0
2015 1 4.678831063 -4.724435403 143.5 55.82165158 390 0
2015 2 6.004249238 -5.834912057 209.8 59.21592414 390 0
2015 3 8.089243462 -2.925080361 301.6 106.605553 390 0
2015 4 15.67886427 3.215280314 391.2 95.89931123 390 0
2015 5 18.67329511 6.3478867 461.6 130.3058666 390 0
2015 6 24.10944697 11.9521501 512.7 127.7271076 390 0
2015 7 28.09800243 15.92752789 503.7 55.51630431 390 0
2015 8 28.7569419 15.94439504 439.3 74.60508678 390 0
2015 9 24.1228089 12.29678063 346.6 102.5325236 390 0
2015 10 14.78133288 3.762747209 255.1 103.6205587 390 0
2015 11 8.172277996 -0.841004959 163.1 143.9808087 390 0
2015 12 2.759403113 -6.686856026 125 130.7708828 390 0
2016 1 -2.479528319 -12.1195143 143.5 70.85696039 390 0
2016 2 -0.410025132 -10.63634576 209.8 102.7663622 390 0
2016 3 7.750479667 -5.360783954 301.6 106.0308298 390 0
2016 4 11.65720914 0.488596694 391.2 93.70962963 390 0
2016 5 17.88526657 6.90527954 461.6 106.1928659 390 0
2016 6 22.99431903 12.93142174 512.7 142.748807 390 0
2016 7 27.42037478 16.28387024 503.7 64.74700957 390 0
2016 8 27.21562493 16.92043854 439.3 125.303819 390 0
2016 9 22.48326921 11.79301994 346.6 151.9523748 390 0
2016 10 14.992512 3.320032511 255.1 153.2647542 390 0
2016 11 11.01280728 0.779690817 163.1 70.42456631 390 0
2016 12 4.543189531 -5.321690147 125 141.5714423 390 0
2017 1 3.772730995 -7.178125507 143.5 33.3250966 390 0
2017 2 2.13019122 -8.186645524 209.8 69.72252408 390 0
2017 3 7.548095798 -4.685226318 301.6 75.0887127 390 0
2017 4 12.50767376 0.242648699 391.2 105.381858 390 0
2017 5 20.73750742 8.031572321 461.6 180.9634678 390 0
2017 6 24.43948755 13.28843884 512.7 143.5340663 390 0
2017 7 27.16129995 14.75456362 503.7 108.0578807 390 0
2017 8 26.16954211 14.48953798 439.3 148.9567367 390 0
2017 9 22.78641678 10.291504 346.6 121.3370608 390 0
2017 10 17.29655442 3.83685282 255.1 171.3523562 390 0
2017 11 9.54708091 -1.206768773 163.1 122.1204248 390 0
2017 12 -3.447172632 -14.3999649 125 29.7513742 390 0
2018 1 4.678831063 -4.724435403 143.5 55.82165158 390 0
2018 2 6.004249238 -5.834912057 209.8 59.21592414 390 0
2018 3 8.089243462 -2.925080361 301.6 106.605553 390 0
2018 4 15.67886427 3.215280314 391.2 95.89931123 390 0
2018 5 18.67329511 6.3478867 461.6 130.3058666 390 0
2018 6 24.10944697 11.9521501 512.7 127.7271076 390 0
2018 7 28.09800243 15.92752789 503.7 55.51630431 390 0
2018 8 28.7569419 15.94439504 439.3 74.60508678 390 0
2018 9 24.1228089 12.29678063 346.6 102.5325236 390 0
2018 10 14.78133288 3.762747209 255.1 103.6205587 390 0
2018 11 8.172277996 -0.841004959 163.1 143.9808087 390 0
2018 12 2.759403113 -6.686856026 125 130.7708828 390 0
2019 1 1.626760342 -8.486946093 143.5 123.949275 390 0
2019 2 3.603196567 -7.620756777 209.8 109.4595009 390 0
2019 3 7.626319345 -1.441400702 301.6 212.9159497 390 0
2019 4 13.14025837 2.423544607 391.2 226.7577165 390 0
2019 5 18.16969324 7.080821159 461.6 132.8351635 390 0
2019 6 26.34926131 12.14864154 512.7 63.83820842 390 0
2019 7 29.02444807 14.88440035 503.7 51.53863224 390 0
2019 8 27.66358668 14.56830288 439.3 91.21846083 390 0
2019 9 25.35858304 10.52904097 346.6 47.55535687 390 0
2019 10 16.10419918 4.249104898 255.1 124.7021698 390 0
2019 11 10.50233358 0.071675283 163.1 222.0089122 390 0
2019 12 2.435993958 -7.250795903 125 163.0971853 390 0
2020 1 4.930002445 -4.810994918 143.5 130.2728785 390 0
2020 2 2.864503701 -7.223909016 209.8 67.63304844 390 0
2020 3 7.3439293 -3.895180814 301.6 18.04600711 390 0
2020 4 15.70863342 2.451827156 391.2 83.64912198 390 0
2020 5 18.61928848 8.203080167 461.6 225.7312516 390 0
2020 6 23.81058376 14.69795195 512.7 241.6327824 390 0
2020 7 28.44360154 17.75313354 503.7 90.71572605 390 0
2020 8 26.00667527 14.78654635 439.3 112.3833321 390 0
2020 9 21.56697986 10.3725935 346.6 67.95373917 390 0
2020 10 15.82713483 4.186595275 255.1 166.4005831 390 0
2020 11 12.20222137 2.499259765 163.1 145.9599796 390 0
2020 12 7.593686232 -2.077501077 125 58.73279707 390 0
2021 1 2.708676663 -8.680037058 143.5 127.6854227 390 0
2021 2 0.651599917 -8.954577814 209.8 79.92146511 390 0
2021 3 8.866738816 -3.694083601 301.6 92.17307731 390 0
2021 4 15.15747663 2.867467697 391.2 51.66311441 390 0
2021 5 20.92404634 7.828091828 461.6 46.1289821 390 0
2021 6 23.87070061 10.77130632 512.7 160.8931483 390 0
2021 7 26.0887223 14.86949466 503.7 129.7044236 390 0
2021 8 24.78091181 13.64865417 439.3 95.24205157 390 0
2021 9 20.87119354 8.950129278 346.6 38.3382064 390 0
2021 10 16.62894925 3.63548911 255.1 63.55318926 390 0
2021 11 8.895841074 -2.608317597 163.1 156.771339 390 0
2021 12 4.119938735 -4.960099026 125 161.4235801 390 0
2022 1 1.142333169 -10.36801087 143.5 52.22564079 390 0
2022 2 2.986590621 -8.034549917 209.8 73.95911198 390 0
2022 3 4.540351375 -4.250598829 301.6 206.8979235 390 0
2022 4 14.40037617 1.533204003 391.2 40.95262008 390 0
2022 5 21.40255581 7.80224632 461.6 74.24504071 390 0
2022 6 25.82423209 13.85583537 512.7 154.7156156 390 0
2022 7 26.27300068 13.79795724 503.7 74.20141307 390 0
2022 8 28.34947971 16.34817468 439.3 83.88359499 390 0
2022 9 23.49293844 10.70761754 346.6 87.44002735 390 0
2022 10 18.05627788 4.317340094 255.1 26.34173266 390 0
2022 11 12.49994316 0.657523907 163.1 34.25492998 390 0
2022 12 7.227417231 -2.662794752 125 72.2722051 390 0
2023 1 1.976991156 -7.800388544 143.5 37.00796219 390 0
2023 2 2.179763399 -6.670808791 209.8 110.6182962 390 0
2023 3 6.004143005 -2.958359044 301.6 70.82028165 390 0
2023 4 14.09084531 1.767234448 391.2 49.40995873 390 0
2023 5 20.64024447 7.44179395 461.6 122.2191794 390 0
2023 6 25.08813529 13.80400461 512.7 237.165834 390 0
2023 7 28.6959348 19.04225039 503.7 105.6187426 390 0
2023 8 25.8730037 14.22148942 439.3 86.73370537 390 0
2023 9 22.40326366 10.21898536 346.6 91.93466147 390 0
2023 10 17.22333038 4.968090866 255.1 32.10905823 390 0
2023 11 9.654382143 -1.663403904 163.1 92.50785169 390 0
2023 12 2.750084534 -6.421605501 125 103.2638233 390 0
2024 1 2.099661222 -8.593270386 143.5 75.71674973 390 0
2024 2 3.247941093 -7.293752383 209.8 57.44114994 390 0
2024 3 5.499527791 -5.441899979 301.6 103.2965657 390 0
2024 4 12.07849315 0.553265727 391.2 73.64405591 390 0
2024 5 20.41110617 5.769111691 461.6 39.3430817 390 0
2024 6 24.48306498 11.31800751 512.7 147.1070698 390 0
2024 7 25.57005016 13.59772792 503.7 97.14554807 390 0
2024 8 24.94031296 13.63961689 439.3 140.8842663 390 0
2024 9 21.92098972 10.03034559 346.6 78.90722786 390 0
2024 10 14.49254124 2.245354959 255.1 64.29819785 390 0
2024 11 7.889254389 -0.981911157 163.1 134.4713315 390 0
2024 12 3.035042602 -5.913600338 125 133.1073093 390 0
2025 1 -2.618977424 -14.82476018 143.5 19.4133468 390 0
2025 2 6.279569621 -5.516607872 209.8 198.0799607 390 0
2025 3 7.465005592 -3.504575591 301.6 18.85484198 390 0
2025 4 15.7247019 2.91222431 391.2 97.19092166 390 0
2025 5 21.43997929 7.438611808 461.6 75.61178927 390 0
2025 6 25.61017162 12.60793926 512.7 82.66980355 390 0
2025 7 27.83013309 15.50123059 503.7 117.0945497 390 0
2025 8 26.75876423 13.13834918 439.3 39.4948255 390 0
2025 9 21.15789371 9.685919941 346.6 107.9202407 390 0
2025 10 14.42690753 2.30905955 255.1 134.6962245 390 0
2025 11 9.765971797 -0.627460659 163.1 79.14673356 390 0
2025 12 2.315303876 -6.192142372 125 143.9200859 390 0
2026 1 0.320127665 -11.7380779 143.5 71.62290117 390 0
2026 2 3.339400354 -8.335079116 209.8 99.40960191 390 0
2026 3 8.192213341 -3.897314017 301.6 74.84601981 390 0
2026 4 12.44632588 2.072709684 391.2 76.9104824 390 0
2026 5 19.86592952 7.777543184 461.6 97.6005914 390 0
2026 6 25.38141755 11.2225873 512.7 34.89216992 390 0
2026 7 28.38213904 16.34818481 503.7 193.8572511 390 0
2026 8 28.22392363 16.48545683 439.3 80.79146123 390 0
2026 9 22.31914875 8.629943438 346.6 55.71356699 390 0
2026 10 14.03664516 2.270633497 255.1 76.53795073 390 0
2026 11 11.24004058 -0.446653421 163.1 200.6911148 390 0
2026 12 3.273969409 -7.755469334 125 34.03527776 390 0
2027 1 -3.716052343 -12.69194039 143.5 37.24652727 390 0
2027 2 2.569900013 -8.272116623 209.8 43.87963106 390 0
2027 3 7.641996875 -2.400281031 301.6 51.29629574 390 0
2027 4 13.88347084 2.464760884 391.2 205.9875994 390 0
2027 5 21.03948837 8.711333938 461.6 99.97811316 390 0
2027 6 23.69188293 11.6967586 512.7 53.30611751 390 0
2027 7 25.59831063 15.60093974 503.7 100.319997 390 0
2027 8 25.97313015 15.63723366 439.3 138.2422969 390 0
2027 9 22.76101747 11.33740179 346.6 182.8870178 390 0
2027 10 15.18219846 4.668436139 255.1 56.32437215 390 0
2027 11 10.49021905 -0.770444592 163.1 97.48413387 390 0
2027 12 3.538626319 -6.291439816 125 116.0614672 390 0
2028 1 1.526324696 -9.639873206 143.5 74.46225126 390 0
2028 2 5.33203844 -6.274857486 209.8 53.52295164 390 0
2028 3 8.740762723 -1.968752554 301.6 124.7352411 390 0
2028 4 16.30524299 2.664254575 391.2 81.18444504 390 0
2028 5 23.57758818 8.958551816 461.6 110.4131272 390 0
2028 6 26.09914939 12.34871546 512.7 56.549906 390 0
2028 7 27.7258722 14.66333026 503.7 78.7185487 390 0
2028 8 27.24673609 15.1805213 439.3 220.2668329 390 0
2028 9 21.88414823 9.099510725 346.6 168.8511112 390 0
2028 10 17.62178685 4.841480757 255.1 76.73378735 390 0
2028 11 9.55888512 0.484516983 163.1 124.8185348 390 0
2028 12 4.762965232 -5.664583653 125 86.02449718 390 0
2029 1 -2.479528319 -12.1195143 143.5 70.85696039 390 0
2029 2 -0.410025132 -10.63634576 209.8 102.7663622 390 0
2029 3 7.750479667 -5.360783954 301.6 106.0308298 390 0
2029 4 11.65720914 0.488596694 391.2 93.70962963 390 0
2029 5 17.88526657 6.90527954 461.6 106.1928659 390 0
2029 6 22.99431903 12.93142174 512.7 142.748807 390 0
2029 7 27.42037478 16.28387024 503.7 64.74700957 390 0
2029 8 27.21562493 16.92043854 439.3 125.303819 390 0
2029 9 22.48326921 11.79301994 346.6 151.9523748 390 0
2029 10 14.992512 3.320032511 255.1 153.2647542 390 0
2029 11 11.01280728 0.779690817 163.1 70.42456631 390 0
2029 12 4.543189531 -5.321690147 125 141.5714423 390 0
2030 1 3.45691044 -6.20137174 143.5 81.08834141 390 0
2030 2 6.05798457 -4.79587643 209.8 24.56101244 390 0
2030 3 12.31095667 0.864596806 301.6 49.4291929 390 0
2030 4 15.74697895 3.02240714 391.2 85.89004389 390 0
2030 5 20.79105472 10.31333992 461.6 107.35943 390 0
2030 6 23.78115104 12.8952398 512.7 125.6824801 390 0
2030 7 28.90520498 16.86449042 503.7 69.76037592 390 0
2030 8 27.79542261 16.22850641 439.3 116.5562478 390 0
2030 9 22.55927329 11.04818964 346.6 118.6654049 390 0
2030 10 16.88587802 6.861800307 255.1 127.8198984 390 0
2030 11 8.741415303 -0.984895665 163.1 22.71939012 390 0
2030 12 5.378877333 -2.884573277 125 136.3281684 390 0
2031 1 0.852091073 -10.3454477 143.5 139.3222868 390 0
2031 2 2.206364622 -10.07643163 209.8 9.576008442 390 0
2031 3 8.320600019 -3.432535187 301.6 77.34380954 390 0
2031 4 13.63117972 2.94246342 391.2 251.8382203 390 0
2031 5 20.57888874 6.899301644 461.6 45.94569098 390 0
2031 6 25.05396636 12.90288585 512.7 82.28236728 390 0
2031 7 27.77026439 15.74831147 503.7 46.71899403 390 0
2031 8 25.96353271 12.7767962 439.3 90.72157475 390 0
2031 9 21.52654949 10.47102806 346.6 152.158807 390 0
2031 10 15.95788904 2.247660827 255.1 97.57906724 390 0
2031 11 10.11274699 -1.613459164 163.1 68.12604187 390 0
2031 12 4.548087102 -4.528689233 125 69.10521984 390 0
2032 1 2.802550204 -7.297750079 143.5 70.18029652 390 0
2032 2 2.852897233 -6.890636786 209.8 220.7229381 390 0
2032 3 6.401152986 -3.969167407 301.6 137.4289729 390 0
2032 4 15.77288375 2.358505152 391.2 106.2808412 390 0
2032 5 18.81380339 6.225949325 461.6 49.70881863 390 0
2032 6 25.20680398 14.05250496 512.7 109.8265327 390 0
2032 7 27.84160354 17.15163896 503.7 168.6044074 390 0
2032 8 25.16953369 14.08343858 439.3 105.1823507 390 0
2032 9 22.25477034 11.38707908 346.6 227.3427117 390 0
2032 10 15.66170558 3.696031623 255.1 70.97426702 390 0
2032 11 9.074098032 -0.387777787 163.1 93.09865899 390 0
2032 12 4.332041725 -5.704196101 125 186.4185209 390 0
2033 1 0.320127665 -11.7380779 143.5 71.62290117 390 0
2033 2 3.339400354 -8.335079116 209.8 99.40960191 390 0
2033 3 8.192213341 -3.897314017 301.6 74.84601981 390 0
2033 4 12.44632588 2.072709684 391.2 76.9104824 390 0
2033 5 19.86592952 7.777543184 461.6 97.6005914 390 0
2033 6 25.38141755 11.2225873 512.7 34.89216992 390 0
2033 7 28.38213904 16.34818481 503.7 193.8572511 390 0
2033 8 28.22392363 16.48545683 439.3 80.79146123 390 0
2033 9 22.31914875 8.629943438 346.6 55.71356699 390 0
2033 10 14.03664516 2.270633497 255.1 76.53795073 390 0
2033 11 11.24004058 -0.446653421 163.1 200.6911148 390 0
2033 12 3.273969409 -7.755469334 125 34.03527776 390 0
2034 1 4.930002445 -4.810994918 143.5 130.2728785 390 0
2034 2 2.864503701 -7.223909016 209.8 67.63304844 390 0
2034 3 7.3439293 -3.895180814 301.6 18.04600711 390 0
2034 4 15.70863342 2.451827156 391.2 83.64912198 390 0
2034 5 18.61928848 8.203080167 461.6 225.7312516 390 0
2034 6 23.81058376 14.69795195 512.7 241.6327824 390 0
2034 7 28.44360154 17.75313354 503.7 90.71572605 390 0
2034 8 26.00667527 14.78654635 439.3 112.3833321 390 0
2034 9 21.56697986 10.3725935 346.6 67.95373917 390 0
2034 10 15.82713483 4.186595275 255.1 166.4005831 390 0
2034 11 12.20222137 2.499259765 163.1 145.9599796 390 0
2034 12 7.593686232 -2.077501077 125 58.73279707 390 0
2035 1 3.45691044 -6.20137174 143.5 81.08834141 390 0
2035 2 6.05798457 -4.79587643 209.8 24.56101244 390 0
2035 3 12.31095667 0.864596806 301.6 49.4291929 390 0
2035 4 15.74697895 3.02240714 391.2 85.89004389 390 0
2035 5 20.79105472 10.31333992 461.6 107.35943 390 0
2035 6 23.78115104 12.8952398 512.7 125.6824801 390 0
2035 7 28.90520498 16.86449042 503.7 69.76037592 390 0
2035 8 27.79542261 16.22850641 439.3 116.5562478 390 0
2035 9 22.55927329 11.04818964 346.6 118.6654049 390 0
2035 10 16.88587802 6.861800307 255.1 127.8198984 390 0
2035 11 8.741415303 -0.984895665 163.1 22.71939012 390 0
2035 12 5.378877333 -2.884573277 125 136.3281684 390 0
2036 1 1.526324696 -9.639873206 143.5 74.46225126 390 0
2036 2 5.33203844 -6.274857486 209.8 53.52295164 390 0
2036 3 8.740762723 -1.968752554 301.6 124.7352411 390 0
2036 4 16.30524299 2.664254575 391.2 81.18444504 390 0
2036 5 23.57758818 8.958551816 461.6 110.4131272 390 0
2036 6 26.09914939 12.34871546 512.7 56.549906 390 0
2036 7 27.7258722 14.66333026 503.7 78.7185487 390 0
2036 8 27.24673609 15.1805213 439.3 220.2668329 390 0
2036 9 21.88414823 9.099510725 346.6 168.8511112 390 0
2036 10 17.62178685 4.841480757 255.1 76.73378735 390 0
2036 11 9.55888512 0.484516983 163.1 124.8185348 390 0
2036 12 4.762965232 -5.664583653 125 86.02449718 390 0
2037 1 1.197739573 -8.864210248 143.5 95.38453019 390 0
2037 2 4.940685182 -5.160347216 209.8 53.87354954 390 0
2037 3 6.100497827 -4.047492839 301.6 104.6955222 390 0
2037 4 12.48502043 0.465742376 391.2 140.2023555 390 0
2037 5 17.72243428 5.942013391 461.6 80.8474353 390 0
2037 6 25.40745594 11.97899238 512.7 37.17682817 390 0
2037 7 27.69509032 14.62931182 503.7 78.82255965 390 0
2037 8 26.00189029 14.2324645 439.3 119.9486271 390 0
2037 9 21.98525478 10.19865138 346.6 43.54093008 390 0
2037 10 15.77024229 3.065314468 255.1 47.07339151 390 0
2037 11 7.709532322 -1.509033303 163.1 158.2323733 390 0
2037 12 4.128089251 -5.296758541 125 84.57857146 390 0
2038 1 3.772730995 -7.178125507 143.5 33.3250966 390 0
2038 2 2.13019122 -8.186645524 209.8 69.72252408 390 0
2038 3 7.548095798 -4.685226318 301.6 75.0887127 390 0
2038 4 12.50767376 0.242648699 391.2 105.381858 390 0
2038 5 20.73750742 8.031572321 461.6 180.9634678 390 0
2038 6 24.43948755 13.28843884 512.7 143.5340663 390 0
2038 7 27.16129995 14.75456362 503.7 108.0578807 390 0
2038 8 26.16954211 14.48953798 439.3 148.9567367 390 0
2038 9 22.78641678 10.291504 346.6 121.3370608 390 0
2038 10 17.29655442 3.83685282 255.1 171.3523562 390 0
2038 11 9.54708091 -1.206768773 163.1 122.1204248 390 0
2038 12 -3.447172632 -14.3999649 125 29.7513742 390 0
2039 1 1.626760342 -8.486946093 143.5 123.949275 390 0
2039 2 3.603196567 -7.620756777 209.8 109.4595009 390 0
2039 3 7.626319345 -1.441400702 301.6 212.9159497 390 0
2039 4 13.14025837 2.423544607 391.2 226.7577165 390 0
2039 5 18.16969324 7.080821159 461.6 132.8351635 390 0
2039 6 26.34926131 12.14864154 512.7 63.83820842 390 0
2039 7 29.02444807 14.88440035 503.7 51.53863224 390 0
2039 8 27.66358668 14.56830288 439.3 91.21846083 390 0
2039 9 25.35858304 10.52904097 346.6 47.55535687 390 0
2039 10 16.10419918 4.249104898 255.1 124.7021698 390 0
2039 11 10.50233358 0.071675283 163.1 222.0089122 390 0
2039 12 2.435993958 -7.250795903 125 163.0971853 390 0
2040 1 4.678831063 -4.724435403 143.5 55.82165158 390 0
2040 2 6.004249238 -5.834912057 209.8 59.21592414 390 0
2040 3 8.089243462 -2.925080361 301.6 106.605553 390 0
2040 4 15.67886427 3.215280314 391.2 95.89931123 390 0
2040 5 18.67329511 6.3478867 461.6 130.3058666 390 0
2040 6 24.10944697 11.9521501 512.7 127.7271076 390 0
2040 7 28.09800243 15.92752789 503.7 55.51630431 390 0
2040 8 28.7569419 15.94439504 439.3 74.60508678 390 0
2040 9 24.1228089 12.29678063 346.6 102.5325236 390 0
2040 10 14.78133288 3.762747209 255.1 103.6205587 390 0
2040 11 8.172277996 -0.841004959 163.1 143.9808087 390 0
2040 12 2.759403113 -6.686856026 125 130.7708828 390 0
2041 1 3.281226849 -5.113037159 143.5 134.4167489 390 0
2041 2 5.477232747 -4.227714695 209.8 106.4297464 390 0
2041 3 8.459824328 -2.126680347 301.6 137.7203425 390 0
2041 4 15.09170285 2.446637982 391.2 92.09732179 390 0
2041 5 21.97902773 9.180107518 461.6 122.7703349 390 0
2041 6 22.79409264 13.09131281 512.7 232.534825 390 0
2041 7 27.44140143 15.62466404 503.7 88.81029965 390 0
2041 8 27.51835519 15.5660506 439.3 69.43700003 390 0
2041 9 23.7970643 11.21234323 346.6 60.1804191 390 0
2041 10 16.31799887 5.011464633 255.1 138.8224318 390 0
2041 11 9.773088486 -0.519932918 163.1 60.86176922 390 0
2041 12 7.653934384 -3.305126037 125 37.97495068 390 0
2042 1 1.526324696 -9.639873206 143.5 74.46225126 390 0
2042 2 5.33203844 -6.274857486 209.8 53.52295164 390 0
2042 3 8.740762723 -1.968752554 301.6 124.7352411 390 0
2042 4 16.30524299 2.664254575 391.2 81.18444504 390 0
2042 5 23.57758818 8.958551816 461.6 110.4131272 390 0
2042 6 26.09914939 12.34871546 512.7 56.549906 390 0
2042 7 27.7258722 14.66333026 503.7 78.7185487 390 0
2042 8 27.24673609 15.1805213 439.3 220.2668329 390 0
2042 9 21.88414823 9.099510725 346.6 168.8511112 390 0
2042 10 17.62178685 4.841480757 255.1 76.73378735 390 0
2042 11 9.55888512 0.484516983 163.1 124.8185348 390 0
2042 12 4.762965232 -5.664583653 125 86.02449718 390 0
2043 1 2.252138749 -7.380844754 143.5 65.13128101 390 0
2043 2 -0.462367278 -12.41424843 209.8 88.03660814 390 0
2043 3 5.207909662 -5.7781707 301.6 166.0253327 390 0
2043 4 13.76987194 2.044006857 391.2 124.4152272 390 0
2043 5 21.50003921 7.605343172 461.6 23.13550494 390 0
2043 6 25.20918703 11.75497295 512.7 64.9625134 390 0
2043 7 28.43365482 15.04540632 503.7 68.11105321 390 0
2043 8 27.69801242 14.86524765 439.3 59.54380311 390 0
2043 9 21.67495998 10.77081201 346.6 140.0043304 390 0
2043 10 14.95598137 2.541463868 255.1 94.01215795 390 0
2043 11 10.49558941 -1.756777421 163.1 111.2684206 390 0
2043 12 3.537081703 -5.99985275 125 140.5439893 390 0
2044 1 -0.349199281 -10.23090984 143.5 124.599395 390 0
2044 2 3.484414742 -8.312315775 209.8 74.63325982 390 0
2044 3 4.797691331 -5.974319891 301.6 124.0807257 390 0
2044 4 15.91920388 2.269632519 391.2 135.181209 390 0
2044 5 16.10882989 5.789422667 461.6 123.7985046 390 0
2044 6 26.05058727 14.23749638 512.7 61.99856424 390 0
2044 7 27.50838277 16.49166802 503.7 86.71352863 390 0
2044 8 27.97718462 16.5805105 439.3 68.2436085 390 0
2044 9 24.86019381 12.25454375 346.6 65.54635706 390 0
2044 10 15.38779457 6.803959955 255.1 382.6154427 390 0
2044 11 11.34253948 -0.291205054 163.1 119.7599653 390 0
2044 12 2.693565823 -6.901322755 125 116.1387274 390 0
2045 1 2.099661222 -8.593270386 143.5 75.71674973 390 0
2045 2 3.247941093 -7.293752383 209.8 57.44114994 390 0
2045 3 5.499527791 -5.441899979 301.6 103.2965657 390 0
2045 4 12.07849315 0.553265727 391.2 73.64405591 390 0
2045 5 20.41110617 5.769111691 461.6 39.3430817 390 0
2045 6 24.48306498 11.31800751 512.7 147.1070698 390 0
2045 7 25.57005016 13.59772792 503.7 97.14554807 390 0
2045 8 24.94031296 13.63961689 439.3 140.8842663 390 0
2045 9 21.92098972 10.03034559 346.6 78.90722786 390 0
2045 10 14.49254124 2.245354959 255.1 64.29819785 390 0
2045 11 7.889254389 -0.981911157 163.1 134.4713315 390 0
2045 12 3.035042602 -5.913600338 125 133.1073093 390 0
2046 1 -0.564066581 -11.5484317 143.5 54.26456051 390 0
2046 2 5.851139355 -4.411597505 209.8 153.767028 390 0
2046 3 3.554458349 -6.134118258 301.6 139.692695 390 0
2046 4 12.80843695 1.789188005 391.2 122.2247411 390 0
2046 5 19.31164048 6.284457086 461.6 223.5967048 390 0
2046 6 25.92415972 12.81315604 512.7 120.6864541 390 0
2046 7 26.73698686 15.29709577 503.7 135.6233701 390 0
2046 8 27.54722468 15.70243183 439.3 32.10713223 390 0
2046 9 21.89812156 8.050910722 346.6 37.39783179 390 0
2046 10 17.84977845 5.178400642 255.1 97.1229933 390 0
2046 11 10.73094316 -1.212157509 163.1 78.72179366 390 0
2046 12 6.366658415 -3.804457045 125 80.68903546 390 0
2047 1 -2.479528319 -12.1195143 143.5 70.85696039 390 0
2047 2 -0.410025132 -10.63634576 209.8 102.7663622 390 0
2047 3 7.750479667 -5.360783954 301.6 106.0308298 390 0
2047 4 11.65720914 0.488596694 391.2 93.70962963 390 0
2047 5 17.88526657 6.90527954 461.6 106.1928659 390 0
2047 6 22.99431903 12.93142174 512.7 142.748807 390 0
2047 7 27.42037478 16.28387024 503.7 64.74700957 390 0
2047 8 27.21562493 16.92043854 439.3 125.303819 390 0
2047 9 22.48326921 11.79301994 346.6 151.9523748 390 0
2047 10 14.992512 3.320032511 255.1 153.2647542 390 0
2047 11 11.01280728 0.779690817 163.1 70.42456631 390 0
2047 12 4.543189531 -5.321690147 125 141.5714423 390 0
2048 1 3.572108581 -5.053219376 143.5 102.1990072 390 0
2048 2 1.671264076 -10.41512608 209.8 70.21948726 390 0
2048 3 8.172187443 -2.465255006 301.6 66.70719097 390 0
2048 4 13.06283176 0.031418005 391.2 60.39735616 390 0
2048 5 18.75273182 6.250713007 461.6 76.12880773 390 0
2048 6 25.68035897 12.3339637 512.7 50.60192555 390 0
2048 7 28.76727109 16.42723219 503.7 81.90535477 390 0
2048 8 27.68218607 13.45790073 439.3 51.53643776 390 0
2048 9 22.02215709 8.518620451 346.6 80.29431759 390 0
2048 10 18.79033897 5.334104165 255.1 213.1567138 390 0
2048 11 7.60273432 -2.144564544 163.1 145.1134209 390 0
2048 12 0.694458978 -8.38087953 125 66.79042964 390 0
2049 1 4.95713798 -4.733121302 143.5 119.3400193 390 0
2049 2 5.063452992 -7.190732384 209.8 93.23679095 390 0
2049 3 9.543135657 -3.785802983 301.6 56.61810782 390 0
2049 4 13.71698452 1.994876634 391.2 116.8448787 390 0
2049 5 17.77832993 6.153357269 461.6 179.6680958 390 0
2049 6 24.97815953 12.2425165 512.7 55.01085565 390 0
2049 7 27.21608747 15.90591142 503.7 84.13579246 390 0
2049 8 26.7431202 15.73353651 439.3 185.9107327 390 0
2049 9 22.20056071 9.586541752 346.6 44.66181678 390 0
2049 10 18.63888771 6.565722792 255.1 208.7348212 390 0
2049 11 12.04311829 0.146353372 163.1 75.90461495 390 0
2049 12 6.956343757 -3.427844896 125 134.5990361 390 0
2050 1 3.772730995 -7.178125507 143.5 33.3250966 390 0
2050 2 2.13019122 -8.186645524 209.8 69.72252408 390 0
2050 3 7.548095798 -4.685226318 301.6 75.0887127 390 0
2050 4 12.50767376 0.242648699 391.2 105.381858 390 0
2050 5 20.73750742 8.031572321 461.6 180.9634678 390 0
2050 6 24.43948755 13.28843884 512.7 143.5340663 390 0
2050 7 27.16129995 14.75456362 503.7 108.0578807 390 0
2050 8 26.16954211 14.48953798 439.3 148.9567367 390 0
2050 9 22.78641678 10.291504 346.6 121.3370608 390 0
2050 10 17.29655442 3.83685282 255.1 171.3523562 390 0
2050 11 9.54708091 -1.206768773 163.1 122.1204248 390 0
2050 12 -3.447172632 -14.3999649 125 29.7513742 390 0
2051 1 3.772730995 -7.178125507 143.5 33.3250966 390 0
2051 2 2.13019122 -8.186645524 209.8 69.72252408 390 0
2051 3 7.548095798 -4.685226318 301.6 75.0887127 390 0
2051 4 12.50767376 0.242648699 391.2 105.381858 390 0
2051 5 20.73750742 8.031572321 461.6 180.9634678 390 0
2051 6 24.43948755 13.28843884 512.7 143.5340663 390 0
2051 7 27.16129995 14.75456362 503.7 108.0578807 390 0
2051 8 26.16954211 14.48953798 439.3 148.9567367 390 0
2051 9 22.78641678 10.291504 346.6 121.3370608 390 0
2051 10 17.29655442 3.83685282 255.1 171.3523562 390 0
2051 11 9.54708091 -1.206768773 163.1 122.1204248 390 0
2051 12 -3.447172632 -14.3999649 125 29.7513742 390 0
2052 1 -0.564066581 -11.5484317 143.5 54.26456051 390 0
2052 2 5.851139355 -4.411597505 209.8 153.767028 390 0
2052 3 3.554458349 -6.134118258 301.6 139.692695 390 0
2052 4 12.80843695 1.789188005 391.2 122.2247411 390 0
2052 5 19.31164048 6.284457086 461.6 223.5967048 390 0
2052 6 25.92415972 12.81315604 512.7 120.6864541 390 0
2052 7 26.73698686 15.29709577 503.7 135.6233701 390 0
2052 8 27.54722468 15.70243183 439.3 32.10713223 390 0
2052 9 21.89812156 8.050910722 346.6 37.39783179 390 0
2052 10 17.84977845 5.178400642 255.1 97.1229933 390 0
2052 11 10.73094316 -1.212157509 163.1 78.72179366 390 0
2052 12 6.366658415 -3.804457045 125 80.68903546 390 0
2053 1 3.45691044 -6.20137174 143.5 81.08834141 390 0
2053 2 6.05798457 -4.79587643 209.8 24.56101244 390 0
2053 3 12.31095667 0.864596806 301.6 49.4291929 390 0
2053 4 15.74697895 3.02240714 391.2 85.89004389 390 0
2053 5 20.79105472 10.31333992 461.6 107.35943 390 0
2053 6 23.78115104 12.8952398 512.7 125.6824801 390 0
2053 7 28.90520498 16.86449042 503.7 69.76037592 390 0
2053 8 27.79542261 16.22850641 439.3 116.5562478 390 0
2053 9 22.55927329 11.04818964 346.6 118.6654049 390 0
2053 10 16.88587802 6.861800307 255.1 127.8198984 390 0
2053 11 8.741415303 -0.984895665 163.1 22.71939012 390 0
2053 12 5.378877333 -2.884573277 125 136.3281684 390 0
2054 1 2.099661222 -8.593270386 143.5 75.71674973 390 0
2054 2 3.247941093 -7.293752383 209.8 57.44114994 390 0
2054 3 5.499527791 -5.441899979 301.6 103.2965657 390 0
2054 4 12.07849315 0.553265727 391.2 73.64405591 390 0
2054 5 20.41110617 5.769111691 461.6 39.3430817 390 0
2054 6 24.48306498 11.31800751 512.7 147.1070698 390 0
2054 7 25.57005016 13.59772792 503.7 97.14554807 390 0
2054 8 24.94031296 13.63961689 439.3 140.8842663 390 0
2054 9 21.92098972 10.03034559 346.6 78.90722786 390 0
2054 10 14.49254124 2.245354959 255.1 64.29819785 390 0
2054 11 7.889254389 -0.981911157 163.1 134.4713315 390 0
2054 12 3.035042602 -5.913600338 125 133.1073093 390 0
2055 1 3.772730995 -7.178125507 143.5 33.3250966 390 0
2055 2 2.13019122 -8.186645524 209.8 69.72252408 390 0
2055 3 7.548095798 -4.685226318 301.6 75.0887127 390 0
2055 4 12.50767376 0.242648699 391.2 105.381858 390 0
2055 5 20.73750742 8.031572321 461.6 180.9634678 390 0
2055 6 24.43948755 13.28843884 512.7 143.5340663 390 0
2055 7 27.16129995 14.75456362 503.7 108.0578807 390 0
2055 8 26.16954211 14.48953798 439.3 148.9567367 390 0
2055 9 22.78641678 10.291504 346.6 121.3370608 390 0
2055 10 17.29655442 3.83685282 255.1 171.3523562 390 0
2055 11 9.54708091 -1.206768773 163.1 122.1204248 390 0
2055 12 -3.447172632 -14.3999649 125 29.7513742 390 0
2056 1 -1.549933628 -11.81078214 143.5 26.44315155 390 0
2056 2 3.479615784 -7.911276726 209.8 60.54186013 390 0
2056 3 9.493672091 -3.567514116 301.6 69.76913286 390 0
2056 4 14.64795565 2.154318698 391.2 44.76125766 390 0
2056 5 21.34666946 7.385438531 461.6 96.51109984 390 0
2056 6 22.41408735 10.95059776 512.7 103.5317547 390 0
2056 7 27.90326688 14.69437181 503.7 88.79413712 390 0
2056 8 26.008025 14.09698924 439.3 164.9108332 390 0
2056 9 22.64589737 10.4419429 346.6 109.0226639 390 0
2056 10 17.25752201 4.290781801 255.1 66.99145061 390 0
2056 11 9.959443679 0.933445533 163.1 170.3758313 390 0
2056 12 1.483365747 -8.175629936 125 42.61670157 390 0
2057 1 3.45691044 -6.20137174 143.5 81.08834141 390 0
2057 2 6.05798457 -4.79587643 209.8 24.56101244 390 0
2057 3 12.31095667 0.864596806 301.6 49.4291929 390 0
2057 4 15.74697895 3.02240714 391.2 85.89004389 390 0
2057 5 20.79105472 10.31333992 461.6 107.35943 390 0
2057 6 23.78115104 12.8952398 512.7 125.6824801 390 0
2057 7 28.90520498 16.86449042 503.7 69.76037592 390 0
2057 8 27.79542261 16.22850641 439.3 116.5562478 390 0
2057 9 22.55927329 11.04818964 346.6 118.6654049 390 0
2057 10 16.88587802 6.861800307 255.1 127.8198984 390 0
2057 11 8.741415303 -0.984895665 163.1 22.71939012 390 0
2057 12 5.378877333 -2.884573277 125 136.3281684 390 0
2058 1 1.197739573 -8.864210248 143.5 95.38453019 390 0
2058 2 4.940685182 -5.160347216 209.8 53.87354954 390 0
2058 3 6.100497827 -4.047492839 301.6 104.6955222 390 0
2058 4 12.48502043 0.465742376 391.2 140.2023555 390 0
2058 5 17.72243428 5.942013391 461.6 80.8474353 390 0
2058 6 25.40745594 11.97899238 512.7 37.17682817 390 0
2058 7 27.69509032 14.62931182 503.7 78.82255965 390 0
2058 8 26.00189029 14.2324645 439.3 119.9486271 390 0
2058 9 21.98525478 10.19865138 346.6 43.54093008 390 0
2058 10 15.77024229 3.065314468 255.1 47.07339151 390 0
2058 11 7.709532322 -1.509033303 163.1 158.2323733 390 0
2058 12 4.128089251 -5.296758541 125 84.57857146 390 0
2059 1 -1.549933628 -11.81078214 143.5 26.44315155 390 0
2059 2 3.479615784 -7.911276726 209.8 60.54186013 390 0
2059 3 9.493672091 -3.567514116 301.6 69.76913286 390 0
2059 4 14.64795565 2.154318698 391.2 44.76125766 390 0
2059 5 21.34666946 7.385438531 461.6 96.51109984 390 0
2059 6 22.41408735 10.95059776 512.7 103.5317547 390 0
2059 7 27.90326688 14.69437181 503.7 88.79413712 390 0
2059 8 26.008025 14.09698924 439.3 164.9108332 390 0
2059 9 22.64589737 10.4419429 346.6 109.0226639 390 0
2059 10 17.25752201 4.290781801 255.1 66.99145061 390 0
2059 11 9.959443679 0.933445533 163.1 170.3758313 390 0
2059 12 1.483365747 -8.175629936 125 42.61670157 390 0
2060 1 -2.618977424 -14.82476018 143.5 19.4133468 390 0
2060 2 6.279569621 -5.516607872 209.8 198.0799607 390 0
2060 3 7.465005592 -3.504575591 301.6 18.85484198 390 0
2060 4 15.7247019 2.91222431 391.2 97.19092166 390 0
2060 5 21.43997929 7.438611808 461.6 75.61178927 390 0
2060 6 25.61017162 12.60793926 512.7 82.66980355 390 0
2060 7 27.83013309 15.50123059 503.7 117.0945497 390 0
2060 8 26.75876423 13.13834918 439.3 39.4948255 390 0
2060 9 21.15789371 9.685919941 346.6 107.9202407 390 0
2060 10 14.42690753 2.30905955 255.1 134.6962245 390 0
2060 11 9.765971797 -0.627460659 163.1 79.14673356 390 0
2060 12 2.315303876 -6.192142372 125 143.9200859 390 0
2061 1 3.132314247 -6.194185098 143.5 77.38503129 390 0
2061 2 -0.90425142 -10.65321699 209.8 52.10163828 390 0
2061 3 6.88188951 -4.989242478 301.6 127.1264603 390 0
2061 4 11.5374141 1.313120902 391.2 207.6511944 390 0
2061 5 21.6863577 7.879607086 461.6 76.76061829 390 0
2061 6 24.58780197 12.87093722 512.7 80.73267499 390 0
2061 7 26.74980752 15.65709543 503.7 113.7069333 390 0
2061 8 27.02343501 14.89572884 439.3 41.88961476 390 0
2061 9 24.21170661 11.08998699 346.6 60.75112471 390 0
2061 10 18.91806286 7.755317133 255.1 97.82231585 390 0
2061 11 8.935015003 -1.565631473 163.1 88.94583229 390 0
2061 12 1.862727696 -6.656980547 125 128.3950084 390 0
2062 1 1.626760342 -8.486946093 143.5 123.949275 390 0
2062 2 3.603196567 -7.620756777 209.8 109.4595009 390 0
2062 3 7.626319345 -1.441400702 301.6 212.9159497 390 0
2062 4 13.14025837 2.423544607 391.2 226.7577165 390 0
2062 5 18.16969324 7.080821159 461.6 132.8351635 390 0
2062 6 26.34926131 12.14864154 512.7 63.83820842 390 0
2062 7 29.02444807 14.88440035 503.7 51.53863224 390 0
2062 8 27.66358668 14.56830288 439.3 91.21846083 390 0
2062 9 25.35858304 10.52904097 346.6 47.55535687 390 0
2062 10 16.10419918 4.249104898 255.1 124.7021698 390 0
2062 11 10.50233358 0.071675283 163.1 222.0089122 390 0
2062 12 2.435993958 -7.250795903 125 163.0971853 390 0
2063 1 3.45691044 -6.20137174 143.5 81.08834141 390 0
2063 2 6.05798457 -4.79587643 209.8 24.56101244 390 0
2063 3 12.31095667 0.864596806 301.6 49.4291929 390 0
2063 4 15.74697895 3.02240714 391.2 85.89004389 390 0
2063 5 20.79105472 10.31333992 461.6 107.35943 390 0
2063 6 23.78115104 12.8952398 512.7 125.6824801 390 0
2063 7 28.90520498 16.86449042 503.7 69.76037592 390 0
2063 8 27.79542261 16.22850641 439.3 116.5562478 390 0
2063 9 22.55927329 11.04818964 346.6 118.6654049 390 0
2063 10 16.88587802 6.861800307 255.1 127.8198984 390 0
2063 11 8.741415303 -0.984895665 163.1 22.71939012 390 0
2063 12 5.378877333 -2.884573277 125 136.3281684 390 0
2064 1 0.566561491 -10.5128979 143.5 89.47347663 390 0
2064 2 3.746578905 -6.785625212 209.8 82.38613184 390 0
2064 3 10.76188044 -1.14280479 301.6 108.7457714 390 0
2064 4 12.65607687 2.343286228 391.2 150.4924106 390 0
2064 5 19.63795702 7.439884632 461.6 98.9155175 390 0
2064 6 24.45432385 12.45703695 512.7 143.0386718 390 0
2064 7 25.25409631 13.94177784 503.7 130.3459274 390 0
2064 8 24.91033047 14.12939291 439.3 77.87765122 390 0
2064 9 22.26344775 10.10360035 346.6 89.14442275 390 0
2064 10 16.51893643 3.723444713 255.1 53.89808265 390 0
2064 11 9.073089543 0.003758462 163.1 97.78428405 390 0
2064 12 1.39103672 -8.771315904 125 114.4367099 390 0
2065 1 -2.618977424 -14.82476018 143.5 19.4133468 390 0
2065 2 6.279569621 -5.516607872 209.8 198.0799607 390 0
2065 3 7.465005592 -3.504575591 301.6 18.85484198 390 0
2065 4 15.7247019 2.91222431 391.2 97.19092166 390 0
2065 5 21.43997929 7.438611808 461.6 75.61178927 390 0
2065 6 25.61017162 12.60793926 512.7 82.66980355 390 0
2065 7 27.83013309 15.50123059 503.7 117.0945497 390 0
2065 8 26.75876423 13.13834918 439.3 39.4948255 390 0
2065 9 21.15789371 9.685919941 346.6 107.9202407 390 0
2065 10 14.42690753 2.30905955 255.1 134.6962245 390 0
2065 11 9.765971797 -0.627460659 163.1 79.14673356 390 0
2065 12 2.315303876 -6.192142372 125 143.9200859 390 0
2066 1 -2.005095111 -12.58925048 143.5 90.6522706 390 0
2066 2 3.320636554 -7.870625777 209.8 48.48653215 390 0
2066 3 7.08881285 -3.924364668 301.6 76.62794252 390 0
2066 4 15.19563092 3.057471408 391.2 107.6939315 390 0
2066 5 19.70087155 8.135005692 461.6 95.12904818 390 0
2066 6 21.6065116 12.60220433 512.7 157.1742344 390 0
2066 7 24.76856888 14.69482639 503.7 208.453863 390 0
2066 8 27.06975752 16.4102277 439.3 114.2004123 390 0
2066 9 21.59027433 9.551622101 346.6 46.83075683 390 0
2066 10 13.90915061 3.816372181 255.1 143.8846392 390 0
2066 11 12.13709373 2.420399548 163.1 94.17735017 390 0
2066 12 2.989267117 -6.308519664 125 132.4575553 390 0
2067 1 -0.564066581 -11.5484317 143.5 54.26456051 390 0
2067 2 5.851139355 -4.411597505 209.8 153.767028 390 0
2067 3 3.554458349 -6.134118258 301.6 139.692695 390 0
2067 4 12.80843695 1.789188005 391.2 122.2247411 390 0
2067 5 19.31164048 6.284457086 461.6 223.5967048 390 0
2067 6 25.92415972 12.81315604 512.7 120.6864541 390 0
2067 7 26.73698686 15.29709577 503.7 135.6233701 390 0
2067 8 27.54722468 15.70243183 439.3 32.10713223 390 0
2067 9 21.89812156 8.050910722 346.6 37.39783179 390 0
2067 10 17.84977845 5.178400642 255.1 97.1229933 390 0
2067 11 10.73094316 -1.212157509 163.1 78.72179366 390 0
2067 12 6.366658415 -3.804457045 125 80.68903546 390 0
2068 1 3.572108581 -5.053219376 143.5 102.1990072 390 0
2068 2 1.671264076 -10.41512608 209.8 70.21948726 390 0
2068 3 8.172187443 -2.465255006 301.6 66.70719097 390 0
2068 4 13.06283176 0.031418005 391.2 60.39735616 390 0
2068 5 18.75273182 6.250713007 461.6 76.12880773 390 0
2068 6 25.68035897 12.3339637 512.7 50.60192555 390 0
2068 7 28.76727109 16.42723219 503.7 81.90535477 390 0
2068 8 27.68218607 13.45790073 439.3 51.53643776 390 0
2068 9 22.02215709 8.518620451 346.6 80.29431759 390 0
2068 10 18.79033897 5.334104165 255.1 213.1567138 390 0
2068 11 7.60273432 -2.144564544 163.1 145.1134209 390 0
2068 12 0.694458978 -8.38087953 125 66.79042964 390 0
2069 1 3.45691044 -6.20137174 143.5 81.08834141 390 0
2069 2 6.05798457 -4.79587643 209.8 24.56101244 390 0
2069 3 12.31095667 0.864596806 301.6 49.4291929 390 0
2069 4 15.74697895 3.02240714 391.2 85.89004389 390 0
2069 5 20.79105472 10.31333992 461.6 107.35943 390 0
2069 6 23.78115104 12.8952398 512.7 125.6824801 390 0
2069 7 28.90520498 16.86449042 503.7 69.76037592 390 0
2069 8 27.79542261 16.22850641 439.3 116.5562478 390 0
2069 9 22.55927329 11.04818964 346.6 118.6654049 390 0
2069 10 16.88587802 6.861800307 255.1 127.8198984 390 0
2069 11 8.741415303 -0.984895665 163.1 22.71939012 390 0
2069 12 5.378877333 -2.884573277 125 136.3281684 390 0
2070 1 -2.489948941 -14.63439894 143.5 135.2609895 390 0
2070 2 -0.108521289 -11.82436392 209.8 60.66236116 390 0
2070 3 6.117030097 -4.221692604 301.6 157.9104753 390 0
2070 4 15.3442492 1.87569569 391.2 68.68344786 390 0
2070 5 19.38727045 6.15234789 461.6 110.0401024 390 0
2070 6 26.30941028 13.78189671 512.7 64.36379023 390 0
2070 7 29.17708351 17.63784328 503.7 93.1031728 390 0
2070 8 25.82537931 13.98379498 439.3 145.4915292 390 0
2070 9 21.26918231 10.02484824 346.6 130.1807267 390 0
2070 10 16.90022778 3.118773569 255.1 24.27389926 390 0
2070 11 12.86860192 0.551516787 163.1 111.0277246 390 0
2070 12 6.209427565 -4.27391114 125 130.8681186 390 0
2071 1 2.708676663 -8.680037058 143.5 127.6854227 390 0
2071 2 0.651599917 -8.954577814 209.8 79.92146511 390 0
2071 3 8.866738816 -3.694083601 301.6 92.17307731 390 0
2071 4 15.15747663 2.867467697 391.2 51.66311441 390 0
2071 5 20.92404634 7.828091828 461.6 46.1289821 390 0
2071 6 23.87070061 10.77130632 512.7 160.8931483 390 0
2071 7 26.0887223 14.86949466 503.7 129.7044236 390 0
2071 8 24.78091181 13.64865417 439.3 95.24205157 390 0
2071 9 20.87119354 8.950129278 346.6 38.3382064 390 0
2071 10 16.62894925 3.63548911 255.1 63.55318926 390 0
2071 11 8.895841074 -2.608317597 163.1 156.771339 390 0
2071 12 4.119938735 -4.960099026 125 161.4235801 390 0
2072 1 -2.618977424 -14.82476018 143.5 19.4133468 390 0
2072 2 6.279569621 -5.516607872 209.8 198.0799607 390 0
2072 3 7.465005592 -3.504575591 301.6 18.85484198 390 0
2072 4 15.7247019 2.91222431 391.2 97.19092166 390 0
2072 5 21.43997929 7.438611808 461.6 75.61178927 390 0
2072 6 25.61017162 12.60793926 512.7 82.66980355 390 0
2072 7 27.83013309 15.50123059 503.7 117.0945497 390 0
2072 8 26.75876423 13.13834918 439.3 39.4948255 390 0
2072 9 21.15789371 9.685919941 346.6 107.9202407 390 0
2072 10 14.42690753 2.30905955 255.1 134.6962245 390 0
2072 11 9.765971797 -0.627460659 163.1 79.14673356 390 0
2072 12 2.315303876 -6.192142372 125 143.9200859 390 0
2073 1 2.099661222 -8.593270386 143.5 75.71674973 390 0
2073 2 3.247941093 -7.293752383 209.8 57.44114994 390 0
2073 3 5.499527791 -5.441899979 301.6 103.2965657 390 0
2073 4 12.07849315 0.553265727 391.2 73.64405591 390 0
2073 5 20.41110617 5.769111691 461.6 39.3430817 390 0
2073 6 24.48306498 11.31800751 512.7 147.1070698 390 0
2073 7 25.57005016 13.59772792 503.7 97.14554807 390 0
2073 8 24.94031296 13.63961689 439.3 140.8842663 390 0
2073 9 21.92098972 10.03034559 346.6 78.90722786 390 0
2073 10 14.49254124 2.245354959 255.1 64.29819785 390 0
2073 11 7.889254389 -0.981911157 163.1 134.4713315 390 0
2073 12 3.035042602 -5.913600338 125 133.1073093 390 0
2074 1 -2.489948941 -14.63439894 143.5 135.2609895 390 0
2074 2 -0.108521289 -11.82436392 209.8 60.66236116 390 0
2074 3 6.117030097 -4.221692604 301.6 157.9104753 390 0
2074 4 15.3442492 1.87569569 391.2 68.68344786 390 0
2074 5 19.38727045 6.15234789 461.6 110.0401024 390 0
2074 6 26.30941028 13.78189671 512.7 64.36379023 390 0
2074 7 29.17708351 17.63784328 503.7 93.1031728 390 0
2074 8 25.82537931 13.98379498 439.3 145.4915292 390 0
2074 9 21.26918231 10.02484824 346.6 130.1807267 390 0
2074 10 16.90022778 3.118773569 255.1 24.27389926 390 0
2074 11 12.86860192 0.551516787 163.1 111.0277246 390 0
2074 12 6.209427565 -4.27391114 125 130.8681186 390 0
2075 1 -2.005095111 -12.58925048 143.5 90.6522706 390 0
2075 2 3.320636554 -7.870625777 209.8 48.48653215 390 0
2075 3 7.08881285 -3.924364668 301.6 76.62794252 390 0
2075 4 15.19563092 3.057471408 391.2 107.6939315 390 0
2075 5 19.70087155 8.135005692 461.6 95.12904818 390 0
2075 6 21.6065116 12.60220433 512.7 157.1742344 390 0
2075 7 24.76856888 14.69482639 503.7 208.453863 390 0
2075 8 27.06975752 16.4102277 439.3 114.2004123 390 0
2075 9 21.59027433 9.551622101 346.6 46.83075683 390 0
2075 10 13.90915061 3.816372181 255.1 143.8846392 390 0
2075 11 12.13709373 2.420399548 163.1 94.17735017 390 0
2075 12 2.989267117 -6.308519664 125 132.4575553 390 0
2076 1 4.95713798 -4.733121302 143.5 119.3400193 390 0
2076 2 5.063452992 -7.190732384 209.8 93.23679095 390 0
2076 3 9.543135657 -3.785802983 301.6 56.61810782 390 0
2076 4 13.71698452 1.994876634 391.2 116.8448787 390 0
2076 5 17.77832993 6.153357269 461.6 179.6680958 390 0
2076 6 24.97815953 12.2425165 512.7 55.01085565 390 0
2076 7 27.21608747 15.90591142 503.7 84.13579246 390 0
2076 8 26.7431202 15.73353651 439.3 185.9107327 390 0
2076 9 22.20056071 9.586541752 346.6 44.66181678 390 0
2076 10 18.63888771 6.565722792 255.1 208.7348212 390 0
2076 11 12.04311829 0.146353372 163.1 75.90461495 390 0
2076 12 6.956343757 -3.427844896 125 134.5990361 390 0
2077 1 -0.349199281 -10.23090984 143.5 124.599395 390 0
2077 2 3.484414742 -8.312315775 209.8 74.63325982 390 0
2077 3 4.797691331 -5.974319891 301.6 124.0807257 390 0
2077 4 15.91920388 2.269632519 391.2 135.181209 390 0
2077 5 16.10882989 5.789422667 461.6 123.7985046 390 0
2077 6 26.05058727 14.23749638 512.7 61.99856424 390 0
2077 7 27.50838277 16.49166802 503.7 86.71352863 390 0
2077 8 27.97718462 16.5805105 439.3 68.2436085 390 0
2077 9 24.86019381 12.25454375 346.6 65.54635706 390 0
2077 10 15.38779457 6.803959955 255.1 382.6154427 390 0
2077 11 11.34253948 -0.291205054 163.1 119.7599653 390 0
2077 12 2.693565823 -6.901322755 125 116.1387274 390 0
2078 1 1.142333169 -10.36801087 143.5 52.22564079 390 0
2078 2 2.986590621 -8.034549917 209.8 73.95911198 390 0
2078 3 4.540351375 -4.250598829 301.6 206.8979235 390 0
2078 4 14.40037617 1.533204003 391.2 40.95262008 390 0
2078 5 21.40255581 7.80224632 461.6 74.24504071 390 0
2078 6 25.82423209 13.85583537 512.7 154.7156156 390 0
2078 7 26.27300068 13.79795724 503.7 74.20141307 390 0
2078 8 28.34947971 16.34817468 439.3 83.88359499 390 0
2078 9 23.49293844 10.70761754 346.6 87.44002735 390 0
2078 10 18.05627788 4.317340094 255.1 26.34173266 390 0
2078 11 12.49994316 0.657523907 163.1 34.25492998 390 0
2078 12 7.227417231 -2.662794752 125 72.2722051 390 0
2079 1 4.95713798 -4.733121302 143.5 119.3400193 390 0
2079 2 5.063452992 -7.190732384 209.8 93.23679095 390 0
2079 3 9.543135657 -3.785802983 301.6 56.61810782 390 0
2079 4 13.71698452 1.994876634 391.2 116.8448787 390 0
2079 5 17.77832993 6.153357269 461.6 179.6680958 390 0
2079 6 24.97815953 12.2425165 512.7 55.01085565 390 0
2079 7 27.21608747 15.90591142 503.7 84.13579246 390 0
2079 8 26.7431202 15.73353651 439.3 185.9107327 390 0
2079 9 22.20056071 9.586541752 346.6 44.66181678 390 0
2079 10 18.63888771 6.565722792 255.1 208.7348212 390 0
2079 11 12.04311829 0.146353372 163.1 75.90461495 390 0
2079 12 6.956343757 -3.427844896 125 134.5990361 390 0
2080 1 -2.618977424 -14.82476018 143.5 19.4133468 390 0
2080 2 6.279569621 -5.516607872 209.8 198.0799607 390 0
2080 3 7.465005592 -3.504575591 301.6 18.85484198 390 0
2080 4 15.7247019 2.91222431 391.2 97.19092166 390 0
2080 5 21.43997929 7.438611808 461.6 75.61178927 390 0
2080 6 25.61017162 12.60793926 512.7 82.66980355 390 0
2080 7 27.83013309 15.50123059 503.7 117.0945497 390 0
2080 8 26.75876423 13.13834918 439.3 39.4948255 390 0
2080 9 21.15789371 9.685919941 346.6 107.9202407 390 0
2080 10 14.42690753 2.30905955 255.1 134.6962245 390 0
2080 11 9.765971797 -0.627460659 163.1 79.14673356 390 0
2080 12 2.315303876 -6.192142372 125 143.9200859 390 0
2081 1 3.45691044 -6.20137174 143.5 81.08834141 390 0
2081 2 6.05798457 -4.79587643 209.8 24.56101244 390 0
2081 3 12.31095667 0.864596806 301.6 49.4291929 390 0
2081 4 15.74697895 3.02240714 391.2 85.89004389 390 0
2081 5 20.79105472 10.31333992 461.6 107.35943 390 0
2081 6 23.78115104 12.8952398 512.7 125.6824801 390 0
2081 7 28.90520498 16.86449042 503.7 69.76037592 390 0
2081 8 27.79542261 16.22850641 439.3 116.5562478 390 0
2081 9 22.55927329 11.04818964 346.6 118.6654049 390 0
2081 10 16.88587802 6.861800307 255.1 127.8198984 390 0
2081 11 8.741415303 -0.984895665 163.1 22.71939012 390 0
2081 12 5.378877333 -2.884573277 125 136.3281684 390 0
2082 1 -2.69023229 -14.70982015 143.5 121.0184804 390 0
2082 2 2.09235059 -8.288546109 209.8 88.15596925 390 0
2082 3 6.899006727 -4.942111979 301.6 67.63777962 390 0
2082 4 13.03465237 -0.194739218 391.2 118.177203 390 0
2082 5 21.32381533 7.218955152 461.6 68.20840626 390 0
2082 6 21.80123674 10.83279932 512.7 277.5192745 390 0
2082 7 28.26121393 14.43374158 503.7 86.29722355 390 0
2082 8 25.10136574 12.63538216 439.3 72.36666509 390 0
2082 9 22.25554777 9.994614898 346.6 67.92971452 390 0
2082 10 16.52611331 2.714155956 255.1 73.27687653 390 0
2082 11 12.00766376 1.190737281 163.1 101.8612313 390 0
2082 12 6.675919419 -3.505299904 125 40.79028468 390 0
2083 1 -2.005095111 -12.58925048 143.5 90.6522706 390 0
2083 2 3.320636554 -7.870625777 209.8 48.48653215 390 0
2083 3 7.08881285 -3.924364668 301.6 76.62794252 390 0
2083 4 15.19563092 3.057471408 391.2 107.6939315 390 0
2083 5 19.70087155 8.135005692 461.6 95.12904818 390 0
2083 6 21.6065116 12.60220433 512.7 157.1742344 390 0
2083 7 24.76856888 14.69482639 503.7 208.453863 390 0
2083 8 27.06975752 16.4102277 439.3 114.2004123 390 0
2083 9 21.59027433 9.551622101 346.6 46.83075683 390 0
2083 10 13.90915061 3.816372181 255.1 143.8846392 390 0
2083 11 12.13709373 2.420399548 163.1 94.17735017 390 0
2083 12 2.989267117 -6.308519664 125 132.4575553 390 0
2084 1 1.526324696 -9.639873206 143.5 74.46225126 390 0
2084 2 5.33203844 -6.274857486 209.8 53.52295164 390 0
2084 3 8.740762723 -1.968752554 301.6 124.7352411 390 0
2084 4 16.30524299 2.664254575 391.2 81.18444504 390 0
2084 5 23.57758818 8.958551816 461.6 110.4131272 390 0
2084 6 26.09914939 12.34871546 512.7 56.549906 390 0
2084 7 27.7258722 14.66333026 503.7 78.7185487 390 0
2084 8 27.24673609 15.1805213 439.3 220.2668329 390 0
2084 9 21.88414823 9.099510725 346.6 168.8511112 390 0
2084 10 17.62178685 4.841480757 255.1 76.73378735 390 0
2084 11 9.55888512 0.484516983 163.1 124.8185348 390 0
2084 12 4.762965232 -5.664583653 125 86.02449718 390 0
2085 1 3.45691044 -6.20137174 143.5 81.08834141 390 0
2085 2 6.05798457 -4.79587643 209.8 24.56101244 390 0
2085 3 12.31095667 0.864596806 301.6 49.4291929 390 0
2085 4 15.74697895 3.02240714 391.2 85.89004389 390 0
2085 5 20.79105472 10.31333992 461.6 107.35943 390 0
2085 6 23.78115104 12.8952398 512.7 125.6824801 390 0
2085 7 28.90520498 16.86449042 503.7 69.76037592 390 0
2085 8 27.79542261 16.22850641 439.3 116.5562478 390 0
2085 9 22.55927329 11.04818964 346.6 118.6654049 390 0
2085 10 16.88587802 6.861800307 255.1 127.8198984 390 0
2085 11 8.741415303 -0.984895665 163.1 22.71939012 390 0
2085 12 5.378877333 -2.884573277 125 136.3281684 390 0
2086 1 -0.349199281 -10.23090984 143.5 124.599395 390 0
2086 2 3.484414742 -8.312315775 209.8 74.63325982 390 0
2086 3 4.797691331 -5.974319891 301.6 124.0807257 390 0
2086 4 15.91920388 2.269632519 391.2 135.181209 390 0
2086 5 16.10882989 5.789422667 461.6 123.7985046 390 0
2086 6 26.05058727 14.23749638 512.7 61.99856424 390 0
2086 7 27.50838277 16.49166802 503.7 86.71352863 390 0
2086 8 27.97718462 16.5805105 439.3 68.2436085 390 0
2086 9 24.86019381 12.25454375 346.6 65.54635706 390 0
2086 10 15.38779457 6.803959955 255.1 382.6154427 390 0
2086 11 11.34253948 -0.291205054 163.1 119.7599653 390 0
2086 12 2.693565823 -6.901322755 125 116.1387274 390 0
2087 1 1.105710728 -8.084758433 143.5 86.76907967 390 0
2087 2 2.123622732 -5.624008521 209.8 124.1640387 390 0
2087 3 10.30507848 0.041419798 301.6 289.2520714 390 0
2087 4 16.73382547 4.027839274 391.2 46.567718 390 0
2087 5 22.39269935 8.920613444 461.6 69.99455526 390 0
2087 6 25.48082136 14.19540223 512.7 87.82785767 390 0
2087 7 29.4127696 17.52799696 503.7 76.58854064 390 0
2087 8 26.85061577 15.37507224 439.3 98.60355049 390 0
2087 9 24.08383625 12.41694202 346.6 56.88125379 390 0
2087 10 16.30502015 5.361407202 255.1 151.1496927 390 0
2087 11 9.98025594 -0.007531459 163.1 99.60237879 390 0
2087 12 2.046083877 -6.609113247 125 111.5646255 390 0
2088 1 1.526324696 -9.639873206 143.5 74.46225126 390 0
2088 2 5.33203844 -6.274857486 209.8 53.52295164 390 0
2088 3 8.740762723 -1.968752554 301.6 124.7352411 390 0
2088 4 16.30524299 2.664254575 391.2 81.18444504 390 0
2088 5 23.57758818 8.958551816 461.6 110.4131272 390 0
2088 6 26.09914939 12.34871546 512.7 56.549906 390 0
2088 7 27.7258722 14.66333026 503.7 78.7185487 390 0
2088 8 27.24673609 15.1805213 439.3 220.2668329 390 0
2088 9 21.88414823 9.099510725 346.6 168.8511112 390 0
2088 10 17.62178685 4.841480757 255.1 76.73378735 390 0
2088 11 9.55888512 0.484516983 163.1 124.8185348 390 0
2088 12 4.762965232 -5.664583653 125 86.02449718 390 0
2089 1 1.976991156 -7.800388544 143.5 37.00796219 390 0
2089 2 2.179763399 -6.670808791 209.8 110.6182962 390 0
2089 3 6.004143005 -2.958359044 301.6 70.82028165 390 0
2089 4 14.09084531 1.767234448 391.2 49.40995873 390 0
2089 5 20.64024447 7.44179395 461.6 122.2191794 390 0
2089 6 25.08813529 13.80400461 512.7 237.165834 390 0
2089 7 28.6959348 19.04225039 503.7 105.6187426 390 0
2089 8 25.8730037 14.22148942 439.3 86.73370537 390 0
2089 9 22.40326366 10.21898536 346.6 91.93466147 390 0
2089 10 17.22333038 4.968090866 255.1 32.10905823 390 0
2089 11 9.654382143 -1.663403904 163.1 92.50785169 390 0
2089 12 2.750084534 -6.421605501 125 103.2638233 390 0
2090 1 1.197739573 -8.864210248 143.5 95.38453019 390 0
2090 2 4.940685182 -5.160347216 209.8 53.87354954 390 0
2090 3 6.100497827 -4.047492839 301.6 104.6955222 390 0
2090 4 12.48502043 0.465742376 391.2 140.2023555 390 0
2090 5 17.72243428 5.942013391 461.6 80.8474353 390 0
2090 6 25.40745594 11.97899238 512.7 37.17682817 390 0
2090 7 27.69509032 14.62931182 503.7 78.82255965 390 0
2090 8 26.00189029 14.2324645 439.3 119.9486271 390 0
2090 9 21.98525478 10.19865138 346.6 43.54093008 390 0
2090 10 15.77024229 3.065314468 255.1 47.07339151 390 0
2090 11 7.709532322 -1.509033303 163.1 158.2323733 390 0
2090 12 4.128089251 -5.296758541 125 84.57857146 390 0
2091 1 2.252138749 -7.380844754 143.5 65.13128101 390 0
2091 2 -0.462367278 -12.41424843 209.8 88.03660814 390 0
2091 3 5.207909662 -5.7781707 301.6 166.0253327 390 0
2091 4 13.76987194 2.044006857 391.2 124.4152272 390 0
2091 5 21.50003921 7.605343172 461.6 23.13550494 390 0
2091 6 25.20918703 11.75497295 512.7 64.9625134 390 0
2091 7 28.43365482 15.04540632 503.7 68.11105321 390 0
2091 8 27.69801242 14.86524765 439.3 59.54380311 390 0
2091 9 21.67495998 10.77081201 346.6 140.0043304 390 0
2091 10 14.95598137 2.541463868 255.1 94.01215795 390 0
2091 11 10.49558941 -1.756777421 163.1 111.2684206 390 0
2091 12 3.537081703 -5.99985275 125 140.5439893 390 0
2092 1 -2.005095111 -12.58925048 143.5 90.6522706 390 0
2092 2 3.320636554 -7.870625777 209.8 48.48653215 390 0
2092 3 7.08881285 -3.924364668 301.6 76.62794252 390 0
2092 4 15.19563092 3.057471408 391.2 107.6939315 390 0
2092 5 19.70087155 8.135005692 461.6 95.12904818 390 0
2092 6 21.6065116 12.60220433 512.7 157.1742344 390 0
2092 7 24.76856888 14.69482639 503.7 208.453863 390 0
2092 8 27.06975752 16.4102277 439.3 114.2004123 390 0
2092 9 21.59027433 9.551622101 346.6 46.83075683 390 0
2092 10 13.90915061 3.816372181 255.1 143.8846392 390 0
2092 11 12.13709373 2.420399548 163.1 94.17735017 390 0
2092 12 2.989267117 -6.308519664 125 132.4575553 390 0
2093 1 -2.005095111 -12.58925048 143.5 90.6522706 390 0
2093 2 3.320636554 -7.870625777 209.8 48.48653215 390 0
2093 3 7.08881285 -3.924364668 301.6 76.62794252 390 0
2093 4 15.19563092 3.057471408 391.2 107.6939315 390 0
2093 5 19.70087155 8.135005692 461.6 95.12904818 390 0
2093 6 21.6065116 12.60220433 512.7 157.1742344 390 0
2093 7 24.76856888 14.69482639 503.7 208.453863 390 0
2093 8 27.06975752 16.4102277 439.3 114.2004123 390 0
2093 9 21.59027433 9.551622101 346.6 46.83075683 390 0
2093 10 13.90915061 3.816372181 255.1 143.8846392 390 0
2093 11 12.13709373 2.420399548 163.1 94.17735017 390 0
2093 12 2.989267117 -6.308519664 125 132.4575553 390 0
2094 1 0.566561491 -10.5128979 143.5 89.47347663 390 0
2094 2 3.746578905 -6.785625212 209.8 82.38613184 390 0
2094 3 10.76188044 -1.14280479 301.6 108.7457714 390 0
2094 4 12.65607687 2.343286228 391.2 150.4924106 390 0
2094 5 19.63795702 7.439884632 461.6 98.9155175 390 0
2094 6 24.45432385 12.45703695 512.7 143.0386718 390 0
2094 7 25.25409631 13.94177784 503.7 130.3459274 390 0
2094 8 24.91033047 14.12939291 439.3 77.87765122 390 0
2094 9 22.26344775 10.10360035 346.6 89.14442275 390 0
2094 10 16.51893643 3.723444713 255.1 53.89808265 390 0
2094 11 9.073089543 0.003758462 163.1 97.78428405 390 0
2094 12 1.39103672 -8.771315904 125 114.4367099 390 0
2095 1 -2.005095111 -12.58925048 143.5 90.6522706 390 0
2095 2 3.320636554 -7.870625777 209.8 48.48653215 390 0
2095 3 7.08881285 -3.924364668 301.6 76.62794252 390 0
2095 4 15.19563092 3.057471408 391.2 107.6939315 390 0
2095 5 19.70087155 8.135005692 461.6 95.12904818 390 0
2095 6 21.6065116 12.60220433 512.7 157.1742344 390 0
2095 7 24.76856888 14.69482639 503.7 208.453863 390 0
2095 8 27.06975752 16.4102277 439.3 114.2004123 390 0
2095 9 21.59027433 9.551622101 346.6 46.83075683 390 0
2095 10 13.90915061 3.816372181 255.1 143.8846392 390 0
2095 11 12.13709373 2.420399548 163.1 94.17735017 390 0
2095 12 2.989267117 -6.308519664 125 132.4575553 390 0
2096 1 2.252138749 -7.380844754 143.5 65.13128101 390 0
2096 2 -0.462367278 -12.41424843 209.8 88.03660814 390 0
2096 3 5.207909662 -5.7781707 301.6 166.0253327 390 0
2096 4 13.76987194 2.044006857 391.2 124.4152272 390 0
2096 5 21.50003921 7.605343172 461.6 23.13550494 390 0
2096 6 25.20918703 11.75497295 512.7 64.9625134 390 0
2096 7 28.43365482 15.04540632 503.7 68.11105321 390 0
2096 8 27.69801242 14.86524765 439.3 59.54380311 390 0
2096 9 21.67495998 10.77081201 346.6 140.0043304 390 0
2096 10 14.95598137 2.541463868 255.1 94.01215795 390 0
2096 11 10.49558941 -1.756777421 163.1 111.2684206 390 0
2096 12 3.537081703 -5.99985275 125 140.5439893 390 0
2097 1 1.976991156 -7.800388544 143.5 37.00796219 390 0
2097 2 2.179763399 -6.670808791 209.8 110.6182962 390 0
2097 3 6.004143005 -2.958359044 301.6 70.82028165 390 0
2097 4 14.09084531 1.767234448 391.2 49.40995873 390 0
2097 5 20.64024447 7.44179395 461.6 122.2191794 390 0
2097 6 25.08813529 13.80400461 512.7 237.165834 390 0
2097 7 28.6959348 19.04225039 503.7 105.6187426 390 0
2097 8 25.8730037 14.22148942 439.3 86.73370537 390 0
2097 9 22.40326366 10.21898536 346.6 91.93466147 390 0
2097 10 17.22333038 4.968090866 255.1 32.10905823 390 0
2097 11 9.654382143 -1.663403904 163.1 92.50785169 390 0
2097 12 2.750084534 -6.421605501 125 103.2638233 390 0
2098 1 -1.549933628 -11.81078214 143.5 26.44315155 390 0
2098 2 3.479615784 -7.911276726 209.8 60.54186013 390 0
2098 3 9.493672091 -3.567514116 301.6 69.76913286 390 0
2098 4 14.64795565 2.154318698 391.2 44.76125766 390 0
2098 5 21.34666946 7.385438531 461.6 96.51109984 390 0
2098 6 22.41408735 10.95059776 512.7 103.5317547 390 0
2098 7 27.90326688 14.69437181 503.7 88.79413712 390 0
2098 8 26.008025 14.09698924 439.3 164.9108332 390 0
2098 9 22.64589737 10.4419429 346.6 109.0226639 390 0
2098 10 17.25752201 4.290781801 255.1 66.99145061 390 0
2098 11 9.959443679 0.933445533 163.1 170.3758313 390 0
2098 12 1.483365747 -8.175629936 125 42.61670157 390 0
2099 1 4.678831063 -4.724435403 143.5 55.82165158 390 0
2099 2 6.004249238 -5.834912057 209.8 59.21592414 390 0
2099 3 8.089243462 -2.925080361 301.6 106.605553 390 0
2099 4 15.67886427 3.215280314 391.2 95.89931123 390 0
2099 5 18.67329511 6.3478867 461.6 130.3058666 390 0
2099 6 24.10944697 11.9521501 512.7 127.7271076 390 0
2099 7 28.09800243 15.92752789 503.7 55.51630431 390 0
2099 8 28.7569419 15.94439504 439.3 74.60508678 390 0
2099 9 24.1228089 12.29678063 346.6 102.5325236 390 0
2099 10 14.78133288 3.762747209 255.1 103.6205587 390 0
2099 11 8.172277996 -0.841004959 163.1 143.9808087 390 0
2099 12 2.759403113 -6.686856026 125 130.7708828 390 0
2100-2200 1 4.678831063 -4.724435403 143.5 55.82165158 390 0
2100-2200 2 6.004249238 -5.834912057 209.8 59.21592414 390 0
2100-2200 3 8.089243462 -2.925080361 301.6 106.605553 390 0
2100-2200 4 15.67886427 3.215280314 391.2 95.89931123 390 0
2100-2200 5 18.67329511 6.3478867 461.6 130.3058666 390 0
2100-2200 6 24.10944697 11.9521501 512.7 127.7271076 390 0
2100-2200 7 28.09800243 15.92752789 503.7 55.51630431 390 0
2100-2200 8 28.7569419 15.94439504 439.3 74.60508678 390 0
2100-2200 9 24.1228089 12.29678063 346.6 102.5325236 390 0
2100-2200 10 14.78133288 3.762747209 255.1 103.6205587 390 0
2100-2200 11 8.172277996 -0.841004959 163.1 143.9808087 390 0
2100-2200 12 2.759403113 -6.686856026 125 130.7708828 390 0
