Year Month Tmax Tmin PAR Prec CO2 O3
1200-1980 1 1.10268943216741 -9.30379085107149 143.5 89.6029519628203 390 0
1200-1980 2 3.02348926372174 -7.79505755876151 209.8 84.6638164380136 390 0
1200-1980 3 7.46154097820127 -3.59242769403598 301.6 107.653215035857 390 0
1200-1980 4 14.1322456466107 2.01119642106144 391.2 109.182789844584 390 0
1200-1980 5 20.0579687164993 7.43246393670649 461.6 102.705244359352 390 0
1200-1980 6 24.6921926226484 12.6750700155848 512.7 113.043080356748 390 0
1200-1980 7 27.5873750327713 15.7447374467957 503.7 99.1820637971455 390 0
1200-1980 8 26.6809641424293 14.8875563837581 439.3 103.957491072892 390 0
1200-1980 9 22.5805584319426 10.5481343652495 346.6 103.209216784227 390 0
1200-1980 10 16.2795120771818 4.23237753700374 255.1 116.508001666737 390 0
1200-1980 11 10.2231646119951 -0.334538621725408 163.1 108.36447725593 390 0
1200-1980 12 3.99423573720966 -5.63651002704248 125 105.71713441638 390 0
1981 1 -2.61897742419454 -14.8247601849795 143.5 19.4133468041283 390 0
1981 2 6.27956962136569 -5.51660787206215 209.8 198.079960652373 390 0
1981 3 7.46500559230033 -3.50457559111617 301.6 18.8548419837274 390 0
1981 4 15.7247019038454 2.91222430954861 391.2 97.1909216554702 390 0
1981 5 21.439979294893 7.43861180774692 461.6 75.6117892708621 390 0
1981 6 25.6101716155339 12.6079392581861 512.7 82.6698035546991 390 0
1981 7 27.8301330853912 15.5012305851386 503.7 117.094549744207 390 0
1981 8 26.7587642311979 13.1383491833203 439.3 39.4948255023547 390 0
1981 9 21.1578937075503 9.6859199409273 346.6 107.920240749616 390 0
1981 10 14.4269075304457 2.30905955026107 255.1 134.696224507862 390 0
1981 11 9.7659717972729 -0.627460659385451 163.1 79.1467335554719 390 0
1981 12 2.31530387603672 -6.19214237158341 125 143.920085927591 390 0
1982 1 -2.69023229049636 -14.7098201538601 143.5 121.018480432893 390 0
1982 2 2.09235059016354 -8.28854610871264 209.8 88.1559692540092 390 0
1982 3 6.89900672654086 -4.9421119785334 301.6 67.6377796194197 390 0
1982 4 13.0346523653495 -0.194739217586782 391.2 118.177203022887 390 0
1982 5 21.3238153276888 7.21895515175003 461.6 68.2084062563634 390 0
1982 6 21.8012367408949 10.8327993246971 512.7 277.519274490736 390 0
1982 7 28.2612139305765 14.4337415833472 503.7 86.2972235462538 390 0
1982 8 25.1013657383675 12.635382161282 439.3 72.3666650920956 390 0
1982 9 22.2555477714945 9.99461489791197 346.6 67.9297145193615 390 0
1982 10 16.5261133117456 2.7141559562146 255.1 73.2768765295663 390 0
1982 11 12.0076637586105 1.19073728059196 163.1 101.861231335339 390 0
1982 12 6.67591941940753 -3.50529990441933 125 40.7902846767246 390 0
1983 1 1.62676034177112 -8.48694609320384 143.5 123.949274994644 390 0
1983 2 3.60319656666336 -7.62075677653711 209.8 109.4595009114 390 0
1983 3 7.62631934545557 -1.44140070215858 301.6 212.915949692572 390 0
1983 4 13.140258373774 2.42354460702114 391.2 226.757716544422 390 0
1983 5 18.1696932402666 7.08082115903798 461.6 132.835163495653 390 0
1983 6 26.3492613075854 12.1486415375874 512.7 63.8382084246807 390 0
1983 7 29.0244480747858 14.8844003474881 503.7 51.5386322386588 390 0
1983 8 27.6635866839698 14.5683028821992 439.3 91.2184608336123 390 0
1983 9 25.3585830447695 10.529040967281 346.6 47.555356874726 390 0
1983 10 16.1041991848893 4.24910489762141 255.1 124.702169759027 390 0
1983 11 10.5023335772292 0.0716752826884796 163.1 222.008912224279 390 0
1983 12 2.43599395842431 -7.25079590320211 125 163.097185348915 390 0
1984 1 -0.564066580697411 -11.5484317007244 143.5 54.2645605095886 390 0
1984 2 5.85113935486779 -4.41159750480519 209.8 153.767028024774 390 0
1984 3 3.55445834917922 -6.13411825804234 301.6 139.692694973115 390 0
1984 4 12.8084369478337 1.78918800492606 391.2 122.224741057878 390 0
1984 5 19.311640484591 6.2844570859479 461.6 223.596704805131 390 0
1984 6 25.9241597167007 12.8131560424593 512.7 120.686454091494 390 0
1984 7 26.7369868614049 15.2970957731892 503.7 135.623370135963 390 0
1984 8 27.5472246754998 15.7024318281489 439.3 32.1071322302096 390 0
1984 9 21.8981215626071 8.05091072196127 346.6 37.3978317939725 390 0
1984 10 17.8497784539734 5.17840064160125 255.1 97.1229932982624 390 0
1984 11 10.7309431623813 -1.21215750858597 163.1 78.7217936624843 390 0
1984 12 6.36665841516569 -3.8044570450583 125 80.6890354554204 390 0
1985 1 -1.54993362825776 -11.8107821379733 143.5 26.443151546892 390 0
1985 2 3.47961578373271 -7.9112767255861 209.8 60.5418601289158 390 0
1985 3 9.49367209110937 -3.56751411575063 301.6 69.7691328614492 390 0
1985 4 14.6479556514435 2.15431869812506 391.2 44.7612576619169 390 0
1985 5 21.3466694552511 7.38543853072781 461.6 96.5110998354767 390 0
1985 6 22.4140873474706 10.9505977574201 512.7 103.531754695805 390 0
1985 7 27.9032668750808 14.6943718142645 503.7 88.7941371247354 390 0
1985 8 26.008024996607 14.0969892376601 439.3 164.910833205498 390 0
1985 9 22.6458973712397 10.4419428973962 346.6 109.022663866673 390 0
1985 10 17.2575220142256 4.29078180140887 255.1 66.991450606495 390 0
1985 11 9.95944367891818 0.933445533076703 163.1 170.375831275081 390 0
1985 12 1.48336574666094 -8.17562993559025 125 42.6167015663736 390 0
1986 1 2.70867666322037 -8.68003705785497 143.5 127.685422746978 390 0
1986 2 0.651599917341396 -8.95457781407917 209.8 79.9214651132867 390 0
1986 3 8.86673881560263 -3.69408360119634 301.6 92.1730773076256 390 0
1986 4 15.1574766343566 2.86746769682418 391.2 51.6631144139704 390 0
1986 5 20.9240463408995 7.82809182785765 461.6 46.1289820971736 390 0
1986 6 23.8707006136716 10.7713063164138 512.7 160.893148334375 390 0
1986 7 26.0887223048201 14.869494661689 503.7 129.704423570217 390 0
1986 8 24.7809118084274 13.6486541686015 439.3 95.2420515650557 390 0
1986 9 20.871193543456 8.95012927827536 346.6 38.3382063999523 390 0
1986 10 16.6289492494965 3.63548910999304 255.1 63.5531892611143 390 0
1986 11 8.89584107409956 -2.60831759710619 163.1 156.771338990218 390 0
1986 12 4.11993873513022 -4.96009902648028 125 161.423580081114 390 0
1987 1 0.852091072997239 -10.3454476974602 143.5 139.322286780999 390 0
1987 2 2.20636462236362 -10.0764316316967 209.8 9.57600844178092 390 0
1987 3 8.32060001933998 -3.43253518744259 301.6 77.3438095393953 390 0
1987 4 13.6311797163555 2.94246341982825 391.2 251.838220307126 390 0
1987 5 20.578888740098 6.89930164411065 461.6 45.9456909829087 390 0
1987 6 25.053966361065 12.9028858514552 512.7 82.2823672829832 390 0
1987 7 27.7702643943428 15.7483114698798 503.7 46.7189940310659 390 0
1987 8 25.963532713233 12.7767961962344 439.3 90.7215747538997 390 0
1987 9 21.5265494869813 10.4710280590441 346.6 152.158807025968 390 0
1987 10 15.9578890429084 2.24766082728806 255.1 97.5790672356492 390 0
1987 11 10.1127469891402 -1.61345916411393 163.1 68.1260418661023 390 0
1987 12 4.54808710216519 -4.5286892330837 125 69.1052198365307 390 0
1988 1 0.32012766494294 -11.7380779001651 143.5 71.6229011652198 390 0
1988 2 3.33940035397143 -8.33507911587409 209.8 99.4096019093646 390 0
1988 3 8.19221334135287 -3.89731401673696 301.6 74.8460198125581 390 0
1988 4 12.4463258764188 2.07270968361732 391.2 76.9104823963469 390 0
1988 5 19.8659295198754 7.77754318355147 461.6 97.6005914024962 390 0
1988 6 25.3814175493306 11.2225873029019 512.7 34.8921699211189 390 0
1988 7 28.3821390404809 16.3481848053485 503.7 193.857251100113 390 0
1988 8 28.2239236250215 16.4854568307792 439.3 80.7914612306358 390 0
1988 9 22.3191487489312 8.62994343826395 346.6 55.7135669911213 390 0
1988 10 14.0366451633405 2.2706334970185 255.1 76.5379507271969 390 0
1988 11 11.240040584241 -0.44665342139975 163.1 200.691114834306 390 0
1988 12 3.27396940916639 -7.75546933405709 125 34.0352777562783 390 0
1989 1 3.7727309953707 -7.17812550712408 143.5 33.3250965955872 390 0
1989 2 2.13019122026154 -8.18664552377156 209.8 69.7225240779787 390 0
1989 3 7.54809579770627 -4.68522631790359 301.6 75.0887126984762 390 0
1989 4 12.5076737632645 0.242648699220209 391.2 105.381858027898 390 0
1989 5 20.7375074201175 8.03157232063776 461.6 180.963467812296 390 0
1989 6 24.4394875472097 13.2884388410064 512.7 143.534066316444 390 0
1989 7 27.161299954298 14.7545636227657 503.7 108.057880674718 390 0
1989 8 26.169542114271 14.4895379845856 439.3 148.95673670684 390 0
1989 9 22.7864167775608 10.291504001278 346.6 121.337060774035 390 0
1989 10 17.2965544186421 3.83685282034425 255.1 171.352356233958 390 0
1989 11 9.54708091043296 -1.20676877336475 163.1 122.120424807066 390 0
1989 12 -3.44717263167557 -14.3999648968169 125 29.7513741978745 390 0
1990 1 4.95713797991577 -4.73312130215325 143.5 119.340019284328 390 0
1990 2 5.06345299169825 -7.19073238449369 209.8 93.2367909469954 390 0
1990 3 9.54313565744863 -3.78580298276771 301.6 56.6181078240073 390 0
1990 4 13.7169845244264 1.99487663406112 391.2 116.844878712693 390 0
1990 5 17.7783299337235 6.15335726901199 461.6 179.66809581258 390 0
1990 6 24.9781595328537 12.2425164995404 512.7 55.0108556541728 390 0
1990 7 27.2160874703226 15.9059114167751 503.7 84.1357924630539 390 0
1990 8 26.7431202034754 15.7335365095261 439.3 185.910732660482 390 0
1990 9 22.2005607101801 9.58654175195309 346.6 44.6618167836518 390 0
1990 10 18.6388877065365 6.56572279156209 255.1 208.734821189072 390 0
1990 11 12.0431182911087 0.14635337220163 163.1 75.904614945456 390 0
1990 12 6.95634375696898 -3.42784489553037 125 134.599036064368 390 0
1991 1 1.52632469593172 -9.6398732064765 143.5 74.4622512557562 390 0
1991 2 5.33203844010078 -6.27485748640911 209.8 53.5229516365952 390 0
1991 3 8.74076272311798 -1.9687525537245 301.6 124.735241054766 390 0
1991 4 16.305242987406 2.66425457485245 391.2 81.1844450351443 390 0
1991 5 23.5775881799818 8.95855181566098 461.6 110.413127173404 390 0
1991 6 26.0991493909493 12.3487154604917 512.7 56.5499060039808 390 0
1991 7 27.725872199324 14.6633302600469 503.7 78.7185486999078 390 0
1991 8 27.2467360873742 15.1805213006982 439.3 220.26683286586 390 0
1991 9 21.8841482326053 9.09951072477485 346.6 168.851111201755 390 0
1991 10 17.6217868524408 4.84148075723543 255.1 76.7337873455166 390 0
1991 11 9.5588851196709 0.484516982803524 163.1 124.81853484845 390 0
1991 12 4.76296523184911 -5.66458365328674 125 86.0244971754236 390 0
1992 1 2.09966122218994 -8.59327038578808 143.5 75.7167497255532 390 0
1992 2 3.24794109335193 -7.2937523826574 209.8 57.4411499440397 390 0
1992 3 5.49952779109489 -5.44189997896321 301.6 103.296565692842 390 0
1992 4 12.0784931537821 0.553265726937143 391.2 73.6440559099736 390 0
1992 5 20.4111061653624 5.76911169136528 461.6 39.343081698393 390 0
1992 6 24.4830649839157 11.3180075058229 512.7 147.107069761684 390 0
1992 7 25.570050162004 13.5977279212688 503.7 97.1455480673984 390 0
1992 8 24.9403129588345 13.6396168914712 439.3 140.884266317332 390 0
1992 9 21.9209897184514 10.0303455873707 346.6 78.9072278639579 390 0
1992 10 14.4925412370008 2.24535495904184 255.1 64.2981978499221 390 0
1992 11 7.88925438893489 -0.981911157084323 163.1 134.471331455337 390 0
1992 12 3.03504260210945 -5.91360033790373 125 133.107309286112 390 0
1993 1 2.25213874906053 -7.38084475410617 143.5 65.1312810073826 390 0
1993 2 -0.46236727832101 -12.4142484272216 209.8 88.0366081350925 390 0
1993 3 5.20790966231174 -5.77817069982155 301.6 166.025332666614 390 0
1993 4 13.7698719443595 2.04400685686755 391.2 124.415227152269 390 0
1993 5 21.5000392088001 7.60534317202457 461.6 23.1355049353075 390 0
1993 6 25.2091870270005 11.7549729477441 512.7 64.9625133954949 390 0
1993 7 28.4336548177334 15.0454063232753 503.7 68.1110532070466 390 0
1993 8 27.6980124221323 14.8652476486706 439.3 59.5438031135432 390 0
1993 9 21.6749599820894 10.7708120059811 346.6 140.004330359501 390 0
1993 10 14.9559813730411 2.54146386776777 255.1 94.0121579549645 390 0
1993 11 10.4955894132308 -1.75677742139718 163.1 111.268420620801 390 0
1993 12 3.5370817029903 -5.99985275036235 125 140.543989343537 390 0
1994 1 -2.48994894112959 -14.6343989431172 143.5 135.260989487495 390 0
1994 2 -0.108521289449619 -11.824363920192 209.8 60.662361162594 390 0
1994 3 6.11703009671737 -4.2216926041245 301.6 157.910475302844 390 0
1994 4 15.3442491972693 1.87569569045754 391.2 68.6834478567075 390 0
1994 5 19.3872704479544 6.15234789033855 461.6 110.040102370395 390 0
1994 6 26.3094102809826 13.7818967133377 512.7 64.3637902309466 390 0
1994 7 29.1770835144829 17.6378432775267 503.7 93.1031727966738 390 0
1994 8 25.8253793147809 13.9837949848788 439.3 145.491529169278 390 0
1994 9 21.269182313904 10.0248482355011 346.6 130.180726668976 390 0
1994 10 16.9002277805082 3.11877356881067 255.1 24.273899263491 390 0
1994 11 12.8686019159545 0.551516786908616 163.1 111.027724625921 390 0
1994 12 6.20942756521879 -4.27391113956779 125 130.868118626632 390 0
1995 1 3.57210858136328 -5.05321937588103 143.5 102.199007234012 390 0
1995 2 1.6712640757164 -10.4151260761405 209.8 70.2194872612796 390 0
1995 3 8.17218744271824 -2.46525500625721 301.6 66.7071909701627 390 0
1995 4 13.0628317638746 0.0314180053438122 391.2 60.3973561594101 390 0
1995 5 18.7527318247378 6.25071300745616 461.6 76.1288077302285 390 0
1995 6 25.6803589674265 12.3339636973476 512.7 50.601925546483 390 0
1995 7 28.7672710933984 16.4272321925897 503.7 81.90535476957 390 0
1995 8 27.6821860663173 13.4579007317361 439.3 51.5364377582201 390 0
1995 9 22.022157092321 8.51862045108258 346.6 80.2943175906397 390 0
1995 10 18.7903389659449 5.33410416501218 255.1 213.156713773171 390 0
1995 11 7.60273432015982 -2.14456454401619 163.1 145.113420868044 390 0
1995 12 0.69445897752714 -8.38087953025491 125 66.7904296377573 390 0
1996 1 0.99445822214604 -9.8601127042903 143.5 165.623919380384 390 0
1996 2 1.63500469269763 -8.79979804529279 209.8 75.3033324629978 390 0
1996 3 5.97727309211527 -6.23142854694981 301.6 77.0160162812579 390 0
1996 4 13.3955805007521 1.74316056502777 391.2 177.305897239249 390 0
1996 5 19.2961798904346 6.29194427695668 461.6 101.417671936374 390 0
1996 6 24.9639763953048 13.0944719817527 512.7 67.0165506302477 390 0
1996 7 25.9751725830441 15.2091169556594 503.7 171.119632656355 390 0
1996 8 26.4762497451633 15.0741595156122 439.3 47.2224356941598 390 0
1996 9 21.5962300140129 11.2778834078517 346.6 161.165447908267 390 0
1996 10 15.7413927575153 3.61931908781047 255.1 208.709286611936 390 0
1996 11 7.48676799434731 -2.72833328918121 163.1 84.8935849554507 390 0
1996 12 5.52262166875712 -2.30769968422433 125 186.705121445257 390 0
1997 1 1.19773957324765 -8.8642102476299 143.5 95.3845301878024 390 0
1997 2 4.94068518164067 -5.16034721552274 209.8 53.8735495444714 390 0
1997 3 6.10049782650352 -4.04749283879259 301.6 104.69552219865 390 0
1997 4 12.4850204296402 0.465742376498037 391.2 140.202355477746 390 0
1997 5 17.7224342776449 5.94201339053716 461.6 80.847435296207 390 0
1997 6 25.4074559426652 11.978992384321 512.7 37.1768281655683 390 0
1997 7 27.6950903243554 14.6293118151573 503.7 78.822559648765 390 0
1997 8 26.0018902879769 14.2324645046306 439.3 119.94862709842 390 0
1997 9 21.9852547760432 10.1986513794794 346.6 43.5409300768383 390 0
1997 10 15.7702422872291 3.06531446754973 255.1 47.0733915055597 390 0
1997 11 7.70953232233357 -1.50903330273535 163.1 158.232373315755 390 0
1997 12 4.1280892513208 -5.29675854131682 125 84.5785714641826 390 0
1998 1 3.28122684874063 -5.11303715944166 143.5 134.416748945374 390 0
1998 2 5.47723274737335 -4.2277146949011 209.8 106.429746368286 390 0
1998 3 8.45982432818911 -2.12668034721768 301.6 137.720342454277 390 0
1998 4 15.0917028458272 2.44663798237415 391.2 92.0973217852583 390 0
1998 5 21.9790277326395 9.18010751771876 461.6 122.770334870016 390 0
1998 6 22.794092639217 13.0913128123754 512.7 232.534825028423 390 0
1998 7 27.4414014347896 15.6246640408008 503.7 88.8102996460061 390 0
1998 8 27.5183551856015 15.5660506008849 439.3 69.4370000278779 390 0
1998 9 23.7970642986269 11.2123432263113 346.6 60.1804190984888 390 0
1998 10 16.3179988726434 5.01146463316747 255.1 138.822431842505 390 0
1998 11 9.77308848642998 -0.519932918103121 163.1 60.8617692241498 390 0
1998 12 7.65393438353849 -3.30512603749145 125 37.9749506776066 390 0
1999 1 2.03360926485377 -9.24561821700912 143.5 172.808663926609 390 0
1999 2 4.37067383089035 -6.42176026846955 209.8 83.0838835706444 390 0
1999 3 7.64135842543145 -2.94881404577772 301.6 140.009746299016 390 0
1999 4 15.0858942029154 1.72103791950346 391.2 25.8740226189966 390 0
1999 5 20.7299219424043 7.53847968937187 461.6 95.2124675014492 390 0
1999 6 27.2669225858318 13.5881630029131 512.7 25.783797831122 390 0
1999 7 29.4673337440246 16.7134922733723 503.7 70.6706968912718 390 0
1999 8 26.7008150766246 14.7022800824872 439.3 65.8309102893124 390 0
1999 9 23.8869318372899 12.3767304640137 346.6 239.45980544214 390 0
1999 10 15.8521993971931 2.83316581381884 255.1 115.124476366981 390 0
1999 11 12.8317613476262 1.77793942704047 163.1 74.4060163925247 390 0
1999 12 5.25857504072925 -4.44840613355876 125 60.5178616953915 390 0
2000 1 0.56656149141419 -10.5128979021786 143.5 89.4734766293935 390 0
2000 2 3.74657890534447 -6.78562521162552 209.8 82.3861318388687 390 0
2000 3 10.7618804364384 -1.14280478986109 301.6 108.74577135766 390 0
2000 4 12.656076873156 2.34328622844423 391.2 150.492410552088 390 0
2000 5 19.6379570206864 7.43988463229908 461.6 98.9155175023187 390 0
2000 6 24.4543238546046 12.4570369545945 512.7 143.038671820901 390 0
2000 7 25.2540963055348 13.9417778353638 503.7 130.345927401113 390 0
2000 8 24.9103304712589 14.1293929079395 439.3 77.8776512198427 390 0
2000 9 22.2634477517555 10.1036003484135 346.6 89.1444227516345 390 0
2000 10 16.5189364325742 3.72344471264425 255.1 53.898082646483 390 0
2000 11 9.07308954327156 0.00375846173930301 163.1 97.7842840537972 390 0
2000 12 1.39103671990434 -8.7713159038959 125 114.436709918973 390 0
2001 1 1.14233316909588 -10.3680108690043 143.5 52.2256407905114 390 0
2001 2 2.98659062089751 -8.03454991715649 209.8 73.9591119778532 390 0
2001 3 4.54035137487297 -4.25059882938818 301.6 206.897923474321 390 0
2001 4 14.4003761720022 1.53320400270233 391.2 40.9526200750566 390 0
2001 5 21.402555806537 7.80224632022894 461.6 74.2450407054964 390 0
2001 6 25.8242320876855 13.8558353674666 512.7 154.715615553183 390 0
2001 7 26.2730006766716 13.7979572427945 503.7 74.2014130687011 390 0
2001 8 28.3494797121173 16.34817468434 439.3 83.8835949890078 390 0
2001 9 23.4929384411161 10.7076175350592 346.6 87.4400273512954 390 0
2001 10 18.0562778819984 4.317340093764 255.1 26.3417326609797 390 0
2001 11 12.4999431637418 0.65752390723142 163.1 34.2549299848053 390 0
2001 12 7.22741723124828 -2.66279475189908 125 72.2722050975788 390 0
2002 1 4.67883106317092 -4.72443540306466 143.5 55.8216515817145 390 0
2002 2 6.00424923817309 -5.83491205685538 209.8 59.2159241411949 390 0
2002 3 8.08924346224412 -2.92508036131894 301.6 106.605552969575 390 0
2002 4 15.6788642715371 3.21528031437851 391.2 95.8993112251209 390 0
2002 5 18.6732951109651 6.34788670009298 461.6 130.305866570859 390 0
2002 6 24.1094469737309 11.9521500972716 512.7 127.727107587058 390 0
2002 7 28.0980024346409 15.9275278853968 503.7 55.5163043074214 390 0
2002 8 28.7569419027202 15.9443950446166 439.3 74.6050867761388 390 0
2002 9 24.1228088986467 12.2967806293645 346.6 102.532523643398 390 0
2002 10 14.7813328786651 3.76274720903247 255.1 103.620558672175 390 0
2002 11 8.17227799552455 -0.841004958574038 163.1 143.980808692345 390 0
2002 12 2.75940311329328 -6.6868560258797 125 130.770882784509 390 0
2003 1 -2.47952831949238 -12.1195142969161 143.5 70.8569603925522 390 0
2003 2 -0.410025131500206 -10.6363457579864 209.8 102.766362202288 390 0
2003 3 7.7504796674786 -5.3607839543509 301.6 106.030829806718 390 0
2003 4 11.6572091438483 0.488596694124651 391.2 93.7096296250162 390 0
2003 5 17.8852665655766 6.90527953962695 461.6 106.192865884895 390 0
2003 6 22.9943190318589 12.9314217424315 512.7 142.748806995419 390 0
2003 7 27.4203747803689 16.2838702424233 503.7 64.7470095706612 390 0
2003 8 27.215624933619 16.9204385427568 439.3 125.30381904549 390 0
2003 9 22.4832692117347 11.7930199391937 346.6 151.952374816032 390 0
2003 10 14.9925120030689 3.32003251082686 255.1 153.264754165407 390 0
2003 11 11.0128072837677 0.779690817231613 163.1 70.4245663066884 390 0
2003 12 4.54318953130972 -5.32169014701092 125 141.571442307979 390 0
2004 1 -3.71605234329529 -12.6919403863448 143.5 37.2465272690897 390 0
2004 2 2.56990001293512 -8.27211662336727 209.8 43.8796310648059 390 0
2004 3 7.64199687473945 -2.40028103068003 301.6 51.2962957388137 390 0
2004 4 13.8834708397761 2.46476088392814 391.2 205.987599381953 390 0
2004 5 21.0394883706035 8.71133393836154 461.6 99.9781131642629 390 0
2004 6 23.6918829296238 11.696758596914 512.7 53.3061175074688 390 0
2004 7 25.5983106344393 15.6009397357302 503.7 100.31999703731 390 0
2004 8 25.9731301465084 15.6372336623685 439.3 138.242296877861 390 0
2004 9 22.7610174689222 11.3374017865522 346.6 182.887017787309 390 0
2004 10 15.1821984555511 4.66843613908177 255.1 56.3243721495839 390 0
2004 11 10.4902190485449 -0.770444591688429 163.1 97.4841338675576 390 0
2004 12 3.53862631937176 -6.29143981617781 125 116.0614672023 390 0
2005 1 -0.349199280503395 -10.2309098445336 143.5 124.599395015068 390 0
2005 2 3.48441474231613 -8.31231577489999 209.8 74.6332598181483 390 0
2005 3 4.79769133101945 -5.97431989051929 301.6 124.080725733073 390 0
2005 4 15.919203882327 2.26963251944265 391.2 135.181208967697 390 0
2005 5 16.1088298871549 5.78942266743304 461.6 123.798504576847 390 0
2005 6 26.0505872714449 14.2374963797048 512.7 61.9985642388378 390 0
2005 7 27.5083827688819 16.4916680209413 503.7 86.7135286317908 390 0
2005 8 27.9771846223515 16.5805105014842 439.3 68.2436085016262 390 0
2005 9 24.8601938065158 12.2545437533005 346.6 65.5463570637959 390 0
2005 10 15.3877945666373 6.8039599550964 255.1 382.615442697594 390 0
2005 11 11.3425394838726 -0.291205053593013 163.1 119.759965287072 390 0
2005 12 2.69356582342721 -6.90132275502424 125 116.138727449401 390 0
2006 1 4.93000244476777 -4.8109949177273 143.5 130.272878504269 390 0
2006 2 2.86450370057433 -7.22390901569307 209.8 67.6330484400024 390 0
2006 3 7.34392929989701 -3.89518081415942 301.6 18.0460071052334 390 0
2006 4 15.7086334228252 2.45182715645271 391.2 83.6491219825858 390 0
2006 5 18.6192884794365 8.20308016666727 461.6 225.731251551177 390 0
2006 6 23.8105837628457 14.6979519532188 512.7 241.632782402381 390 0
2006 7 28.4436015374045 17.7531335416336 503.7 90.7157260475718 390 0
2006 8 26.0066752700513 14.7865463476973 439.3 112.383332136614 390 0
2006 9 21.566979856392 10.3725934975581 346.6 67.9537391698684 390 0
2006 10 15.8271348263093 4.18659527484145 255.1 166.400583089165 390 0
2006 11 12.2022213674388 2.4992597654486 163.1 145.959979580049 390 0
2006 12 7.59368623237347 -2.07750107654992 125 58.7327970671114 390 0
2007 1 3.13231424722571 -6.19418509781262 143.5 77.3850312918243 390 0
2007 2 -0.90425141997259 -10.6532169904748 209.8 52.1016382816737 390 0
2007 3 6.88188950956283 -4.98924247831291 301.6 127.126460317463 390 0
2007 4 11.537414098169 1.31312090207865 391.2 207.65119438867 390 0
2007 5 21.686357703872 7.87960708560807 461.6 76.760618288051 390 0
2007 6 24.587801973373 12.8709372213535 512.7 80.732674991386 390 0
2007 7 26.7498075161924 15.6570954279099 503.7 113.706933339324 390 0
2007 8 27.0234350074048 14.895728840835 439.3 41.8896147569495 390 0
2007 9 24.2117066056697 11.0899869934734 346.6 60.7511247082154 390 0
2007 10 18.9180628631347 7.75531713287601 255.1 97.82231584571 390 0
2007 11 8.93501500343578 -1.56563147339411 163.1 88.9458322871211 390 0
2007 12 1.86272769631881 -6.65698054749017 125 128.395008389568 390 0
2008 1 2.80255020377165 -7.29775007908103 143.5 70.1802965207435 390 0
2008 2 2.85289723305167 -6.89063678602898 209.8 220.722938064423 390 0
2008 3 6.40115298596684 -3.96916740670473 301.6 137.428972943954 390 0
2008 4 15.7728837524728 2.35850515215548 391.2 106.280841153577 390 0
2008 5 18.8138033884302 6.22594932459915 461.6 49.7088186263019 390 0
2008 6 25.2068039772392 14.0525049619062 512.7 109.82653270954 390 0
2008 7 27.8416035439167 17.1516389569565 503.7 168.604407419216 390 0
2008 8 25.1695336867975 14.0834385784709 439.3 105.182350666312 390 0
2008 9 22.2547703420464 11.3870790827075 346.6 227.342711698429 390 0
2008 10 15.6617055750111 3.69603162332193 255.1 70.9742670244527 390 0
2008 11 9.07409803181549 -0.387777787312863 163.1 93.0986589926114 390 0
2008 12 4.33204172458474 -5.70419610145035 125 186.418520938258 390 0
2009 1 -2.0050951110571 -12.5892504832348 143.5 90.6522706031691 390 0
2009 2 3.32063655358328 -7.8706257769846 209.8 48.486532154919 390 0
2009 3 7.08881284993317 -3.92436466802336 301.6 76.6279425156379 390 0
2009 4 15.1956309199443 3.0574714082356 391.2 107.693931538583 390 0
2009 5 19.7008715513677 8.13500569154504 461.6 95.1290481808411 390 0
2009 6 21.6065116045154 12.6022043313122 512.7 157.17423440996 390 0
2009 7 24.7685688800006 14.6948263932741 503.7 208.453863034778 390 0
2009 8 27.0697575216173 16.4102276970189 439.3 114.200412266631 390 0
2009 9 21.5902743347462 9.55162210060031 346.6 46.8307568259508 390 0
2009 10 13.909150607945 3.81637218084773 255.1 143.884639247285 390 0
2009 11 12.1370937269885 2.42039954794797 163.1 94.1773501682294 390 0
2009 12 2.98926711722968 -6.30851966366564 125 132.457555320857 390 0
2010 1 1.10571072788179 -8.08475843255069 143.5 86.7690796729545 390 0
2010 2 2.12362273220474 -5.62400852111458 209.8 124.164038714207 390 0
2010 3 10.3050784764277 0.041419798082879 301.6 289.252071412589 390 0
2010 4 16.7338254697977 4.02783927391887 391.2 46.5677180013439 390 0
2010 5 22.3926993536665 8.9206134436795 461.6 69.9945552551263 390 0
2010 6 25.4808213594127 14.1954022338291 512.7 87.8278576740661 390 0
2010 7 29.4127695955609 17.5279969627013 503.7 76.5885406428518 390 0
2010 8 26.8506157666813 15.3750722397377 439.3 98.6035504946433 390 0
2010 9 24.0838362527875 12.4169420198737 346.6 56.8812537909296 390 0
2010 10 16.3050201503208 5.36140720217718 255.1 151.149692701409 390 0
2010 11 9.98025593967893 -0.00753145883817764 163.1 99.6023787856961 390 0
2010 12 2.04608387732897 -6.60911324669336 125 111.564625467598 390 0
2011 1 -0.135211638380475 -10.9585553597923 143.5 95.9292208876655 390 0
2011 2 2.0974480301288 -10.3077318122774 209.8 98.3342375763292 390 0
2011 3 6.88762921385111 -3.35107786707769 301.6 117.111509022158 390 0
2011 4 13.9481604480412 3.30639353830346 391.2 138.111952319929 390 0
2011 5 19.688455787453 9.36910409617238 461.6 102.555728849308 390 0
2011 6 24.1194888460856 12.9570010260703 512.7 135.889062397604 390 0
2011 7 28.7862257725549 16.8557315588651 503.7 57.4862152649268 390 0
2011 8 26.4507474133954 15.7507325433701 439.3 265.009618391855 390 0
2011 9 23.4478173475176 13.3687499237779 346.6 171.422195944217 390 0
2011 10 16.4084083064875 6.5185803005002 255.1 181.787215557405 390 0
2011 11 13.0276750289488 1.3106729671637 163.1 94.5064058316457 390 0
2011 12 7.17316786357115 -3.11571172481016 125 113.114871832388 390 0
2012 1 3.45691044023048 -6.20137174001581 143.5 81.0883414090514 390 0
2012 2 6.05798456983758 -4.7958764295603 209.8 24.5610124443 390 0
2012 3 12.3109566684897 0.864596805946506 301.6 49.4291929003387 390 0
2012 4 15.7469789534009 3.02240713980162 391.2 85.8900438920441 390 0
2012 5 20.7910547247741 10.3133399231266 461.6 107.359429984556 390 0
2012 6 23.7811510386647 12.8952398037814 512.7 125.682480118172 390 0
2012 7 28.9052049753014 16.8644904155694 503.7 69.7603759210273 390 0
2012 8 27.7954226133855 16.2285064146641 439.3 116.556247799206 390 0
2012 9 22.559273287881 11.0481896435059 346.6 118.665404866366 390 0
2012 10 16.8858780174106 6.86180030688403 255.1 127.819898449151 390 0
2012 11 8.74141530322274 -0.984895665330082 163.1 22.7193901177775 390 0
2012 12 5.37887733281892 -2.88457327692237 125 136.328168367169 390 0
2013 1 1.97699115571868 -7.80038854386398 143.5 37.0079621934381 390 0
2013 2 2.17976339881359 -6.67080879067974 209.8 110.618296188558 390 0
2013 3 6.00414300548523 -2.95835904354311 301.6 70.820281652983 390 0
2013 4 14.0908453079606 1.7672344476137 391.2 49.4099587322446 390 0
2013 5 20.6402444665901 7.44179395006348 461.6 122.219179435846 390 0
2013 6 25.0881352907025 13.8040046066713 512.7 237.165834006236 390 0
2013 7 28.6959347953251 19.0422503851149 503.7 105.618742607129 390 0
2013 8 25.8730036973835 14.2214894153103 439.3 86.7337053685582 390 0
2013 9 22.4032636582603 10.2189853631945 346.6 91.9346614724104 390 0
2013 10 17.2233303821663 4.96809086570158 255.1 32.1090582332573 390 0
2013 11 9.65438214346441 -1.66340390380832 163.1 92.5078516880593 390 0
2013 12 2.75008453364751 -6.42160550114347 125 103.263823333768 390 0
2014 1 -1.5825475 -11.0410185 143.5 88.6322302 399 0
2014 2 7.802018 -3.2563636 209.8 87.7115153 399.92 0
2014 3 7.5901284 -2.957986 301.6 174.739064 400.9 0
2014 4 15.727797 3.4747148 391.2 85.821942 402.36 0
2014 5 25.337528 9.283837 461.6 64.399121 402.9 0
2014 6 24.764133 12.347515 512.7 74.24919 402.35 0
2014 7 29.386518 15.766401 503.7 75.5305204 400.83 0
2014 8 27.368862 14.933803 439.3 149.3348027 398.24 0
2014 9 23.172691 10.943836 346.6 59.070531 397.24 0
2014 10 16.537655 4.3663125 255.1 82.1112376 397.1 0
2014 11 10.213295 -0.5406091 163.1 119.976927 398.53 0
2014 12 5.8189797 -3.8231246 125 114.4448204 399.74 0
2015 1 2.5034685 -6.5614095 143.5 107.7160007 401.63 0
2015 2 4.248635 -7.3334146 209.8 115.40235175 402.55 0
2015 3 7.9804783 -3.2387714 301.6 52.960276 403.53 0
2015 4 13.487269 1.4996384 391.2 105.415062 404.99 0
2015 5 24.23941 9.006611 461.6 42.9810598 405.53 0
2015 6 26.493338 13.335998 512.7 73.753452 404.98 0
2015 7 30.004536 17.11425 503.7 71.9271672 403.46 0
2015 8 27.927185 15.106865 439.3 80.22366 400.87 0
2015 9 21.75046 9.667169 346.6 165.439581 399.87 0
2015 10 18.999165 5.25167 255.1 45.6392602 399.73 0
2015 11 9.059985 -1.684943 163.1 65.370711 401.16 0
2015 12 2.4128647 -5.346721 125 90.2140982 402.37 0
2016 1 1.7453282 -8.558274 143.5 84.5218038 404.33 0
2016 2 3.7588365 -8.241394 209.8 165.205887 405.25 0
2016 3 12.533674 1.0201766 301.6 45.0834736 406.23 0
2016 4 17.070347 3.571425 391.2 52.291374 407.69 0
2016 5 19.987505 7.1000147 461.6 109.3370341 408.23 0
2016 6 25.718098 12.970976 512.7 110.699751 407.68 0
2016 7 29.049665 16.555689 503.7 103.4787936 406.16 0
2016 8 28.188957 15.115514 439.3 76.0731878 403.57 0
2016 9 25.789722 14.280303 346.6 65.897277 402.57 0
2016 10 17.755173 4.633484 255.1 64.2361974 402.43 0
2016 11 13.197553 1.4634628 163.1 142.99458 403.86 0
2016 12 6.2885866 -3.2827003 125 25.8946906 405.07 0
2017 1 2.4110162 -7.4804673 143.5 72.9495844 407.1 0
2017 2 3.2485988 -7.9115496 209.8 48.858671625 408.02 0
2017 3 7.524249 -3.570545 301.6 142.773662 409 0
2017 4 12.564197 1.4038041 391.2 213.443685 410.46 0
2017 5 21.982634 9.82351 461.6 113.0315025 411 0
2017 6 27.739517 13.234643 512.7 66.631824 410.45 0
2017 7 29.392593 17.47328 503.7 106.2246651 408.93 0
2017 8 28.705236 17.805689 439.3 209.025188 406.34 0
2017 9 24.549406 11.679745 346.6 62.995599 405.34 0
2017 10 21.937515 6.4634104 255.1 58.8065195 405.2 0
2017 11 10.790239 -0.040819496 163.1 96.684102 406.63 0
2017 12 5.1313825 -6.079301 125 104.393585 407.84 0
2018 1 2.8101635 -6.0772967 143.5 156.2082777 409.93 0
2018 2 2.3660283 -8.920888 209.8 202.22707695 410.85 0
2018 3 9.760617 -1.8875736 301.6 61.4648129 411.83 0
2018 4 13.857174 2.314886 391.2 74.309169 413.29 0
2018 5 20.32557 8.1148205 461.6 122.0227797 413.83 0
2018 6 26.924303 13.405252 512.7 37.560342 413.28 0
2018 7 31.565657 16.743023 503.7 65.5674304 411.76 0
2018 8 29.447138 15.587579 439.3 72.5544987 409.17 0
2018 9 25.819805 11.805768 346.6 99.815934 408.17 0
2018 10 18.320011 3.9097288 255.1 25.6990434 408.03 0
2018 11 9.307968 -1.418224 163.1 78.43983 409.46 0
2018 12 7.4054613 -2.9645739 125 142.022563 410.67 0
2019 1 -0.63559204 -12.477534 143.5 79.4577368 412.82 0
2019 2 1.0081646 -9.802482 209.8 92.471343675 413.74 0
2019 3 8.2639265 -3.1253965 301.6 168.234644 414.72 0
2019 4 15.806272 2.9523423 391.2 37.495683 416.18 0
2019 5 25.167006 11.170296 461.6 141.3322953 416.72 0
2019 6 26.892197 14.092151 512.7 94.44057 416.17 0
2019 7 28.720444 17.072601 503.7 157.807515 414.65 0
2019 8 27.541306 15.1387005 439.3 107.9065577 412.06 0
2019 9 25.628374 13.680283 346.6 134.174379 411.06 0
2019 10 17.273542 4.060868 255.1 48.9642768 410.92 0
2019 11 14.060005 2.6868546 163.1 127.56237 412.35 0
2019 12 5.908606 -4.856134 125 113.411702 413.56 0
2020 1 3.1885023 -6.8747125 143.5 63.6254013 415.78 0
2020 2 6.388075 -4.8339286 209.8 75.64975405 416.7 0
2020 3 11.428197 -0.6944719 301.6 121.7477043 417.68 0
2020 4 16.829927 3.1479478 391.2 49.929528 419.14 0
2020 5 22.971033 9.45172 461.6 112.0708528 419.68 0
2020 6 26.653168 13.9801 512.7 142.403655 419.13 0
2020 7 29.993448 17.51282 503.7 108.002202 417.61 0
2020 8 28.422668 17.236212 439.3 99.0637054 415.02 0
2020 9 23.517723 11.642229 346.6 86.190504 414.02 0
2020 10 16.985304 4.6398015 255.1 146.565117 413.88 0
2020 11 12.5905 1.7492722 163.1 125.990538 415.31 0
2020 12 8.565636 -1.6172922 125 112.1670024 416.52 0
2021 1 4.045989 -4.7035055 143.5 73.1531893 418.8 0
2021 2 6.265097 -5.2559075 209.8 95.026409275 419.72 0
2021 3 10.581895 -1.8899035 301.6 44.1276258 420.7 0
2021 4 14.328316 2.3527906 391.2 105.00981 422.16 0
2021 5 20.761965 8.102868 461.6 76.760185 422.7 0
2021 6 25.633057 12.95327 512.7 64.14213 422.15 0
2021 7 28.78053 16.445423 503.7 119.0643722 420.63 0
2021 8 28.412016 17.77533 439.3 212.708391 418.04 0
2021 9 26.391119 12.540354 346.6 126.496266 417.04 0
2021 10 17.377882 4.763124 255.1 77.2373246 416.9 0
2021 11 14.193323 2.421457 163.1 105.072456 418.33 0
2021 12 5.701472 -5.315994 125 80.9997977 419.54 0
2022 1 1.5819291 -11.158813 143.5 135.355331 421.86 0
2022 2 2.8120494 -8.480161 209.8 156.956697725 422.78 0
2022 3 10.095888 -1.6754762 301.6 78.6732198 423.76 0
2022 4 13.971477 1.2812643 391.2 113.40264 425.22 0
2022 5 23.881836 8.524951 461.6 55.9019714 425.76 0
2022 6 25.145905 12.625519 512.7 272.586165 425.21 0
2022 7 28.726406 16.627012 503.7 195.0487853 423.69 0
2022 8 27.79277 15.659728 439.3 150.2890075 421.1 0
2022 9 24.125448 11.394413 346.6 86.873382 420.1 0
2022 10 15.117749 2.751777 255.1 150.617747 419.96 0
2022 11 9.590269 -0.9979525 163.1 106.329675 421.39 0
2022 12 4.361914 -5.194439 125 170.5889297 422.6 0
2023 1 0.36750722 -8.299491 143.5 135.098186 424.99 0
2023 2 2.5872254 -8.217581 209.8 76.8211742 425.91 0
2023 3 5.277042 -6.296779 301.6 173.4959175 426.89 0
2023 4 17.696138 4.331114 391.2 78.892815 428.35 0
2023 5 21.167635 8.478196 461.6 88.7952592 428.89 0
2023 6 27.116966 12.906552 512.7 45.972594 428.34 0
2023 7 29.87178 16.433851 503.7 87.3439167 426.82 0
2023 8 27.663591 15.567502 439.3 123.6346495 424.23 0
2023 9 23.911789 10.771005 346.6 40.921446 423.23 0
2023 10 15.569552 2.9828506 255.1 152.3268607 423.09 0
2023 11 7.155633 -1.9920123 163.1 155.010909 424.52 0
2023 12 5.39472 -3.9404736 125 235.8759775 425.73 0
2024 1 3.397325 -7.2060947 143.5 81.1486008 428.2 0
2024 2 3.3093648 -7.270611 209.8 151.00536345 429.12 0
2024 3 4.878367 -5.7678924 301.6 132.041555 430.1 0
2024 4 15.645557 3.211663 391.2 69.521898 431.56 0
2024 5 19.977924 6.711433 461.6 87.9117127 432.1 0
2024 6 27.725084 13.075732 512.7 33.140889 431.55 0
2024 7 32.65112 17.536171 503.7 80.3212108 430.03 0
2024 8 28.712225 15.873265 439.3 111.3646387 427.44 0
2024 9 24.496593 13.432399 346.6 359.55075 426.44 0
2024 10 19.348497 6.886794 255.1 58.5982336 426.3 0
2024 11 13.862527 2.6571226 163.1 181.257462 427.73 0
2024 12 7.984912 -2.491841 125 83.7431644 428.94 0
2025 1 3.3859577 -7.865063 143.5 46.4261487 431.47 0
2025 2 4.6846375 -6.10304 209.8 72.497446725 432.39 0
2025 3 6.8931723 -3.8489678 301.6 132.009284 433.37 0
2025 4 12.953937 0.38340852 391.2 70.584468 434.83 0
2025 5 22.171907 8.964998 461.6 86.0555567 435.37 0
2025 6 27.441942 12.484332 512.7 36.619179 434.82 0
2025 7 30.484564 17.210388 503.7 86.9845368 433.3 0
2025 8 28.447968 16.069227 439.3 125.1478773 430.71 0
2025 9 24.2795 10.472934 346.6 48.219576 429.71 0
2025 10 19.099836 4.975232 255.1 69.8859133 429.57 0
2025 11 11.67347 -0.49486735 163.1 68.730024 431 0
2025 12 6.545455 -2.6858716 125 109.0652323 432.21 0
2026 1 1.9851904 -9.146034 143.5 303.607025 434.83 0
2026 2 2.5678916 -7.142774 209.8 122.2784865 435.75 0
2026 3 6.157968 -3.8949666 301.6 96.1046686 436.73 0
2026 4 15.765872 4.285802 391.2 100.120038 438.19 0
2026 5 23.147661 9.410681 461.6 107.1126632 438.73 0
2026 6 27.641354 13.2974415 512.7 81.96051 438.18 0
2026 7 28.86909 16.374168 503.7 94.046219 436.66 0
2026 8 29.706429 17.131712 439.3 75.4005405 434.07 0
2026 9 24.227259 11.967768 346.6 128.68707 433.07 0
2026 10 17.727253 5.6295047 255.1 127.7197303 432.93 0
2026 11 10.120968 -0.3374746 163.1 76.03395 434.36 0
2026 12 8.424819 -1.4346378 125 163.1637012 435.57 0
2027 1 3.0837998 -7.0001917 143.5 89.7167497 438.24 0
2027 2 2.7641485 -8.464307 209.8 90.725601025 439.16 0
2027 3 7.3551993 -2.7614698 301.6 118.145154 440.14 0
2027 4 15.2284975 3.171064 391.2 120.83679 441.6 0
2027 5 21.970287 8.090577 461.6 48.5549063 442.14 0
2027 6 26.41683 13.582472 512.7 88.058697 441.59 0
2027 7 30.634594 16.13742 503.7 79.952875 440.07 0
2027 8 27.137053 15.1494255 439.3 213.1180095 437.48 0
2027 9 25.137405 10.554644 346.6 73.478715 436.48 0
2027 10 18.662785 4.880341 255.1 100.7335483 436.34 0
2027 11 10.979963 0.095002644 163.1 125.822139 437.77 0
2027 12 11.547887 -0.5128058 125 141.9871827 438.98 0
2028 1 2.6193376 -7.1823297 143.5 40.4294839 441.72 0
2028 2 6.2963057 -5.7979856 209.8 79.26777675 442.64 0
2028 3 9.528579 -1.831015 301.6 166.6724796 443.62 0
2028 4 14.747203 2.954163 391.2 125.018835 445.08 0
2028 5 21.026281 7.610598 461.6 74.0226432 445.62 0
2028 6 28.400358 14.143545 512.7 83.18631 445.07 0
2028 7 29.648186 18.783024 503.7 119.9770773 443.55 0
2028 8 28.051504 15.430534 439.3 171.5432523 440.96 0
2028 9 24.003464 11.1595 346.6 193.29498 439.96 0
2028 10 17.554039 4.6270785 255.1 71.6368336 439.82 0
2028 11 10.923018 1.0410907 163.1 133.159548 441.25 0
2028 12 5.324238 -4.597211 125 132.643761 442.46 0
2029 1 -0.9821944 -12.831141 143.5 112.917438 445.25 0
2029 2 2.777531 -8.444136 209.8 130.436422625 446.17 0
2029 3 7.947916 -3.0115774 301.6 80.1472171 447.15 0
2029 4 13.514951 0.9071733 391.2 30.840507 448.61 0
2029 5 23.65127 9.271178 461.6 56.0487378 449.15 0
2029 6 27.71715 14.019887 512.7 70.917 448.6 0
2029 7 30.210844 17.348085 503.7 100.1640938 447.08 0
2029 8 28.464413 15.535754 439.3 115.4636013 444.49 0
2029 9 23.997488 11.149213 346.6 176.46444 443.49 0
2029 10 17.259495 3.9075148 255.1 76.343049 443.35 0
2029 11 14.31835 3.5536003 163.1 150.63882 444.78 0
2029 12 1.5485802 -5.371218 125 117.8811208 445.99 0
2030 1 5.371131 -3.5319276 143.5 96.4352898 448.83 0
2030 2 6.0915394 -4.434202 209.8 188.2950075 449.75 0
2030 3 11.807664 1.3987272 301.6 58.156155 450.73 0
2030 4 16.045118 3.2934234 391.2 148.882542 452.19 0
2030 5 22.321917 8.4258375 461.6 75.4335214 452.73 0
2030 6 28.342243 13.962493 512.7 68.745111 452.18 0
2030 7 30.129238 18.828863 503.7 208.28931 450.66 0
2030 8 28.397562 15.611644 439.3 106.8183833 448.07 0
2030 9 23.255466 10.92085 346.6 129.488298 447.07 0
2030 10 18.791714 4.9578743 255.1 45.5746531 446.93 0
2030 11 14.568188 2.8039608 163.1 103.690425 448.36 0
2030 12 7.8484216 -1.645222 125 143.7939216 449.57 0
2031 1 6.2291207 -3.881579 143.5 178.6228897 452.47 0
2031 2 3.4420028 -8.430796 209.8 136.40553745 453.39 0
2031 3 11.492529 -0.337169 301.6 66.877137 454.37 0
2031 4 17.625767 3.6314406 391.2 55.052919 455.83 0
2031 5 24.4532 10.62779 461.6 98.6883388 456.37 0
2031 6 27.876282 14.2305355 512.7 75.813354 455.82 0
2031 7 29.66677 16.71273 503.7 111.15515 454.3 0
2031 8 27.982618 15.280369 439.3 99.2418035 451.71 0
2031 9 24.438597 11.737175 346.6 165.86454 450.71 0
2031 10 17.670607 4.555156 255.1 57.9913094 450.57 0
2031 11 12.416583 0.6425232 163.1 102.621504 452 0
2031 12 7.0972123 -2.9977396 125 194.8099706 453.21 0
2032 1 1.7105529 -11.810501 143.5 95.0027023 456.18 0
2032 2 4.7696986 -7.000261 209.8 209.904271525 457.1 0
2032 3 10.480053 -1.5556717 301.6 44.0867492 458.08 0
2032 4 13.2964525 1.0277216 391.2 84.616485 459.54 0
2032 5 25.788143 10.281659 461.6 48.620586 460.08 0
2032 6 27.11157 13.331024 512.7 51.209022 459.53 0
2032 7 29.709013 16.846155 503.7 104.4176472 458.01 0
2032 8 28.54576 14.613215 439.3 74.5952814 455.42 0
2032 9 22.789602 8.764822 346.6 66.77124 454.42 0
2032 10 17.76767 4.319815 255.1 55.2491145 454.28 0
2032 11 14.01197 2.6575012 163.1 174.33618 455.71 0
2032 12 6.2648873 -2.8096282 125 173.833585 456.92 0
2033 1 0.5314916 -10.190582 143.5 31.3798213 459.96 0
2033 2 6.007227 -6.387454 209.8 59.107325275 460.88 0
2033 3 10.307434 -0.46836624 301.6 226.569948 461.86 0
2033 4 17.19102 4.008937 391.2 72.429471 463.32 0
2033 5 20.500065 8.035751 461.6 112.3060498 463.86 0
2033 6 26.308304 13.758068 512.7 108.889068 463.31 0
2033 7 30.29092 17.547953 503.7 100.623644 461.79 0
2033 8 27.942373 15.397872 439.3 164.1281794 459.2 0
2033 9 24.24325 11.2248335 346.6 90.879222 458.2 0
2033 10 17.757162 5.34678 255.1 113.6465425 458.06 0
2033 11 12.701329 3.4380858 163.1 178.50288 459.49 0
2033 12 7.0915823 -2.0805497 125 207.6369925 460.7 0
2034 1 4.3124757 -5.9643846 143.5 112.3517407 463.85 0
2034 2 4.544227 -6.511381 209.8 77.9514115 464.77 0
2034 3 11.733801 1.305925 301.6 139.6433564 465.75 0
2034 4 17.073975 4.888858 391.2 86.64924 467.21 0
2034 5 21.975073 8.446628 461.6 90.9543782 467.75 0
2034 6 28.308537 13.769208 512.7 61.231362 467.2 0
2034 7 30.2635 15.957213 503.7 105.933696 465.68 0
2034 8 29.3997 15.065233 439.3 64.8801883 463.09 0
2034 9 25.899578 10.57749 346.6 37.927818 462.09 0
2034 10 19.114815 5.661748 255.1 76.850023 461.95 0
2034 11 7.9605494 -2.3830607 163.1 108.048735 463.38 0
2034 12 0.6399987 -9.225241 125 23.0817506 464.59 0
2035 1 1.7382115 -9.765829 143.5 99.3920264 467.85 0
2035 2 4.2472577 -7.405937 209.8 182.55575445 468.77 0
2035 3 9.950238 -1.5664427 301.6 125.5665602 469.75 0
2035 4 16.924751 3.8876324 391.2 161.093172 471.21 0
2035 5 20.711855 7.673921 461.6 93.874076 471.75 0
2035 6 27.920605 15.639398 512.7 47.868588 471.2 0
2035 7 29.918184 18.680292 503.7 125.279556 469.68 0
2035 8 29.395542 17.71956 439.3 106.721747 467.09 0
2035 9 24.463514 11.003146 346.6 101.493081 466.09 0
2035 10 19.223658 4.5612793 255.1 25.6376696 465.95 0
2035 11 13.608639 3.3565326 163.1 90.297546 467.38 0
2035 12 3.2879264 -5.8349276 125 51.6786027 468.59 0
2036 1 4.6591964 -6.0636325 143.5 95.3478997 471.96 0
2036 2 8.1529 -2.7380812 209.8 81.128132475 472.88 0
2036 3 8.565646 -2.5528333 301.6 85.72523 473.86 0
2036 4 16.335121 3.9044638 391.2 74.026629 475.32 0
2036 5 20.745901 7.4652524 461.6 84.3893873 475.86 0
2036 6 25.74879 13.341398 512.7 158.500128 475.31 0
2036 7 29.026882 15.489438 503.7 119.8540693 473.79 0
2036 8 27.973465 15.491095 439.3 153.249461 471.2 0
2036 9 24.102394 11.0707245 346.6 129.14664 470.2 0
2036 10 18.971684 5.3764334 255.1 38.8923954 470.06 0
2036 11 11.673684 1.4628271 163.1 54.004308 471.49 0
2036 12 4.8463645 -4.818244 125 52.3518793 472.7 0
2037 1 2.4454896 -7.965586 143.5 178.468364 476.18 0
2037 2 3.5426981 -7.981067 209.8 68.14118655 477.1 0
2037 3 7.5917444 -3.790871 301.6 77.04275 478.08 0
2037 4 18.903183 5.8159633 391.2 68.239602 479.54 0
2037 5 25.595633 9.632225 461.6 71.9626002 480.08 0
2037 6 28.361052 14.060067 512.7 54.001359 479.53 0
2037 7 31.8058 17.496609 503.7 69.4211303 478.01 0
2037 8 29.425959 15.831789 439.3 161.154306 475.42 0
2037 9 22.749937 9.302487 346.6 163.040085 474.42 0
2037 10 20.138334 6.7529063 255.1 70.8665394 474.28 0
2037 11 9.606268 -0.7255486 163.1 162.187815 475.71 0
2037 12 5.618272 -3.3904536 125 120.6000192 476.92 0
2038 1 6.0359964 -3.1353703 143.5 85.7446174 480.51 0
2038 2 7.727616 -2.8078327 209.8 76.900503025 481.43 0
2038 3 11.285107 -0.9180693 301.6 78.6734275 482.41 0
2038 4 13.655497 1.406162 391.2 137.702922 483.87 0
2038 5 21.96904 8.486369 461.6 95.023277 484.41 0
2038 6 24.676788 12.030779 512.7 43.521573 483.86 0
2038 7 29.825394 16.353779 503.7 89.0267362 482.34 0
2038 8 28.783237 16.314945 439.3 211.934941 479.75 0
2038 9 23.485897 10.188566 346.6 46.450359 478.75 0
2038 10 18.665632 5.4505477 255.1 70.4218382 478.61 0
2038 11 14.177528 2.9984353 163.1 118.916043 480.04 0
2038 12 7.6492443 -2.8095229 125 102.496044 481.25 0
2039 1 1.3765525 -8.48724 143.5 92.331733 484.93 0
2039 2 9.044205 -2.1762543 209.8 158.88817 485.85 0
2039 3 8.751197 -2.4560323 301.6 108.3054316 486.83 0
2039 4 15.186998 2.5923173 391.2 48.106302 488.29 0
2039 5 24.77149 9.577311 461.6 129.776664 488.83 0
2039 6 28.27955 13.969159 512.7 65.095116 488.28 0
2039 7 31.394669 18.139597 503.7 92.2779976 486.76 0
2039 8 29.01411 15.830218 439.3 124.0675087 484.17 0
2039 9 26.000559 12.071448 346.6 142.07313 483.17 0
2039 10 21.218748 8.06021 255.1 132.4939907 483.03 0
2039 11 12.7134 2.209717 163.1 68.565681 484.46 0
2039 12 7.01771 -2.2601526 125 65.280327 485.67 0
2040 1 0.99796057 -10.622267 143.5 118.3320313 489.44 0
2040 2 4.764681 -7.192607 209.8 22.541672225 490.36 0
2040 3 9.663346 -1.2934626 301.6 200.3380797 491.34 0
2040 4 16.331768 3.9089093 391.2 106.51998 492.8 0
2040 5 21.499075 9.697553 461.6 180.78022 493.34 0
2040 6 28.28047 14.034666 512.7 77.652768 492.79 0
2040 7 30.362686 17.383448 503.7 50.1649347 491.27 0
2040 8 28.654593 17.746555 439.3 101.618713 488.68 0
2040 9 25.911497 12.114575 346.6 74.64507 487.68 0
2040 10 18.516687 5.434374 255.1 74.3868994 487.54 0
2040 11 9.467707 -0.62780964 163.1 76.5426 488.97 0
2040 12 8.380509 -0.9569157 125 85.3245984 490.18 0
2041 1 4.133383 -5.4576273 143.5 62.255006 494.03 0
2041 2 6.920172 -5.018396 209.8 80.299418725 494.95 0
2041 3 10.133836 -1.5276258 301.6 122.2255073 495.93 0
2041 4 16.657583 4.1295342 391.2 134.616651 497.39 0
2041 5 19.924099 7.05862 461.6 66.883213 497.93 0
2041 6 28.685385 15.049678 512.7 77.586264 497.38 0
2041 7 32.136166 17.475552 503.7 68.0290567 495.86 0
2041 8 29.802 15.87261 439.3 234.5900045 493.27 0
2041 9 23.223133 10.0088005 346.6 146.274648 492.27 0
2041 10 22.699524 7.637633 255.1 95.9456944 492.13 0
2041 11 13.944637 2.2955673 163.1 89.450427 493.56 0
2041 12 7.1363497 -2.433177 125 113.5783394 494.77 0
2042 1 4.4341707 -3.8099947 143.5 138.305012 498.73 0
2042 2 5.7191515 -4.840723 209.8 50.765139825 499.65 0
2042 3 8.702777 -1.994094 301.6 137.1602843 500.63 0
2042 4 16.582197 3.351429 391.2 44.286936 502.09 0
2042 5 23.45937 9.200172 461.6 90.7808588 502.63 0
2042 6 27.81903 14.004597 512.7 49.800711 502.08 0
2042 7 30.522821 18.235445 503.7 151.22234 500.56 0
2042 8 29.013798 15.7604475 439.3 54.994217 497.97 0
2042 9 24.469732 12.18195 346.6 127.89687 496.97 0
2042 10 18.462442 7.0366716 255.1 190.2525614 496.83 0
2042 11 9.323684 -0.28612852 163.1 141.865812 498.26 0
2042 12 8.275641 -1.7065715 125 36.9680363 499.47 0
2043 1 4.637706 -6.1355305 143.5 111.41245 503.53 0
2043 2 6.553808 -4.536947 209.8 77.34321725 504.45 0
2043 3 10.36755 -1.072453 301.6 99.0157515 505.43 0
2043 4 16.899445 4.1683655 391.2 88.071972 506.89 0
2043 5 21.85336 7.396679 461.6 29.1009896 507.43 0
2043 6 29.269524 15.766335 512.7 108.255078 506.88 0
2043 7 31.31836 17.69639 503.7 77.6718392 505.36 0
2043 8 29.097834 15.666993 439.3 103.2533368 502.77 0
2043 9 23.645164 11.626371 346.6 122.634702 501.77 0
2043 10 19.707813 5.838471 255.1 71.0092293 501.63 0
2043 11 12.945143 1.8655967 163.1 137.955309 503.06 0
2043 12 9.306306 -1.0302477 125 67.5727305 504.27 0
2044 1 -0.3966647 -12.143736 143.5 137.570746 508.43 0
2044 2 5.39323 -6.22324 209.8 73.83023935 509.35 0
2044 3 10.357793 -1.3040482 301.6 85.5065932 510.33 0
2044 4 15.404433 2.977212 391.2 108.472389 511.79 0
2044 5 22.775219 9.351783 461.6 89.133742 512.33 0
2044 6 25.310883 14.081286 512.7 181.41864 511.78 0
2044 7 29.869236 17.299438 503.7 242.1994598 510.26 0
2044 8 28.798004 15.674402 439.3 60.3398663 507.67 0
2044 9 24.312298 11.001494 346.6 60.780159 506.67 0
2044 10 16.380407 3.7814715 255.1 133.5882256 506.53 0
2044 11 12.73564 2.3076987 163.1 155.877699 507.96 0
2044 12 7.7291636 -2.1990724 125 134.360758 509.17 0
2045 1 3.7625327 -5.8993716 143.5 99.583408 513.46 0
2045 2 5.162584 -6.598227 209.8 16.808097425 514.38 0
2045 3 9.24415 -2.1644032 301.6 98.890372 515.36 0
2045 4 15.472615 4.566863 391.2 186.318969 516.82 0
2045 5 20.041412 7.615382 461.6 109.041663 517.36 0
2045 6 26.819862 13.759456 512.7 98.118588 516.81 0
2045 7 29.911654 18.979189 503.7 187.728436 515.29 0
2045 8 29.122417 16.702604 439.3 59.2986507 512.7 0
2045 9 24.21311 11.330007 346.6 108.81573 511.7 0
2045 10 19.550138 5.6311164 255.1 39.9711706 511.56 0
2045 11 9.561027 -0.96582425 163.1 94.258911 512.99 0
2045 12 6.0057006 -3.5627618 125 94.8647647 514.2 0
2046 1 0.30295417 -11.915528 143.5 88.4722206 518.61 0
2046 2 7.8433776 -2.5985801 209.8 131.513306975 519.53 0
2046 3 9.025509 -2.1669333 301.6 124.2842855 520.51 0
2046 4 14.795234 3.9779391 391.2 173.918208 521.97 0
2046 5 23.821098 9.227822 461.6 121.3852492 522.51 0
2046 6 28.892927 15.022507 512.7 78.3912 521.96 0
2046 7 30.313532 17.485743 503.7 71.2967698 520.44 0
2046 8 31.503986 19.016182 439.3 63.6158378 517.85 0
2046 9 25.39 13.2318125 346.6 177.715431 516.85 0
2046 10 18.276993 5.674812 255.1 84.410799 516.71 0
2046 11 12.11406 2.4422772 163.1 180.904155 518.14 0
2046 12 2.604209 -7.937065 125 90.2545935 519.35 0
2047 1 0.19138147 -9.697725 143.5 256.324089 523.9 0
2047 2 7.959316 -4.233573 209.8 115.27702345 524.82 0
2047 3 10.825166 -1.4766388 301.6 71.0282757 525.8 0
2047 4 18.455498 6.117998 391.2 128.29782 527.26 0
2047 5 22.597776 9.250765 461.6 198.9479684 527.8 0
2047 6 26.07205 14.082008 512.7 160.651401 527.25 0
2047 7 31.239304 17.908007 503.7 93.5303232 525.73 0
2047 8 28.843016 16.506933 439.3 132.838193 523.14 0
2047 9 25.35753 12.284819 346.6 90.376905 522.14 0
2047 10 17.977167 4.410541 255.1 78.326987 522 0
2047 11 12.146483 0.29217637 163.1 76.328946 523.43 0
2047 12 6.830069 -2.5698884 125 47.7443803 524.64 0
2048 1 5.970768 -3.5209744 143.5 123.5478805 529.32 0
2048 2 3.262322 -7.8758383 209.8 60.6605583 530.24 0
2048 3 9.654753 -1.6814417 301.6 105.295933 531.22 0
2048 4 16.854841 4.86167 391.2 164.718219 532.68 0
2048 5 21.265606 8.249152 461.6 95.5733317 533.22 0
2048 6 27.869543 15.039916 512.7 75.803196 532.67 0
2048 7 30.51224 16.555182 503.7 54.7784663 531.15 0
2048 8 29.983932 16.548525 439.3 100.567596 528.56 0
2048 9 24.468828 11.460027 346.6 47.309589 527.56 0
2048 10 18.261078 4.8764553 255.1 43.8353981 527.42 0
2048 11 13.877112 3.8718324 163.1 159.976101 528.85 0
2048 12 8.997998 -1.4490614 125 122.4943021 530.06 0
2049 1 1.4611405 -8.927872 143.5 104.7438106 534.88 0
2049 2 6.980958 -4.443054 209.8 105.86829315 535.8 0
2049 3 8.537132 -2.7933803 301.6 88.1779934 536.78 0
2049 4 16.617046 4.7395644 391.2 125.3616 538.24 0
2049 5 20.066504 7.3621416 461.6 248.271591 538.78 0
2049 6 26.99836 13.356596 512.7 58.531545 538.23 0
2049 7 30.395098 18.872793 503.7 83.0841416 536.71 0
2049 8 29.337423 16.000456 439.3 100.0647078 534.12 0
2049 9 24.025745 11.768587 346.6 122.549001 533.12 0
2049 10 17.794556 4.8932977 255.1 79.859813 532.98 0
2049 11 12.550737 1.6249102 163.1 150.96624 534.41 0
2049 12 7.4151087 -2.0244184 125 155.7001164 535.62 0
2050 1 6.08381 -2.862209 143.5 113.883646 540.54 0
2050 2 7.80038 -3.8736358 209.8 20.20613455 541.46 0
2050 3 10.076643 -0.9095301 301.6 92.7145613 542.44 0
2050 4 18.152845 6.1845083 391.2 136.28928 543.9 0
2050 5 22.411104 7.120341 461.6 44.5927746 544.44 0
2050 6 28.760542 15.111366 512.7 79.866072 543.89 0
2050 7 30.855997 18.217907 503.7 107.454835 542.37 0
2050 8 29.26187 17.463842 439.3 140.261825 539.78 0
2050 9 23.405455 11.66097 346.6 58.057944 538.78 0
2050 10 19.16037 4.940936 255.1 73.1327448 538.64 0
2050 11 11.044152 0.7156165 163.1 69.711135 540.07 0
2050 12 5.5562477 -2.8829565 125 75.7688546 541.28 0
2051 1 2.929741 -8.426005 143.5 93.8277682 546.32 0
2051 2 3.8666546 -7.4982862 209.8 108.621925175 547.24 0
2051 3 8.894174 -2.5347998 301.6 81.3016075 548.22 0
2051 4 17.634573 4.7037835 391.2 58.082856 549.68 0
2051 5 25.49666 10.543132 461.6 115.7959492 550.22 0
2051 6 27.57219 14.41507 512.7 99.56688 549.67 0
2051 7 30.17397 18.258112 503.7 132.590286 548.15 0
2051 8 28.860926 17.833553 439.3 152.512157 545.56 0
2051 9 24.358597 12.081811 346.6 104.234139 544.56 0
2051 10 20.529787 6.3709116 255.1 66.4681788 544.42 0
2051 11 13.22496 1.3844905 163.1 76.698168 545.85 0
2051 12 4.9660573 -4.5897813 125 34.2750229 547.06 0
2052 1 0.19432323 -10.975984 143.5 119.6043271 552.21 0
2052 2 6.8947973 -4.7253933 209.8 235.29953275 553.13 0
2052 3 9.744439 -1.4821535 301.6 68.5790122 554.11 0
2052 4 15.148899 2.3402066 391.2 107.45637 555.57 0
2052 5 24.177008 9.998324 461.6 124.6891207 556.11 0
2052 6 28.209127 15.055595 512.7 87.256101 555.56 0
2052 7 30.520782 17.749767 503.7 96.9697515 554.04 0
2052 8 28.436953 16.579851 439.3 120.2130772 551.45 0
2052 9 24.052893 10.993447 346.6 120.07455 550.45 0
2052 10 19.989014 6.016464 255.1 57.9210138 550.31 0
2052 11 14.933636 3.5467694 163.1 133.27572 551.74 0
2052 12 11.189221 0.21075097 125 155.8438262 552.95 0
2053 1 3.509037 -9.820883 143.5 125.170715 558.21 0
2053 2 3.5902517 -7.92685 209.8 155.5809425 559.13 0
2053 3 11.782837 -0.25767463 301.6 119.4574026 560.11 0
2053 4 17.182947 4.6547313 391.2 164.095359 561.57 0
2053 5 23.113781 8.51706 461.6 148.909647 562.11 0
2053 6 28.239843 15.961442 512.7 144.82881 561.56 0
2053 7 31.137285 17.258139 503.7 57.2482394 560.04 0
2053 8 31.160322 18.16723 439.3 94.6606576 557.45 0
2053 9 26.132751 12.2588825 346.6 90.62811 556.45 0
2053 10 18.88417 6.261585 255.1 97.4158136 556.31 0
2053 11 13.0142975 3.3197424 163.1 125.97495 557.74 0
2053 12 6.7640557 -2.8757274 125 86.8551862 558.95 0
2054 1 8.595594 -0.8784899 143.5 88.8318888 564.31 0
2054 2 6.1228228 -5.371925 209.8 73.352235225 565.23 0
2054 3 13.072567 0.9529425 301.6 100.4388995 566.21 0
2054 4 16.750969 4.2782564 391.2 103.78461 567.67 0
2054 5 21.965242 9.245313 461.6 94.094021 568.21 0
2054 6 29.21811 14.938216 512.7 61.28274 567.66 0
2054 7 31.105148 18.038631 503.7 67.7033583 566.14 0
2054 8 29.297077 17.059315 439.3 159.212931 563.55 0
2054 9 25.478344 13.62861 346.6 118.118049 562.55 0
2054 10 20.41061 7.177593 255.1 51.581458 562.41 0
2054 11 15.3567705 3.7320724 163.1 146.16765 563.84 0
2054 12 4.278443 -4.82979 125 170.129581 565.05 0
2055 1 1.0314416 -10.372749 143.5 124.3396732 570.52 0
2055 2 4.611877 -6.8717465 209.8 95.807578275 571.44 0
2055 3 10.892482 -0.37546295 301.6 155.322369 572.42 0
2055 4 17.879438 5.1539264 391.2 130.70478 573.88 0
2055 5 24.652855 10.813984 461.6 56.527632 574.42 0
2055 6 28.421228 14.605173 512.7 76.48899 573.87 0
2055 7 31.817736 18.559322 503.7 104.989374 572.35 0
2055 8 28.553469 16.928461 439.3 246.267937 569.76 0
2055 9 25.173279 13.773408 346.6 161.316618 568.76 0
2055 10 21.551014 8.038921 255.1 41.0407481 568.62 0
2055 11 10.491137 -0.00582328 163.1 116.642118 570.05 0
2055 12 3.2943969 -7.007971 125 30.9566682 571.26 0
2056 1 5.2065396 -4.3164854 143.5 81.1293839 576.84 0
2056 2 7.4974046 -4.247114 209.8 148.624021225 577.76 0
2056 3 10.782649 -0.7838973 301.6 30.23968656 578.74 0
2056 4 17.12347 4.0007195 391.2 93.064107 580.2 0
2056 5 23.955235 8.899269 461.6 28.1873607 580.74 0
2056 6 26.98157 13.808459 512.7 84.635625 580.19 0
2056 7 32.174 18.166798 503.7 59.0731071 578.67 0
2056 8 27.991196 18.93709 439.3 390.961987 576.08 0
2056 9 24.86002 12.205133 346.6 90.480645 575.08 0
2056 10 19.056343 5.065178 255.1 120.4080362 574.94 0
2056 11 10.689851 -0.39225563 163.1 69.305505 576.37 0
2056 12 7.957314 -2.293127 125 45.2392424 577.58 0
2057 1 6.649498 -3.3758314 143.5 111.03363 583.3 0
2057 2 3.8016148 -7.466166 209.8 94.88138225 584.22 0
2057 3 10.382861 -0.705515 301.6 167.292616 585.2 0
2057 4 17.751226 5.1802964 391.2 126.11175 586.66 0
2057 5 20.89303 7.4737487 461.6 65.5850973 587.2 0
2057 6 27.103765 15.090146 512.7 141.375261 586.65 0
2057 7 31.529228 18.378351 503.7 173.625885 585.13 0
2057 8 32.052002 17.858572 439.3 61.8726055 582.54 0
2057 9 26.557182 15.2823105 346.6 208.97745 581.54 0
2057 10 18.357323 4.5181947 255.1 82.7429587 581.4 0
2057 11 11.173229 1.0059372 163.1 61.39554 582.83 0
2057 12 7.0412683 -1.8512963 125 65.1080383 584.04 0
2058 1 7.073899 -1.1425128 143.5 76.4617077 589.91 0
2058 2 5.9384513 -5.0815554 209.8 100.46544675 590.83 0
2058 3 11.137812 -0.27954316 301.6 59.4778183 591.81 0
2058 4 20.013014 6.391997 391.2 65.651835 593.27 0
2058 5 23.882446 10.700639 461.6 138.8685455 593.81 0
2058 6 27.958187 14.287231 512.7 110.708205 593.26 0
2058 7 32.010353 18.391771 503.7 124.4826607 591.74 0
2058 8 29.887236 18.200415 439.3 205.9678595 589.15 0
2058 9 25.54691 12.546476 346.6 48.015099 588.15 0
2058 10 19.905205 6.6686897 255.1 87.8725907 588.01 0
2058 11 13.391745 1.9858416 163.1 76.147815 589.44 0
2058 12 7.9709787 -1.4533991 125 46.2448018 590.65 0
2059 1 5.30115 -4.372893 143.5 89.999851 596.65 0
2059 2 5.115861 -5.986165 209.8 105.628024075 597.57 0
2059 3 12.47719 0.10352718 301.6 83.2232231 598.55 0
2059 4 18.438507 5.8123393 391.2 109.188909 600.01 0
2059 5 25.930164 10.100696 461.6 85.1841901 600.55 0
2059 6 30.208998 15.843558 512.7 90.357291 600 0
2059 7 31.467014 19.932508 503.7 149.811375 598.48 0
2059 8 30.324001 16.390833 439.3 79.8274025 595.89 0
2059 9 24.949102 12.703293 346.6 143.06646 594.89 0
2059 10 19.472488 6.1477427 255.1 124.2075233 594.75 0
2059 11 13.210776 2.1907356 163.1 67.27752 596.18 0
2059 12 7.3801317 -4.2570567 125 120.2744665 597.39 0
2060 1 4.8519926 -4.3192673 143.5 135.486771 603.52 0
2060 2 5.3726373 -4.9612346 209.8 175.306349625 604.44 0
2060 3 11.311572 -0.08980167 301.6 77.4436668 605.42 0
2060 4 18.183601 5.343889 391.2 44.563674 606.88 0
2060 5 25.775333 11.072554 461.6 99.097049 607.42 0
2060 6 28.45583 14.794092 512.7 55.029267 606.87 0
2060 7 30.980566 17.350206 503.7 131.1740665 605.35 0
2060 8 30.553215 16.454311 439.3 81.1151022 602.76 0
2060 9 24.04921 12.319313 346.6 162.843561 601.76 0
2060 10 21.029366 8.109935 255.1 91.8975625 601.62 0
2060 11 13.633845 2.1084273 163.1 135.569859 603.05 0
2060 12 7.6305065 -1.8540696 125 108.9019646 604.26 0
2061 1 4.166326 -6.2681565 143.5 125.539646 610.52 0
2061 2 5.161928 -5.7214737 209.8 97.951747625 611.44 0
2061 3 14.184192 3.0471203 301.6 96.5962728 612.42 0
2061 4 15.388303 2.6995833 391.2 102.217299 613.88 0
2061 5 21.246883 6.697917 461.6 92.819549 614.42 0
2061 6 26.766579 14.878757 512.7 241.08198 613.87 0
2061 7 32.537933 18.966526 503.7 119.6986508 612.35 0
2061 8 29.410915 17.316149 439.3 118.9100263 609.76 0
2061 9 25.085718 12.133391 346.6 33.800496 608.76 0
2061 10 19.408123 6.5139427 255.1 152.9845846 608.62 0
2061 11 12.162466 1.7308781 163.1 86.54055 610.05 0
2061 12 6.850758 -3.1196954 125 116.4448691 611.26 0
2062 1 3.8479695 -5.02739 143.5 212.4413508 617.61 0
2062 2 3.7547045 -7.12702 209.8 124.07989295 618.53 0
2062 3 9.968583 -1.0451404 301.6 68.2377611 619.51 0
2062 4 17.266699 3.9347136 391.2 39.162105 620.97 0
2062 5 23.853447 11.770799 461.6 248.532394 621.51 0
2062 6 27.221151 14.151682 512.7 76.840296 620.96 0
2062 7 29.482954 18.45871 503.7 173.5057755 619.44 0
2062 8 31.777866 19.299181 439.3 138.8208737 616.85 0
2062 9 27.447098 14.868047 346.6 102.088086 615.85 0
2062 10 19.674698 5.6465898 255.1 28.6343373 615.71 0
2062 11 11.615768 0.83633137 163.1 103.709544 617.14 0
2062 12 9.165523 -0.7222951 125 231.6048936 618.35 0
2063 1 3.884067 -5.6757035 143.5 97.8126198 624.76 0
2063 2 7.213759 -3.908039 209.8 89.509800125 625.68 0
2063 3 8.801107 -1.8006054 301.6 197.4069677 626.66 0
2063 4 18.333923 5.8002295 391.2 123.75408 628.12 0
2063 5 21.304565 9.029586 461.6 160.7498087 628.66 0
2063 6 29.466454 15.376871 512.7 24.5525532 628.11 0
2063 7 32.537975 17.82976 503.7 93.3825927 626.59 0
2063 8 29.792658 16.8772 439.3 139.377922 624 0
2063 9 24.71053 13.405385 346.6 203.170122 623 0
2063 10 22.169527 8.410602 255.1 32.0853007 622.86 0
2063 11 11.601035 1.6733351 163.1 209.162565 624.29 0
2063 12 2.756615 -5.4668126 125 30.4359984 625.5 0
2064 1 5.892771 -2.7076454 143.5 135.945168 631.99 0
2064 2 9.143793 -1.0961694 209.8 147.328496 632.91 0
2064 3 9.99748 -1.1092683 301.6 91.6583448 633.89 0
2064 4 15.837934 2.7483923 391.2 54.023655 635.35 0
2064 5 22.769428 8.536377 461.6 38.1254616 635.89 0
2064 6 29.480463 15.078402 512.7 45.011568 635.34 0
2064 7 33.16053 18.936228 503.7 80.0636349 633.82 0
2064 8 31.583244 17.520609 439.3 117.3542355 631.23 0
2064 9 26.41065 13.55832 346.6 150.514998 630.23 0
2064 10 18.77014 9.060655 255.1 245.2237144 630.09 0
2064 11 15.959598 4.728603 163.1 183.193761 631.52 0
2064 12 8.071928 -1.481359 125 181.494243 632.73 0
2065 1 4.0756373 -5.559141 143.5 106.779593 639.29 0
2065 2 4.0159483 -7.0686054 209.8 83.937126025 640.21 0
2065 3 11.233817 0.39676243 301.6 132.7827557 641.19 0
2065 4 15.770877 3.9138868 391.2 126.401811 642.65 0
2065 5 25.237291 11.45447 461.6 123.159249 643.19 0
2065 6 28.642046 15.25305 512.7 137.281035 642.64 0
2065 7 31.801249 19.012365 503.7 50.5276967 641.12 0
2065 8 31.319595 17.974329 439.3 65.6060936 638.53 0
2065 9 28.48457 13.514727 346.6 44.896209 637.53 0
2065 10 19.674107 7.714327 255.1 159.9233642 637.39 0
2065 11 10.885707 0.65871674 163.1 76.28433 638.82 0
2065 12 10.532634 0.59759766 125 175.378501 640.03 0
2066 1 3.6999521 -5.480637 143.5 31.0737707 646.65 0
2066 2 3.9106886 -7.078493 209.8 53.77799385 647.57 0
2066 3 11.703331 0.67031616 301.6 79.5305093 648.55 0
2066 4 17.86211 5.367007 391.2 85.19592 650.01 0
2066 5 23.786573 9.469494 461.6 61.1105852 650.55 0
2066 6 29.139902 15.3941345 512.7 75.56094 650 0
2066 7 31.815823 18.429754 503.7 83.756172 648.48 0
2066 8 29.658718 18.222963 439.3 126.709307 645.89 0
2066 9 24.827589 13.240059 346.6 214.696542 644.89 0
2066 10 22.07451 8.925085 255.1 64.2700494 644.75 0
2066 11 14.741017 3.472299 163.1 90.887073 646.18 0
2066 12 8.87162 0.19903128 125 65.1963604 647.39 0
2067 1 3.4114518 -7.1745796 143.5 99.2690835 654.1 0
2067 2 7.0421133 -3.4347394 209.8 128.896501 655.02 0
2067 3 9.958361 -0.39446485 301.6 206.806735 656 0
2067 4 20.347347 6.8245783 391.2 108.70167 657.46 0
2067 5 27.08844 12.615814 461.6 206.4231875 658 0
2067 6 29.76356 17.87329 512.7 119.0178 657.45 0
2067 7 32.51252 18.314898 503.7 131.0923226 655.93 0
2067 8 31.916164 17.845812 439.3 96.1050158 653.34 0
2067 9 24.886517 12.651984 346.6 106.674198 652.34 0
2067 10 22.01755 8.579286 255.1 74.6116153 652.2 0
2067 11 15.119372 4.7661552 163.1 145.501872 653.63 0
2067 12 12.029046 1.2125096 125 298.955072 654.84 0
2068 1 3.1597533 -7.733212 143.5 98.6477474 661.64 0
2068 2 4.0784183 -6.76325 209.8 245.12412 662.56 0
2068 3 9.892696 -1.0637062 301.6 51.9230222 663.54 0
2068 4 20.85734 7.168469 391.2 59.451084 665 0
2068 5 26.1406 11.420109 461.6 115.7703122 665.54 0
2068 6 29.538033 15.341567 512.7 76.649352 664.99 0
2068 7 34.098686 20.233086 503.7 115.3131707 663.47 0
2068 8 31.826187 19.341515 439.3 74.1977777 660.88 0
2068 9 27.323181 15.879339 346.6 139.791012 659.88 0
2068 10 19.748503 6.7230544 255.1 89.6278603 659.74 0
2068 11 13.983967 3.0938935 163.1 80.195304 661.17 0
2068 12 8.94836 -0.21891584 125 82.361141 662.38 0
2069 1 5.193266 -4.296889 143.5 175.8707996 669.3 0
2069 2 3.1279638 -8.020427 209.8 95.70850835 670.22 0
2069 3 10.930562 -0.043003947 301.6 152.8690476 671.2 0
2069 4 18.216555 5.2646375 391.2 92.847741 672.66 0
2069 5 24.506897 9.745515 461.6 49.5255132 673.2 0
2069 6 29.726608 15.678814 512.7 66.63816 672.65 0
2069 7 31.506016 19.584677 503.7 158.511742 671.13 0
2069 8 32.668854 20.270926 439.3 169.201503 668.54 0
2069 9 25.407162 13.617977 346.6 128.598918 667.54 0
2069 10 20.20512 7.9106054 255.1 140.51494 667.4 0
2069 11 11.868557 2.211248 163.1 75.292482 668.83 0
2069 12 6.863524 -1.6403579 125 52.28088 670.04 0
2070 1 5.3875213 -4.1688056 143.5 31.7223744 677.08 0
2070 2 6.259993 -2.9659157 209.8 130.05867775 678 0
2070 3 9.687588 -1.2243212 301.6 94.075359 678.98 0
2070 4 15.353162 3.070231 391.2 81.778221 680.44 0
2070 5 22.221823 9.408959 461.6 87.6220022 680.98 0
2070 6 29.885775 15.400307 512.7 64.263204 680.43 0
2070 7 32.29118 19.845499 503.7 170.114453 678.91 0
2070 8 31.004509 17.463982 439.3 98.9972228 676.32 0
2070 9 24.902391 13.0187435 346.6 54.230292 675.32 0
2070 10 19.361933 5.851015 255.1 45.8742681 675.18 0
2070 11 12.379907 2.8289433 163.1 137.9367 676.61 0
2070 12 8.000809 -1.7872851 125 160.2277997 677.82 0
2071 1 4.842333 -4.494979 143.5 175.801124 684.95 0
2071 2 3.138832 -7.685534 209.8 87.39360675 685.87 0
2071 3 9.963506 -0.84226894 301.6 99.395579 686.85 0
2071 4 16.91517 4.9504905 391.2 102.90273 688.31 0
2071 5 25.136204 10.591493 461.6 59.3616179 688.85 0
2071 6 30.04312 16.630846 512.7 79.410168 688.3 0
2071 7 32.10067 17.488556 503.7 50.681745 686.78 0
2071 8 31.668793 17.084524 439.3 96.2760428 684.19 0
2071 9 24.699705 12.983562 346.6 153.96636 683.19 0
2071 10 19.192148 6.873685 255.1 94.2583272 683.05 0
2071 11 15.388274 5.6274047 163.1 195.860625 684.48 0
2071 12 10.01287 0.8635977 125 164.566352 685.69 0
2072 1 6.533258 -2.9843693 143.5 91.7024702 692.9 0
2072 2 4.5208197 -5.4625306 209.8 151.42408495 693.82 0
2072 3 10.329212 -0.87228143 301.6 127.6493107 694.8 0
2072 4 18.122484 4.9212728 391.2 94.506198 696.26 0
2072 5 21.672152 9.330647 461.6 175.4355317 696.8 0
2072 6 27.575684 15.794832 512.7 132.775011 696.25 0
2072 7 31.067553 18.78857 503.7 141.505235 694.73 0
2072 8 31.064936 18.199202 439.3 96.3468716 692.14 0
2072 9 25.034222 13.478146 346.6 118.28106 691.14 0
2072 10 22.291512 9.704185 255.1 82.1658038 691 0
2072 11 19.121046 6.61291 163.1 76.067391 692.43 0
2072 12 9.583031 -0.8586606 125 81.5234559 693.64 0
2073 1 6.308846 -3.6606433 143.5 80.317063 700.89 0
2073 2 4.2220125 -6.2997537 209.8 97.005745525 701.81 0
2073 3 9.47852 -1.8793832 301.6 68.343375 702.79 0
2073 4 15.242383 3.1205328 391.2 89.61972 704.25 0
2073 5 21.70357 9.175191 461.6 205.327322 704.79 0
2073 6 30.197582 15.829896 512.7 37.443255 704.24 0
2073 7 33.838722 19.013538 503.7 54.1431864 702.72 0
2073 8 31.041292 18.154057 439.3 70.8394826 700.13 0
2073 9 26.464397 14.271382 346.6 130.115646 699.13 0
2073 10 21.696968 8.850306 255.1 79.5923636 698.99 0
2073 11 13.830784 3.5737834 163.1 210.15477 700.42 0
2073 12 7.872706 -0.44033965 125 67.312966 701.63 0
2074 1 5.7753844 -3.8024106 143.5 145.2511386 708.93 0
2074 2 4.8289785 -5.244393 209.8 172.03998575 709.85 0
2074 3 9.2588415 -2.5194256 301.6 132.149869 710.83 0
2074 4 19.07498 6.906476 391.2 107.027694 712.29 0
2074 5 24.716423 11.931522 461.6 115.348334 712.83 0
2074 6 30.333385 14.400398 512.7 38.458662 712.28 0
2074 7 33.51792 18.683483 503.7 103.3354217 710.76 0
2074 8 32.26085 19.942886 439.3 102.7287331 708.17 0
2074 9 28.569344 15.156701 346.6 77.92896 707.17 0
2074 10 21.336212 6.268036 255.1 68.3505422 707.03 0
2074 11 14.35962 4.2740736 163.1 158.853135 708.46 0
2074 12 10.042441 -0.0714643 125 201.600161 709.67 0
2075 1 6.2284675 -2.670637 143.5 132.2245015 717.02 0
2075 2 7.735697 -1.4339843 209.8 79.85040475 717.94 0
2075 3 10.303326 -0.62498856 301.6 124.815269 718.92 0
2075 4 18.63195 5.8188796 391.2 73.822497 720.38 0
2075 5 24.936455 10.004375 461.6 67.1362102 720.92 0
2075 6 31.01054 17.728397 512.7 75.586446 720.37 0
2075 7 32.736897 19.324226 503.7 67.9179403 718.85 0
2075 8 33.070843 19.50114 439.3 96.4523987 716.26 0
2075 9 28.986477 14.876618 346.6 90.338088 715.26 0
2075 10 20.37256 7.8904805 255.1 138.0901107 715.12 0
2075 11 14.814788 4.5760646 163.1 192.45351 716.55 0
2075 12 8.251814 -0.049792636 125 61.2706041 717.76 0
2076 1 7.456283 -2.4043846 143.5 70.8162884 725.14 0
2076 2 6.1604853 -4.043648 209.8 115.4150925 726.06 0
2076 3 9.287254 -1.8120874 301.6 58.9863877 727.04 0
2076 4 19.20119 6.3939333 391.2 52.444164 728.5 0
2076 5 25.366932 11.053023 461.6 55.5957813 729.04 0
2076 6 30.04257 16.677032 512.7 100.13517 728.49 0
2076 7 33.90608 19.059391 503.7 54.7496177 726.97 0
2076 8 30.771696 18.179306 439.3 142.3779563 724.38 0
2076 9 26.244204 13.96697 346.6 102.10338 723.38 0
2076 10 20.748455 7.1083074 255.1 77.232532 723.24 0
2076 11 11.703131 1.0330853 163.1 110.440644 724.67 0
2076 12 7.832702 -0.786342 125 149.4680314 725.88 0
2077 1 4.552118 -4.822784 143.5 110.4166587 733.31 0
2077 2 7.34291 -2.3286238 209.8 253.44987525 734.23 0
2077 3 10.238067 -1.4170933 301.6 154.2218473 735.21 0
2077 4 18.817104 6.416962 391.2 237.51375 736.67 0
2077 5 25.385094 10.344451 461.6 77.8197185 737.21 0
2077 6 29.732698 16.97343 512.7 90.492891 736.66 0
2077 7 32.58732 19.219925 503.7 112.4909059 735.14 0
2077 8 31.542988 19.829279 439.3 204.1873745 732.55 0
2077 9 25.526766 12.44342 346.6 127.71075 731.55 0
2077 10 20.559568 6.894981 255.1 92.7545017 731.41 0
2077 11 10.57232 0.61506546 163.1 115.85658 732.84 0
2077 12 3.2614727 -5.7018194 125 131.1558974 734.05 0
2078 1 5.0083475 -5.577385 143.5 88.7037379 741.52 0
2078 2 6.6065645 -4.705289 209.8 72.01649895 742.44 0
2078 3 12.339752 0.81766284 301.6 121.2557374 743.42 0
2078 4 20.66062 8.231315 391.2 83.48337 744.88 0
2078 5 22.484562 10.0008 461.6 218.0543534 745.42 0
2078 6 28.423311 15.944164 512.7 242.31729 744.87 0
2078 7 31.219172 18.488615 503.7 144.2891745 743.35 0
2078 8 30.502583 18.517155 439.3 358.68426 740.76 0
2078 9 27.174006 14.144288 346.6 84.085902 739.76 0
2078 10 18.792208 5.7290573 255.1 115.127769 739.62 0
2078 11 13.34628 1.8944865 163.1 318.76347 741.05 0
2078 12 4.6513844 -3.5978029 125 172.884365 742.26 0
2079 1 6.0994835 -2.5776176 143.5 269.424844 749.8 0
2079 2 9.190369 -2.221016 209.8 92.5796005 750.72 0
2079 3 13.896303 2.8813484 301.6 221.554148 751.7 0
2079 4 17.781244 5.820053 391.2 251.05569 753.16 0
2079 5 28.679289 13.288245 461.6 73.495048 753.7 0
2079 6 28.803114 15.609148 512.7 65.336595 753.15 0
2079 7 35.493664 20.62766 503.7 104.1076751 751.63 0
2079 8 31.189156 18.258858 439.3 90.7678357 749.04 0
2079 9 25.911419 12.890151 346.6 67.902996 748.04 0
2079 10 20.00102 6.471129 255.1 83.0584054 747.9 0
2079 11 16.941107 4.2342114 163.1 150.872928 749.33 0
2079 12 7.8966627 -1.0646073 125 33.0985543 750.54 0
2080 1 6.7371535 -2.3013449 143.5 158.9506834 758.18 0
2080 2 5.8898697 -5.7042084 209.8 34.690548 759.1 0
2080 3 11.276771 -0.01891432 301.6 114.2205478 760.08 0
2080 4 20.018894 7.4763975 391.2 80.215014 761.54 0
2080 5 23.042664 10.344988 461.6 57.6894066 762.08 0
2080 6 30.333738 16.205454 512.7 61.641096 761.53 0
2080 7 32.252697 20.280346 503.7 211.315747 760.01 0
2080 8 31.58232 18.536453 439.3 57.266951 757.42 0
2080 9 26.983786 13.726559 346.6 141.410565 756.42 0
2080 10 21.96593 7.830701 255.1 93.105648 756.28 0
2080 11 14.715273 3.8366523 163.1 151.913322 757.71 0
2080 12 8.563711 -0.3115842 125 153.9155084 758.92 0
2081 1 2.5996735 -8.7130575 143.5 219.4463247 766.64 0
2081 2 6.3750005 -5.1891823 209.8 135.9952175 767.56 0
2081 3 11.671147 0.091210335 301.6 138.676795 768.54 0
2081 4 19.704098 7.0806675 391.2 55.328157 770 0
2081 5 28.164402 12.60473 461.6 85.8793775 770.54 0
2081 6 33.288593 17.11152 512.7 56.465268 769.99 0
2081 7 33.64002 19.411278 503.7 91.8971471 768.47 0
2081 8 30.935862 18.51346 439.3 142.5148988 765.88 0
2081 9 28.081873 14.504068 346.6 82.01973 764.88 0
2081 10 22.087906 8.758955 255.1 97.6467884 764.74 0
2081 11 11.659556 1.0394897 163.1 141.841179 766.17 0
2081 12 8.43365 -0.2021494 125 35.7391498 767.38 0
2082 1 4.668587 -4.417667 143.5 80.3491542 775.17 0
2082 2 10.460884 -0.36371067 209.8 188.218034725 776.09 0
2082 3 13.061263 2.4880931 301.6 151.6215983 777.07 0
2082 4 20.313442 7.7427893 391.2 182.38374 778.53 0
2082 5 24.038038 11.623565 461.6 137.7642294 779.07 0
2082 6 29.696888 16.553616 512.7 111.754647 778.52 0
2082 7 31.755417 19.733406 503.7 102.9885193 777 0
2082 8 32.573036 18.207363 439.3 55.9813035 774.41 0
2082 9 27.497831 14.363789 346.6 151.05687 773.41 0
2082 10 20.472864 7.544794 255.1 45.8215309 773.27 0
2082 11 12.997329 1.1108289 163.1 63.233535 774.7 0
2082 12 5.7202086 -2.5191143 125 26.61035164 775.91 0
2083 1 5.8100734 -3.6444602 143.5 77.563209 783.75 0
2083 2 4.54773 -6.333487 209.8 108.5663772 784.67 0
2083 3 10.572293 -0.3827694 301.6 91.6885667 785.65 0
2083 4 18.133123 5.209208 391.2 183.24207 787.11 0
2083 5 25.552586 12.325035 461.6 123.1508666 787.65 0
2083 6 29.642546 16.596489 512.7 86.496105 787.1 0
2083 7 32.31903 20.014236 503.7 130.984052 785.58 0
2083 8 32.16915 20.183908 439.3 139.3915434 782.99 0
2083 9 26.192064 13.744255 346.6 178.18107 781.99 0
2083 10 19.95752 7.8682313 255.1 188.5531383 781.85 0
2083 11 11.529625 1.2628587 163.1 315.62781 783.28 0
2083 12 10.852284 0.45663697 125 180.043815 784.49 0
2084 1 4.886704 -5.8193855 143.5 119.4726422 792.37 0
2084 2 5.8198247 -4.9241714 209.8 29.3306077 793.29 0
2084 3 11.181244 -0.031081527 301.6 127.1903433 794.27 0
2084 4 21.61627 8.2453165 391.2 82.76121 795.73 0
2084 5 24.126003 10.2475395 461.6 98.4413556 796.27 0
2084 6 30.168848 16.404251 512.7 88.309629 795.72 0
2084 7 34.52214 19.99183 503.7 68.8431198 794.2 0
2084 8 31.796621 18.586697 439.3 137.3251454 791.61 0
2084 9 27.137583 14.064369 346.6 58.23024 790.61 0
2084 10 20.954054 8.241375 255.1 106.9440077 790.47 0
2084 11 12.352964 0.542173 163.1 54.9642 791.9 0
2084 12 10.38141 -0.21862012 125 176.6182344 793.11 0
2085 1 7.350603 -4.036359 143.5 116.8326233 801.02 0
2085 2 6.5603356 -3.9427636 209.8 74.95017105 801.94 0
2085 3 13.631041 3.2182195 301.6 156.596903 802.92 0
2085 4 19.70442 6.8526397 391.2 178.76874 804.38 0
2085 5 26.228262 10.736883 461.6 42.435497 804.92 0
2085 6 32.99846 17.533865 512.7 55.16202 804.37 0
2085 7 33.05641 19.560862 503.7 80.8652453 802.85 0
2085 8 33.502083 19.835514 439.3 62.5587502 800.26 0
2085 9 25.538132 13.025436 346.6 177.178689 799.26 0
2085 10 20.88958 8.013266 255.1 40.5502754 799.12 0
2085 11 13.394822 4.2818985 163.1 182.386509 800.55 0
2085 12 7.692479 -3.0670564 125 202.4396596 801.76 0
2086 1 4.3367467 -5.96052 143.5 126.189654 809.71 0
2086 2 5.088717 -5.494998 209.8 94.6740555 810.63 0
2086 3 11.766526 0.4637102 301.6 52.8828628 811.61 0
2086 4 17.289839 5.604772 391.2 162.905532 813.07 0
2086 5 28.16306 12.477669 461.6 37.2105772 813.61 0
2086 6 30.92568 16.191214 512.7 84.217242 813.06 0
2086 7 33.15501 20.622507 503.7 167.984908 811.54 0
2086 8 31.857115 19.291925 439.3 216.907372 808.95 0
2086 9 27.064756 15.233922 346.6 192.40221 807.95 0
2086 10 21.639942 8.804899 255.1 87.6395017 807.81 0
2086 11 14.044331 2.8824468 163.1 75.290802 809.24 0
2086 12 7.0590367 -2.7648642 125 61.7910755 810.45 0
2087 1 6.7634535 -2.1292622 143.5 258.540527 818.42 0
2087 2 5.545991 -5.2850447 209.8 167.828399475 819.34 0
2087 3 14.195236 3.5024097 301.6 156.2603825 820.32 0
2087 4 17.223087 5.090232 391.2 105.755073 821.78 0
2087 5 26.275085 11.085921 461.6 27.46065746 822.32 0
2087 6 30.874914 16.84092 512.7 77.39277 821.77 0
2087 7 32.76902 19.317238 503.7 107.309011 820.25 0
2087 8 32.38592 19.222132 439.3 176.390372 817.66 0
2087 9 29.63873 17.787708 346.6 168.69714 816.66 0
2087 10 22.081171 10.818612 255.1 120.4752132 816.52 0
2087 11 11.366549 1.5419799 163.1 70.445088 817.95 0
2087 12 5.0013933 -5.806058 125 89.1876324 819.16 0
2088 1 5.793893 -2.8683426 143.5 84.3415822 827.16 0
2088 2 6.257482 -3.4853568 209.8 137.4194695 828.08 0
2088 3 11.041735 0.38731152 301.6 188.81666 829.06 0
2088 4 17.688597 6.202164 391.2 107.174028 830.52 0
2088 5 27.182625 13.597871 461.6 96.4009356 831.06 0
2088 6 29.1782 15.451788 512.7 79.128105 830.51 0
2088 7 33.208405 19.726349 503.7 105.5798186 828.99 0
2088 8 31.329319 19.47741 439.3 188.1280973 826.4 0
2088 9 26.956476 15.206142 346.6 176.47302 825.4 0
2088 10 22.448046 9.244673 255.1 79.3444783 825.26 0
2088 11 12.170318 1.9096655 163.1 98.614341 826.69 0
2088 12 4.716035 -3.9418907 125 51.5420384 827.9 0
2089 1 5.9535556 -3.8597693 143.5 122.8761663 835.96 0
2089 2 7.4950953 -2.8363883 209.8 96.6758618 836.88 0
2089 3 11.91019 0.4245858 301.6 60.2669481 837.86 0
2089 4 19.019098 5.945781 391.2 47.352912 839.32 0
2089 5 23.683178 10.790505 461.6 110.2463974 839.86 0
2089 6 27.837582 14.962647 512.7 85.977045 839.31 0
2089 7 34.37948 21.575851 503.7 87.3331907 837.79 0
2089 8 31.36918 19.199226 439.3 230.319956 835.2 0
2089 9 26.673183 14.97234 346.6 110.615796 834.2 0
2089 10 21.801744 9.088503 255.1 89.0637068 834.06 0
2089 11 15.911362 4.413375 163.1 90.186297 835.49 0
2089 12 7.457786 -1.241255 125 165.521679 836.7 0
2090 1 9.831555 1.318086 143.5 145.6049013 844.8 0
2090 2 9.365824 -0.2023551 209.8 100.749896 845.72 0
2090 3 10.34525 -0.25584975 301.6 117.6627785 846.7 0
2090 4 16.667377 4.5663266 391.2 115.662354 848.16 0
2090 5 24.699863 10.4756565 461.6 72.5708853 848.7 0
2090 6 31.901001 16.679567 512.7 57.874023 848.15 0
2090 7 33.22143 20.415178 503.7 89.388314 846.63 0
2090 8 32.218037 18.616758 439.3 101.1316193 844.04 0
2090 9 27.577917 14.739478 346.6 163.77549 843.04 0
2090 10 23.878662 10.99263 255.1 77.5988404 842.9 0
2090 11 16.959223 4.9292426 163.1 97.446384 844.33 0
2090 12 7.035108 -1.0877016 125 39.493225 845.54 0
2091 1 6.012047 -3.2786443 143.5 333.527605 853.73 0
2091 2 9.602311 -0.9452105 209.8 134.900905725 854.65 0
2091 3 10.49372 0.16996051 301.6 192.030802 855.63 0
2091 4 19.945292 7.2099175 391.2 87.271134 857.09 0
2091 5 28.17945 12.583692 461.6 51.5948717 857.63 0
2091 6 31.863548 17.086643 512.7 140.39109 857.08 0
2091 7 33.148182 20.348112 503.7 149.559624 855.56 0
2091 8 32.095276 19.443922 439.3 110.57545 852.97 0
2091 9 27.473486 14.783505 346.6 128.989491 851.97 0
2091 10 23.589903 10.12427 255.1 82.0780893 851.83 0
2091 11 13.606298 3.5515997 163.1 155.79219 853.26 0
2091 12 9.5701275 -0.34792748 125 241.416003 854.47 0
2092 1 5.2450676 -5.259167 143.5 120.524838 862.73 0
2092 2 6.793349 -3.6379652 209.8 159.790545625 863.65 0
2092 3 9.54666 -1.3728514 301.6 79.8279047 864.63 0
2092 4 17.828375 5.735806 391.2 131.96607 866.09 0
2092 5 25.413212 12.365781 461.6 117.1420994 866.63 0
2092 6 28.72913 14.992601 512.7 85.37361 866.08 0
2092 7 32.83617 21.50443 503.7 169.0217154 864.56 0
2092 8 33.36264 19.571404 439.3 65.1932945 861.97 0
2092 9 26.445436 14.2551775 346.6 84.651054 860.97 0
2092 10 19.990974 7.348557 255.1 73.823121 860.83 0
2092 11 11.989327 1.9317507 163.1 97.81104 862.26 0
2092 12 9.377585 0.18864301 125 36.878375 863.47 0
2093 1 5.7283516 -4.131528 143.5 73.8775508 871.78 0
2093 2 6.5096807 -4.155117 209.8 199.1511435 872.7 0
2093 3 11.889252 0.29797804 301.6 129.9939337 873.68 0
2093 4 19.750309 6.427064 391.2 82.634454 875.14 0
2093 5 23.83591 9.782935 461.6 79.422775 875.68 0
2093 6 31.843681 17.354229 512.7 128.62752 875.13 0
2093 7 34.294983 21.596844 503.7 111.159986 873.61 0
2093 8 32.910625 19.907024 439.3 68.1154847 871.02 0
2093 9 26.588215 14.926126 346.6 105.60099 870.02 0
2093 10 23.999561 11.138427 255.1 71.506832 869.88 0
2093 11 17.013935 5.6779447 163.1 134.666505 871.31 0
2093 12 7.369293 -2.5221093 125 55.0771172 872.52 0
2094 1 5.2072926 -5.8418937 143.5 195.351615 880.86 0
2094 2 6.998393 -4.057826 209.8 152.9319965 881.78 0
2094 3 10.904153 -0.7764219 301.6 115.74625 882.76 0
2094 4 19.830465 6.8828373 391.2 80.403822 884.22 0
2094 5 25.401882 13.311102 461.6 125.8712313 884.76 0
2094 6 31.04021 16.453442 512.7 68.066754 884.21 0
2094 7 36.367138 21.562887 503.7 105.176428 882.69 0
2094 8 32.21523 19.979757 439.3 157.480279 880.1 0
2094 9 28.618582 15.411279 346.6 80.72181 879.1 0
2094 10 22.261656 10.155085 255.1 205.6473877 878.96 0
2094 11 17.157194 6.1614285 163.1 167.844372 880.39 0
2094 12 5.180226 -5.2450514 125 171.0203257 881.6 0
2095 1 5.545934 -4.1601 143.5 118.4004855 889.98 0
2095 2 9.711014 -1.0035317 209.8 96.5076952 890.9 0
2095 3 12.08369 0.78686976 301.6 138.033855 891.88 0
2095 4 20.01305 6.5448937 391.2 52.439619 893.34 0
2095 5 28.736225 12.320957 461.6 67.9283904 893.88 0
2095 6 29.825567 16.518435 512.7 166.542591 893.33 0
2095 7 33.704777 21.079576 503.7 131.1488046 891.81 0
2095 8 33.023666 20.940348 439.3 192.6857297 889.22 0
2095 9 27.744717 15.003849 346.6 160.00614 888.22 0
2095 10 24.640587 11.850879 255.1 54.7609885 888.08 0
2095 11 13.096242 2.6674116 163.1 193.135371 889.51 0
2095 12 6.639589 -1.587139 125 137.6233437 890.72 0
2096 1 4.6243567 -4.9670553 143.5 143.3302856 899.12 0
2096 2 6.083863 -5.069776 209.8 157.471842125 900.04 0
2096 3 10.166535 -0.02850717 301.6 187.3911157 901.02 0
2096 4 18.453913 5.939711 391.2 81.789765 902.48 0
2096 5 28.736675 14.167831 461.6 88.8316904 903.02 0
2096 6 30.720814 16.211758 512.7 60.441084 902.47 0
2096 7 32.849842 21.349125 503.7 165.171782 900.95 0
2096 8 33.657364 19.79263 439.3 144.6630097 898.36 0
2096 9 27.580551 15.512667 346.6 211.841025 897.36 0
2096 10 21.167404 8.37781 255.1 95.845552 897.22 0
2096 11 15.61086 4.1757975 163.1 196.97721 898.65 0
2096 12 8.445327 -0.29328826 125 39.6756879 899.86 0
2097 1 5.9329395 -3.4034476 143.5 143.542059 908.29 0
2097 2 9.178466 -2.2602046 209.8 93.14583785 909.21 0
2097 3 10.051993 -1.0313752 301.6 83.4435649 910.19 0
2097 4 18.25642 5.0542283 391.2 77.196171 911.65 0
2097 5 25.334303 12.042482 461.6 96.929405 912.19 0
2097 6 31.42138 16.638594 512.7 57.894759 911.64 0
2097 7 33.78227 21.27945 503.7 131.9132088 910.12 0
2097 8 33.043827 19.420906 439.3 75.4965878 907.53 0
2097 9 28.74942 15.399896 346.6 106.923108 906.53 0
2097 10 21.88281 10.14264 255.1 269.072529 906.39 0
2097 11 17.349194 6.748735 163.1 64.092279 907.82 0
2097 12 8.763845 -0.8675733 125 168.1446572 909.03 0
2098 1 1.0677619 -10.715014 143.5 93.405759 917.47 0
2098 2 9.273253 -0.8341018 209.8 130.641221 918.39 0
2098 3 10.500365 -0.6407259 301.6 91.9644636 919.37 0
2098 4 16.95283 4.3631163 391.2 126.41508 920.83 0
2098 5 26.423235 12.965778 461.6 191.075816 921.37 0
2098 6 28.845228 14.572661 512.7 72.649905 920.82 0
2098 7 33.522095 20.48014 503.7 178.7414554 919.3 0
2098 8 31.917376 19.984777 439.3 263.999782 916.71 0
2098 9 26.469347 14.272114 346.6 115.029501 915.71 0
2098 10 22.926645 11.924501 255.1 236.361577 915.57 0
2098 11 17.079103 4.3016787 163.1 53.494041 917 0
2098 12 8.37409 -1.3997838 125 142.9827446 918.21 0
2099 1 7.4877105 -1.6202883 143.5 104.6980608 926.67 0
2099 2 7.694646 -2.9884202 209.8 83.779796125 927.59 0
2099 3 11.869632 -0.05800152 301.6 52.9517076 928.57 0
2099 4 21.521538 7.5877137 391.2 85.230924 930.03 0
2099 5 26.439552 11.760396 461.6 84.8047005 930.57 0
2099 6 30.134539 15.982035 512.7 86.583051 930.02 0
2099 7 35.178383 20.480444 503.7 74.359328 928.5 0
2099 8 33.65618 19.270061 439.3 96.9043508 925.91 0
2099 9 27.73838 16.147648 346.6 221.79513 924.91 0
2099 10 21.827343 10.310655 255.1 127.9540097 924.77 0
2099 11 18.219099 6.0726194 163.1 109.66047 926.2 0
2099 12 9.307912 0.049785245 125 115.1549746 927.41 0
2100-2200 1 7.4877105 -1.6202883 143.5 104.6980608 926.67 0
2100-2200 2 7.694646 -2.9884202 209.8 83.779796125 927.59 0
2100-2200 3 11.869632 -0.05800152 301.6 52.9517076 928.57 0
2100-2200 4 21.521538 7.5877137 391.2 85.230924 930.03 0
2100-2200 5 26.439552 11.760396 461.6 84.8047005 930.57 0
2100-2200 6 30.134539 15.982035 512.7 86.583051 930.02 0
2100-2200 7 35.178383 20.480444 503.7 74.359328 928.5 0
2100-2200 8 33.65618 19.270061 439.3 96.9043508 925.91 0
2100-2200 9 27.73838 16.147648 346.6 221.79513 924.91 0
2100-2200 10 21.827343 10.310655 255.1 127.9540097 924.77 0
2100-2200 11 18.219099 6.0726194 163.1 109.66047 926.2 0
2100-2200 12 9.307912 0.049785245 125 115.1549746 927.41 0
