Year Month Tmax Tmin PAR Prec CO2 O3
1200-1980 1 1.10268943216741 -9.30379085107149 143.5 89.6029519628203 390 0
1200-1980 2 3.02348926372174 -7.79505755876151 209.8 84.6638164380136 390 0
1200-1980 3 7.46154097820127 -3.59242769403598 301.6 107.653215035857 390 0
1200-1980 4 14.1322456466107 2.01119642106144 391.2 109.182789844584 390 0
1200-1980 5 20.0579687164993 7.43246393670649 461.6 102.705244359352 390 0
1200-1980 6 24.6921926226484 12.6750700155848 512.7 113.043080356748 390 0
1200-1980 7 27.5873750327713 15.7447374467957 503.7 99.1820637971455 390 0
1200-1980 8 26.6809641424293 14.8875563837581 439.3 103.957491072892 390 0
1200-1980 9 22.5805584319426 10.5481343652495 346.6 103.209216784227 390 0
1200-1980 10 16.2795120771818 4.23237753700374 255.1 116.508001666737 390 0
1200-1980 11 10.2231646119951 -0.334538621725408 163.1 108.36447725593 390 0
1200-1980 12 3.99423573720966 -5.63651002704248 125 105.71713441638 390 0
1981 1 -2.61897742419454 -14.8247601849795 143.5 19.4133468041283 390 0
1981 2 6.27956962136569 -5.51660787206215 209.8 198.079960652373 390 0
1981 3 7.46500559230033 -3.50457559111617 301.6 18.8548419837274 390 0
1981 4 15.7247019038454 2.91222430954861 391.2 97.1909216554702 390 0
1981 5 21.439979294893 7.43861180774692 461.6 75.6117892708621 390 0
1981 6 25.6101716155339 12.6079392581861 512.7 82.6698035546991 390 0
1981 7 27.8301330853912 15.5012305851386 503.7 117.094549744207 390 0
1981 8 26.7587642311979 13.1383491833203 439.3 39.4948255023547 390 0
1981 9 21.1578937075503 9.6859199409273 346.6 107.920240749616 390 0
1981 10 14.4269075304457 2.30905955026107 255.1 134.696224507862 390 0
1981 11 9.7659717972729 -0.627460659385451 163.1 79.1467335554719 390 0
1981 12 2.31530387603672 -6.19214237158341 125 143.920085927591 390 0
1982 1 -2.69023229049636 -14.7098201538601 143.5 121.018480432893 390 0
1982 2 2.09235059016354 -8.28854610871264 209.8 88.1559692540092 390 0
1982 3 6.89900672654086 -4.9421119785334 301.6 67.6377796194197 390 0
1982 4 13.0346523653495 -0.194739217586782 391.2 118.177203022887 390 0
1982 5 21.3238153276888 7.21895515175003 461.6 68.2084062563634 390 0
1982 6 21.8012367408949 10.8327993246971 512.7 277.519274490736 390 0
1982 7 28.2612139305765 14.4337415833472 503.7 86.2972235462538 390 0
1982 8 25.1013657383675 12.635382161282 439.3 72.3666650920956 390 0
1982 9 22.2555477714945 9.99461489791197 346.6 67.9297145193615 390 0
1982 10 16.5261133117456 2.7141559562146 255.1 73.2768765295663 390 0
1982 11 12.0076637586105 1.19073728059196 163.1 101.861231335339 390 0
1982 12 6.67591941940753 -3.50529990441933 125 40.7902846767246 390 0
1983 1 1.62676034177112 -8.48694609320384 143.5 123.949274994644 390 0
1983 2 3.60319656666336 -7.62075677653711 209.8 109.4595009114 390 0
1983 3 7.62631934545557 -1.44140070215858 301.6 212.915949692572 390 0
1983 4 13.140258373774 2.42354460702114 391.2 226.757716544422 390 0
1983 5 18.1696932402666 7.08082115903798 461.6 132.835163495653 390 0
1983 6 26.3492613075854 12.1486415375874 512.7 63.8382084246807 390 0
1983 7 29.0244480747858 14.8844003474881 503.7 51.5386322386588 390 0
1983 8 27.6635866839698 14.5683028821992 439.3 91.2184608336123 390 0
1983 9 25.3585830447695 10.529040967281 346.6 47.555356874726 390 0
1983 10 16.1041991848893 4.24910489762141 255.1 124.702169759027 390 0
1983 11 10.5023335772292 0.0716752826884796 163.1 222.008912224279 390 0
1983 12 2.43599395842431 -7.25079590320211 125 163.097185348915 390 0
1984 1 -0.564066580697411 -11.5484317007244 143.5 54.2645605095886 390 0
1984 2 5.85113935486779 -4.41159750480519 209.8 153.767028024774 390 0
1984 3 3.55445834917922 -6.13411825804234 301.6 139.692694973115 390 0
1984 4 12.8084369478337 1.78918800492606 391.2 122.224741057878 390 0
1984 5 19.311640484591 6.2844570859479 461.6 223.596704805131 390 0
1984 6 25.9241597167007 12.8131560424593 512.7 120.686454091494 390 0
1984 7 26.7369868614049 15.2970957731892 503.7 135.623370135963 390 0
1984 8 27.5472246754998 15.7024318281489 439.3 32.1071322302096 390 0
1984 9 21.8981215626071 8.05091072196127 346.6 37.3978317939725 390 0
1984 10 17.8497784539734 5.17840064160125 255.1 97.1229932982624 390 0
1984 11 10.7309431623813 -1.21215750858597 163.1 78.7217936624843 390 0
1984 12 6.36665841516569 -3.8044570450583 125 80.6890354554204 390 0
1985 1 -1.54993362825776 -11.8107821379733 143.5 26.443151546892 390 0
1985 2 3.47961578373271 -7.9112767255861 209.8 60.5418601289158 390 0
1985 3 9.49367209110937 -3.56751411575063 301.6 69.7691328614492 390 0
1985 4 14.6479556514435 2.15431869812506 391.2 44.7612576619169 390 0
1985 5 21.3466694552511 7.38543853072781 461.6 96.5110998354767 390 0
1985 6 22.4140873474706 10.9505977574201 512.7 103.531754695805 390 0
1985 7 27.9032668750808 14.6943718142645 503.7 88.7941371247354 390 0
1985 8 26.008024996607 14.0969892376601 439.3 164.910833205498 390 0
1985 9 22.6458973712397 10.4419428973962 346.6 109.022663866673 390 0
1985 10 17.2575220142256 4.29078180140887 255.1 66.991450606495 390 0
1985 11 9.95944367891818 0.933445533076703 163.1 170.375831275081 390 0
1985 12 1.48336574666094 -8.17562993559025 125 42.6167015663736 390 0
1986 1 2.70867666322037 -8.68003705785497 143.5 127.685422746978 390 0
1986 2 0.651599917341396 -8.95457781407917 209.8 79.9214651132867 390 0
1986 3 8.86673881560263 -3.69408360119634 301.6 92.1730773076256 390 0
1986 4 15.1574766343566 2.86746769682418 391.2 51.6631144139704 390 0
1986 5 20.9240463408995 7.82809182785765 461.6 46.1289820971736 390 0
1986 6 23.8707006136716 10.7713063164138 512.7 160.893148334375 390 0
1986 7 26.0887223048201 14.869494661689 503.7 129.704423570217 390 0
1986 8 24.7809118084274 13.6486541686015 439.3 95.2420515650557 390 0
1986 9 20.871193543456 8.95012927827536 346.6 38.3382063999523 390 0
1986 10 16.6289492494965 3.63548910999304 255.1 63.5531892611143 390 0
1986 11 8.89584107409956 -2.60831759710619 163.1 156.771338990218 390 0
1986 12 4.11993873513022 -4.96009902648028 125 161.423580081114 390 0
1987 1 0.852091072997239 -10.3454476974602 143.5 139.322286780999 390 0
1987 2 2.20636462236362 -10.0764316316967 209.8 9.57600844178092 390 0
1987 3 8.32060001933998 -3.43253518744259 301.6 77.3438095393953 390 0
1987 4 13.6311797163555 2.94246341982825 391.2 251.838220307126 390 0
1987 5 20.578888740098 6.89930164411065 461.6 45.9456909829087 390 0
1987 6 25.053966361065 12.9028858514552 512.7 82.2823672829832 390 0
1987 7 27.7702643943428 15.7483114698798 503.7 46.7189940310659 390 0
1987 8 25.963532713233 12.7767961962344 439.3 90.7215747538997 390 0
1987 9 21.5265494869813 10.4710280590441 346.6 152.158807025968 390 0
1987 10 15.9578890429084 2.24766082728806 255.1 97.5790672356492 390 0
1987 11 10.1127469891402 -1.61345916411393 163.1 68.1260418661023 390 0
1987 12 4.54808710216519 -4.5286892330837 125 69.1052198365307 390 0
1988 1 0.32012766494294 -11.7380779001651 143.5 71.6229011652198 390 0
1988 2 3.33940035397143 -8.33507911587409 209.8 99.4096019093646 390 0
1988 3 8.19221334135287 -3.89731401673696 301.6 74.8460198125581 390 0
1988 4 12.4463258764188 2.07270968361732 391.2 76.9104823963469 390 0
1988 5 19.8659295198754 7.77754318355147 461.6 97.6005914024962 390 0
1988 6 25.3814175493306 11.2225873029019 512.7 34.8921699211189 390 0
1988 7 28.3821390404809 16.3481848053485 503.7 193.857251100113 390 0
1988 8 28.2239236250215 16.4854568307792 439.3 80.7914612306358 390 0
1988 9 22.3191487489312 8.62994343826395 346.6 55.7135669911213 390 0
1988 10 14.0366451633405 2.2706334970185 255.1 76.5379507271969 390 0
1988 11 11.240040584241 -0.44665342139975 163.1 200.691114834306 390 0
1988 12 3.27396940916639 -7.75546933405709 125 34.0352777562783 390 0
1989 1 3.7727309953707 -7.17812550712408 143.5 33.3250965955872 390 0
1989 2 2.13019122026154 -8.18664552377156 209.8 69.7225240779787 390 0
1989 3 7.54809579770627 -4.68522631790359 301.6 75.0887126984762 390 0
1989 4 12.5076737632645 0.242648699220209 391.2 105.381858027898 390 0
1989 5 20.7375074201175 8.03157232063776 461.6 180.963467812296 390 0
1989 6 24.4394875472097 13.2884388410064 512.7 143.534066316444 390 0
1989 7 27.161299954298 14.7545636227657 503.7 108.057880674718 390 0
1989 8 26.169542114271 14.4895379845856 439.3 148.95673670684 390 0
1989 9 22.7864167775608 10.291504001278 346.6 121.337060774035 390 0
1989 10 17.2965544186421 3.83685282034425 255.1 171.352356233958 390 0
1989 11 9.54708091043296 -1.20676877336475 163.1 122.120424807066 390 0
1989 12 -3.44717263167557 -14.3999648968169 125 29.7513741978745 390 0
1990 1 4.95713797991577 -4.73312130215325 143.5 119.340019284328 390 0
1990 2 5.06345299169825 -7.19073238449369 209.8 93.2367909469954 390 0
1990 3 9.54313565744863 -3.78580298276771 301.6 56.6181078240073 390 0
1990 4 13.7169845244264 1.99487663406112 391.2 116.844878712693 390 0
1990 5 17.7783299337235 6.15335726901199 461.6 179.66809581258 390 0
1990 6 24.9781595328537 12.2425164995404 512.7 55.0108556541728 390 0
1990 7 27.2160874703226 15.9059114167751 503.7 84.1357924630539 390 0
1990 8 26.7431202034754 15.7335365095261 439.3 185.910732660482 390 0
1990 9 22.2005607101801 9.58654175195309 346.6 44.6618167836518 390 0
1990 10 18.6388877065365 6.56572279156209 255.1 208.734821189072 390 0
1990 11 12.0431182911087 0.14635337220163 163.1 75.904614945456 390 0
1990 12 6.95634375696898 -3.42784489553037 125 134.599036064368 390 0
1991 1 1.52632469593172 -9.6398732064765 143.5 74.4622512557562 390 0
1991 2 5.33203844010078 -6.27485748640911 209.8 53.5229516365952 390 0
1991 3 8.74076272311798 -1.9687525537245 301.6 124.735241054766 390 0
1991 4 16.305242987406 2.66425457485245 391.2 81.1844450351443 390 0
1991 5 23.5775881799818 8.95855181566098 461.6 110.413127173404 390 0
1991 6 26.0991493909493 12.3487154604917 512.7 56.5499060039808 390 0
1991 7 27.725872199324 14.6633302600469 503.7 78.7185486999078 390 0
1991 8 27.2467360873742 15.1805213006982 439.3 220.26683286586 390 0
1991 9 21.8841482326053 9.09951072477485 346.6 168.851111201755 390 0
1991 10 17.6217868524408 4.84148075723543 255.1 76.7337873455166 390 0
1991 11 9.5588851196709 0.484516982803524 163.1 124.81853484845 390 0
1991 12 4.76296523184911 -5.66458365328674 125 86.0244971754236 390 0
1992 1 2.09966122218994 -8.59327038578808 143.5 75.7167497255532 390 0
1992 2 3.24794109335193 -7.2937523826574 209.8 57.4411499440397 390 0
1992 3 5.49952779109489 -5.44189997896321 301.6 103.296565692842 390 0
1992 4 12.0784931537821 0.553265726937143 391.2 73.6440559099736 390 0
1992 5 20.4111061653624 5.76911169136528 461.6 39.343081698393 390 0
1992 6 24.4830649839157 11.3180075058229 512.7 147.107069761684 390 0
1992 7 25.570050162004 13.5977279212688 503.7 97.1455480673984 390 0
1992 8 24.9403129588345 13.6396168914712 439.3 140.884266317332 390 0
1992 9 21.9209897184514 10.0303455873707 346.6 78.9072278639579 390 0
1992 10 14.4925412370008 2.24535495904184 255.1 64.2981978499221 390 0
1992 11 7.88925438893489 -0.981911157084323 163.1 134.471331455337 390 0
1992 12 3.03504260210945 -5.91360033790373 125 133.107309286112 390 0
1993 1 2.25213874906053 -7.38084475410617 143.5 65.1312810073826 390 0
1993 2 -0.46236727832101 -12.4142484272216 209.8 88.0366081350925 390 0
1993 3 5.20790966231174 -5.77817069982155 301.6 166.025332666614 390 0
1993 4 13.7698719443595 2.04400685686755 391.2 124.415227152269 390 0
1993 5 21.5000392088001 7.60534317202457 461.6 23.1355049353075 390 0
1993 6 25.2091870270005 11.7549729477441 512.7 64.9625133954949 390 0
1993 7 28.4336548177334 15.0454063232753 503.7 68.1110532070466 390 0
1993 8 27.6980124221323 14.8652476486706 439.3 59.5438031135432 390 0
1993 9 21.6749599820894 10.7708120059811 346.6 140.004330359501 390 0
1993 10 14.9559813730411 2.54146386776777 255.1 94.0121579549645 390 0
1993 11 10.4955894132308 -1.75677742139718 163.1 111.268420620801 390 0
1993 12 3.5370817029903 -5.99985275036235 125 140.543989343537 390 0
1994 1 -2.48994894112959 -14.6343989431172 143.5 135.260989487495 390 0
1994 2 -0.108521289449619 -11.824363920192 209.8 60.662361162594 390 0
1994 3 6.11703009671737 -4.2216926041245 301.6 157.910475302844 390 0
1994 4 15.3442491972693 1.87569569045754 391.2 68.6834478567075 390 0
1994 5 19.3872704479544 6.15234789033855 461.6 110.040102370395 390 0
1994 6 26.3094102809826 13.7818967133377 512.7 64.3637902309466 390 0
1994 7 29.1770835144829 17.6378432775267 503.7 93.1031727966738 390 0
1994 8 25.8253793147809 13.9837949848788 439.3 145.491529169278 390 0
1994 9 21.269182313904 10.0248482355011 346.6 130.180726668976 390 0
1994 10 16.9002277805082 3.11877356881067 255.1 24.273899263491 390 0
1994 11 12.8686019159545 0.551516786908616 163.1 111.027724625921 390 0
1994 12 6.20942756521879 -4.27391113956779 125 130.868118626632 390 0
1995 1 3.57210858136328 -5.05321937588103 143.5 102.199007234012 390 0
1995 2 1.6712640757164 -10.4151260761405 209.8 70.2194872612796 390 0
1995 3 8.17218744271824 -2.46525500625721 301.6 66.7071909701627 390 0
1995 4 13.0628317638746 0.0314180053438122 391.2 60.3973561594101 390 0
1995 5 18.7527318247378 6.25071300745616 461.6 76.1288077302285 390 0
1995 6 25.6803589674265 12.3339636973476 512.7 50.601925546483 390 0
1995 7 28.7672710933984 16.4272321925897 503.7 81.90535476957 390 0
1995 8 27.6821860663173 13.4579007317361 439.3 51.5364377582201 390 0
1995 9 22.022157092321 8.51862045108258 346.6 80.2943175906397 390 0
1995 10 18.7903389659449 5.33410416501218 255.1 213.156713773171 390 0
1995 11 7.60273432015982 -2.14456454401619 163.1 145.113420868044 390 0
1995 12 0.69445897752714 -8.38087953025491 125 66.7904296377573 390 0
1996 1 0.99445822214604 -9.8601127042903 143.5 165.623919380384 390 0
1996 2 1.63500469269763 -8.79979804529279 209.8 75.3033324629978 390 0
1996 3 5.97727309211527 -6.23142854694981 301.6 77.0160162812579 390 0
1996 4 13.3955805007521 1.74316056502777 391.2 177.305897239249 390 0
1996 5 19.2961798904346 6.29194427695668 461.6 101.417671936374 390 0
1996 6 24.9639763953048 13.0944719817527 512.7 67.0165506302477 390 0
1996 7 25.9751725830441 15.2091169556594 503.7 171.119632656355 390 0
1996 8 26.4762497451633 15.0741595156122 439.3 47.2224356941598 390 0
1996 9 21.5962300140129 11.2778834078517 346.6 161.165447908267 390 0
1996 10 15.7413927575153 3.61931908781047 255.1 208.709286611936 390 0
1996 11 7.48676799434731 -2.72833328918121 163.1 84.8935849554507 390 0
1996 12 5.52262166875712 -2.30769968422433 125 186.705121445257 390 0
1997 1 1.19773957324765 -8.8642102476299 143.5 95.3845301878024 390 0
1997 2 4.94068518164067 -5.16034721552274 209.8 53.8735495444714 390 0
1997 3 6.10049782650352 -4.04749283879259 301.6 104.69552219865 390 0
1997 4 12.4850204296402 0.465742376498037 391.2 140.202355477746 390 0
1997 5 17.7224342776449 5.94201339053716 461.6 80.847435296207 390 0
1997 6 25.4074559426652 11.978992384321 512.7 37.1768281655683 390 0
1997 7 27.6950903243554 14.6293118151573 503.7 78.822559648765 390 0
1997 8 26.0018902879769 14.2324645046306 439.3 119.94862709842 390 0
1997 9 21.9852547760432 10.1986513794794 346.6 43.5409300768383 390 0
1997 10 15.7702422872291 3.06531446754973 255.1 47.0733915055597 390 0
1997 11 7.70953232233357 -1.50903330273535 163.1 158.232373315755 390 0
1997 12 4.1280892513208 -5.29675854131682 125 84.5785714641826 390 0
1998 1 3.28122684874063 -5.11303715944166 143.5 134.416748945374 390 0
1998 2 5.47723274737335 -4.2277146949011 209.8 106.429746368286 390 0
1998 3 8.45982432818911 -2.12668034721768 301.6 137.720342454277 390 0
1998 4 15.0917028458272 2.44663798237415 391.2 92.0973217852583 390 0
1998 5 21.9790277326395 9.18010751771876 461.6 122.770334870016 390 0
1998 6 22.794092639217 13.0913128123754 512.7 232.534825028423 390 0
1998 7 27.4414014347896 15.6246640408008 503.7 88.8102996460061 390 0
1998 8 27.5183551856015 15.5660506008849 439.3 69.4370000278779 390 0
1998 9 23.7970642986269 11.2123432263113 346.6 60.1804190984888 390 0
1998 10 16.3179988726434 5.01146463316747 255.1 138.822431842505 390 0
1998 11 9.77308848642998 -0.519932918103121 163.1 60.8617692241498 390 0
1998 12 7.65393438353849 -3.30512603749145 125 37.9749506776066 390 0
1999 1 2.03360926485377 -9.24561821700912 143.5 172.808663926609 390 0
1999 2 4.37067383089035 -6.42176026846955 209.8 83.0838835706444 390 0
1999 3 7.64135842543145 -2.94881404577772 301.6 140.009746299016 390 0
1999 4 15.0858942029154 1.72103791950346 391.2 25.8740226189966 390 0
1999 5 20.7299219424043 7.53847968937187 461.6 95.2124675014492 390 0
1999 6 27.2669225858318 13.5881630029131 512.7 25.783797831122 390 0
1999 7 29.4673337440246 16.7134922733723 503.7 70.6706968912718 390 0
1999 8 26.7008150766246 14.7022800824872 439.3 65.8309102893124 390 0
1999 9 23.8869318372899 12.3767304640137 346.6 239.45980544214 390 0
1999 10 15.8521993971931 2.83316581381884 255.1 115.124476366981 390 0
1999 11 12.8317613476262 1.77793942704047 163.1 74.4060163925247 390 0
1999 12 5.25857504072925 -4.44840613355876 125 60.5178616953915 390 0
2000 1 0.56656149141419 -10.5128979021786 143.5 89.4734766293935 390 0
2000 2 3.74657890534447 -6.78562521162552 209.8 82.3861318388687 390 0
2000 3 10.7618804364384 -1.14280478986109 301.6 108.74577135766 390 0
2000 4 12.656076873156 2.34328622844423 391.2 150.492410552088 390 0
2000 5 19.6379570206864 7.43988463229908 461.6 98.9155175023187 390 0
2000 6 24.4543238546046 12.4570369545945 512.7 143.038671820901 390 0
2000 7 25.2540963055348 13.9417778353638 503.7 130.345927401113 390 0
2000 8 24.9103304712589 14.1293929079395 439.3 77.8776512198427 390 0
2000 9 22.2634477517555 10.1036003484135 346.6 89.1444227516345 390 0
2000 10 16.5189364325742 3.72344471264425 255.1 53.898082646483 390 0
2000 11 9.07308954327156 0.00375846173930301 163.1 97.7842840537972 390 0
2000 12 1.39103671990434 -8.7713159038959 125 114.436709918973 390 0
2001 1 1.14233316909588 -10.3680108690043 143.5 52.2256407905114 390 0
2001 2 2.98659062089751 -8.03454991715649 209.8 73.9591119778532 390 0
2001 3 4.54035137487297 -4.25059882938818 301.6 206.897923474321 390 0
2001 4 14.4003761720022 1.53320400270233 391.2 40.9526200750566 390 0
2001 5 21.402555806537 7.80224632022894 461.6 74.2450407054964 390 0
2001 6 25.8242320876855 13.8558353674666 512.7 154.715615553183 390 0
2001 7 26.2730006766716 13.7979572427945 503.7 74.2014130687011 390 0
2001 8 28.3494797121173 16.34817468434 439.3 83.8835949890078 390 0
2001 9 23.4929384411161 10.7076175350592 346.6 87.4400273512954 390 0
2001 10 18.0562778819984 4.317340093764 255.1 26.3417326609797 390 0
2001 11 12.4999431637418 0.65752390723142 163.1 34.2549299848053 390 0
2001 12 7.22741723124828 -2.66279475189908 125 72.2722050975788 390 0
2002 1 4.67883106317092 -4.72443540306466 143.5 55.8216515817145 390 0
2002 2 6.00424923817309 -5.83491205685538 209.8 59.2159241411949 390 0
2002 3 8.08924346224412 -2.92508036131894 301.6 106.605552969575 390 0
2002 4 15.6788642715371 3.21528031437851 391.2 95.8993112251209 390 0
2002 5 18.6732951109651 6.34788670009298 461.6 130.305866570859 390 0
2002 6 24.1094469737309 11.9521500972716 512.7 127.727107587058 390 0
2002 7 28.0980024346409 15.9275278853968 503.7 55.5163043074214 390 0
2002 8 28.7569419027202 15.9443950446166 439.3 74.6050867761388 390 0
2002 9 24.1228088986467 12.2967806293645 346.6 102.532523643398 390 0
2002 10 14.7813328786651 3.76274720903247 255.1 103.620558672175 390 0
2002 11 8.17227799552455 -0.841004958574038 163.1 143.980808692345 390 0
2002 12 2.75940311329328 -6.6868560258797 125 130.770882784509 390 0
2003 1 -2.47952831949238 -12.1195142969161 143.5 70.8569603925522 390 0
2003 2 -0.410025131500206 -10.6363457579864 209.8 102.766362202288 390 0
2003 3 7.7504796674786 -5.3607839543509 301.6 106.030829806718 390 0
2003 4 11.6572091438483 0.488596694124651 391.2 93.7096296250162 390 0
2003 5 17.8852665655766 6.90527953962695 461.6 106.192865884895 390 0
2003 6 22.9943190318589 12.9314217424315 512.7 142.748806995419 390 0
2003 7 27.4203747803689 16.2838702424233 503.7 64.7470095706612 390 0
2003 8 27.215624933619 16.9204385427568 439.3 125.30381904549 390 0
2003 9 22.4832692117347 11.7930199391937 346.6 151.952374816032 390 0
2003 10 14.9925120030689 3.32003251082686 255.1 153.264754165407 390 0
2003 11 11.0128072837677 0.779690817231613 163.1 70.4245663066884 390 0
2003 12 4.54318953130972 -5.32169014701092 125 141.571442307979 390 0
2004 1 -3.71605234329529 -12.6919403863448 143.5 37.2465272690897 390 0
2004 2 2.56990001293512 -8.27211662336727 209.8 43.8796310648059 390 0
2004 3 7.64199687473945 -2.40028103068003 301.6 51.2962957388137 390 0
2004 4 13.8834708397761 2.46476088392814 391.2 205.987599381953 390 0
2004 5 21.0394883706035 8.71133393836154 461.6 99.9781131642629 390 0
2004 6 23.6918829296238 11.696758596914 512.7 53.3061175074688 390 0
2004 7 25.5983106344393 15.6009397357302 503.7 100.31999703731 390 0
2004 8 25.9731301465084 15.6372336623685 439.3 138.242296877861 390 0
2004 9 22.7610174689222 11.3374017865522 346.6 182.887017787309 390 0
2004 10 15.1821984555511 4.66843613908177 255.1 56.3243721495839 390 0
2004 11 10.4902190485449 -0.770444591688429 163.1 97.4841338675576 390 0
2004 12 3.53862631937176 -6.29143981617781 125 116.0614672023 390 0
2005 1 -0.349199280503395 -10.2309098445336 143.5 124.599395015068 390 0
2005 2 3.48441474231613 -8.31231577489999 209.8 74.6332598181483 390 0
2005 3 4.79769133101945 -5.97431989051929 301.6 124.080725733073 390 0
2005 4 15.919203882327 2.26963251944265 391.2 135.181208967697 390 0
2005 5 16.1088298871549 5.78942266743304 461.6 123.798504576847 390 0
2005 6 26.0505872714449 14.2374963797048 512.7 61.9985642388378 390 0
2005 7 27.5083827688819 16.4916680209413 503.7 86.7135286317908 390 0
2005 8 27.9771846223515 16.5805105014842 439.3 68.2436085016262 390 0
2005 9 24.8601938065158 12.2545437533005 346.6 65.5463570637959 390 0
2005 10 15.3877945666373 6.8039599550964 255.1 382.615442697594 390 0
2005 11 11.3425394838726 -0.291205053593013 163.1 119.759965287072 390 0
2005 12 2.69356582342721 -6.90132275502424 125 116.138727449401 390 0
2006 1 4.93000244476777 -4.8109949177273 143.5 130.272878504269 390 0
2006 2 2.86450370057433 -7.22390901569307 209.8 67.6330484400024 390 0
2006 3 7.34392929989701 -3.89518081415942 301.6 18.0460071052334 390 0
2006 4 15.7086334228252 2.45182715645271 391.2 83.6491219825858 390 0
2006 5 18.6192884794365 8.20308016666727 461.6 225.731251551177 390 0
2006 6 23.8105837628457 14.6979519532188 512.7 241.632782402381 390 0
2006 7 28.4436015374045 17.7531335416336 503.7 90.7157260475718 390 0
2006 8 26.0066752700513 14.7865463476973 439.3 112.383332136614 390 0
2006 9 21.566979856392 10.3725934975581 346.6 67.9537391698684 390 0
2006 10 15.8271348263093 4.18659527484145 255.1 166.400583089165 390 0
2006 11 12.2022213674388 2.4992597654486 163.1 145.959979580049 390 0
2006 12 7.59368623237347 -2.07750107654992 125 58.7327970671114 390 0
2007 1 3.13231424722571 -6.19418509781262 143.5 77.3850312918243 390 0
2007 2 -0.90425141997259 -10.6532169904748 209.8 52.1016382816737 390 0
2007 3 6.88188950956283 -4.98924247831291 301.6 127.126460317463 390 0
2007 4 11.537414098169 1.31312090207865 391.2 207.65119438867 390 0
2007 5 21.686357703872 7.87960708560807 461.6 76.760618288051 390 0
2007 6 24.587801973373 12.8709372213535 512.7 80.732674991386 390 0
2007 7 26.7498075161924 15.6570954279099 503.7 113.706933339324 390 0
2007 8 27.0234350074048 14.895728840835 439.3 41.8896147569495 390 0
2007 9 24.2117066056697 11.0899869934734 346.6 60.7511247082154 390 0
2007 10 18.9180628631347 7.75531713287601 255.1 97.82231584571 390 0
2007 11 8.93501500343578 -1.56563147339411 163.1 88.9458322871211 390 0
2007 12 1.86272769631881 -6.65698054749017 125 128.395008389568 390 0
2008 1 2.80255020377165 -7.29775007908103 143.5 70.1802965207435 390 0
2008 2 2.85289723305167 -6.89063678602898 209.8 220.722938064423 390 0
2008 3 6.40115298596684 -3.96916740670473 301.6 137.428972943954 390 0
2008 4 15.7728837524728 2.35850515215548 391.2 106.280841153577 390 0
2008 5 18.8138033884302 6.22594932459915 461.6 49.7088186263019 390 0
2008 6 25.2068039772392 14.0525049619062 512.7 109.82653270954 390 0
2008 7 27.8416035439167 17.1516389569565 503.7 168.604407419216 390 0
2008 8 25.1695336867975 14.0834385784709 439.3 105.182350666312 390 0
2008 9 22.2547703420464 11.3870790827075 346.6 227.342711698429 390 0
2008 10 15.6617055750111 3.69603162332193 255.1 70.9742670244527 390 0
2008 11 9.07409803181549 -0.387777787312863 163.1 93.0986589926114 390 0
2008 12 4.33204172458474 -5.70419610145035 125 186.418520938258 390 0
2009 1 -2.0050951110571 -12.5892504832348 143.5 90.6522706031691 390 0
2009 2 3.32063655358328 -7.8706257769846 209.8 48.486532154919 390 0
2009 3 7.08881284993317 -3.92436466802336 301.6 76.6279425156379 390 0
2009 4 15.1956309199443 3.0574714082356 391.2 107.693931538583 390 0
2009 5 19.7008715513677 8.13500569154504 461.6 95.1290481808411 390 0
2009 6 21.6065116045154 12.6022043313122 512.7 157.17423440996 390 0
2009 7 24.7685688800006 14.6948263932741 503.7 208.453863034778 390 0
2009 8 27.0697575216173 16.4102276970189 439.3 114.200412266631 390 0
2009 9 21.5902743347462 9.55162210060031 346.6 46.8307568259508 390 0
2009 10 13.909150607945 3.81637218084773 255.1 143.884639247285 390 0
2009 11 12.1370937269885 2.42039954794797 163.1 94.1773501682294 390 0
2009 12 2.98926711722968 -6.30851966366564 125 132.457555320857 390 0
2010 1 1.10571072788179 -8.08475843255069 143.5 86.7690796729545 390 0
2010 2 2.12362273220474 -5.62400852111458 209.8 124.164038714207 390 0
2010 3 10.3050784764277 0.041419798082879 301.6 289.252071412589 390 0
2010 4 16.7338254697977 4.02783927391887 391.2 46.5677180013439 390 0
2010 5 22.3926993536665 8.9206134436795 461.6 69.9945552551263 390 0
2010 6 25.4808213594127 14.1954022338291 512.7 87.8278576740661 390 0
2010 7 29.4127695955609 17.5279969627013 503.7 76.5885406428518 390 0
2010 8 26.8506157666813 15.3750722397377 439.3 98.6035504946433 390 0
2010 9 24.0838362527875 12.4169420198737 346.6 56.8812537909296 390 0
2010 10 16.3050201503208 5.36140720217718 255.1 151.149692701409 390 0
2010 11 9.98025593967893 -0.00753145883817764 163.1 99.6023787856961 390 0
2010 12 2.04608387732897 -6.60911324669336 125 111.564625467598 390 0
2011 1 -0.135211638380475 -10.9585553597923 143.5 95.9292208876655 390 0
2011 2 2.0974480301288 -10.3077318122774 209.8 98.3342375763292 390 0
2011 3 6.88762921385111 -3.35107786707769 301.6 117.111509022158 390 0
2011 4 13.9481604480412 3.30639353830346 391.2 138.111952319929 390 0
2011 5 19.688455787453 9.36910409617238 461.6 102.555728849308 390 0
2011 6 24.1194888460856 12.9570010260703 512.7 135.889062397604 390 0
2011 7 28.7862257725549 16.8557315588651 503.7 57.4862152649268 390 0
2011 8 26.4507474133954 15.7507325433701 439.3 265.009618391855 390 0
2011 9 23.4478173475176 13.3687499237779 346.6 171.422195944217 390 0
2011 10 16.4084083064875 6.5185803005002 255.1 181.787215557405 390 0
2011 11 13.0276750289488 1.3106729671637 163.1 94.5064058316457 390 0
2011 12 7.17316786357115 -3.11571172481016 125 113.114871832388 390 0
2012 1 3.45691044023048 -6.20137174001581 143.5 81.0883414090514 390 0
2012 2 6.05798456983758 -4.7958764295603 209.8 24.5610124443 390 0
2012 3 12.3109566684897 0.864596805946506 301.6 49.4291929003387 390 0
2012 4 15.7469789534009 3.02240713980162 391.2 85.8900438920441 390 0
2012 5 20.7910547247741 10.3133399231266 461.6 107.359429984556 390 0
2012 6 23.7811510386647 12.8952398037814 512.7 125.682480118172 390 0
2012 7 28.9052049753014 16.8644904155694 503.7 69.7603759210273 390 0
2012 8 27.7954226133855 16.2285064146641 439.3 116.556247799206 390 0
2012 9 22.559273287881 11.0481896435059 346.6 118.665404866366 390 0
2012 10 16.8858780174106 6.86180030688403 255.1 127.819898449151 390 0
2012 11 8.74141530322274 -0.984895665330082 163.1 22.7193901177775 390 0
2012 12 5.37887733281892 -2.88457327692237 125 136.328168367169 390 0
2013 1 1.97699115571868 -7.80038854386398 143.5 37.0079621934381 390 0
2013 2 2.17976339881359 -6.67080879067974 209.8 110.618296188558 390 0
2013 3 6.00414300548523 -2.95835904354311 301.6 70.820281652983 390 0
2013 4 14.0908453079606 1.7672344476137 391.2 49.4099587322446 390 0
2013 5 20.6402444665901 7.44179395006348 461.6 122.219179435846 390 0
2013 6 25.0881352907025 13.8040046066713 512.7 237.165834006236 390 0
2013 7 28.6959347953251 19.0422503851149 503.7 105.618742607129 390 0
2013 8 25.8730036973835 14.2214894153103 439.3 86.7337053685582 390 0
2013 9 22.4032636582603 10.2189853631945 346.6 91.9346614724104 390 0
2013 10 17.2233303821663 4.96809086570158 255.1 32.1090582332573 390 0
2013 11 9.65438214346441 -1.66340390380832 163.1 92.5078516880593 390 0
2013 12 2.75008453364751 -6.42160550114347 125 103.263823333768 390 0
2014 1 -2.1406248 -14.039251 143.5 99.5882502 399 0
2014 2 0.93587357 -11.363812 209.8 105.9714339 399.92 0
2014 3 7.2851253 -3.722779 301.6 97.6867877 400.9 0
2014 4 14.31045 2.603967 391.2 150.3858 402.36 0
2014 5 20.211575 7.4918885 461.6 123.757828 402.9 0
2014 6 24.644815 13.1596985 512.7 131.487192 402.35 0
2014 7 28.81649 16.710909 503.7 132.150768 400.83 0
2014 8 28.647795 15.333809 439.3 66.7461217 398.24 0
2014 9 22.725794 10.670792 346.6 108.782772 397.24 0
2014 10 17.449774 4.179639 255.1 139.7832966 397.1 0
2014 11 8.881311 -1.6894435 163.1 184.557282 398.53 0
2014 12 4.3742414 -4.1347184 125 91.1904153 399.74 0
2015 1 1.2664005 -8.473488 143.5 119.7708157 401.63 0
2015 2 6.6713758 -3.7689269 209.8 99.520351475 402.55 0
2015 3 9.233438 -1.859753 301.6 226.9269812 403.53 0
2015 4 13.583674 1.6366202 391.2 192.03414 404.99 0
2015 5 23.602222 10.254745 461.6 91.2764837 405.53 0
2015 6 27.039303 12.940906 512.7 52.357188 404.98 0
2015 7 28.97468 16.482876 503.7 156.9751495 403.46 0
2015 8 27.810556 16.398945 439.3 145.773098 400.87 0
2015 9 23.728748 11.107123 346.6 93.100662 399.87 0
2015 10 17.70825 4.373673 255.1 125.8803825 399.73 0
2015 11 12.065504 0.7696562 163.1 85.232835 401.16 0
2015 12 1.8470464 -9.502212 125 166.8643944 402.37 0
2016 1 0.7524588 -9.735506 143.5 171.655339 404.33 0
2016 2 1.0412542 -9.8400135 209.8 94.59410235 405.25 0
2016 3 9.567932 -1.1221386 301.6 88.170014 406.23 0
2016 4 12.939028 0.885221 391.2 139.98822 407.69 0
2016 5 20.171656 7.6633143 461.6 90.4238907 408.23 0
2016 6 27.248098 13.928426 512.7 122.272869 407.68 0
2016 7 29.336758 16.240768 503.7 93.8765777 406.16 0
2016 8 29.617655 15.57994 439.3 38.1076738 403.57 0
2016 9 24.06832 10.610026 346.6 70.038135 402.57 0
2016 10 16.399822 4.019601 255.1 120.5019755 402.43 0
2016 11 10.428401 0.2293058 163.1 190.12812 403.86 0
2016 12 8.860451 -1.2969806 125 106.0098475 405.07 0
2017 1 5.4796877 -4.723659 143.5 70.0189808 407.1 0
2017 2 3.3452814 -7.7538037 209.8 81.51531285 408.02 0
2017 3 10.972652 -0.9614988 301.6 97.4062625 409 0
2017 4 16.295698 3.844293 391.2 96.455325 410.46 0
2017 5 20.789547 6.680197 461.6 116.3646256 411 0
2017 6 26.503605 12.9743395 512.7 62.974764 410.45 0
2017 7 28.484913 15.352008 503.7 175.5389446 408.93 0
2017 8 27.002136 15.118374 439.3 124.5705395 406.34 0
2017 9 23.052282 10.973328 346.6 70.02546 405.34 0
2017 10 16.64353 3.2865105 255.1 85.8792318 405.2 0
2017 11 11.835332 0.97019035 163.1 104.208411 406.63 0
2017 12 3.8206313 -5.7393394 125 159.8105056 407.84 0
2018 1 0.5065826 -11.017268 143.5 98.0257386 409.93 0
2018 2 7.5697813 -3.1050816 209.8 38.431461025 410.85 0
2018 3 9.495805 -2.27137 301.6 61.8804609 411.83 0
2018 4 13.19945 0.8053408 391.2 102.490389 413.29 0
2018 5 18.362219 5.2277293 461.6 122.7811327 413.83 0
2018 6 25.847338 12.806714 512.7 197.09841 413.28 0
2018 7 28.604004 16.306686 503.7 135.645894 411.76 0
2018 8 28.605417 16.357119 439.3 103.5630733 409.17 0
2018 9 22.39642 9.549719 346.6 83.35773 408.17 0
2018 10 18.626774 4.9022317 255.1 67.1773627 408.03 0
2018 11 12.533433 0.5274314 163.1 131.866035 409.46 0
2018 12 4.255768 -4.521191 125 75.5157954 410.67 0
2019 1 -0.35099828 -10.335615 143.5 55.4719456 412.82 0
2019 2 7.324863 -3.10439 209.8 105.25075945 413.74 0
2019 3 11.740828 0.5247779 301.6 87.6444338 414.72 0
2019 4 15.631946 1.4000862 391.2 109.269726 416.18 0
2019 5 21.565472 7.8046107 461.6 200.291093 416.72 0
2019 6 26.171309 13.306085 512.7 125.5347 416.17 0
2019 7 28.261517 16.42088 503.7 165.135946 414.65 0
2019 8 27.262486 15.613471 439.3 255.145469 412.06 0
2019 9 23.573826 11.780178 346.6 51.531435 411.06 0
2019 10 21.217052 8.429702 255.1 60.0539595 410.92 0
2019 11 13.783055 2.11059 163.1 112.010736 412.35 0
2019 12 6.1305995 -4.074682 125 166.0850017 413.56 0
2020 1 0.003945262 -10.188557 143.5 26.27610406 415.78 0
2020 2 2.150916 -9.656596 209.8 95.55224065 416.7 0
2020 3 9.344478 -2.0594234 301.6 225.3101483 417.68 0
2020 4 15.197181 1.4041057 391.2 102.904365 419.14 0
2020 5 22.821068 7.9434276 461.6 75.7218803 419.68 0
2020 6 26.86993 13.81396 512.7 174.07095 419.13 0
2020 7 27.28597 17.099882 503.7 167.0358213 417.61 0
2020 8 29.382364 15.963866 439.3 40.7566207 415.02 0
2020 9 23.693356 10.913312 346.6 110.807661 414.02 0
2020 10 19.408134 3.571321 255.1 16.84353907 413.88 0
2020 11 12.5378275 2.1682067 163.1 150.74571 415.31 0
2020 12 8.214142 -1.5903335 125 67.1908539 416.52 0
2021 1 2.5750163 -6.646807 143.5 61.2032442 418.8 0
2021 2 5.118715 -4.201138 209.8 130.126845 419.72 0
2021 3 9.997883 -1.0464153 301.6 86.94167 420.7 0
2021 4 16.968452 3.1645582 391.2 98.37072 422.16 0
2021 5 24.145184 9.977352 461.6 57.4371968 422.7 0
2021 6 27.149113 15.121593 512.7 97.438059 422.15 0
2021 7 29.534876 16.26867 503.7 79.7999179 420.63 0
2021 8 27.199352 15.961342 439.3 203.718329 418.04 0
2021 9 21.583776 9.761361 346.6 72.588078 417.04 0
2021 10 18.681427 5.8427515 255.1 76.55078 416.9 0
2021 11 13.571092 1.038841 163.1 175.72299 418.33 0
2021 12 8.075205 -2.480744 125 126.7450686 419.54 0
2022 1 2.261355 -8.176778 143.5 132.234127 421.86 0
2022 2 4.6862006 -6.948775 209.8 71.129884 422.78 0
2022 3 10.911526 0.38442174 301.6 119.0321477 423.76 0
2022 4 17.319239 3.873896 391.2 30.939681 425.22 0
2022 5 24.089321 8.646653 461.6 54.1055183 425.76 0
2022 6 27.474756 14.1630335 512.7 149.67183 425.21 0
2022 7 30.537874 15.954948 503.7 51.1795213 423.69 0
2022 8 28.210253 15.640249 439.3 80.7321406 421.1 0
2022 9 24.211151 11.227999 346.6 89.061369 420.1 0
2022 10 18.452477 4.0429025 255.1 98.2098383 419.96 0
2022 11 11.733706 0.39028752 163.1 129.61224 421.39 0
2022 12 4.274128 -3.2878876 125 203.3538775 422.6 0
2023 1 3.6216037 -6.8073983 143.5 140.574615 424.99 0
2023 2 4.7709208 -7.426647 209.8 51.14728605 425.91 0
2023 3 8.778161 -2.6738045 301.6 88.200177 426.89 0
2023 4 17.182314 4.50706 391.2 103.332252 428.35 0
2023 5 23.39692 10.40327 461.6 184.7385666 428.89 0
2023 6 27.927801 13.912246 512.7 59.819958 428.34 0
2023 7 28.852789 16.358078 503.7 163.818725 426.82 0
2023 8 28.008532 15.820156 439.3 90.1491005 424.23 0
2023 9 25.15746 11.343347 346.6 39.323745 423.23 0
2023 10 19.971876 7.3231697 255.1 31.1038066 423.09 0
2023 11 13.247812 2.6182568 163.1 126.348738 424.52 0
2023 12 4.34967 -5.6174784 125 50.3113353 425.73 0
2024 1 1.3453155 -9.562276 143.5 67.1898836 428.2 0
2024 2 5.535906 -5.059992 209.8 78.75486975 429.12 0
2024 3 9.825958 -0.99067 301.6 205.547639 430.1 0
2024 4 15.284559 3.3037612 391.2 114.632736 431.56 0
2024 5 19.907413 9.050016 461.6 122.9835937 432.1 0
2024 6 27.683144 14.062409 512.7 120.201588 431.55 0
2024 7 29.82366 18.065744 503.7 128.9503435 430.03 0
2024 8 30.481457 17.778458 439.3 43.5821839 427.44 0
2024 9 24.691675 10.970931 346.6 98.043759 426.44 0
2024 10 20.362663 6.1719275 255.1 89.1079407 426.3 0
2024 11 12.992111 1.5885581 163.1 163.593849 427.73 0
2024 12 9.967573 -0.11022484 125 39.4776599 428.94 0
2025 1 6.229404 -3.632485 143.5 51.6872982 431.47 0
2025 2 4.517922 -6.8212423 209.8 114.80513545 432.39 0
2025 3 10.499695 -0.09713486 301.6 106.0176378 433.37 0
2025 4 14.058208 1.8135397 391.2 276.65229 434.83 0
2025 5 22.778048 8.747361 461.6 70.2748021 435.37 0
2025 6 25.34129 11.498557 512.7 41.95113 434.82 0
2025 7 27.233665 14.379271 503.7 113.9535045 433.3 0
2025 8 28.765198 15.802717 439.3 155.128898 430.71 0
2025 9 23.113886 11.927895 346.6 129.056655 429.71 0
2025 10 18.51153 4.620905 255.1 129.4349107 429.57 0
2025 11 11.016855 0.38603973 163.1 74.217288 431 0
2025 12 4.5697203 -5.552201 125 136.1240535 432.21 0
2026 1 2.8106842 -8.003265 143.5 193.462103 434.83 0
2026 2 5.0440016 -6.512861 209.8 58.6106027 435.75 0
2026 3 9.166719 -1.4396307 301.6 130.0977186 436.73 0
2026 4 16.889528 4.0032544 391.2 106.940073 438.19 0
2026 5 22.266157 9.865204 461.6 108.2076948 438.73 0
2026 6 25.848146 16.23728 512.7 220.82493 438.18 0
2026 7 28.76928 16.249245 503.7 62.0789353 436.66 0
2026 8 28.31927 18.424013 439.3 152.058224 434.07 0
2026 9 23.691725 11.811684 346.6 156.898098 433.07 0
2026 10 19.617441 6.8739395 255.1 143.0642405 432.93 0
2026 11 13.889443 1.6950898 163.1 92.80551 434.36 0
2026 12 7.001336 -2.99271 125 115.3135427 435.57 0
2027 1 1.1832278 -9.752894 143.5 92.4562166 438.24 0
2027 2 8.078452 -3.291559 209.8 75.301807275 439.16 0
2027 3 11.116568 -1.2139977 301.6 50.3870807 440.14 0
2027 4 16.433058 2.486642 391.2 199.976319 441.6 0
2027 5 22.087433 8.270666 461.6 126.414621 442.14 0
2027 6 26.938847 13.692827 512.7 97.442772 441.59 0
2027 7 29.553194 18.068586 503.7 143.6127235 440.07 0
2027 8 30.105246 16.912941 439.3 55.3517927 437.48 0
2027 9 27.084394 13.495491 346.6 68.4462 436.48 0
2027 10 19.407345 5.7437935 255.1 95.8668273 436.34 0
2027 11 12.907754 1.9520596 163.1 126.91926 437.77 0
2027 12 8.84308 -1.5628731 125 114.1769556 438.98 0
2028 1 4.994357 -4.943513 143.5 159.3292213 441.72 0
2028 2 3.7541869 -7.47714 209.8 111.714966825 442.64 0
2028 3 8.350091 -2.99619 301.6 118.2585055 443.62 0
2028 4 17.139894 4.255238 391.2 61.46412 445.08 0
2028 5 22.703554 8.482113 461.6 49.657753 445.62 0
2028 6 28.562513 14.220751 512.7 47.274339 445.07 0
2028 7 28.546238 16.000393 503.7 160.916691 443.55 0
2028 8 28.929976 16.266441 439.3 86.855676 440.96 0
2028 9 25.034327 11.933585 346.6 67.351812 439.96 0
2028 10 17.284225 4.7179203 255.1 111.9450734 439.82 0
2028 11 11.703519 0.98577297 163.1 183.182715 441.25 0
2028 12 4.808562 -5.191733 125 172.92079 442.46 0
2029 1 -2.4614282 -14.879191 143.5 209.543973 445.25 0
2029 2 0.021364875 -12.063828 209.8 71.276662525 446.17 0
2029 3 9.567108 -0.8943096 301.6 110.4370133 447.15 0
2029 4 16.799057 4.7906528 391.2 114.642471 448.61 0
2029 5 20.375723 10.368534 461.6 229.9650866 449.15 0
2029 6 27.769924 13.82823 512.7 79.140843 448.6 0
2029 7 29.464422 17.696524 503.7 147.6735034 447.08 0
2029 8 28.266577 16.299803 439.3 111.1820456 444.49 0
2029 9 26.556753 13.794122 346.6 60.802761 443.49 0
2029 10 22.474068 11.691166 255.1 164.289956 443.35 0
2029 11 10.626192 -0.0994996 163.1 199.62459 444.78 0
2029 12 5.0136833 -3.2862587 125 115.2474662 445.99 0
2030 1 0.3828982 -10.138436 143.5 124.945438 448.83 0
2030 2 3.2384782 -7.7325063 209.8 167.57740105 449.75 0
2030 3 8.240054 -2.45489 301.6 137.357404 450.73 0
2030 4 14.630524 2.4897032 391.2 61.366854 452.19 0
2030 5 24.543543 9.542225 461.6 58.568734 452.73 0
2030 6 27.628698 14.220447 512.7 75.068301 452.18 0
2030 7 32.436417 17.926744 503.7 42.3676101 450.66 0
2030 8 28.128933 15.224793 439.3 98.4284069 448.07 0
2030 9 26.497238 12.71992 346.6 63.249822 447.07 0
2030 10 18.378271 5.242285 255.1 116.6758377 446.93 0
2030 11 13.641876 1.8243318 163.1 166.26459 448.36 0
2030 12 3.6667023 -4.3366156 125 99.7226383 449.57 0
2031 1 2.4393084 -8.458498 143.5 92.2885066 452.47 0
2031 2 5.886113 -5.80202 209.8 57.97229395 453.39 0
2031 3 11.350829 0.68169713 301.6 99.8083812 454.37 0
2031 4 13.847225 1.5570532 391.2 125.467056 455.83 0
2031 5 21.089436 7.453517 461.6 69.7558156 456.37 0
2031 6 27.869383 13.520856 512.7 46.045506 455.82 0
2031 7 29.548723 17.045115 503.7 138.17413 454.3 0
2031 8 27.85882 15.477473 439.3 63.4765393 451.71 0
2031 9 25.112974 12.910802 346.6 202.283979 450.71 0
2031 10 18.230381 4.970399 255.1 37.3825683 450.57 0
2031 11 12.289304 1.288873 163.1 124.23027 452 0
2031 12 6.2913194 -3.0036862 125 99.667852 453.21 0
2032 1 -1.4942851 -14.063706 143.5 33.4313734 456.18 0
2032 2 3.8021598 -7.0969195 209.8 111.24562415 457.1 0
2032 3 8.314992 -1.9820995 301.6 92.611043 458.08 0
2032 4 16.127659 3.199541 391.2 83.904177 459.54 0
2032 5 23.44912 9.430716 461.6 128.5727387 460.08 0
2032 6 26.751947 13.872911 512.7 69.102258 459.53 0
2032 7 29.101534 17.612602 503.7 147.1228907 458.01 0
2032 8 29.274435 18.204012 439.3 237.923109 455.42 0
2032 9 24.142412 10.000306 346.6 36.051924 454.42 0
2032 10 18.44833 5.369013 255.1 46.3860967 454.28 0
2032 11 9.226691 -0.96031487 163.1 198.01023 455.71 0
2032 12 4.1918483 -5.027325 125 156.1915873 456.92 0
2033 1 -2.258071 -14.094385 143.5 125.484714 459.96 0
2033 2 3.413472 -6.857706 209.8 83.5443917 460.88 0
2033 3 6.609242 -3.9314923 301.6 75.2700894 461.86 0
2033 4 14.515858 2.31318 391.2 153.59844 463.32 0
2033 5 21.452576 10.408837 461.6 124.0364684 463.86 0
2033 6 26.456205 12.909008 512.7 63.811176 463.31 0
2033 7 28.668068 15.011461 503.7 61.617398 461.79 0
2033 8 28.940676 14.752489 439.3 44.968197 459.2 0
2033 9 24.639297 11.603488 346.6 130.76466 458.2 0
2033 10 18.884346 5.8103027 255.1 89.8917044 458.06 0
2033 11 11.897376 0.8554758 163.1 209.15358 459.49 0
2033 12 3.9345238 -5.5627418 125 149.020596 460.7 0
2034 1 2.6370814 -8.230375 143.5 127.96552 463.85 0
2034 2 4.3806543 -6.5246854 209.8 160.841262 464.77 0
2034 3 9.211466 -1.4830309 301.6 215.81735 465.75 0
2034 4 15.054768 3.1199615 391.2 122.94027 467.21 0
2034 5 21.405022 10.065132 461.6 162.1635544 467.75 0
2034 6 28.388657 14.326045 512.7 48.501069 467.2 0
2034 7 30.051107 17.49215 503.7 122.363882 465.68 0
2034 8 27.75523 16.19333 439.3 304.640844 463.09 0
2034 9 23.29977 11.299619 346.6 96.0207 462.09 0
2034 10 20.52627 7.405255 255.1 118.9311807 461.95 0
2034 11 13.367828 3.1266463 163.1 175.087122 463.38 0
2034 12 6.992902 -2.5342224 125 75.8012589 464.59 0
2035 1 6.1987224 -3.4867897 143.5 75.111667 467.85 0
2035 2 8.898613 -1.7433199 209.8 75.305491075 468.77 0
2035 3 10.327084 -0.101451814 301.6 94.433006 469.75 0
2035 4 14.939681 2.142354 391.2 147.458925 471.21 0
2035 5 24.413332 8.489535 461.6 30.08833805 471.75 0
2035 6 28.92686 14.869217 512.7 68.674251 471.2 0
2035 7 35.176815 18.73319 503.7 37.5464467 469.68 0
2035 8 30.941359 16.060032 439.3 56.5014587 467.09 0
2035 9 28.68693 13.50851 346.6 127.2999 466.09 0
2035 10 18.015497 4.1659017 255.1 62.1550465 465.95 0
2035 11 11.721406 1.4504576 163.1 208.25274 467.38 0
2035 12 9.358727 -1.3455892 125 177.2845763 468.59 0
2036 1 1.4138308 -9.570903 143.5 132.642614 471.96 0
2036 2 3.641178 -6.319784 209.8 86.57656025 472.88 0
2036 3 6.8351507 -4.0203576 301.6 108.7837337 473.86 0
2036 4 16.657686 3.630344 391.2 108.863532 475.32 0
2036 5 22.85993 10.02861 461.6 134.361812 475.86 0
2036 6 26.03349 14.113236 512.7 156.78501 475.31 0
2036 7 29.208673 16.084913 503.7 94.7895339 473.79 0
2036 8 29.014977 16.190836 439.3 58.1017965 471.2 0
2036 9 23.71439 12.985904 346.6 238.310352 470.2 0
2036 10 20.651867 9.583144 255.1 223.0487603 470.06 0
2036 11 11.676604 0.75760204 163.1 140.99553 471.49 0
2036 12 9.054186 -1.5001683 125 93.639406 472.7 0
2037 1 4.1683955 -6.210081 143.5 60.0173113 476.18 0
2037 2 6.047413 -4.0884748 209.8 137.02699225 477.1 0
2037 3 9.501698 -2.0447488 301.6 89.7398478 478.08 0
2037 4 17.478321 4.0086064 391.2 42.03306 479.54 0
2037 5 22.468296 10.526418 461.6 202.078367 480.08 0
2037 6 28.235058 14.043441 512.7 58.429902 479.53 0
2037 7 30.840118 18.910345 503.7 112.399738 478.01 0
2037 8 30.800863 16.631119 439.3 81.0268173 475.42 0
2037 9 25.68537 13.593958 346.6 143.70123 474.42 0
2037 10 18.546432 5.35212 255.1 69.8810277 474.28 0
2037 11 10.564809 1.0763736 163.1 179.720148 475.71 0
2037 12 4.256105 -5.9025817 125 105.8125077 476.92 0
2038 1 2.4967957 -7.87769 143.5 198.195028 480.51 0
2038 2 5.948013 -4.525415 209.8 23.269166225 481.43 0
2038 3 9.839974 -1.0678576 301.6 170.1545763 482.41 0
2038 4 17.316465 4.621377 391.2 97.871418 483.87 0
2038 5 22.44274 9.299051 461.6 130.8637937 484.41 0
2038 6 27.161947 14.03717 512.7 54.371352 483.86 0
2038 7 31.643759 18.295465 503.7 90.2379775 482.34 0
2038 8 28.220093 16.423754 439.3 128.1896934 479.75 0
2038 9 24.001879 12.092716 346.6 225.36954 478.75 0
2038 10 21.390242 8.244223 255.1 93.686557 478.61 0
2038 11 12.533523 2.3489501 163.1 144.87558 480.04 0
2038 12 4.959148 -4.217089 125 133.180712 481.25 0
2039 1 -0.49882326 -10.980351 143.5 73.4709579 484.93 0
2039 2 10.094036 -0.40161976 209.8 110.167606975 485.85 0
2039 3 9.911777 -1.6853184 301.6 215.230086 486.83 0
2039 4 18.232529 5.343031 391.2 82.33047 488.29 0
2039 5 21.670053 7.6544952 461.6 53.8197665 488.83 0
2039 6 27.75714 15.150092 512.7 98.91891 488.28 0
2039 7 30.60322 16.692152 503.7 85.8761256 486.76 0
2039 8 29.715675 17.940384 439.3 138.785636 484.17 0
2039 9 26.520502 13.427904 346.6 59.361846 483.17 0
2039 10 18.956244 5.8928704 255.1 138.3300817 483.03 0
2039 11 11.849029 0.8264708 163.1 87.444054 484.46 0
2039 12 3.5559268 -8.797054 125 123.0405934 485.67 0
2040 1 4.2935157 -6.414227 143.5 94.7661537 489.44 0
2040 2 8.298675 -3.4042928 209.8 66.826835525 490.36 0
2040 3 11.32139 -1.0280554 301.6 70.6064432 491.34 0
2040 4 15.526282 3.3940852 391.2 140.10444 492.8 0
2040 5 23.56579 7.7819366 461.6 69.373846 493.34 0
2040 6 28.535284 13.874332 512.7 44.538435 492.79 0
2040 7 30.027678 15.882249 503.7 79.2079667 491.27 0
2040 8 30.467106 16.372335 439.3 86.3763416 488.68 0
2040 9 27.57023 14.393987 346.6 115.182804 487.68 0
2040 10 20.147049 7.414032 255.1 178.1317443 487.54 0
2040 11 12.251255 1.1771742 163.1 119.087592 488.97 0
2040 12 3.698336 -5.836141 125 199.1531295 490.18 0
2041 1 0.9169737 -8.360642 143.5 274.369313 494.03 0
2041 2 4.525153 -5.86315 209.8 88.571773 494.95 0
2041 3 11.327482 0.8559627 301.6 209.460614 495.93 0
2041 4 15.089647 2.2988145 391.2 103.164018 497.39 0
2041 5 20.46472 6.09085 461.6 61.4511202 497.93 0
2041 6 28.015152 14.044735 512.7 88.374747 497.38 0
2041 7 31.020248 18.18976 503.7 94.393109 495.86 0
2041 8 28.69738 16.218449 439.3 139.8193496 493.27 0
2041 9 23.55922 13.526293 346.6 191.863275 492.27 0
2041 10 17.759666 5.3186493 255.1 93.8092302 492.13 0
2041 11 12.50049 1.5063757 163.1 92.552949 493.56 0
2041 12 4.618308 -5.102747 125 119.543378 494.77 0
2042 1 0.28541717 -11.384983 143.5 125.2654696 498.73 0
2042 2 7.2493973 -3.3551507 209.8 107.23051945 499.65 0
2042 3 7.78802 -3.1953986 301.6 138.1381824 500.63 0
2042 4 18.812248 5.284425 391.2 43.989183 502.09 0
2042 5 23.543339 9.163076 461.6 77.6363473 502.63 0
2042 6 28.767954 14.360301 512.7 149.824248 502.08 0
2042 7 29.263523 17.90203 503.7 120.8156645 500.56 0
2042 8 29.330359 16.966469 439.3 102.3056172 497.97 0
2042 9 25.106812 12.479505 346.6 54.867732 496.97 0
2042 10 21.568274 8.562115 255.1 96.8806017 496.83 0
2042 11 11.841725 1.3855821 163.1 132.940878 498.26 0
2042 12 4.260959 -3.0526748 125 44.5364383 499.47 0
2043 1 7.1945724 -0.9864565 143.5 155.280178 503.53 0
2043 2 8.68239 -2.170447 209.8 78.19313545 504.45 0
2043 3 10.864466 -0.5903149 301.6 54.8016233 505.43 0
2043 4 15.118169 3.048969 391.2 264.06732 506.89 0
2043 5 23.74932 9.501036 461.6 85.9551508 507.43 0
2043 6 29.105001 14.8375635 512.7 56.179101 506.88 0
2043 7 30.41 16.532019 503.7 111.4425479 505.36 0
2043 8 28.414438 14.157954 439.3 42.3931665 502.77 0
2043 9 27.31304 12.14514 346.6 36.924849 501.77 0
2043 10 18.638296 5.592506 255.1 132.474253 501.63 0
2043 11 10.553054 0.43875548 163.1 218.28714 503.06 0
2043 12 6.402383 -3.0749311 125 34.4127807 504.27 0
2044 1 6.3031716 -5.093705 143.5 67.666583 508.43 0
2044 2 8.359785 -1.2146045 209.8 161.023305 509.35 0
2044 3 8.274153 -3.160082 301.6 99.3375036 510.33 0
2044 4 15.304143 3.434802 391.2 195.59529 511.79 0
2044 5 24.198666 10.947767 461.6 134.5861404 512.33 0
2044 6 28.44516 14.311636 512.7 57.323661 511.78 0
2044 7 31.06183 17.737234 503.7 130.77598 510.26 0
2044 8 28.941534 15.940511 439.3 88.3273452 507.67 0
2044 9 24.119171 11.812408 346.6 189.531069 506.67 0
2044 10 19.048088 6.12378 255.1 126.197528 506.53 0
2044 11 11.944043 0.42020047 163.1 90.51966 507.96 0
2044 12 10.036231 -0.48034123 125 151.160898 509.17 0
2045 1 9.855343 -0.6218995 143.5 166.456701 513.46 0
2045 2 3.9679537 -7.8531775 209.8 113.407514725 514.38 0
2045 3 6.4974785 -3.5850806 301.6 202.53261 515.36 0
2045 4 15.28227 2.282208 391.2 118.10235 516.82 0
2045 5 23.886742 10.372797 461.6 97.7905726 517.36 0
2045 6 28.268133 14.466845 512.7 96.65745 516.81 0
2045 7 30.296259 17.223934 503.7 93.249178 515.29 0
2045 8 29.070919 15.18378 439.3 101.7851954 512.7 0
2045 9 28.102158 14.058632 346.6 45.680211 511.7 0
2045 10 21.472862 5.5663643 255.1 21.4257554 511.56 0
2045 11 12.250421 0.66553587 163.1 55.024119 512.99 0
2045 12 8.148558 -0.5309929 125 61.5237594 514.2 0
2046 1 4.6843734 -6.1994944 143.5 111.7958735 518.61 0
2046 2 9.537758 -1.7539262 209.8 110.2027528 519.53 0
2046 3 11.760785 0.53164274 301.6 90.5742314 520.51 0
2046 4 18.603039 3.8891366 391.2 34.648929 521.97 0
2046 5 23.484024 8.867702 461.6 40.8007616 522.51 0
2046 6 28.657818 14.159401 512.7 46.648035 521.96 0
2046 7 30.630606 18.855953 503.7 225.60622 520.44 0
2046 8 29.012562 17.068497 439.3 110.9373502 517.85 0
2046 9 25.155787 11.598614 346.6 78.241998 516.85 0
2046 10 18.89045 5.5011683 255.1 53.9573259 516.71 0
2046 11 10.313823 -0.23755938 163.1 110.85372 518.14 0
2046 12 11.087345 1.3217332 125 236.030776 519.35 0
2047 1 7.423956 -1.9987359 143.5 75.131011 523.9 0
2047 2 8.474502 -1.0969794 209.8 138.793761375 524.82 0
2047 3 11.133573 0.044808917 301.6 223.505257 525.8 0
2047 4 15.740367 3.732335 391.2 157.054638 527.26 0
2047 5 22.651028 8.954635 461.6 113.79263 527.8 0
2047 6 28.626694 16.70459 512.7 182.26536 527.25 0
2047 7 30.252153 18.706291 503.7 141.4334793 525.73 0
2047 8 30.523085 18.62153 439.3 173.5743196 523.14 0
2047 9 25.413877 14.200021 346.6 155.16459 522.14 0
2047 10 21.978203 7.860269 255.1 60.9151147 522 0
2047 11 13.150484 2.4338465 163.1 206.530509 523.43 0
2047 12 5.828578 -2.82696 125 229.422754 524.64 0
2048 1 -1.2137867 -11.389525 143.5 35.429869 529.32 0
2048 2 5.1248107 -5.828578 209.8 84.579265475 530.24 0
2048 3 8.233567 -3.0623896 301.6 75.2961077 531.22 0
2048 4 16.042948 4.119034 391.2 169.87002 532.68 0
2048 5 24.05796 10.189509 461.6 40.5086114 533.22 0
2048 6 27.473164 14.386923 512.7 59.291253 532.67 0
2048 7 30.150288 17.557247 503.7 103.9713185 531.15 0
2048 8 31.176497 19.020605 439.3 100.173214 528.56 0
2048 9 25.353313 12.724695 346.6 126.52683 527.56 0
2048 10 19.74027 6.2498713 255.1 87.7349631 527.42 0
2048 11 12.670095 1.9336553 163.1 196.196424 528.85 0
2048 12 9.913249 -0.49722084 125 83.9459447 530.06 0
2049 1 3.7023156 -6.063321 143.5 148.8751285 534.88 0
2049 2 6.3860073 -4.9138737 209.8 123.2543432 535.8 0
2049 3 9.34714 -2.759673 301.6 84.3517967 536.78 0
2049 4 16.78775 4.5638804 391.2 103.991403 538.24 0
2049 5 20.024944 6.979028 461.6 86.4407441 538.78 0
2049 6 27.337906 14.348621 512.7 85.730952 538.23 0
2049 7 28.729506 16.570631 503.7 208.3824464 536.71 0
2049 8 28.3265 16.93324 439.3 210.7003474 534.12 0
2049 9 25.330551 13.106567 346.6 164.698062 533.12 0
2049 10 19.467829 8.028114 255.1 63.0905986 532.98 0
2049 11 14.120623 3.253228 163.1 133.905558 534.41 0
2049 12 11.10789 0.34045088 125 227.4620877 535.62 0
2050 1 3.0585687 -7.9734826 143.5 95.4700707 540.54 0
2050 2 7.02097 -3.8538527 209.8 87.69220925 541.46 0
2050 3 11.360602 -0.15389152 301.6 132.1672197 542.44 0
2050 4 17.894283 4.8547387 391.2 86.78769 543.9 0
2050 5 25.887066 11.153625 461.6 105.196547 544.44 0
2050 6 28.331116 14.785137 512.7 163.09194 543.89 0
2050 7 30.989105 18.11131 503.7 130.936312 542.37 0
2050 8 30.965199 17.769382 439.3 221.010408 539.78 0
2050 9 24.401743 10.9501095 346.6 50.884878 538.78 0
2050 10 20.966484 8.7201395 255.1 107.6883673 538.64 0
2050 11 15.000435 3.3856163 163.1 213.061581 540.07 0
2050 12 6.254408 -3.1850848 125 55.4523412 541.28 0
2051 1 2.8078837 -6.7272735 143.5 55.1437238 546.32 0
2051 2 3.9030688 -6.136381 209.8 98.186697225 547.24 0
2051 3 10.892492 -0.07238695 301.6 148.0875735 548.22 0
2051 4 15.326856 3.0387208 391.2 97.294986 549.68 0
2051 5 24.531332 11.518136 461.6 129.5972453 550.22 0
2051 6 25.923494 13.175912 512.7 158.69724 549.67 0
2051 7 29.704432 16.82154 503.7 169.2776514 548.15 0
2051 8 28.102116 14.819645 439.3 96.7427385 545.56 0
2051 9 26.004206 13.518638 346.6 95.216094 544.56 0
2051 10 20.283567 6.2658777 255.1 38.8957093 544.42 0
2051 11 14.158727 1.7856561 163.1 154.464396 545.85 0
2051 12 5.450836 -6.773468 125 61.091917 547.06 0
2052 1 6.2951593 -5.5572433 143.5 32.2598431 552.21 0
2052 2 5.2231183 -6.467681 209.8 114.59479725 553.13 0
2052 3 12.517918 0.8457422 301.6 61.5266176 554.11 0
2052 4 14.457824 2.010102 391.2 228.63867 555.57 0
2052 5 23.684916 10.303632 461.6 148.1639823 556.11 0
2052 6 29.16269 15.2843275 512.7 59.656215 555.56 0
2052 7 30.53704 18.236794 503.7 162.3618397 554.04 0
2052 8 30.82914 19.012997 439.3 101.0338515 551.45 0
2052 9 25.664991 13.082852 346.6 55.976736 550.45 0
2052 10 21.125162 6.5531096 255.1 95.8986147 550.31 0
2052 11 14.744068 2.9995942 163.1 151.529631 551.74 0
2052 12 5.031299 -4.956433 125 34.0711855 552.95 0
2053 1 3.4014895 -7.380653 143.5 79.6583564 558.21 0
2053 2 10.179391 -1.2337756 209.8 70.1698925 559.13 0
2053 3 10.650443 -0.9586 301.6 124.37665 560.11 0
2053 4 17.629925 3.9932928 391.2 107.790855 561.57 0
2053 5 21.29335 9.3759165 461.6 143.052011 562.11 0
2053 6 28.395367 14.672601 512.7 74.842242 561.56 0
2053 7 30.781366 18.19804 503.7 88.5600777 560.04 0
2053 8 30.440613 16.072235 439.3 46.7327387 557.45 0
2053 9 24.773323 13.585904 346.6 179.266878 556.45 0
2053 10 19.932772 6.5150037 255.1 78.4969755 556.31 0
2053 11 12.033022 0.8363467 163.1 59.438187 557.74 0
2053 12 7.133472 -1.9726077 125 113.2647403 558.95 0
2054 1 8.063041 -1.8700316 143.5 164.759234 564.31 0
2054 2 5.4836855 -5.317516 209.8 135.895712525 565.23 0
2054 3 9.512783 -2.5260808 301.6 79.0602424 566.21 0
2054 4 16.447071 4.1114035 391.2 106.27569 567.67 0
2054 5 22.967642 9.115053 461.6 45.3491498 568.21 0
2054 6 29.739676 16.012669 512.7 147.906018 567.66 0
2054 7 30.362982 18.902855 503.7 172.8480826 566.14 0
2054 8 29.906178 17.449175 439.3 85.3133764 563.55 0
2054 9 25.0193 12.058613 346.6 92.014554 562.55 0
2054 10 21.391401 6.5378733 255.1 62.5415297 562.41 0
2054 11 14.644475 2.543025 163.1 109.473861 563.84 0
2054 12 10.268316 -0.10789726 125 112.3762276 565.05 0
2055 1 7.1475935 -1.7059618 143.5 134.598342 570.52 0
2055 2 4.227516 -5.8496375 209.8 51.20109665 571.44 0
2055 3 9.958203 -2.0939155 301.6 70.3090757 572.42 0
2055 4 17.651575 4.859026 391.2 95.219235 573.88 0
2055 5 26.386648 10.454903 461.6 30.32652314 574.42 0
2055 6 29.660759 16.95135 512.7 106.052478 573.87 0
2055 7 34.032227 19.121386 503.7 79.1580102 572.35 0
2055 8 32.857582 20.04954 439.3 57.6190614 569.76 0
2055 9 29.016266 13.398437 346.6 49.88559 568.76 0
2055 10 20.036999 7.234112 255.1 65.8753844 568.62 0
2055 11 15.550101 3.5723498 163.1 99.624252 570.05 0
2055 12 8.703754 -1.199353 125 93.856344 571.26 0
2056 1 5.3668733 -4.756094 143.5 161.479465 576.84 0
2056 2 6.42632 -3.9796107 209.8 88.5090467 577.76 0
2056 3 9.9618845 -1.3859799 301.6 123.6493218 578.74 0
2056 4 17.268145 3.042898 391.2 61.716636 580.2 0
2056 5 24.671623 10.22055 461.6 78.453653 580.74 0
2056 6 28.852245 14.31881 512.7 62.333559 580.19 0
2056 7 31.568888 19.84573 503.7 130.553276 578.67 0
2056 8 30.850489 18.321491 439.3 155.4598974 576.08 0
2056 9 25.990526 13.994621 346.6 118.326639 575.08 0
2056 10 22.087605 7.1303825 255.1 23.45940283 574.94 0
2056 11 14.034918 3.6129315 163.1 235.41153 576.37 0
2056 12 9.408492 -1.113734 125 103.301362 577.58 0
2057 1 3.206198 -7.4956193 143.5 123.2335932 583.3 0
2057 2 3.70951 -6.433737 209.8 140.04043105 584.22 0
2057 3 8.283098 -3.4426968 301.6 99.5138874 585.2 0
2057 4 17.980892 3.6693087 391.2 71.050545 586.66 0
2057 5 21.92201 9.384926 461.6 148.4277365 587.2 0
2057 6 29.197975 15.4904175 512.7 66.10254 586.65 0
2057 7 32.161266 20.68722 503.7 142.212314 585.13 0
2057 8 31.013836 17.544712 439.3 101.3000516 582.54 0
2057 9 25.948328 13.608073 346.6 154.891149 581.54 0
2057 10 18.943487 6.8892245 255.1 164.9804624 581.4 0
2057 11 14.314028 3.6806197 163.1 195.836649 582.83 0
2057 12 6.5253673 -1.2226766 125 80.865236 584.04 0
2058 1 5.849403 -3.0544772 143.5 154.4467864 589.91 0
2058 2 11.591436 1.5609152 209.8 96.56744395 590.83 0
2058 3 9.953017 -1.7925675 301.6 67.2585455 591.81 0
2058 4 16.937363 3.4098291 391.2 148.41054 593.27 0
2058 5 26.176647 12.349805 461.6 105.6936382 593.81 0
2058 6 29.138157 16.225796 512.7 204.88617 593.26 0
2058 7 31.22972 18.66944 503.7 46.3933786 591.74 0
2058 8 32.046616 19.045666 439.3 87.8226435 589.15 0
2058 9 25.771168 13.391312 346.6 80.402292 588.15 0
2058 10 18.62948 4.0013323 255.1 66.5753179 588.01 0
2058 11 14.840605 3.1797414 163.1 88.990989 589.44 0
2058 12 6.570657 -2.1774845 125 79.525571 590.65 0
2059 1 2.3259099 -8.458423 143.5 24.2109411 596.65 0
2059 2 3.3667645 -8.181382 209.8 124.91378775 597.57 0
2059 3 9.736222 -2.0644124 301.6 75.7295435 598.55 0
2059 4 17.967472 6.187749 391.2 229.78077 600.01 0
2059 5 21.80824 9.777275 461.6 224.1703837 600.55 0
2059 6 28.809143 15.731195 512.7 143.68542 600 0
2059 7 32.101162 18.785336 503.7 139.7514565 598.48 0
2059 8 30.572315 18.45973 439.3 196.4238926 595.89 0
2059 9 25.514215 14.507386 346.6 161.133585 594.89 0
2059 10 17.836546 4.882634 255.1 91.4207639 594.75 0
2059 11 13.008128 2.689172 163.1 144.474249 596.18 0
2059 12 9.441565 0.11169927 125 65.6508328 597.39 0
2060 1 5.2218966 -4.8756094 143.5 79.091571 603.52 0
2060 2 7.1100507 -3.4994383 209.8 161.33820775 604.44 0
2060 3 12.1052065 0.90337527 301.6 116.240514 605.42 0
2060 4 18.357552 4.309789 391.2 75.240405 606.88 0
2060 5 24.534445 10.807411 461.6 97.8378228 607.42 0
2060 6 29.277975 15.830613 512.7 155.16747 606.87 0
2060 7 34.475746 18.985905 503.7 32.3636311 605.35 0
2060 8 31.76703 18.722473 439.3 159.2425546 602.76 0
2060 9 26.489065 14.674446 346.6 136.27125 601.76 0
2060 10 21.412577 6.4401026 255.1 70.7403973 601.62 0
2060 11 10.366242 0.30424568 163.1 96.352659 603.05 0
2060 12 5.6532536 -2.5720904 125 131.8979816 604.26 0
2061 1 3.965151 -6.575983 143.5 128.338822 610.52 0
2061 2 2.9940886 -9.001722 209.8 55.15057095 611.44 0
2061 3 7.467701 -2.9399154 301.6 175.1051554 612.42 0
2061 4 15.912197 2.992056 391.2 106.196394 613.88 0
2061 5 21.781506 9.46783 461.6 92.2100983 614.42 0
2061 6 28.590641 15.542568 512.7 74.743389 613.87 0
2061 7 31.441128 18.028055 503.7 143.43514 612.35 0
2061 8 31.011173 18.626038 439.3 265.238697 609.76 0
2061 9 25.725697 12.798864 346.6 132.26397 608.76 0
2061 10 19.674835 7.480927 255.1 234.9075964 608.62 0
2061 11 11.307579 0.88657576 163.1 125.284611 610.05 0
2061 12 5.828859 -3.0692234 125 110.6037592 611.26 0
2062 1 6.1517506 -3.8135188 143.5 139.2675403 617.61 0
2062 2 5.066342 -6.1170616 209.8 104.7691704 618.53 0
2062 3 8.650002 -3.4474745 301.6 152.3593363 619.51 0
2062 4 16.453959 5.6058693 391.2 266.92992 620.97 0
2062 5 25.439882 11.371638 461.6 71.1052828 621.51 0
2062 6 29.522526 15.82053 512.7 85.62825 620.96 0
2062 7 31.280437 17.91947 503.7 148.2643975 619.44 0
2062 8 30.665375 18.42522 439.3 207.811073 616.85 0
2062 9 28.397587 15.733297 346.6 140.820708 615.85 0
2062 10 19.845554 6.515113 255.1 52.8089712 615.71 0
2062 11 13.562613 3.3884523 163.1 240.53514 617.14 0
2062 12 8.1744 -1.5860127 125 203.4389353 618.35 0
2063 1 10.790273 2.3740118 143.5 177.462011 624.76 0
2063 2 7.3933134 -1.521305 209.8 189.41480925 625.68 0
2063 3 10.323099 -0.3867202 301.6 165.071311 626.66 0
2063 4 17.86008 4.3311777 391.2 83.925105 628.12 0
2063 5 27.368042 13.990873 461.6 78.7970214 628.66 0
2063 6 29.672287 16.601671 512.7 120.330978 628.11 0
2063 7 31.29669 20.458443 503.7 136.560394 626.59 0
2063 8 30.411419 19.10149 439.3 202.9523996 624 0
2063 9 29.535332 16.081934 346.6 53.468307 623 0
2063 10 21.789318 7.9463406 255.1 91.8492552 622.86 0
2063 11 14.113158 3.4898896 163.1 140.15994 624.29 0
2063 12 10.660019 0.1194287 125 115.3786272 625.5 0
2064 1 4.5940986 -4.967431 143.5 62.1677224 631.99 0
2064 2 3.8854032 -8.70239 209.8 129.819210975 632.91 0
2064 3 9.614475 -1.6964779 301.6 155.864559 633.89 0
2064 4 17.015465 3.5605462 391.2 106.33557 635.35 0
2064 5 25.851637 12.149052 461.6 72.0943595 635.89 0
2064 6 30.43202 16.164268 512.7 68.877648 635.34 0
2064 7 31.253649 18.767328 503.7 161.054858 633.82 0
2064 8 31.382956 19.897474 439.3 152.6228394 631.23 0
2064 9 25.410664 14.202055 346.6 115.1841 630.23 0
2064 10 22.678837 11.174013 255.1 95.6139138 630.09 0
2064 11 11.927607 0.92236155 163.1 174.317409 631.52 0
2064 12 10.784697 1.0033805 125 192.5456097 632.73 0
2065 1 5.3849115 -3.7586439 143.5 155.691858 639.29 0
2065 2 9.313856 -1.950998 209.8 60.619310475 640.21 0
2065 3 9.596014 -1.1149975 301.6 103.4789703 641.19 0
2065 4 18.39537 5.728259 391.2 131.397858 642.65 0
2065 5 25.819443 11.281156 461.6 55.30586 643.19 0
2065 6 31.358221 18.052162 512.7 83.90532 642.64 0
2065 7 31.69032 18.496813 503.7 134.853689 641.12 0
2065 8 30.3027 18.6623 439.3 278.366112 638.53 0
2065 9 25.466288 12.414381 346.6 150.17703 637.53 0
2065 10 19.286419 6.4020143 255.1 25.65495334 637.39 0
2065 11 13.403607 2.2720258 163.1 123.319074 638.82 0
2065 12 6.1373653 -2.4664555 125 169.092228 640.03 0
2066 1 4.27695 -4.5087457 143.5 160.05517 646.65 0
2066 2 7.907374 -3.9881663 209.8 14.87960835 647.57 0
2066 3 12.112182 -0.00443788 301.6 70.5580708 648.55 0
2066 4 15.701797 4.0654697 391.2 230.71002 650.01 0
2066 5 25.534834 11.155784 461.6 37.6917685 650.55 0
2066 6 28.022161 14.155915 512.7 85.835208 650 0
2066 7 31.64593 19.038015 503.7 157.466825 648.48 0
2066 8 30.427135 18.92441 439.3 171.8025704 645.89 0
2066 9 26.27047 14.206105 346.6 50.454237 644.89 0
2066 10 20.504091 8.135729 255.1 132.945732 644.75 0
2066 11 11.456469 1.830914 163.1 203.738508 646.18 0
2066 12 4.939531 -5.686001 125 132.375673 647.39 0
2067 1 1.7446531 -8.524993 143.5 160.629476 654.1 0
2067 2 7.052067 -3.8160896 209.8 44.60704945 655.02 0
2067 3 9.666241 -1.4684503 301.6 202.6488693 656 0
2067 4 16.789085 6.1561465 391.2 156.41427 657.46 0
2067 5 23.72651 11.299812 461.6 138.9343833 658 0
2067 6 30.234365 16.085007 512.7 69.11967 657.45 0
2067 7 34.21155 20.789366 503.7 134.784032 655.93 0
2067 8 30.574158 18.18583 439.3 150.1274386 653.34 0
2067 9 26.442183 13.511765 346.6 51.285111 652.34 0
2067 10 22.312948 9.821125 255.1 84.0832468 652.2 0
2067 11 12.671788 1.6463478 163.1 106.81437 653.63 0
2067 12 6.466643 -3.4874763 125 158.3846544 654.84 0
2068 1 3.328117 -8.378153 143.5 109.9884898 661.64 0
2068 2 3.984296 -7.663789 209.8 17.38928185 662.56 0
2068 3 10.475471 -1.4271306 301.6 199.3085604 663.54 0
2068 4 16.05249 4.4719453 391.2 225.265404 665 0
2068 5 27.285551 14.014644 461.6 82.3822706 665.54 0
2068 6 29.624363 15.569984 512.7 140.755449 664.99 0
2068 7 31.443518 18.649904 503.7 128.3851856 663.47 0
2068 8 32.416084 18.339676 439.3 64.6118678 660.88 0
2068 9 27.772137 15.248018 346.6 158.992065 659.88 0
2068 10 23.01876 11.020607 255.1 75.6995882 659.74 0
2068 11 13.8706045 2.9783168 163.1 178.60782 661.17 0
2068 12 9.467629 0.5426629 125 127.5978817 662.38 0
2069 1 5.6438274 -3.6654456 143.5 74.6980154 669.3 0
2069 2 7.079535 -3.6704085 209.8 140.315603 670.22 0
2069 3 11.227903 -0.006541555 301.6 138.736067 671.2 0
2069 4 16.079775 3.9179838 391.2 188.51793 672.66 0
2069 5 25.47776 11.227711 461.6 71.0167995 673.2 0
2069 6 29.554586 16.229618 512.7 151.167339 672.65 0
2069 7 32.025238 18.676266 503.7 132.2719656 671.13 0
2069 8 31.022738 17.960348 439.3 122.2552425 668.54 0
2069 9 27.383385 14.550715 346.6 77.637069 667.54 0
2069 10 21.615675 8.72972 255.1 130.4065127 667.4 0
2069 11 13.359996 1.7958317 163.1 138.61659 668.83 0
2069 12 11.325832 1.295949 125 151.4603735 670.04 0
2070 1 7.676489 0.13306944 143.5 155.190154 677.08 0
2070 2 8.046979 -2.6679957 209.8 91.240381 678 0
2070 3 11.698087 0.8252544 301.6 104.6323315 678.98 0
2070 4 20.706446 6.1917443 391.2 76.702095 680.44 0
2070 5 26.506367 13.896358 461.6 100.8228469 680.98 0
2070 6 30.077314 17.577806 512.7 248.03496 680.43 0
2070 7 31.592184 18.668772 503.7 93.9265342 678.91 0
2070 8 31.732178 20.237326 439.3 167.3345776 676.32 0
2070 9 28.929947 15.340599 346.6 61.59666 675.32 0
2070 10 21.817907 9.964043 255.1 173.5030413 675.18 0
2070 11 13.247974 2.1708596 163.1 119.681955 676.61 0
2070 12 11.435572 1.1773142 125 217.705312 677.82 0
2071 1 6.7040224 -3.5562496 143.5 254.423541 684.95 0
2071 2 5.81532 -4.7193418 209.8 99.13554975 685.87 0
2071 3 13.800252 2.5915911 301.6 77.1779007 686.85 0
2071 4 17.481033 4.524487 391.2 123.62607 688.31 0
2071 5 26.723665 12.539729 461.6 88.0419127 688.85 0
2071 6 29.073286 15.19377 512.7 59.342397 688.3 0
2071 7 30.840994 18.611378 503.7 153.0420276 686.78 0
2071 8 32.186802 21.712397 439.3 256.873905 684.19 0
2071 9 27.06642 14.551949 346.6 206.98923 683.19 0
2071 10 21.171965 7.1554723 255.1 80.6565905 683.05 0
2071 11 14.230223 2.6824996 163.1 209.11854 684.48 0
2071 12 12.4254675 2.0566885 125 222.262653 685.69 0
2072 1 5.320771 -3.4888434 143.5 121.5698263 692.9 0
2072 2 10.276948 -0.5161094 209.8 74.5167652 693.82 0
2072 3 11.599169 0.41270176 301.6 121.6505503 694.8 0
2072 4 17.358103 5.311359 391.2 101.89755 696.26 0
2072 5 25.90122 11.453342 461.6 70.2952683 696.8 0
2072 6 31.173727 18.684086 512.7 95.534106 696.25 0
2072 7 34.494347 21.723263 503.7 156.0023633 694.73 0
2072 8 29.794722 18.809795 439.3 260.6202395 692.14 0
2072 9 28.30159 15.789866 346.6 133.83189 691.14 0
2072 10 21.888872 7.802926 255.1 61.4802695 691 0
2072 11 14.599926 3.932664 163.1 192.51828 692.43 0
2072 12 5.568584 -5.881184 125 134.3421177 693.64 0
2073 1 7.417463 -2.608519 143.5 27.22880257 700.89 0
2073 2 5.3804507 -5.7451806 209.8 136.95174555 701.81 0
2073 3 11.519301 -1.132252 301.6 85.3258818 702.79 0
2073 4 18.817995 4.3021216 391.2 127.2306 704.25 0
2073 5 23.962563 10.25469 461.6 135.6625596 704.79 0
2073 6 29.653711 17.741264 512.7 153.248535 704.24 0
2073 7 33.161407 20.020882 503.7 90.0327668 702.72 0
2073 8 31.498707 17.124805 439.3 87.1664417 700.13 0
2073 9 27.66657 13.470943 346.6 83.089356 699.13 0
2073 10 22.309307 6.973724 255.1 18.66493043 698.99 0
2073 11 14.782399 2.258182 163.1 127.36143 700.42 0
2073 12 3.1916425 -6.02365 125 117.4954839 701.63 0
2074 1 7.983977 -3.9625123 143.5 168.475762 708.93 0
2074 2 10.519188 -0.83882 209.8 80.756108225 709.85 0
2074 3 10.380794 -1.3276464 301.6 135.7668467 710.83 0
2074 4 17.481115 4.75073 391.2 133.84332 712.29 0
2074 5 25.433254 9.999215 461.6 33.1690948 712.83 0
2074 6 30.629507 16.799208 512.7 75.662406 712.28 0
2074 7 33.10831 19.867006 503.7 157.703572 710.76 0
2074 8 32.15561 19.869177 439.3 153.437786 708.17 0
2074 9 27.703777 13.667801 346.6 69.577188 707.17 0
2074 10 19.484217 7.310856 255.1 202.698522 707.03 0
2074 11 16.294407 5.350088 163.1 224.853588 708.46 0
2074 12 7.3679786 -1.5968223 125 27.5261741 709.67 0
2075 1 5.3612366 -3.2988205 143.5 254.513844 717.02 0
2075 2 7.215218 -3.2638645 209.8 112.85434865 717.94 0
2075 3 12.277916 0.90026635 301.6 86.3688613 718.92 0
2075 4 19.190533 6.3926487 391.2 196.686159 720.38 0
2075 5 21.1687 10.508456 461.6 260.341937 720.92 0
2075 6 30.637001 16.787344 512.7 94.425309 720.37 0
2075 7 32.66971 20.256477 503.7 145.0552186 718.85 0
2075 8 34.255383 20.60457 439.3 94.5646258 716.26 0
2075 9 27.248415 15.468985 346.6 112.73631 715.26 0
2075 10 22.702404 7.934357 255.1 73.2075788 715.12 0
2075 11 16.770695 5.0647283 163.1 58.456278 716.55 0
2075 12 12.005596 1.4928713 125 102.9039978 717.76 0
2076 1 10.326414 0.9672768 143.5 162.1306944 725.14 0
2076 2 1.9165165 -9.05087 209.8 83.53577545 726.06 0
2076 3 11.001755 -0.62925494 301.6 175.188967 727.04 0
2076 4 17.921196 5.4639754 391.2 150.77961 728.5 0
2076 5 24.53926 10.870761 461.6 84.2181154 729.04 0
2076 6 30.162151 16.361214 512.7 54.273342 728.49 0
2076 7 33.342995 20.704363 503.7 141.5619495 726.97 0
2076 8 30.578453 20.22911 439.3 297.408079 724.38 0
2076 9 29.156225 15.888079 346.6 82.41477 723.38 0
2076 10 21.132656 8.347029 255.1 63.5982453 723.24 0
2076 11 13.589906 2.9183967 163.1 129.801549 724.67 0
2076 12 5.975284 -3.9073908 125 36.3719342 725.88 0
2077 1 0.59311664 -9.113112 143.5 58.6972011 733.31 0
2077 2 9.224138 -2.863848 209.8 106.9867502 734.23 0
2077 3 11.643064 -0.06070808 301.6 163.6108855 735.21 0
2077 4 16.781298 3.9513218 391.2 110.331174 736.67 0
2077 5 25.379791 10.480246 461.6 72.753838 737.21 0
2077 6 31.256527 17.649658 512.7 80.274252 736.66 0
2077 7 33.580723 20.193394 503.7 81.0343503 735.14 0
2077 8 32.1792 20.47012 439.3 174.347069 732.55 0
2077 9 25.458158 13.692652 346.6 141.63366 731.55 0
2077 10 19.39062 5.6017966 255.1 73.8519386 731.41 0
2077 11 15.009204 3.657641 163.1 54.482793 732.84 0
2077 12 11.70592 1.3839512 125 148.605382 734.05 0
2078 1 6.023039 -3.6299045 143.5 130.461113 741.52 0
2078 2 5.8536277 -5.542749 209.8 81.078870125 742.44 0
2078 3 11.193176 -0.28831625 301.6 235.6474765 743.42 0
2078 4 20.734488 7.491117 391.2 96.06096 744.88 0
2078 5 27.73478 13.076374 461.6 75.7519317 745.42 0
2078 6 31.770166 16.686106 512.7 46.913409 744.87 0
2078 7 32.91178 20.456436 503.7 173.5076696 743.35 0
2078 8 31.665985 18.883068 439.3 110.0480315 740.76 0
2078 9 26.450546 13.229566 346.6 95.225094 739.76 0
2078 10 21.303905 7.497691 255.1 131.865692 739.62 0
2078 11 14.555171 3.8858995 163.1 139.427532 741.05 0
2078 12 9.754521 0.52849925 125 158.827973 742.26 0
2079 1 8.750191 -0.5920517 143.5 170.886322 749.8 0
2079 2 9.808585 -0.52815276 209.8 82.00033145 750.72 0
2079 3 13.291169 2.5973952 301.6 200.7877316 751.7 0
2079 4 21.11849 7.6209307 391.2 129.99798 753.16 0
2079 5 25.36682 10.015732 461.6 52.9684073 753.7 0
2079 6 30.03451 16.563103 512.7 89.988018 753.15 0
2079 7 33.5506 20.193861 503.7 148.059131 751.63 0
2079 8 31.269192 17.424536 439.3 266.869855 749.04 0
2079 9 27.792843 14.533208 346.6 62.53926 748.04 0
2079 10 21.278984 8.977042 255.1 142.996056 747.9 0
2079 11 16.278698 5.4983087 163.1 127.187991 749.33 0
2079 12 7.6818557 -1.3064123 125 106.0202387 750.54 0
2080 1 5.422649 -4.7887754 143.5 60.2789885 758.18 0
2080 2 11.553805 0.19543262 209.8 84.29023125 759.1 0
2080 3 10.513624 -0.8435142 301.6 82.3916574 760.08 0
2080 4 17.644844 4.7928233 391.2 95.583795 761.54 0
2080 5 26.468224 11.857137 461.6 78.4842128 762.08 0
2080 6 31.049019 16.547739 512.7 51.327099 761.53 0
2080 7 33.69377 21.649973 503.7 156.060913 760.01 0
2080 8 31.978367 19.930607 439.3 211.951154 757.42 0
2080 9 29.096346 15.842835 346.6 107.137662 756.42 0
2080 10 21.697096 7.560305 255.1 87.5600115 756.28 0
2080 11 13.820862 2.7746024 163.1 132.88221 757.71 0
2080 12 9.791828 -0.37706274 125 106.856287 758.92 0
2081 1 7.218842 -3.2298806 143.5 100.5309323 766.64 0
2081 2 7.529162 -4.399545 209.8 54.11527625 767.56 0
2081 3 11.572542 0.49859196 301.6 123.2757005 768.54 0
2081 4 16.701591 4.4368877 391.2 235.43421 770 0
2081 5 25.8451 11.989452 461.6 113.665902 770.54 0
2081 6 31.27036 16.808842 512.7 122.397939 769.99 0
2081 7 31.512962 18.620619 503.7 148.342657 768.47 0
2081 8 32.33775 20.11452 439.3 166.5846907 765.88 0
2081 9 27.703335 14.3509655 346.6 64.358703 764.88 0
2081 10 21.74924 9.364558 255.1 83.345112 764.74 0
2081 11 16.763504 4.3928113 163.1 78.941595 766.17 0
2081 12 8.045063 -2.0953596 125 244.14174 767.38 0
2082 1 8.130185 -3.1361825 143.5 42.7510615 775.17 0
2082 2 5.8387113 -4.855115 209.8 115.7853935 776.09 0
2082 3 11.4213085 -1.062927 301.6 86.2539815 777.07 0
2082 4 21.872911 7.6699243 391.2 37.924587 778.53 0
2082 5 26.444473 11.762958 461.6 75.2699716 779.07 0
2082 6 30.451456 16.818092 512.7 92.801229 778.52 0
2082 7 32.90701 21.698734 503.7 162.569735 777 0
2082 8 31.92009 19.736422 439.3 140.604189 774.41 0
2082 9 27.355757 13.203891 346.6 51.651969 773.41 0
2082 10 21.30116 10.1165495 255.1 244.472634 773.27 0
2082 11 13.9667425 2.645464 163.1 72.456435 774.7 0
2082 12 10.325547 0.2663301 125 128.857948 775.91 0
2083 1 5.4289794 -3.019323 143.5 200.2090763 783.75 0
2083 2 10.994978 0.72161543 209.8 84.446821 784.67 0
2083 3 9.904048 -0.85306865 301.6 126.5691777 785.65 0
2083 4 19.471504 6.6810946 391.2 145.420332 787.11 0
2083 5 26.05492 12.3941965 461.6 174.682241 787.65 0
2083 6 29.635956 16.72911 512.7 151.291395 787.1 0
2083 7 33.51742 20.59482 503.7 117.8791864 785.58 0
2083 8 33.455147 20.934637 439.3 123.86887 782.99 0
2083 9 28.815426 16.82679 346.6 155.210952 781.99 0
2083 10 22.086643 9.394155 255.1 139.6251873 781.85 0
2083 11 15.877697 4.7312937 163.1 103.568994 783.28 0
2083 12 7.177213 -1.5715946 125 32.7886008 784.49 0
2084 1 0.30915943 -10.591094 143.5 102.3194525 792.37 0
2084 2 7.6357384 -3.7886415 209.8 64.5127396 793.29 0
2084 3 12.112182 0.02431265 301.6 99.0261644 794.27 0
2084 4 16.783136 4.2916746 391.2 121.379844 795.73 0
2084 5 21.792805 8.679471 461.6 167.967021 796.27 0
2084 6 29.87914 16.171223 512.7 46.702956 795.72 0
2084 7 33.98965 20.577072 503.7 132.700274 794.2 0
2084 8 31.403894 17.810173 439.3 165.496352 791.61 0
2084 9 27.897888 15.742126 346.6 172.03377 790.61 0
2084 10 20.137291 7.6467648 255.1 95.8538476 790.47 0
2084 11 17.912134 5.650862 163.1 38.827986 791.9 0
2084 12 11.313958 1.3837638 125 89.7557012 793.11 0
2085 1 1.8077078 -9.401764 143.5 84.8681668 801.02 0
2085 2 6.9746156 -4.9166536 209.8 100.6392916 801.94 0
2085 3 12.102951 2.1583605 301.6 173.8419333 802.92 0
2085 4 16.945646 4.494739 391.2 116.622561 804.38 0
2085 5 26.774176 12.581364 461.6 100.329206 804.92 0
2085 6 31.455973 16.390993 512.7 59.868315 804.37 0
2085 7 32.28624 19.150915 503.7 159.4871663 802.85 0
2085 8 32.462986 22.313467 439.3 352.517554 800.26 0
2085 9 29.04435 17.097883 346.6 142.3275 799.26 0
2085 10 19.957188 6.9853106 255.1 80.6055552 799.12 0
2085 11 14.504186 3.1548204 163.1 99.383619 800.55 0
2085 12 12.527866 2.3571773 125 41.7557104 801.76 0
2086 1 8.606004 -3.0748596 143.5 170.7405755 809.71 0
2086 2 7.389728 -3.7389395 209.8 83.169940775 810.63 0
2086 3 12.144759 0.9443748 301.6 90.0739503 811.61 0
2086 4 17.85301 4.9213815 391.2 136.109505 813.07 0
2086 5 27.28386 10.985685 461.6 56.4638495 813.61 0
2086 6 30.500336 15.260627 512.7 67.498704 813.06 0
2086 7 32.7001 19.078169 503.7 107.6876574 811.54 0
2086 8 31.943922 20.574833 439.3 161.4573186 808.95 0
2086 9 30.285543 17.169596 346.6 65.478867 807.95 0
2086 10 24.323946 10.948573 255.1 64.5921642 807.81 0
2086 11 13.641299 3.5463746 163.1 173.132529 809.24 0
2086 12 8.235288 0.791344 125 218.490201 810.45 0
2087 1 3.340547 -5.331797 143.5 255.99087 818.42 0
2087 2 7.066722 -2.8498988 209.8 75.07751075 819.34 0
2087 3 10.600343 -1.2982537 301.6 83.4656927 820.32 0
2087 4 18.762274 6.7422295 391.2 169.585962 821.78 0
2087 5 26.213348 13.27639 461.6 112.524358 822.32 0
2087 6 31.173073 18.546646 512.7 102.639378 821.77 0
2087 7 33.114185 19.413027 503.7 122.4785293 820.25 0
2087 8 33.620075 21.19693 439.3 132.268072 817.66 0
2087 9 31.265984 17.599827 346.6 64.80474 816.66 0
2087 10 23.781845 10.611113 255.1 107.599481 816.52 0
2087 11 16.217073 4.455224 163.1 98.962791 817.95 0
2087 12 7.8574843 -1.2389896 125 216.0143705 819.16 0
2088 1 7.4806924 -2.7731209 143.5 65.283396 827.16 0
2088 2 7.732826 -2.9095843 209.8 53.02224985 828.08 0
2088 3 12.35751 -0.14162882 301.6 129.8317913 829.06 0
2088 4 16.850643 4.441413 391.2 116.745051 830.52 0
2088 5 25.509941 11.75677 461.6 89.1670918 831.06 0
2088 6 31.73666 16.760384 512.7 65.823969 830.51 0
2088 7 32.03854 19.428286 503.7 150.6744305 828.99 0
2088 8 32.7493 21.225391 439.3 384.338961 826.4 0
2088 9 29.336 15.869917 346.6 42.04503 825.4 0
2088 10 22.792286 8.801056 255.1 95.8710836 825.26 0
2088 11 14.500884 2.8627675 163.1 108.617757 826.69 0
2088 12 11.878021 1.560929 125 125.2656897 827.9 0
2089 1 8.374862 -2.0754397 143.5 152.7441703 835.96 0
2089 2 9.963426 -1.6195637 209.8 91.0554226 836.88 0
2089 3 11.815494 0.39154568 301.6 129.0978973 837.86 0
2089 4 19.8591 7.292333 391.2 112.237815 839.32 0
2089 5 25.194393 11.2022915 461.6 132.615365 839.86 0
2089 6 30.618443 16.818916 512.7 131.79909 839.31 0
2089 7 33.31029 20.766077 503.7 175.115714 837.79 0
2089 8 33.40478 22.047426 439.3 131.0177304 835.2 0
2089 9 27.756035 15.85176 346.6 125.120586 834.2 0
2089 10 23.345171 10.258334 255.1 59.4069957 834.06 0
2089 11 15.47003 4.5487614 163.1 119.418669 835.49 0
2089 12 7.058662 -3.105835 125 79.4332282 836.7 0
2090 1 5.277529 -3.9638398 143.5 176.271177 844.8 0
2090 2 4.060708 -6.2793493 209.8 120.558273375 845.72 0
2090 3 13.060907 0.7428742 301.6 94.8866414 846.7 0
2090 4 18.03251 6.6971226 391.2 179.994 848.16 0
2090 5 23.9235 11.888925 461.6 81.2733603 848.7 0
2090 6 32.040005 18.883127 512.7 96.026601 848.15 0
2090 7 36.545086 20.851664 503.7 49.7351662 846.63 0
2090 8 32.16987 20.071392 439.3 209.3087295 844.04 0
2090 9 26.2982 15.686098 346.6 145.657011 843.04 0
2090 10 21.171867 8.243042 255.1 87.4203317 842.9 0
2090 11 17.100882 5.4688883 163.1 151.639209 844.33 0
2090 12 9.474346 -0.38014084 125 160.9441043 845.54 0
2091 1 6.742803 -2.7857141 143.5 43.9922736 853.73 0
2091 2 10.236469 -1.8557599 209.8 77.4806987 854.65 0
2091 3 14.6677885 2.9615314 301.6 89.2701575 855.63 0
2091 4 16.922167 3.8338401 391.2 70.14723 857.09 0
2091 5 28.23135 11.951779 461.6 64.1797898 857.63 0
2091 6 31.873178 15.88567 512.7 44.71326 857.08 0
2091 7 34.63344 22.330978 503.7 111.376986 855.56 0
2091 8 34.51814 21.848476 439.3 96.9835806 852.97 0
2091 9 28.118711 16.146833 346.6 96.536121 851.97 0
2091 10 24.305017 9.888813 255.1 58.1277528 851.83 0
2091 11 17.05215 5.816366 163.1 98.980815 853.26 0
2091 12 7.1659045 -4.2215686 125 89.9586582 854.47 0
2092 1 3.5497293 -6.5729074 143.5 139.4322247 862.73 0
2092 2 8.660242 -1.9945587 209.8 108.56910615 863.65 0
2092 3 12.785984 0.81709206 301.6 194.679938 864.63 0
2092 4 19.49327 7.127041 391.2 148.58502 866.09 0
2092 5 24.430971 11.86918 461.6 118.9758362 866.63 0
2092 6 30.907139 17.073576 512.7 62.95113 866.08 0
2092 7 33.75073 21.242596 503.7 157.8036648 864.56 0
2092 8 34.770874 21.678776 439.3 156.5596875 861.97 0
2092 9 26.29288 14.087225 346.6 87.661866 860.97 0
2092 10 24.00973 10.720158 255.1 118.0469987 860.83 0
2092 11 16.164118 4.727808 163.1 98.595165 862.26 0
2092 12 10.75203 1.7505709 125 105.6067514 863.47 0
2093 1 6.9143224 -2.7052243 143.5 320.899941 871.78 0
2093 2 12.400671 1.693734 209.8 85.18288605 872.7 0
2093 3 12.422417 1.1017977 301.6 242.857875 873.68 0
2093 4 19.9237 7.308165 391.2 183.200025 875.14 0
2093 5 29.172739 13.925381 461.6 79.760861 875.68 0
2093 6 28.897715 17.489843 512.7 166.69701 875.13 0
2093 7 34.430725 20.563719 503.7 116.928962 873.61 0
2093 8 33.82139 21.50393 439.3 356.995163 871.02 0
2093 9 30.046637 16.745514 346.6 174.070059 870.02 0
2093 10 23.577799 9.005765 255.1 41.775817 869.88 0
2093 11 16.535303 4.9385533 163.1 74.221659 871.31 0
2093 12 10.772586 1.0360656 125 213.9784796 872.52 0
2094 1 6.563501 -2.980473 143.5 188.8676395 880.86 0
2094 2 8.475729 -2.0387611 209.8 109.2164323 881.78 0
2094 3 13.128047 1.277811 301.6 96.157753 882.76 0
2094 4 18.426249 4.382166 391.2 43.00065 884.22 0
2094 5 26.28359 11.8684 461.6 89.1419477 884.76 0
2094 6 31.027 17.59704 512.7 111.937179 884.21 0
2094 7 33.313534 20.962626 503.7 178.4721584 882.69 0
2094 8 33.91682 22.59094 439.3 186.597463 880.1 0
2094 9 26.962923 13.607818 346.6 88.590969 879.1 0
2094 10 22.394205 8.255304 255.1 91.4401203 878.96 0
2094 11 14.406614 3.6257567 163.1 113.305692 880.39 0
2094 12 10.785226 1.6802943 125 167.9732024 881.6 0
2095 1 7.602313 -3.0342388 143.5 48.2150936 889.98 0
2095 2 10.835444 -0.8585222 209.8 86.048483 890.9 0
2095 3 11.293258 -0.123713106 301.6 135.591644 891.88 0
2095 4 17.086872 4.0698543 391.2 117.53472 893.34 0
2095 5 26.640434 11.108971 461.6 103.9399093 893.88 0
2095 6 28.948063 16.223331 512.7 187.412352 893.33 0
2095 7 32.19643 21.83302 503.7 167.049793 891.81 0
2095 8 32.98943 21.70207 439.3 226.560183 889.22 0
2095 9 30.263353 16.575811 346.6 103.605372 888.22 0
2095 10 20.863192 8.139336 255.1 129.295296 888.08 0
2095 11 16.200748 4.4663363 163.1 45.963141 889.51 0
2095 12 11.5110655 0.68271196 125 175.299234 890.72 0
2096 1 7.540168 -2.6366503 143.5 183.573475 899.12 0
2096 2 5.9217563 -5.614987 209.8 129.471493025 900.04 0
2096 3 13.26166 1.4721519 301.6 155.85095 901.02 0
2096 4 19.019705 5.099241 391.2 115.474599 902.48 0
2096 5 26.783566 12.047239 461.6 106.6295592 903.02 0
2096 6 32.191433 17.548916 512.7 132.883701 902.47 0
2096 7 35.16846 22.208605 503.7 146.816434 900.95 0
2096 8 34.30909 20.882008 439.3 184.450248 898.36 0
2096 9 26.65053 15.8074465 346.6 212.857119 897.36 0
2096 10 20.42833 8.145029 255.1 174.3072247 897.22 0
2096 11 16.135149 4.586769 163.1 169.521018 898.65 0
2096 12 9.495022 0.5947655 125 78.7682782 899.86 0
2097 1 6.817592 -3.53938 143.5 80.2547716 908.29 0
2097 2 8.312967 -1.812732 209.8 107.080735125 909.21 0
2097 3 12.156108 0.9857429 301.6 162.168068 910.19 0
2097 4 17.93589 4.779776 391.2 46.10856 911.65 0
2097 5 28.893206 12.586582 461.6 61.2850439 912.19 0
2097 6 33.02465 17.471933 512.7 58.951692 911.64 0
2097 7 33.744087 21.354551 503.7 138.349373 910.12 0
2097 8 33.57591 21.185434 439.3 146.4082415 907.53 0
2097 9 28.488081 15.59306 346.6 239.48754 906.53 0
2097 10 21.258587 9.560403 255.1 156.4116315 906.39 0
2097 11 16.135897 4.2413874 163.1 122.13195 907.82 0
2097 12 9.773572 0.8094874 125 349.381811 909.03 0
2098 1 8.374957 -1.8304857 143.5 59.5801834 917.47 0
2098 2 11.464565 1.8254455 209.8 227.5881585 918.39 0
2098 3 14.723491 3.471339 301.6 69.6178656 919.37 0
2098 4 20.637142 7.8443913 391.2 103.424376 920.83 0
2098 5 27.492907 13.037465 461.6 105.968509 921.37 0
2098 6 32.196884 17.504358 512.7 94.61847 920.82 0
2098 7 34.825294 21.968739 503.7 130.2137113 919.3 0
2098 8 34.05904 22.93196 439.3 127.502535 916.71 0
2098 9 30.378468 16.870829 346.6 111.980223 915.71 0
2098 10 21.983002 9.163347 255.1 115.2634312 915.57 0
2098 11 15.42266 4.160068 163.1 156.225399 917 0
2098 12 9.670522 0.99952084 125 38.6293263 918.21 0
2099 1 3.3004713 -7.0651927 143.5 252.425219 926.67 0
2099 2 11.031854 0.9465202 209.8 134.7041925 927.59 0
2099 3 12.870588 1.5187798 301.6 83.858596 928.57 0
2099 4 19.95369 7.503256 391.2 101.688567 930.03 0
2099 5 24.460033 10.9050455 461.6 92.8918038 930.57 0
2099 6 30.934446 18.642693 512.7 142.036272 930.02 0
2099 7 35.119736 21.746527 503.7 182.1997534 928.5 0
2099 8 35.327824 21.429428 439.3 68.6210885 925.91 0
2099 9 28.935303 16.14042 346.6 102.536346 924.91 0
2099 10 26.010008 13.076216 255.1 76.9731798 924.77 0
2099 11 17.631437 5.4511843 163.1 35.868447 926.2 0
2099 12 8.923774 -0.7792168 125 137.4184957 927.41 0
2100-2200 1 3.3004713 -7.0651927 143.5 252.425219 926.67 0
2100-2200 2 11.031854 0.9465202 209.8 134.7041925 927.59 0
2100-2200 3 12.870588 1.5187798 301.6 83.858596 928.57 0
2100-2200 4 19.95369 7.503256 391.2 101.688567 930.03 0
2100-2200 5 24.460033 10.9050455 461.6 92.8918038 930.57 0
2100-2200 6 30.934446 18.642693 512.7 142.036272 930.02 0
2100-2200 7 35.119736 21.746527 503.7 182.1997534 928.5 0
2100-2200 8 35.327824 21.429428 439.3 68.6210885 925.91 0
2100-2200 9 28.935303 16.14042 346.6 102.536346 924.91 0
2100-2200 10 26.010008 13.076216 255.1 76.9731798 924.77 0
2100-2200 11 17.631437 5.4511843 163.1 35.868447 926.2 0
2100-2200 12 8.923774 -0.7792168 125 137.4184957 927.41 0
