Year Month Tmax Tmin PAR Prec CO2 O3
1200-1980 1 1.10268943216741 -9.30379085107149 143.5 89.6029519628203 390 0
1200-1980 2 3.02348926372174 -7.79505755876151 209.8 84.6638164380136 390 0
1200-1980 3 7.46154097820127 -3.59242769403598 301.6 107.653215035857 390 0
1200-1980 4 14.1322456466107 2.01119642106144 391.2 109.182789844584 390 0
1200-1980 5 20.0579687164993 7.43246393670649 461.6 102.705244359352 390 0
1200-1980 6 24.6921926226484 12.6750700155848 512.7 113.043080356748 390 0
1200-1980 7 27.5873750327713 15.7447374467957 503.7 99.1820637971455 390 0
1200-1980 8 26.6809641424293 14.8875563837581 439.3 103.957491072892 390 0
1200-1980 9 22.5805584319426 10.5481343652495 346.6 103.209216784227 390 0
1200-1980 10 16.2795120771818 4.23237753700374 255.1 116.508001666737 390 0
1200-1980 11 10.2231646119951 -0.334538621725408 163.1 108.36447725593 390 0
1200-1980 12 3.99423573720966 -5.63651002704248 125 105.71713441638 390 0
1981 1 -2.61897742419454 -14.8247601849795 143.5 19.4133468041283 390 0
1981 2 6.27956962136569 -5.51660787206215 209.8 198.079960652373 390 0
1981 3 7.46500559230033 -3.50457559111617 301.6 18.8548419837274 390 0
1981 4 15.7247019038454 2.91222430954861 391.2 97.1909216554702 390 0
1981 5 21.439979294893 7.43861180774692 461.6 75.6117892708621 390 0
1981 6 25.6101716155339 12.6079392581861 512.7 82.6698035546991 390 0
1981 7 27.8301330853912 15.5012305851386 503.7 117.094549744207 390 0
1981 8 26.7587642311979 13.1383491833203 439.3 39.4948255023547 390 0
1981 9 21.1578937075503 9.6859199409273 346.6 107.920240749616 390 0
1981 10 14.4269075304457 2.30905955026107 255.1 134.696224507862 390 0
1981 11 9.7659717972729 -0.627460659385451 163.1 79.1467335554719 390 0
1981 12 2.31530387603672 -6.19214237158341 125 143.920085927591 390 0
1982 1 -2.69023229049636 -14.7098201538601 143.5 121.018480432893 390 0
1982 2 2.09235059016354 -8.28854610871264 209.8 88.1559692540092 390 0
1982 3 6.89900672654086 -4.9421119785334 301.6 67.6377796194197 390 0
1982 4 13.0346523653495 -0.194739217586782 391.2 118.177203022887 390 0
1982 5 21.3238153276888 7.21895515175003 461.6 68.2084062563634 390 0
1982 6 21.8012367408949 10.8327993246971 512.7 277.519274490736 390 0
1982 7 28.2612139305765 14.4337415833472 503.7 86.2972235462538 390 0
1982 8 25.1013657383675 12.635382161282 439.3 72.3666650920956 390 0
1982 9 22.2555477714945 9.99461489791197 346.6 67.9297145193615 390 0
1982 10 16.5261133117456 2.7141559562146 255.1 73.2768765295663 390 0
1982 11 12.0076637586105 1.19073728059196 163.1 101.861231335339 390 0
1982 12 6.67591941940753 -3.50529990441933 125 40.7902846767246 390 0
1983 1 1.62676034177112 -8.48694609320384 143.5 123.949274994644 390 0
1983 2 3.60319656666336 -7.62075677653711 209.8 109.4595009114 390 0
1983 3 7.62631934545557 -1.44140070215858 301.6 212.915949692572 390 0
1983 4 13.140258373774 2.42354460702114 391.2 226.757716544422 390 0
1983 5 18.1696932402666 7.08082115903798 461.6 132.835163495653 390 0
1983 6 26.3492613075854 12.1486415375874 512.7 63.8382084246807 390 0
1983 7 29.0244480747858 14.8844003474881 503.7 51.5386322386588 390 0
1983 8 27.6635866839698 14.5683028821992 439.3 91.2184608336123 390 0
1983 9 25.3585830447695 10.529040967281 346.6 47.555356874726 390 0
1983 10 16.1041991848893 4.24910489762141 255.1 124.702169759027 390 0
1983 11 10.5023335772292 0.0716752826884796 163.1 222.008912224279 390 0
1983 12 2.43599395842431 -7.25079590320211 125 163.097185348915 390 0
1984 1 -0.564066580697411 -11.5484317007244 143.5 54.2645605095886 390 0
1984 2 5.85113935486779 -4.41159750480519 209.8 153.767028024774 390 0
1984 3 3.55445834917922 -6.13411825804234 301.6 139.692694973115 390 0
1984 4 12.8084369478337 1.78918800492606 391.2 122.224741057878 390 0
1984 5 19.311640484591 6.2844570859479 461.6 223.596704805131 390 0
1984 6 25.9241597167007 12.8131560424593 512.7 120.686454091494 390 0
1984 7 26.7369868614049 15.2970957731892 503.7 135.623370135963 390 0
1984 8 27.5472246754998 15.7024318281489 439.3 32.1071322302096 390 0
1984 9 21.8981215626071 8.05091072196127 346.6 37.3978317939725 390 0
1984 10 17.8497784539734 5.17840064160125 255.1 97.1229932982624 390 0
1984 11 10.7309431623813 -1.21215750858597 163.1 78.7217936624843 390 0
1984 12 6.36665841516569 -3.8044570450583 125 80.6890354554204 390 0
1985 1 -1.54993362825776 -11.8107821379733 143.5 26.443151546892 390 0
1985 2 3.47961578373271 -7.9112767255861 209.8 60.5418601289158 390 0
1985 3 9.49367209110937 -3.56751411575063 301.6 69.7691328614492 390 0
1985 4 14.6479556514435 2.15431869812506 391.2 44.7612576619169 390 0
1985 5 21.3466694552511 7.38543853072781 461.6 96.5110998354767 390 0
1985 6 22.4140873474706 10.9505977574201 512.7 103.531754695805 390 0
1985 7 27.9032668750808 14.6943718142645 503.7 88.7941371247354 390 0
1985 8 26.008024996607 14.0969892376601 439.3 164.910833205498 390 0
1985 9 22.6458973712397 10.4419428973962 346.6 109.022663866673 390 0
1985 10 17.2575220142256 4.29078180140887 255.1 66.991450606495 390 0
1985 11 9.95944367891818 0.933445533076703 163.1 170.375831275081 390 0
1985 12 1.48336574666094 -8.17562993559025 125 42.6167015663736 390 0
1986 1 2.70867666322037 -8.68003705785497 143.5 127.685422746978 390 0
1986 2 0.651599917341396 -8.95457781407917 209.8 79.9214651132867 390 0
1986 3 8.86673881560263 -3.69408360119634 301.6 92.1730773076256 390 0
1986 4 15.1574766343566 2.86746769682418 391.2 51.6631144139704 390 0
1986 5 20.9240463408995 7.82809182785765 461.6 46.1289820971736 390 0
1986 6 23.8707006136716 10.7713063164138 512.7 160.893148334375 390 0
1986 7 26.0887223048201 14.869494661689 503.7 129.704423570217 390 0
1986 8 24.7809118084274 13.6486541686015 439.3 95.2420515650557 390 0
1986 9 20.871193543456 8.95012927827536 346.6 38.3382063999523 390 0
1986 10 16.6289492494965 3.63548910999304 255.1 63.5531892611143 390 0
1986 11 8.89584107409956 -2.60831759710619 163.1 156.771338990218 390 0
1986 12 4.11993873513022 -4.96009902648028 125 161.423580081114 390 0
1987 1 0.852091072997239 -10.3454476974602 143.5 139.322286780999 390 0
1987 2 2.20636462236362 -10.0764316316967 209.8 9.57600844178092 390 0
1987 3 8.32060001933998 -3.43253518744259 301.6 77.3438095393953 390 0
1987 4 13.6311797163555 2.94246341982825 391.2 251.838220307126 390 0
1987 5 20.578888740098 6.89930164411065 461.6 45.9456909829087 390 0
1987 6 25.053966361065 12.9028858514552 512.7 82.2823672829832 390 0
1987 7 27.7702643943428 15.7483114698798 503.7 46.7189940310659 390 0
1987 8 25.963532713233 12.7767961962344 439.3 90.7215747538997 390 0
1987 9 21.5265494869813 10.4710280590441 346.6 152.158807025968 390 0
1987 10 15.9578890429084 2.24766082728806 255.1 97.5790672356492 390 0
1987 11 10.1127469891402 -1.61345916411393 163.1 68.1260418661023 390 0
1987 12 4.54808710216519 -4.5286892330837 125 69.1052198365307 390 0
1988 1 0.32012766494294 -11.7380779001651 143.5 71.6229011652198 390 0
1988 2 3.33940035397143 -8.33507911587409 209.8 99.4096019093646 390 0
1988 3 8.19221334135287 -3.89731401673696 301.6 74.8460198125581 390 0
1988 4 12.4463258764188 2.07270968361732 391.2 76.9104823963469 390 0
1988 5 19.8659295198754 7.77754318355147 461.6 97.6005914024962 390 0
1988 6 25.3814175493306 11.2225873029019 512.7 34.8921699211189 390 0
1988 7 28.3821390404809 16.3481848053485 503.7 193.857251100113 390 0
1988 8 28.2239236250215 16.4854568307792 439.3 80.7914612306358 390 0
1988 9 22.3191487489312 8.62994343826395 346.6 55.7135669911213 390 0
1988 10 14.0366451633405 2.2706334970185 255.1 76.5379507271969 390 0
1988 11 11.240040584241 -0.44665342139975 163.1 200.691114834306 390 0
1988 12 3.27396940916639 -7.75546933405709 125 34.0352777562783 390 0
1989 1 3.7727309953707 -7.17812550712408 143.5 33.3250965955872 390 0
1989 2 2.13019122026154 -8.18664552377156 209.8 69.7225240779787 390 0
1989 3 7.54809579770627 -4.68522631790359 301.6 75.0887126984762 390 0
1989 4 12.5076737632645 0.242648699220209 391.2 105.381858027898 390 0
1989 5 20.7375074201175 8.03157232063776 461.6 180.963467812296 390 0
1989 6 24.4394875472097 13.2884388410064 512.7 143.534066316444 390 0
1989 7 27.161299954298 14.7545636227657 503.7 108.057880674718 390 0
1989 8 26.169542114271 14.4895379845856 439.3 148.95673670684 390 0
1989 9 22.7864167775608 10.291504001278 346.6 121.337060774035 390 0
1989 10 17.2965544186421 3.83685282034425 255.1 171.352356233958 390 0
1989 11 9.54708091043296 -1.20676877336475 163.1 122.120424807066 390 0
1989 12 -3.44717263167557 -14.3999648968169 125 29.7513741978745 390 0
1990 1 4.95713797991577 -4.73312130215325 143.5 119.340019284328 390 0
1990 2 5.06345299169825 -7.19073238449369 209.8 93.2367909469954 390 0
1990 3 9.54313565744863 -3.78580298276771 301.6 56.6181078240073 390 0
1990 4 13.7169845244264 1.99487663406112 391.2 116.844878712693 390 0
1990 5 17.7783299337235 6.15335726901199 461.6 179.66809581258 390 0
1990 6 24.9781595328537 12.2425164995404 512.7 55.0108556541728 390 0
1990 7 27.2160874703226 15.9059114167751 503.7 84.1357924630539 390 0
1990 8 26.7431202034754 15.7335365095261 439.3 185.910732660482 390 0
1990 9 22.2005607101801 9.58654175195309 346.6 44.6618167836518 390 0
1990 10 18.6388877065365 6.56572279156209 255.1 208.734821189072 390 0
1990 11 12.0431182911087 0.14635337220163 163.1 75.904614945456 390 0
1990 12 6.95634375696898 -3.42784489553037 125 134.599036064368 390 0
1991 1 1.52632469593172 -9.6398732064765 143.5 74.4622512557562 390 0
1991 2 5.33203844010078 -6.27485748640911 209.8 53.5229516365952 390 0
1991 3 8.74076272311798 -1.9687525537245 301.6 124.735241054766 390 0
1991 4 16.305242987406 2.66425457485245 391.2 81.1844450351443 390 0
1991 5 23.5775881799818 8.95855181566098 461.6 110.413127173404 390 0
1991 6 26.0991493909493 12.3487154604917 512.7 56.5499060039808 390 0
1991 7 27.725872199324 14.6633302600469 503.7 78.7185486999078 390 0
1991 8 27.2467360873742 15.1805213006982 439.3 220.26683286586 390 0
1991 9 21.8841482326053 9.09951072477485 346.6 168.851111201755 390 0
1991 10 17.6217868524408 4.84148075723543 255.1 76.7337873455166 390 0
1991 11 9.5588851196709 0.484516982803524 163.1 124.81853484845 390 0
1991 12 4.76296523184911 -5.66458365328674 125 86.0244971754236 390 0
1992 1 2.09966122218994 -8.59327038578808 143.5 75.7167497255532 390 0
1992 2 3.24794109335193 -7.2937523826574 209.8 57.4411499440397 390 0
1992 3 5.49952779109489 -5.44189997896321 301.6 103.296565692842 390 0
1992 4 12.0784931537821 0.553265726937143 391.2 73.6440559099736 390 0
1992 5 20.4111061653624 5.76911169136528 461.6 39.343081698393 390 0
1992 6 24.4830649839157 11.3180075058229 512.7 147.107069761684 390 0
1992 7 25.570050162004 13.5977279212688 503.7 97.1455480673984 390 0
1992 8 24.9403129588345 13.6396168914712 439.3 140.884266317332 390 0
1992 9 21.9209897184514 10.0303455873707 346.6 78.9072278639579 390 0
1992 10 14.4925412370008 2.24535495904184 255.1 64.2981978499221 390 0
1992 11 7.88925438893489 -0.981911157084323 163.1 134.471331455337 390 0
1992 12 3.03504260210945 -5.91360033790373 125 133.107309286112 390 0
1993 1 2.25213874906053 -7.38084475410617 143.5 65.1312810073826 390 0
1993 2 -0.46236727832101 -12.4142484272216 209.8 88.0366081350925 390 0
1993 3 5.20790966231174 -5.77817069982155 301.6 166.025332666614 390 0
1993 4 13.7698719443595 2.04400685686755 391.2 124.415227152269 390 0
1993 5 21.5000392088001 7.60534317202457 461.6 23.1355049353075 390 0
1993 6 25.2091870270005 11.7549729477441 512.7 64.9625133954949 390 0
1993 7 28.4336548177334 15.0454063232753 503.7 68.1110532070466 390 0
1993 8 27.6980124221323 14.8652476486706 439.3 59.5438031135432 390 0
1993 9 21.6749599820894 10.7708120059811 346.6 140.004330359501 390 0
1993 10 14.9559813730411 2.54146386776777 255.1 94.0121579549645 390 0
1993 11 10.4955894132308 -1.75677742139718 163.1 111.268420620801 390 0
1993 12 3.5370817029903 -5.99985275036235 125 140.543989343537 390 0
1994 1 -2.48994894112959 -14.6343989431172 143.5 135.260989487495 390 0
1994 2 -0.108521289449619 -11.824363920192 209.8 60.662361162594 390 0
1994 3 6.11703009671737 -4.2216926041245 301.6 157.910475302844 390 0
1994 4 15.3442491972693 1.87569569045754 391.2 68.6834478567075 390 0
1994 5 19.3872704479544 6.15234789033855 461.6 110.040102370395 390 0
1994 6 26.3094102809826 13.7818967133377 512.7 64.3637902309466 390 0
1994 7 29.1770835144829 17.6378432775267 503.7 93.1031727966738 390 0
1994 8 25.8253793147809 13.9837949848788 439.3 145.491529169278 390 0
1994 9 21.269182313904 10.0248482355011 346.6 130.180726668976 390 0
1994 10 16.9002277805082 3.11877356881067 255.1 24.273899263491 390 0
1994 11 12.8686019159545 0.551516786908616 163.1 111.027724625921 390 0
1994 12 6.20942756521879 -4.27391113956779 125 130.868118626632 390 0
1995 1 3.57210858136328 -5.05321937588103 143.5 102.199007234012 390 0
1995 2 1.6712640757164 -10.4151260761405 209.8 70.2194872612796 390 0
1995 3 8.17218744271824 -2.46525500625721 301.6 66.7071909701627 390 0
1995 4 13.0628317638746 0.0314180053438122 391.2 60.3973561594101 390 0
1995 5 18.7527318247378 6.25071300745616 461.6 76.1288077302285 390 0
1995 6 25.6803589674265 12.3339636973476 512.7 50.601925546483 390 0
1995 7 28.7672710933984 16.4272321925897 503.7 81.90535476957 390 0
1995 8 27.6821860663173 13.4579007317361 439.3 51.5364377582201 390 0
1995 9 22.022157092321 8.51862045108258 346.6 80.2943175906397 390 0
1995 10 18.7903389659449 5.33410416501218 255.1 213.156713773171 390 0
1995 11 7.60273432015982 -2.14456454401619 163.1 145.113420868044 390 0
1995 12 0.69445897752714 -8.38087953025491 125 66.7904296377573 390 0
1996 1 0.99445822214604 -9.8601127042903 143.5 165.623919380384 390 0
1996 2 1.63500469269763 -8.79979804529279 209.8 75.3033324629978 390 0
1996 3 5.97727309211527 -6.23142854694981 301.6 77.0160162812579 390 0
1996 4 13.3955805007521 1.74316056502777 391.2 177.305897239249 390 0
1996 5 19.2961798904346 6.29194427695668 461.6 101.417671936374 390 0
1996 6 24.9639763953048 13.0944719817527 512.7 67.0165506302477 390 0
1996 7 25.9751725830441 15.2091169556594 503.7 171.119632656355 390 0
1996 8 26.4762497451633 15.0741595156122 439.3 47.2224356941598 390 0
1996 9 21.5962300140129 11.2778834078517 346.6 161.165447908267 390 0
1996 10 15.7413927575153 3.61931908781047 255.1 208.709286611936 390 0
1996 11 7.48676799434731 -2.72833328918121 163.1 84.8935849554507 390 0
1996 12 5.52262166875712 -2.30769968422433 125 186.705121445257 390 0
1997 1 1.19773957324765 -8.8642102476299 143.5 95.3845301878024 390 0
1997 2 4.94068518164067 -5.16034721552274 209.8 53.8735495444714 390 0
1997 3 6.10049782650352 -4.04749283879259 301.6 104.69552219865 390 0
1997 4 12.4850204296402 0.465742376498037 391.2 140.202355477746 390 0
1997 5 17.7224342776449 5.94201339053716 461.6 80.847435296207 390 0
1997 6 25.4074559426652 11.978992384321 512.7 37.1768281655683 390 0
1997 7 27.6950903243554 14.6293118151573 503.7 78.822559648765 390 0
1997 8 26.0018902879769 14.2324645046306 439.3 119.94862709842 390 0
1997 9 21.9852547760432 10.1986513794794 346.6 43.5409300768383 390 0
1997 10 15.7702422872291 3.06531446754973 255.1 47.0733915055597 390 0
1997 11 7.70953232233357 -1.50903330273535 163.1 158.232373315755 390 0
1997 12 4.1280892513208 -5.29675854131682 125 84.5785714641826 390 0
1998 1 3.28122684874063 -5.11303715944166 143.5 134.416748945374 390 0
1998 2 5.47723274737335 -4.2277146949011 209.8 106.429746368286 390 0
1998 3 8.45982432818911 -2.12668034721768 301.6 137.720342454277 390 0
1998 4 15.0917028458272 2.44663798237415 391.2 92.0973217852583 390 0
1998 5 21.9790277326395 9.18010751771876 461.6 122.770334870016 390 0
1998 6 22.794092639217 13.0913128123754 512.7 232.534825028423 390 0
1998 7 27.4414014347896 15.6246640408008 503.7 88.8102996460061 390 0
1998 8 27.5183551856015 15.5660506008849 439.3 69.4370000278779 390 0
1998 9 23.7970642986269 11.2123432263113 346.6 60.1804190984888 390 0
1998 10 16.3179988726434 5.01146463316747 255.1 138.822431842505 390 0
1998 11 9.77308848642998 -0.519932918103121 163.1 60.8617692241498 390 0
1998 12 7.65393438353849 -3.30512603749145 125 37.9749506776066 390 0
1999 1 2.03360926485377 -9.24561821700912 143.5 172.808663926609 390 0
1999 2 4.37067383089035 -6.42176026846955 209.8 83.0838835706444 390 0
1999 3 7.64135842543145 -2.94881404577772 301.6 140.009746299016 390 0
1999 4 15.0858942029154 1.72103791950346 391.2 25.8740226189966 390 0
1999 5 20.7299219424043 7.53847968937187 461.6 95.2124675014492 390 0
1999 6 27.2669225858318 13.5881630029131 512.7 25.783797831122 390 0
1999 7 29.4673337440246 16.7134922733723 503.7 70.6706968912718 390 0
1999 8 26.7008150766246 14.7022800824872 439.3 65.8309102893124 390 0
1999 9 23.8869318372899 12.3767304640137 346.6 239.45980544214 390 0
1999 10 15.8521993971931 2.83316581381884 255.1 115.124476366981 390 0
1999 11 12.8317613476262 1.77793942704047 163.1 74.4060163925247 390 0
1999 12 5.25857504072925 -4.44840613355876 125 60.5178616953915 390 0
2000 1 0.56656149141419 -10.5128979021786 143.5 89.4734766293935 390 0
2000 2 3.74657890534447 -6.78562521162552 209.8 82.3861318388687 390 0
2000 3 10.7618804364384 -1.14280478986109 301.6 108.74577135766 390 0
2000 4 12.656076873156 2.34328622844423 391.2 150.492410552088 390 0
2000 5 19.6379570206864 7.43988463229908 461.6 98.9155175023187 390 0
2000 6 24.4543238546046 12.4570369545945 512.7 143.038671820901 390 0
2000 7 25.2540963055348 13.9417778353638 503.7 130.345927401113 390 0
2000 8 24.9103304712589 14.1293929079395 439.3 77.8776512198427 390 0
2000 9 22.2634477517555 10.1036003484135 346.6 89.1444227516345 390 0
2000 10 16.5189364325742 3.72344471264425 255.1 53.898082646483 390 0
2000 11 9.07308954327156 0.00375846173930301 163.1 97.7842840537972 390 0
2000 12 1.39103671990434 -8.7713159038959 125 114.436709918973 390 0
2001 1 1.14233316909588 -10.3680108690043 143.5 52.2256407905114 390 0
2001 2 2.98659062089751 -8.03454991715649 209.8 73.9591119778532 390 0
2001 3 4.54035137487297 -4.25059882938818 301.6 206.897923474321 390 0
2001 4 14.4003761720022 1.53320400270233 391.2 40.9526200750566 390 0
2001 5 21.402555806537 7.80224632022894 461.6 74.2450407054964 390 0
2001 6 25.8242320876855 13.8558353674666 512.7 154.715615553183 390 0
2001 7 26.2730006766716 13.7979572427945 503.7 74.2014130687011 390 0
2001 8 28.3494797121173 16.34817468434 439.3 83.8835949890078 390 0
2001 9 23.4929384411161 10.7076175350592 346.6 87.4400273512954 390 0
2001 10 18.0562778819984 4.317340093764 255.1 26.3417326609797 390 0
2001 11 12.4999431637418 0.65752390723142 163.1 34.2549299848053 390 0
2001 12 7.22741723124828 -2.66279475189908 125 72.2722050975788 390 0
2002 1 4.67883106317092 -4.72443540306466 143.5 55.8216515817145 390 0
2002 2 6.00424923817309 -5.83491205685538 209.8 59.2159241411949 390 0
2002 3 8.08924346224412 -2.92508036131894 301.6 106.605552969575 390 0
2002 4 15.6788642715371 3.21528031437851 391.2 95.8993112251209 390 0
2002 5 18.6732951109651 6.34788670009298 461.6 130.305866570859 390 0
2002 6 24.1094469737309 11.9521500972716 512.7 127.727107587058 390 0
2002 7 28.0980024346409 15.9275278853968 503.7 55.5163043074214 390 0
2002 8 28.7569419027202 15.9443950446166 439.3 74.6050867761388 390 0
2002 9 24.1228088986467 12.2967806293645 346.6 102.532523643398 390 0
2002 10 14.7813328786651 3.76274720903247 255.1 103.620558672175 390 0
2002 11 8.17227799552455 -0.841004958574038 163.1 143.980808692345 390 0
2002 12 2.75940311329328 -6.6868560258797 125 130.770882784509 390 0
2003 1 -2.47952831949238 -12.1195142969161 143.5 70.8569603925522 390 0
2003 2 -0.410025131500206 -10.6363457579864 209.8 102.766362202288 390 0
2003 3 7.7504796674786 -5.3607839543509 301.6 106.030829806718 390 0
2003 4 11.6572091438483 0.488596694124651 391.2 93.7096296250162 390 0
2003 5 17.8852665655766 6.90527953962695 461.6 106.192865884895 390 0
2003 6 22.9943190318589 12.9314217424315 512.7 142.748806995419 390 0
2003 7 27.4203747803689 16.2838702424233 503.7 64.7470095706612 390 0
2003 8 27.215624933619 16.9204385427568 439.3 125.30381904549 390 0
2003 9 22.4832692117347 11.7930199391937 346.6 151.952374816032 390 0
2003 10 14.9925120030689 3.32003251082686 255.1 153.264754165407 390 0
2003 11 11.0128072837677 0.779690817231613 163.1 70.4245663066884 390 0
2003 12 4.54318953130972 -5.32169014701092 125 141.571442307979 390 0
2004 1 -3.71605234329529 -12.6919403863448 143.5 37.2465272690897 390 0
2004 2 2.56990001293512 -8.27211662336727 209.8 43.8796310648059 390 0
2004 3 7.64199687473945 -2.40028103068003 301.6 51.2962957388137 390 0
2004 4 13.8834708397761 2.46476088392814 391.2 205.987599381953 390 0
2004 5 21.0394883706035 8.71133393836154 461.6 99.9781131642629 390 0
2004 6 23.6918829296238 11.696758596914 512.7 53.3061175074688 390 0
2004 7 25.5983106344393 15.6009397357302 503.7 100.31999703731 390 0
2004 8 25.9731301465084 15.6372336623685 439.3 138.242296877861 390 0
2004 9 22.7610174689222 11.3374017865522 346.6 182.887017787309 390 0
2004 10 15.1821984555511 4.66843613908177 255.1 56.3243721495839 390 0
2004 11 10.4902190485449 -0.770444591688429 163.1 97.4841338675576 390 0
2004 12 3.53862631937176 -6.29143981617781 125 116.0614672023 390 0
2005 1 -0.349199280503395 -10.2309098445336 143.5 124.599395015068 390 0
2005 2 3.48441474231613 -8.31231577489999 209.8 74.6332598181483 390 0
2005 3 4.79769133101945 -5.97431989051929 301.6 124.080725733073 390 0
2005 4 15.919203882327 2.26963251944265 391.2 135.181208967697 390 0
2005 5 16.1088298871549 5.78942266743304 461.6 123.798504576847 390 0
2005 6 26.0505872714449 14.2374963797048 512.7 61.9985642388378 390 0
2005 7 27.5083827688819 16.4916680209413 503.7 86.7135286317908 390 0
2005 8 27.9771846223515 16.5805105014842 439.3 68.2436085016262 390 0
2005 9 24.8601938065158 12.2545437533005 346.6 65.5463570637959 390 0
2005 10 15.3877945666373 6.8039599550964 255.1 382.615442697594 390 0
2005 11 11.3425394838726 -0.291205053593013 163.1 119.759965287072 390 0
2005 12 2.69356582342721 -6.90132275502424 125 116.138727449401 390 0
2006 1 4.93000244476777 -4.8109949177273 143.5 130.272878504269 390 0
2006 2 2.86450370057433 -7.22390901569307 209.8 67.6330484400024 390 0
2006 3 7.34392929989701 -3.89518081415942 301.6 18.0460071052334 390 0
2006 4 15.7086334228252 2.45182715645271 391.2 83.6491219825858 390 0
2006 5 18.6192884794365 8.20308016666727 461.6 225.731251551177 390 0
2006 6 23.8105837628457 14.6979519532188 512.7 241.632782402381 390 0
2006 7 28.4436015374045 17.7531335416336 503.7 90.7157260475718 390 0
2006 8 26.0066752700513 14.7865463476973 439.3 112.383332136614 390 0
2006 9 21.566979856392 10.3725934975581 346.6 67.9537391698684 390 0
2006 10 15.8271348263093 4.18659527484145 255.1 166.400583089165 390 0
2006 11 12.2022213674388 2.4992597654486 163.1 145.959979580049 390 0
2006 12 7.59368623237347 -2.07750107654992 125 58.7327970671114 390 0
2007 1 3.13231424722571 -6.19418509781262 143.5 77.3850312918243 390 0
2007 2 -0.90425141997259 -10.6532169904748 209.8 52.1016382816737 390 0
2007 3 6.88188950956283 -4.98924247831291 301.6 127.126460317463 390 0
2007 4 11.537414098169 1.31312090207865 391.2 207.65119438867 390 0
2007 5 21.686357703872 7.87960708560807 461.6 76.760618288051 390 0
2007 6 24.587801973373 12.8709372213535 512.7 80.732674991386 390 0
2007 7 26.7498075161924 15.6570954279099 503.7 113.706933339324 390 0
2007 8 27.0234350074048 14.895728840835 439.3 41.8896147569495 390 0
2007 9 24.2117066056697 11.0899869934734 346.6 60.7511247082154 390 0
2007 10 18.9180628631347 7.75531713287601 255.1 97.82231584571 390 0
2007 11 8.93501500343578 -1.56563147339411 163.1 88.9458322871211 390 0
2007 12 1.86272769631881 -6.65698054749017 125 128.395008389568 390 0
2008 1 2.80255020377165 -7.29775007908103 143.5 70.1802965207435 390 0
2008 2 2.85289723305167 -6.89063678602898 209.8 220.722938064423 390 0
2008 3 6.40115298596684 -3.96916740670473 301.6 137.428972943954 390 0
2008 4 15.7728837524728 2.35850515215548 391.2 106.280841153577 390 0
2008 5 18.8138033884302 6.22594932459915 461.6 49.7088186263019 390 0
2008 6 25.2068039772392 14.0525049619062 512.7 109.82653270954 390 0
2008 7 27.8416035439167 17.1516389569565 503.7 168.604407419216 390 0
2008 8 25.1695336867975 14.0834385784709 439.3 105.182350666312 390 0
2008 9 22.2547703420464 11.3870790827075 346.6 227.342711698429 390 0
2008 10 15.6617055750111 3.69603162332193 255.1 70.9742670244527 390 0
2008 11 9.07409803181549 -0.387777787312863 163.1 93.0986589926114 390 0
2008 12 4.33204172458474 -5.70419610145035 125 186.418520938258 390 0
2009 1 -2.0050951110571 -12.5892504832348 143.5 90.6522706031691 390 0
2009 2 3.32063655358328 -7.8706257769846 209.8 48.486532154919 390 0
2009 3 7.08881284993317 -3.92436466802336 301.6 76.6279425156379 390 0
2009 4 15.1956309199443 3.0574714082356 391.2 107.693931538583 390 0
2009 5 19.7008715513677 8.13500569154504 461.6 95.1290481808411 390 0
2009 6 21.6065116045154 12.6022043313122 512.7 157.17423440996 390 0
2009 7 24.7685688800006 14.6948263932741 503.7 208.453863034778 390 0
2009 8 27.0697575216173 16.4102276970189 439.3 114.200412266631 390 0
2009 9 21.5902743347462 9.55162210060031 346.6 46.8307568259508 390 0
2009 10 13.909150607945 3.81637218084773 255.1 143.884639247285 390 0
2009 11 12.1370937269885 2.42039954794797 163.1 94.1773501682294 390 0
2009 12 2.98926711722968 -6.30851966366564 125 132.457555320857 390 0
2010 1 1.10571072788179 -8.08475843255069 143.5 86.7690796729545 390 0
2010 2 2.12362273220474 -5.62400852111458 209.8 124.164038714207 390 0
2010 3 10.3050784764277 0.041419798082879 301.6 289.252071412589 390 0
2010 4 16.7338254697977 4.02783927391887 391.2 46.5677180013439 390 0
2010 5 22.3926993536665 8.9206134436795 461.6 69.9945552551263 390 0
2010 6 25.4808213594127 14.1954022338291 512.7 87.8278576740661 390 0
2010 7 29.4127695955609 17.5279969627013 503.7 76.5885406428518 390 0
2010 8 26.8506157666813 15.3750722397377 439.3 98.6035504946433 390 0
2010 9 24.0838362527875 12.4169420198737 346.6 56.8812537909296 390 0
2010 10 16.3050201503208 5.36140720217718 255.1 151.149692701409 390 0
2010 11 9.98025593967893 -0.00753145883817764 163.1 99.6023787856961 390 0
2010 12 2.04608387732897 -6.60911324669336 125 111.564625467598 390 0
2011 1 -0.135211638380475 -10.9585553597923 143.5 95.9292208876655 390 0
2011 2 2.0974480301288 -10.3077318122774 209.8 98.3342375763292 390 0
2011 3 6.88762921385111 -3.35107786707769 301.6 117.111509022158 390 0
2011 4 13.9481604480412 3.30639353830346 391.2 138.111952319929 390 0
2011 5 19.688455787453 9.36910409617238 461.6 102.555728849308 390 0
2011 6 24.1194888460856 12.9570010260703 512.7 135.889062397604 390 0
2011 7 28.7862257725549 16.8557315588651 503.7 57.4862152649268 390 0
2011 8 26.4507474133954 15.7507325433701 439.3 265.009618391855 390 0
2011 9 23.4478173475176 13.3687499237779 346.6 171.422195944217 390 0
2011 10 16.4084083064875 6.5185803005002 255.1 181.787215557405 390 0
2011 11 13.0276750289488 1.3106729671637 163.1 94.5064058316457 390 0
2011 12 7.17316786357115 -3.11571172481016 125 113.114871832388 390 0
2012 1 3.45691044023048 -6.20137174001581 143.5 81.0883414090514 390 0
2012 2 6.05798456983758 -4.7958764295603 209.8 24.5610124443 390 0
2012 3 12.3109566684897 0.864596805946506 301.6 49.4291929003387 390 0
2012 4 15.7469789534009 3.02240713980162 391.2 85.8900438920441 390 0
2012 5 20.7910547247741 10.3133399231266 461.6 107.359429984556 390 0
2012 6 23.7811510386647 12.8952398037814 512.7 125.682480118172 390 0
2012 7 28.9052049753014 16.8644904155694 503.7 69.7603759210273 390 0
2012 8 27.7954226133855 16.2285064146641 439.3 116.556247799206 390 0
2012 9 22.559273287881 11.0481896435059 346.6 118.665404866366 390 0
2012 10 16.8858780174106 6.86180030688403 255.1 127.819898449151 390 0
2012 11 8.74141530322274 -0.984895665330082 163.1 22.7193901177775 390 0
2012 12 5.37887733281892 -2.88457327692237 125 136.328168367169 390 0
2013 1 1.97699115571868 -7.80038854386398 143.5 37.0079621934381 390 0
2013 2 2.17976339881359 -6.67080879067974 209.8 110.618296188558 390 0
2013 3 6.00414300548523 -2.95835904354311 301.6 70.820281652983 390 0
2013 4 14.0908453079606 1.7672344476137 391.2 49.4099587322446 390 0
2013 5 20.6402444665901 7.44179395006348 461.6 122.219179435846 390 0
2013 6 25.0881352907025 13.8040046066713 512.7 237.165834006236 390 0
2013 7 28.6959347953251 19.0422503851149 503.7 105.618742607129 390 0
2013 8 25.8730036973835 14.2214894153103 439.3 86.7337053685582 390 0
2013 9 22.4032636582603 10.2189853631945 346.6 91.9346614724104 390 0
2013 10 17.2233303821663 4.96809086570158 255.1 32.1090582332573 390 0
2013 11 9.65438214346441 -1.66340390380832 163.1 92.5078516880593 390 0
2013 12 2.75008453364751 -6.42160550114347 125 103.263823333768 390 0
2014 1 1.6753346 -7.645563 143.5 52.6522228 390 0
2014 2 6.6704326 -2.6137185 209.8 57.44574785 390 0
2014 3 6.7797627 -4.380497 301.6 60.8414835 390 0
2014 4 15.572016 4.4096947 391.2 286.606035 390 0
2014 5 20.849743 7.225956 461.6 83.3239638 390 0
2014 6 25.076164 13.41897 512.7 274.94886 390 0
2014 7 31.133474 17.521063 503.7 46.9783176 390 0
2014 8 28.280577 14.631266 439.3 86.3084454 390 0
2014 9 25.644562 12.25806 346.6 82.468821 390 0
2014 10 19.061945 6.7504983 255.1 174.099131 390 0
2014 11 12.427338 1.2785586 163.1 66.091131 390 0
2014 12 7.7480717 -1.4497253 125 141.9937733 390 0
2015 1 1.6990347 -7.3405876 143.5 119.4522597 390 0
2015 2 2.2709734 -8.880487 209.8 184.8351622 390 0
2015 3 6.0773444 -4.1163993 301.6 160.4113166 390 0
2015 4 16.358377 4.2825813 391.2 89.29908 390 0
2015 5 18.280827 6.657664 461.6 228.432335 390 0
2015 6 26.137125 12.449163 512.7 26.4102675 390 0
2015 7 28.226778 15.43757 503.7 78.0230072 390 0
2015 8 28.358871 15.938515 439.3 82.4717986 390 0
2015 9 23.728788 11.5549555 346.6 55.952964 390 0
2015 10 19.806173 6.821147 255.1 248.3875 390 0
2015 11 13.475427 2.6741138 163.1 139.10898 390 0
2015 12 6.326268 -2.8547556 125 132.870495 390 0
2016 1 0.28930843 -10.773 143.5 98.4305118 390 0
2016 2 4.442998 -7.779051 209.8 132.62925825 390 0
2016 3 4.2807393 -5.9550147 301.6 123.6826685 390 0
2016 4 15.0442915 3.153076 391.2 207.95106 390 0
2016 5 18.398148 6.540288 461.6 154.292022 390 0
2016 6 26.83891 13.762853 512.7 63.73992 390 0
2016 7 29.026608 15.56739 503.7 44.5659813 390 0
2016 8 29.233292 17.034225 439.3 81.0345115 390 0
2016 9 23.005909 10.587592 346.6 158.76234 390 0
2016 10 17.05127 4.2807703 255.1 268.4461895 390 0
2016 11 9.839905 -0.33177102 163.1 106.80033 390 0
2016 12 1.8276703 -7.8081937 125 30.4067065 390 0
2017 1 4.4849405 -5.347092 143.5 298.629169 390 0
2017 2 4.2744694 -6.2660456 209.8 52.644561475 390 0
2017 3 4.747667 -5.175302 301.6 179.8607755 390 0
2017 4 13.991339 2.3321557 391.2 142.213998 390 0
2017 5 21.241074 7.8510656 461.6 130.059446 390 0
2017 6 24.857342 12.031524 512.7 61.122543 390 0
2017 7 27.7677 15.487575 503.7 176.0416933 390 0
2017 8 26.89539 13.829059 439.3 55.7315613 390 0
2017 9 22.301867 9.266856 346.6 108.34131 390 0
2017 10 17.86904 4.3976874 255.1 51.5613948 390 0
2017 11 12.108625 2.109565 163.1 154.656429 390 0
2017 12 3.6391633 -4.8798656 125 29.8023708 390 0
2018 1 5.608643 -4.156281 143.5 77.5487568 390 0
2018 2 6.2922664 -3.288462 209.8 68.48459355 390 0
2018 3 9.592255 -1.6173486 301.6 54.9130962 390 0
2018 4 15.555881 3.2766123 391.2 88.225215 390 0
2018 5 22.433987 8.814268 461.6 115.6135173 390 0
2018 6 26.192999 14.145359 512.7 85.826088 390 0
2018 7 28.476223 15.607398 503.7 116.87496 390 0
2018 8 26.129002 14.076494 439.3 135.1665534 390 0
2018 9 22.814966 11.601665 346.6 134.59788 390 0
2018 10 18.384752 5.093224 255.1 47.4745532 390 0
2018 11 14.352645 3.4838574 163.1 230.030952 390 0
2018 12 8.636488 -1.6263988 125 234.259188 390 0
2019 1 6.657233 -4.178933 143.5 88.693821 390 0
2019 2 3.7234468 -8.008452 209.8 97.925348 390 0
2019 3 9.268976 -1.7337297 301.6 90.9812645 390 0
2019 4 15.824397 3.503366 391.2 86.762079 390 0
2019 5 21.270449 8.447209 461.6 109.404611 390 0
2019 6 28.648684 15.517473 512.7 64.449978 390 0
2019 7 30.96665 17.642408 503.7 64.7186907 390 0
2019 8 29.62297 17.628878 439.3 110.451667 390 0
2019 9 23.953451 11.933623 346.6 66.342522 390 0
2019 10 18.418743 5.4194965 255.1 87.7970716 390 0
2019 11 12.049568 1.6397129 163.1 222.952995 390 0
2019 12 6.5657587 -2.27945 125 106.9566619 390 0
2020 1 4.03817 -5.995774 143.5 57.2452231 390 0
2020 2 6.0488396 -6.0211306 209.8 75.908329125 390 0
2020 3 8.42741 -1.7937695 301.6 92.9333717 390 0
2020 4 16.017933 3.5865638 391.2 80.387262 390 0
2020 5 19.850029 6.9669867 461.6 69.4426164 390 0
2020 6 25.829567 12.990431 512.7 89.37861 390 0
2020 7 28.583042 16.162134 503.7 74.133183 390 0
2020 8 27.178055 15.411959 439.3 155.075826 390 0
2020 9 24.345903 11.378797 346.6 77.138478 390 0
2020 10 18.907629 5.8092914 255.1 98.9104073 390 0
2020 11 11.105991 1.4817908 163.1 155.708169 390 0
2020 12 4.5205 -4.0023637 125 62.8645807 390 0
2021 1 0.929493 -8.583934 143.5 151.7102335 390 0
2021 2 3.884171 -7.3871603 209.8 108.59952575 390 0
2021 3 8.58005 -2.8958104 301.6 124.9793055 390 0
2021 4 15.500646 2.4869585 391.2 67.3422 390 0
2021 5 21.9774 8.090012 461.6 85.6494071 390 0
2021 6 28.276333 15.246378 512.7 86.37693 390 0
2021 7 30.80171 17.253666 503.7 57.3210863 390 0
2021 8 28.561415 16.394232 439.3 98.5688865 390 0
2021 9 25.957218 12.1484375 346.6 50.815107 390 0
2021 10 18.759083 6.6787753 255.1 131.607741 390 0
2021 11 12.39623 1.5530001 163.1 134.543709 390 0
2021 12 6.0856457 -2.7741182 125 102.9674486 390 0
2022 1 2.96497 -6.2129135 143.5 51.6485606 390 0
2022 2 3.9402196 -7.483029 209.8 53.786805025 390 0
2022 3 7.76663 -2.348642 301.6 112.0405007 390 0
2022 4 16.056461 3.5708518 391.2 80.704509 390 0
2022 5 22.500484 8.619569 461.6 75.5222558 390 0
2022 6 27.890224 14.255377 512.7 146.540622 390 0
2022 7 29.030127 16.320784 503.7 108.646909 390 0
2022 8 25.559961 14.187939 439.3 239.461949 390 0
2022 9 22.971691 10.877843 346.6 58.070319 390 0
2022 10 15.670033 3.1021848 255.1 46.2643473 390 0
2022 11 11.29788 1.1834687 163.1 170.979051 390 0
2022 12 7.2323174 -1.9778404 125 156.357366 390 0
2023 1 2.9341493 -6.396437 143.5 127.8681397 390 0
2023 2 2.0881743 -9.020793 209.8 58.424935225 390 0
2023 3 3.6045427 -6.9995866 301.6 95.884178 390 0
2023 4 17.598509 4.8969793 391.2 92.155494 390 0
2023 5 21.87456 8.390895 461.6 113.3416358 390 0
2023 6 25.055555 12.395579 512.7 111.480639 390 0
2023 7 30.10589 18.208061 503.7 145.281252 390 0
2023 8 27.959053 15.23618 439.3 58.6762978 390 0
2023 9 23.481424 11.330964 346.6 151.993719 390 0
2023 10 17.646019 4.783229 255.1 39.8872226 390 0
2023 11 13.905143 3.3998277 163.1 60.14058 390 0
2023 12 6.376998 -2.5300536 125 146.997567 390 0
2024 1 1.90549 -8.465167 143.5 127.0440016 390 0
2024 2 5.874932 -4.9025445 209.8 61.248539675 390 0
2024 3 9.720272 -1.299617 301.6 70.8592606 390 0
2024 4 17.090836 3.7496054 391.2 125.824698 390 0
2024 5 22.73767 8.352652 461.6 108.9384764 390 0
2024 6 24.553886 12.800874 512.7 98.25516 390 0
2024 7 31.226292 17.764338 503.7 51.0814652 390 0
2024 8 29.363157 16.966925 439.3 78.5336268 390 0
2024 9 23.38266 10.67077 346.6 150.490638 390 0
2024 10 19.42547 7.123077 255.1 117.3102434 390 0
2024 11 12.111637 1.9154724 163.1 131.67519 390 0
2024 12 4.6226363 -7.7482295 125 198.997153 390 0
2025 1 3.098578 -6.895826 143.5 167.008098 390 0
2025 2 2.9715142 -8.328349 209.8 67.270806875 390 0
2025 3 7.1910696 -3.9865873 301.6 206.2529014 390 0
2025 4 13.203912 1.37533 391.2 139.768995 390 0
2025 5 21.00309 7.871141 461.6 146.9635414 390 0
2025 6 26.275368 13.720309 512.7 109.306905 390 0
2025 7 29.511873 16.393194 503.7 114.953735 390 0
2025 8 27.589735 14.977956 439.3 124.834148 390 0
2025 9 24.597094 12.834506 346.6 86.51151 390 0
2025 10 17.55344 4.407452 255.1 134.5724353 390 0
2025 11 14.700034 4.229471 163.1 104.77656 390 0
2025 12 10.856956 0.63676757 125 141.174775 390 0
2026 1 1.94368 -7.6731787 143.5 28.0683331 390 0
2026 2 2.6102655 -8.464788 209.8 67.79748575 390 0
2026 3 5.207012 -4.90538 301.6 69.5833626 390 0
2026 4 13.066152 1.2196053 391.2 146.54793 390 0
2026 5 19.515985 7.9256353 461.6 106.2620046 390 0
2026 6 27.04422 13.449925 512.7 65.5404 390 0
2026 7 29.334911 17.017548 503.7 138.808638 390 0
2026 8 29.075766 16.578007 439.3 101.8519787 390 0
2026 9 23.591509 11.256525 346.6 93.39075 390 0
2026 10 15.828535 3.791927 255.1 101.8584918 390 0
2026 11 11.013658 1.6064768 163.1 109.70772 390 0
2026 12 8.005921 -1.0388399 125 175.246069 390 0
2027 1 0.40150723 -8.936306 143.5 21.39497395 390 0
2027 2 3.4206414 -7.282558 209.8 69.065111275 390 0
2027 3 5.946365 -3.75041 301.6 140.3848175 390 0
2027 4 16.750662 4.179715 391.2 94.94757 390 0
2027 5 19.490631 7.352718 461.6 71.9171511 390 0
2027 6 25.892412 14.299146 512.7 182.973861 390 0
2027 7 29.490072 17.331911 503.7 119.1919248 390 0
2027 8 29.700125 16.09735 439.3 47.1612486 390 0
2027 9 23.882978 11.633121 346.6 73.391706 390 0
2027 10 19.204023 7.2739563 255.1 106.2922265 390 0
2027 11 10.571055 0.6274 163.1 135.99408 390 0
2027 12 4.808173 -5.2386503 125 32.4047371 390 0
2028 1 -2.2590508 -13.907312 143.5 103.3992445 390 0
2028 2 1.3490586 -9.832843 209.8 97.8391742 390 0
2028 3 7.0178943 -2.9049604 301.6 99.8172007 390 0
2028 4 12.966925 1.0372953 391.2 92.167152 390 0
2028 5 20.559347 7.2270722 461.6 69.290487 390 0
2028 6 26.611105 13.127573 512.7 36.293667 390 0
2028 7 29.499887 17.126265 503.7 140.9274353 390 0
2028 8 31.197357 18.249367 439.3 45.4127649 390 0
2028 9 29.56948 16.864508 346.6 100.670085 390 0
2028 10 22.61343 9.758242 255.1 61.9812698 390 0
2028 11 16.065287 4.577127 163.1 122.59035 390 0
2028 12 7.033333 -2.2057145 125 89.2440772 390 0
2029 1 2.3396223 -7.04445 143.5 45.3656325 390 0
2029 2 4.6769266 -6.120992 209.8 77.20473575 390 0
2029 3 8.088485 -1.6089184 301.6 113.1632928 390 0
2029 4 17.081532 4.666265 391.2 83.166534 390 0
2029 5 20.604588 7.6290517 461.6 204.0239735 390 0
2029 6 25.656155 13.280902 512.7 86.90556 390 0
2029 7 28.639051 16.2051 503.7 114.7709094 390 0
2029 8 27.80648 15.522858 439.3 117.1282858 390 0
2029 9 26.057085 12.886301 346.6 39.229935 390 0
2029 10 17.807697 3.7163193 255.1 87.2612614 390 0
2029 11 13.481169 2.540633 163.1 73.782705 390 0
2029 12 8.481061 -0.540999 125 110.447234 390 0
2030 1 1.0197397 -8.612806 143.5 189.5713922 390 0
2030 2 4.087317 -6.0143147 209.8 57.4026553 390 0
2030 3 7.5156407 -3.1091387 301.6 110.5527983 390 0
2030 4 16.76333 3.9904203 391.2 61.780635 390 0
2030 5 23.213854 9.2678995 461.6 166.95112 390 0
2030 6 23.548803 11.841145 512.7 105.851055 390 0
2030 7 28.545656 16.271786 503.7 119.0801512 390 0
2030 8 27.421146 14.701444 439.3 56.7647944 390 0
2030 9 23.056648 11.368412 346.6 68.999376 390 0
2030 10 17.35721 6.5684543 255.1 295.116156 390 0
2030 11 13.134728 2.3356278 163.1 61.341405 390 0
2030 12 4.130991 -4.730067 125 254.997537 390 0
2031 1 -0.41066986 -11.690877 143.5 131.1849754 390 0
2031 2 5.4509625 -5.7270646 209.8 90.237491875 390 0
2031 3 7.7566404 -2.1842735 301.6 146.6112264 390 0
2031 4 14.692817 3.4516497 391.2 143.231349 390 0
2031 5 19.036173 7.131264 461.6 43.2715205 390 0
2031 6 26.447092 13.4648 512.7 68.355246 390 0
2031 7 28.637953 16.094133 503.7 65.5520947 390 0
2031 8 28.224487 15.931098 439.3 129.258778 390 0
2031 9 24.244453 12.060681 346.6 152.279148 390 0
2031 10 18.184555 4.504162 255.1 51.7470197 390 0
2031 11 10.442109 0.14255024 163.1 172.60503 390 0
2031 12 5.536454 -3.6503596 125 303.742495 390 0
2032 1 2.7922368 -7.438694 143.5 85.7673373 390 0
2032 2 4.4636197 -5.751795 209.8 76.497420725 390 0
2032 3 4.94783 -5.9129157 301.6 58.4532404 390 0
2032 4 18.469576 5.811041 391.2 64.96671 390 0
2032 5 23.321527 9.020441 461.6 68.369229 390 0
2032 6 26.73112 13.910606 512.7 114.056655 390 0
2032 7 29.629435 17.474298 503.7 109.4218997 390 0
2032 8 30.058855 18.302443 439.3 116.8968212 390 0
2032 9 24.612066 11.352256 346.6 36.354303 390 0
2032 10 18.567844 5.2720385 255.1 163.569485 390 0
2032 11 12.866174 1.7863413 163.1 139.72848 390 0
2032 12 7.7927785 -2.0825994 125 148.052435 390 0
2033 1 4.0851984 -6.1563716 143.5 27.19976704 390 0
2033 2 4.0536633 -6.9706626 209.8 86.4033595 390 0
2033 3 8.895985 -1.8416215 301.6 97.7777107 390 0
2033 4 16.040842 5.4571543 391.2 123.54645 390 0
2033 5 21.18974 9.4174185 461.6 227.3747855 390 0
2033 6 26.548393 13.737357 512.7 84.828636 390 0
2033 7 31.063438 16.897606 503.7 64.9385923 390 0
2033 8 28.57449 16.557917 439.3 193.850192 390 0
2033 9 22.498653 9.292872 346.6 162.24987 390 0
2033 10 16.6183 3.8435912 255.1 36.7707926 390 0
2033 11 11.558709 1.4556094 163.1 103.256256 390 0
2033 12 8.3411665 -0.64546776 125 293.190219 390 0
2034 1 4.576168 -4.823799 143.5 226.6863623 390 0
2034 2 6.8513002 -5.2152157 209.8 201.8241698 390 0
2034 3 10.402515 -0.91690123 301.6 66.1512534 390 0
2034 4 17.939112 5.659567 391.2 90.436971 390 0
2034 5 20.811876 9.301917 461.6 229.4617334 390 0
2034 6 30.485596 16.67964 512.7 125.152761 390 0
2034 7 30.633072 18.493107 503.7 181.227178 390 0
2034 8 30.136814 17.88669 439.3 61.4269712 390 0
2034 9 24.226555 11.327613 346.6 37.007061 390 0
2034 10 20.043343 7.8198805 255.1 133.2997117 390 0
2034 11 11.242329 0.6390521 163.1 104.987949 390 0
2034 12 2.5075152 -7.2639365 125 186.7547074 390 0
2035 1 5.2577753 -4.567905 143.5 177.643547 390 0
2035 2 4.6300726 -6.047311 209.8 45.564275275 390 0
2035 3 9.747807 -0.3861067 301.6 139.2838587 390 0
2035 4 17.631966 5.1108437 391.2 71.80287 390 0
2035 5 22.721256 9.633705 461.6 179.9604653 390 0
2035 6 27.149628 14.941479 512.7 77.724201 390 0
2035 7 29.940557 17.382988 503.7 99.8128452 390 0
2035 8 29.149044 16.01489 439.3 45.8253222 390 0
2035 9 23.506018 11.0482435 346.6 70.42284 390 0
2035 10 19.352648 5.1675696 255.1 79.9218316 390 0
2035 11 14.610698 3.170579 163.1 135.095415 390 0
2035 12 10.547617 -0.10086333 125 66.8318491 390 0
2036 1 8.576923 0.08513349 143.5 129.627709 390 0
2036 2 3.70414 -6.320434 209.8 64.717021 390 0
2036 3 9.116448 -0.15926805 301.6 61.7074871 390 0
2036 4 15.2677 3.0242863 391.2 92.244708 390 0
2036 5 20.113386 9.8391 461.6 173.8160793 390 0
2036 6 27.30137 14.649997 512.7 167.72457 390 0
2036 7 29.259447 17.448421 503.7 98.330078 390 0
2036 8 28.535164 17.34482 439.3 85.0376283 390 0
2036 9 23.836966 11.397357 346.6 130.13361 390 0
2036 10 20.467916 8.074784 255.1 111.6920297 390 0
2036 11 14.024564 3.3648508 163.1 79.853703 390 0
2036 12 8.156587 -0.9346014 125 150.5057843 390 0
2037 1 5.5633883 -3.4090712 143.5 112.559791 390 0
2037 2 6.9682283 -3.1011755 209.8 76.90364725 390 0
2037 3 8.953349 -1.6051337 301.6 88.0663097 390 0
2037 4 18.560112 5.956185 391.2 83.48388 390 0
2037 5 24.124403 10.440516 461.6 45.2623374 390 0
2037 6 29.193516 15.642207 512.7 175.75521 390 0
2037 7 30.525661 17.437548 503.7 48.345523 390 0
2037 8 29.974648 17.360807 439.3 89.1231524 390 0
2037 9 25.233427 12.17312 346.6 54.401217 390 0
2037 10 21.027483 8.453399 255.1 96.4216591 390 0
2037 11 11.795691 1.5140669 163.1 152.950629 390 0
2037 12 6.5543385 -2.1436024 125 81.289812 390 0
2038 1 4.856218 -7.7202964 143.5 230.89265 390 0
2038 2 4.234449 -6.881455 209.8 84.9960349 390 0
2038 3 7.2313147 -3.9135332 301.6 61.5650142 390 0
2038 4 16.397745 4.092043 391.2 67.120701 390 0
2038 5 21.943872 9.899958 461.6 77.6040732 390 0
2038 6 28.09299 14.782793 512.7 88.525722 390 0
2038 7 30.498537 17.860785 503.7 186.201965 390 0
2038 8 28.82027 17.384192 439.3 145.3056707 390 0
2038 9 23.754326 12.06654 346.6 93.03405 390 0
2038 10 17.652695 5.411171 255.1 145.656662 390 0
2038 11 11.390497 0.9623629 163.1 70.654701 390 0
2038 12 7.869096 -1.0438058 125 131.047912 390 0
2039 1 5.753571 -3.5222805 143.5 332.273841 390 0
2039 2 4.882227 -5.379845 209.8 24.156357475 390 0
2039 3 9.772302 0.68348855 301.6 236.2483774 390 0
2039 4 17.596825 5.2665524 391.2 83.902008 390 0
2039 5 24.783548 11.328084 461.6 60.4952352 390 0
2039 6 25.408384 13.159421 512.7 116.600655 390 0
2039 7 29.777222 16.957766 503.7 83.3532898 390 0
2039 8 28.432077 16.533604 439.3 190.6017237 390 0
2039 9 23.625515 12.470091 346.6 145.52151 390 0
2039 10 18.031372 5.4056125 255.1 53.2092556 390 0
2039 11 14.661183 3.4688418 163.1 202.915191 390 0
2039 12 7.8579907 -1.4306631 125 178.1146106 390 0
2040 1 2.5411186 -7.143884 143.5 124.1699172 390 0
2040 2 4.7235603 -5.6862164 209.8 51.037034775 390 0
2040 3 6.314944 -3.5316865 301.6 136.7763803 390 0
2040 4 15.377378 3.2394512 391.2 85.045281 390 0
2040 5 20.538671 9.023296 461.6 126.1748546 390 0
2040 6 27.540407 14.526005 512.7 46.371249 390 0
2040 7 29.007486 16.595604 503.7 87.7330504 390 0
2040 8 28.69266 16.701256 439.3 77.1423654 390 0
2040 9 25.729082 13.287921 346.6 68.174328 390 0
2040 10 20.27043 6.6644015 255.1 64.5966778 390 0
2040 11 13.249629 1.5398486 163.1 158.75712 390 0
2040 12 6.2368174 -2.4212382 125 42.1102884 390 0
2041 1 5.193737 -4.178327 143.5 221.7335357 390 0
2041 2 4.621505 -6.162694 209.8 61.1759174 390 0
2041 3 11.358901 1.1134689 301.6 63.8840498 390 0
2041 4 17.882961 5.6925917 391.2 92.78199 390 0
2041 5 25.42812 11.818781 461.6 186.5444034 390 0
2041 6 27.755795 14.428729 512.7 49.821921 390 0
2041 7 30.372007 17.494438 503.7 81.5410608 390 0
2041 8 30.274723 18.09757 439.3 49.4585904 390 0
2041 9 26.520697 13.347155 346.6 51.313746 390 0
2041 10 21.501904 9.013415 255.1 41.4932861 390 0
2041 11 9.153361 -1.2033287 163.1 23.4917451 390 0
2041 12 6.7948194 -2.570575 125 138.435398 390 0
2042 1 6.205392 -2.5814195 143.5 77.5888987 390 0
2042 2 6.58715 -4.2460036 209.8 110.594701775 390 0
2042 3 11.528063 1.6161768 301.6 153.177138 390 0
2042 4 17.860413 5.7978945 391.2 247.09092 390 0
2042 5 22.572268 10.104325 461.6 111.4251848 390 0
2042 6 27.540936 15.378479 512.7 112.833666 390 0
2042 7 33.37362 20.002123 503.7 48.6288661 390 0
2042 8 29.50757 16.822487 439.3 74.7266408 390 0
2042 9 25.924423 13.419652 346.6 213.513321 390 0
2042 10 22.097567 9.504332 255.1 255.294858 390 0
2042 11 12.837321 2.0299444 163.1 55.069821 390 0
2042 12 5.8889937 -3.218295 125 41.8120777 390 0
2043 1 0.7829392 -10.687076 143.5 44.5974339 390 0
2043 2 4.560996 -6.1258464 209.8 111.696762525 390 0
2043 3 10.7054405 -0.4417175 301.6 78.7611513 390 0
2043 4 17.76012 5.3546534 391.2 76.797645 390 0
2043 5 24.819485 10.711193 461.6 72.6329597 390 0
2043 6 28.206993 14.962507 512.7 92.844414 390 0
2043 7 29.991365 17.857574 503.7 108.3211238 390 0
2043 8 28.93682 16.577353 439.3 70.2519365 390 0
2043 9 25.62838 12.684213 346.6 43.397436 390 0
2043 10 20.64422 8.064346 255.1 44.6208947 390 0
2043 11 13.333432 3.0179007 163.1 251.04273 390 0
2043 12 9.92896 0.073986284 125 176.4016808 390 0
2044 1 4.23506 -4.4821396 143.5 51.4427671 390 0
2044 2 6.9037476 -2.6413667 209.8 151.1359067 390 0
2044 3 8.712112 -1.8630171 301.6 161.4542155 390 0
2044 4 16.362297 3.9510481 391.2 65.653266 390 0
2044 5 24.300243 10.627143 461.6 58.0554763 390 0
2044 6 28.847649 15.643443 512.7 103.11633 390 0
2044 7 30.602283 18.657671 503.7 120.5377712 390 0
2044 8 30.322594 17.239607 439.3 96.0182468 390 0
2044 9 25.280298 13.518444 346.6 113.152386 390 0
2044 10 20.731117 7.8042555 255.1 66.7970671 390 0
2044 11 13.53237 1.9696094 163.1 85.329174 390 0
2044 12 6.2183757 -2.1412046 125 227.4988227 390 0
2045 1 3.9865892 -5.656152 143.5 64.3741443 390 0
2045 2 2.8827515 -9.209024 209.8 52.5972399 390 0
2045 3 11.416783 0.74434125 301.6 149.209696 390 0
2045 4 17.094563 4.945879 391.2 96.293772 390 0
2045 5 24.606518 11.383638 461.6 88.9368269 390 0
2045 6 26.1959 13.709152 512.7 238.06692 390 0
2045 7 30.60261 17.900312 503.7 57.7609763 390 0
2045 8 29.229477 16.501158 439.3 188.3303165 390 0
2045 9 24.922504 13.121535 346.6 237.6108 390 0
2045 10 22.073708 9.781382 255.1 84.998714 390 0
2045 11 10.516665 0.3780105 163.1 101.279718 390 0
2045 12 5.6277423 -3.0252247 125 82.353856 390 0
2046 1 3.847159 -5.600274 143.5 25.40014574 390 0
2046 2 2.678006 -8.70125 209.8 56.300128425 390 0
2046 3 8.728337 -2.0592644 301.6 130.7332248 390 0
2046 4 17.252794 5.24932 391.2 103.502625 390 0
2046 5 22.472803 9.791698 461.6 87.0872057 390 0
2046 6 27.699768 15.601109 512.7 73.363488 390 0
2046 7 31.001131 17.769855 503.7 54.5624304 390 0
2046 8 30.780563 18.905642 439.3 188.054773 390 0
2046 9 26.460075 14.160802 346.6 75.46215 390 0
2046 10 21.356808 9.753379 255.1 122.281763 390 0
2046 11 12.721135 1.9399651 163.1 105.140592 390 0
2046 12 5.1460505 -3.9467096 125 161.4572876 390 0
2047 1 1.7589333 -7.553509 143.5 17.59178855 390 0
2047 2 5.888237 -4.0913873 209.8 91.55550975 390 0
2047 3 12.198471 2.1275697 301.6 65.9196865 390 0
2047 4 18.362986 6.1162696 391.2 103.312839 390 0
2047 5 21.151659 8.605379 461.6 55.7130884 390 0
2047 6 27.849365 15.350568 512.7 179.708862 390 0
2047 7 30.33763 18.620754 503.7 116.4024456 390 0
2047 8 28.358229 16.490553 439.3 65.773041 390 0
2047 9 29.04696 16.451736 346.6 63.31869 390 0
2047 10 20.091986 6.8658156 255.1 48.7749288 390 0
2047 11 11.971741 0.98179865 163.1 94.092606 390 0
2047 12 5.3658614 -3.9607491 125 124.8574724 390 0
2048 1 2.930488 -8.114035 143.5 56.4175479 390 0
2048 2 3.731928 -6.5167217 209.8 70.3801968 390 0
2048 3 9.639612 -1.3141223 301.6 153.8760826 390 0
2048 4 14.922248 3.991176 391.2 177.309651 390 0
2048 5 24.57284 10.986115 461.6 73.285209 390 0
2048 6 28.798557 15.517527 512.7 44.644239 390 0
2048 7 31.745281 18.607414 503.7 63.764427 390 0
2048 8 29.824177 17.99242 439.3 214.098245 390 0
2048 9 25.90981 14.022172 346.6 82.472061 390 0
2048 10 19.162268 6.785151 255.1 169.664147 390 0
2048 11 12.836265 1.4295964 163.1 106.848915 390 0
2048 12 8.221369 0.39386022 125 181.8829024 390 0
2049 1 6.1517615 -4.0997076 143.5 80.303764 390 0
2049 2 4.4200873 -4.860946 209.8 73.3559727 390 0
2049 3 11.9103565 2.0642087 301.6 115.9971392 390 0
2049 4 19.456116 6.8147697 391.2 93.477465 390 0
2049 5 23.622292 10.194024 461.6 73.1984307 390 0
2049 6 30.078047 16.914167 512.7 29.2063041 390 0
2049 7 30.4671 18.699572 503.7 145.3419593 390 0
2049 8 30.751402 18.058182 439.3 44.2778022 390 0
2049 9 25.733683 12.407974 346.6 67.184916 390 0
2049 10 21.477335 8.620056 255.1 198.269521 390 0
2049 11 11.208374 0.9817341 163.1 194.693628 390 0
2049 12 8.894228 -0.89018565 125 231.495476 390 0
2050 1 4.650846 -4.24859 143.5 296.308974 390 0
2050 2 1.9070891 -8.563099 209.8 89.14399935 390 0
2050 3 7.4573607 -2.645544 301.6 195.7288168 390 0
2050 4 16.515238 4.600344 391.2 97.282368 390 0
2050 5 22.304087 8.859983 461.6 101.9246241 390 0
2050 6 26.18234 13.796691 512.7 46.119918 390 0
2050 7 30.218838 18.232718 503.7 84.8821943 390 0
2050 8 30.550034 18.029158 439.3 73.51681 390 0
2050 9 26.633865 14.531472 346.6 115.501284 390 0
2050 10 20.990055 6.876655 255.1 75.1740979 390 0
2050 11 11.265117 1.3113619 163.1 206.91393 390 0
2050 12 8.351672 -1.3988662 125 146.344149 390 0
2051 1 7.0788436 -1.7593219 143.5 186.0257796 390 0
2051 2 5.143648 -5.378986 209.8 70.14155775 390 0
2051 3 7.317488 -3.0394108 301.6 71.3108035 390 0
2051 4 18.0805 6.2973533 391.2 59.928945 390 0
2051 5 24.337152 10.740036 461.6 40.7484398 390 0
2051 6 27.190142 14.978811 512.7 139.699659 390 0
2051 7 30.64812 18.118631 503.7 100.513625 390 0
2051 8 29.302902 18.149807 439.3 139.0367484 390 0
2051 9 25.813845 13.869442 346.6 127.612308 390 0
2051 10 20.267393 8.163337 255.1 82.7060346 390 0
2051 11 10.392946 0.12834835 163.1 175.80258 390 0
2051 12 9.571427 0.34893617 125 82.445151 390 0
2052 1 4.8982167 -4.499953 143.5 33.3756044 390 0
2052 2 6.528155 -3.0147188 209.8 92.697535775 390 0
2052 3 7.707607 -2.4452567 301.6 160.442546 390 0
2052 4 15.517853 3.9023075 391.2 146.631675 390 0
2052 5 23.471363 9.65737 461.6 37.520757 390 0
2052 6 27.309952 14.466047 512.7 70.801908 390 0
2052 7 30.728765 18.946215 503.7 161.6082266 390 0
2052 8 28.774431 16.895363 439.3 124.302405 390 0
2052 9 25.40642 12.642241 346.6 49.557936 390 0
2052 10 21.601185 9.13826 255.1 33.4355491 390 0
2052 11 13.995837 2.994158 163.1 154.518915 390 0
2052 12 6.840997 -1.7954874 125 180.922262 390 0
2053 1 1.4053795 -9.475962 143.5 24.03946894 390 0
2053 2 4.0245075 -6.9389415 209.8 65.944201 390 0
2053 3 10.139099 -0.4555664 301.6 190.3555 390 0
2053 4 18.765303 7.4384904 391.2 68.086509 390 0
2053 5 22.291458 9.387209 461.6 56.5618188 390 0
2053 6 30.136059 16.888567 512.7 126.776562 390 0
2053 7 30.668913 18.867922 503.7 174.7230556 390 0
2053 8 30.142523 17.943563 439.3 80.4761984 390 0
2053 9 25.85289 14.328556 346.6 156.256572 390 0
2053 10 19.611912 7.8374214 255.1 80.1838033 390 0
2053 11 12.926837 2.007705 163.1 90.44439 390 0
2053 12 8.314387 -0.88769996 125 130.726256 390 0
2054 1 5.0233703 -3.9662373 143.5 124.5821583 390 0
2054 2 9.496844 -1.1380696 209.8 101.6301095 390 0
2054 3 13.030027 4.402062 301.6 350.499051 390 0
2054 4 18.79378 6.823119 391.2 93.73887 390 0
2054 5 26.309586 12.662228 461.6 97.619 390 0
2054 6 28.679884 16.97872 512.7 207.48327 390 0
2054 7 31.639706 20.01343 503.7 153.896028 390 0
2054 8 30.892172 18.467121 439.3 158.7936684 390 0
2054 9 30.014101 17.463259 346.6 76.302231 390 0
2054 10 19.966436 7.251679 255.1 48.6293962 390 0
2054 11 16.353882 4.4471564 163.1 57.381552 390 0
2054 12 9.995191 -0.35092002 125 148.371642 390 0
2055 1 4.279464 -4.378667 143.5 120.2749718 390 0
2055 2 4.801588 -5.978631 209.8 102.523055275 390 0
2055 3 8.967159 -1.9738643 301.6 158.190582 390 0
2055 4 20.269508 7.535117 391.2 81.204114 390 0
2055 5 24.854008 10.646567 461.6 46.2645271 390 0
2055 6 29.423676 16.727758 512.7 79.269618 390 0
2055 7 32.624516 20.29963 503.7 132.829978 390 0
2055 8 30.212719 18.264458 439.3 163.103555 390 0
2055 9 26.115475 13.104072 346.6 61.2594 390 0
2055 10 21.40011 8.838101 255.1 67.300256 390 0
2055 11 16.109064 4.291567 163.1 141.289371 390 0
2055 12 12.495037 1.9910545 125 141.5897534 390 0
2056 1 5.77074 -3.9003718 143.5 138.8724763 390 0
2056 2 5.1782265 -4.7552867 209.8 38.342863375 390 0
2056 3 10.412456 -0.012566029 301.6 166.752906 390 0
2056 4 17.577238 5.9698863 391.2 107.1414 390 0
2056 5 23.355352 9.661831 461.6 60.942497 390 0
2056 6 29.818108 16.568066 512.7 42.513834 390 0
2056 7 32.43217 19.268358 503.7 47.6648436 390 0
2056 8 32.70323 20.416216 439.3 59.049823 390 0
2056 9 28.21794 15.239498 346.6 52.62513 390 0
2056 10 18.02221 6.1323028 255.1 180.5340025 390 0
2056 11 14.972156 3.7011747 163.1 111.739926 390 0
2056 12 10.394818 0.7566643 125 117.0595402 390 0
2057 1 5.8452783 -3.1580482 143.5 20.48117424 390 0
2057 2 6.787509 -3.7866805 209.8 134.444142775 390 0
2057 3 12.037876 1.9679408 301.6 125.6947204 390 0
2057 4 19.03537 7.0871744 391.2 123.620238 390 0
2057 5 23.021135 10.98414 461.6 79.8045276 390 0
2057 6 30.66025 17.648582 512.7 52.325094 390 0
2057 7 35.438816 22.0928 503.7 90.418723 390 0
2057 8 32.654537 20.692236 439.3 190.207351 390 0
2057 9 26.817278 15.320506 346.6 176.462418 390 0
2057 10 20.632961 9.72186 255.1 126.198086 390 0
2057 11 16.34542 5.1762495 163.1 141.07257 390 0
2057 12 8.46697 -1.8182344 125 146.813396 390 0
2058 1 6.244713 -2.9652443 143.5 110.8395762 390 0
2058 2 7.1661005 -3.268345 209.8 358.2405665 390 0
2058 3 12.823572 1.1559457 301.6 49.9795981 390 0
2058 4 18.914013 6.814869 391.2 119.69025 390 0
2058 5 25.811798 12.501123 461.6 240.739955 390 0
2058 6 29.003702 16.636143 512.7 58.378527 390 0
2058 7 32.7596 19.713472 503.7 63.7787707 390 0
2058 8 30.375574 17.987349 439.3 132.4770647 390 0
2058 9 27.55427 15.679349 346.6 123.548571 390 0
2058 10 20.603363 7.127781 255.1 189.4192287 390 0
2058 11 15.577561 4.090143 163.1 100.310376 390 0
2058 12 6.04924 -3.9804142 125 123.9250265 390 0
2059 1 7.6559596 -2.075897 143.5 179.7467017 390 0
2059 2 7.3196754 -2.9665742 209.8 16.950974625 390 0
2059 3 8.689783 -1.3567857 301.6 293.155747 390 0
2059 4 18.541563 5.925091 391.2 102.25296 390 0
2059 5 21.184013 9.746215 461.6 96.5208994 390 0
2059 6 27.064848 14.8713 512.7 256.66284 390 0
2059 7 32.264652 19.55086 503.7 82.1864405 390 0
2059 8 30.834757 19.156403 439.3 158.9856886 390 0
2059 9 27.874168 15.637561 346.6 43.888503 390 0
2059 10 22.2858 8.782019 255.1 75.1455097 390 0
2059 11 15.51752 3.9267309 163.1 160.88085 390 0
2059 12 10.489866 1.0272748 125 187.394039 390 0
2060 1 7.326388 -2.1911118 143.5 60.5424699 390 0
2060 2 8.969419 -0.7078803 209.8 138.275162 390 0
2060 3 11.571815 0.14861692 301.6 106.6327367 390 0
2060 4 21.62124 8.612707 391.2 51.43881 390 0
2060 5 24.83771 11.532158 461.6 102.0101903 390 0
2060 6 29.291712 16.092188 512.7 58.452615 390 0
2060 7 33.63409 20.329397 503.7 73.8385466 390 0
2060 8 33.324112 19.731396 439.3 48.0164766 390 0
2060 9 27.788448 15.605402 346.6 128.95836 390 0
2060 10 22.294857 9.923611 255.1 96.3006847 390 0
2060 11 12.8070755 1.7818356 163.1 201.53871 390 0
2060 12 8.6912 -0.5753771 125 178.2772583 390 0
2061 1 6.6117463 -2.3411846 143.5 127.7918363 390 0
2061 2 9.046865 -1.1885251 209.8 68.605675875 390 0
2061 3 10.551509 -0.14218229 301.6 162.7465125 390 0
2061 4 19.330769 7.540492 391.2 104.174238 390 0
2061 5 26.40683 13.124623 461.6 142.842978 390 0
2061 6 30.777863 17.598883 512.7 176.465322 390 0
2061 7 35.1162 21.167955 503.7 60.3640122 390 0
2061 8 33.81412 21.102146 439.3 103.3794665 390 0
2061 9 27.809263 15.337423 346.6 128.57901 390 0
2061 10 23.00649 10.396676 255.1 102.69835 390 0
2061 11 17.628641 6.2146964 163.1 85.28124 390 0
2061 12 5.6286674 -3.5792215 125 81.5826938 390 0
2062 1 3.1149206 -7.4057126 143.5 71.3124 390 0
2062 2 6.9251127 -3.8820965 209.8 88.99436475 390 0
2062 3 11.559303 0.709792 301.6 89.0437738 390 0
2062 4 19.065912 7.0934443 391.2 206.654178 390 0
2062 5 25.115528 12.599789 461.6 173.826951 390 0
2062 6 29.205267 16.769667 512.7 231.206931 390 0
2062 7 33.311817 20.593164 503.7 118.513093 390 0
2062 8 32.885853 20.408964 439.3 111.6709962 390 0
2062 9 26.09569 14.258545 346.6 95.481249 390 0
2062 10 22.29066 9.157277 255.1 62.8576274 390 0
2062 11 14.440869 3.8897836 163.1 71.398251 390 0
2062 12 9.242144 -0.1362269 125 161.5638067 390 0
2063 1 6.864819 -2.151955 143.5 96.496428 390 0
2063 2 5.6763763 -4.4481277 209.8 159.5947477 390 0
2063 3 12.967959 2.6531236 301.6 166.6864637 390 0
2063 4 19.775738 7.594248 391.2 80.75775 390 0
2063 5 25.151064 12.06536 461.6 125.8383124 390 0
2063 6 30.238415 17.417507 512.7 47.408718 390 0
2063 7 34.965416 21.145445 503.7 62.1388924 390 0
2063 8 33.16473 21.089195 439.3 145.722878 390 0
2063 9 29.175335 15.938746 346.6 79.234749 390 0
2063 10 21.433304 9.253256 255.1 228.426786 390 0
2063 11 15.98551 4.681117 163.1 211.458 390 0
2063 12 12.10582 1.7826515 125 81.7915842 390 0
2064 1 6.6880016 -2.4519584 143.5 29.5109181 390 0
2064 2 5.3947983 -5.6781087 209.8 17.04489175 390 0
2064 3 11.031138 -0.12691718 301.6 75.9853834 390 0
2064 4 18.626207 6.1238008 391.2 90.710799 390 0
2064 5 21.716272 10.313928 461.6 129.2178673 390 0
2064 6 30.305712 16.912233 512.7 71.467839 390 0
2064 7 33.05247 20.53774 503.7 101.1050926 390 0
2064 8 31.42583 18.772774 439.3 47.0885257 390 0
2064 9 25.85409 12.841784 346.6 124.98681 390 0
2064 10 18.961355 7.1781406 255.1 183.3603438 390 0
2064 11 12.3704605 1.6550894 163.1 139.279632 390 0
2064 12 9.6263485 -0.13363859 125 135.593969 390 0
2065 1 6.9777036 -2.5196157 143.5 39.8536713 390 0
2065 2 8.982949 -1.3845772 209.8 105.0823838 390 0
2065 3 12.26797 1.453126 301.6 159.180071 390 0
2065 4 19.480692 7.680177 391.2 206.667009 390 0
2065 5 27.404995 13.55756 461.6 34.2438369 390 0
2065 6 30.821516 17.473343 512.7 73.223427 390 0
2065 7 34.89805 21.867048 503.7 76.0223881 390 0
2065 8 32.602695 18.93331 439.3 50.0574794 390 0
2065 9 27.36425 14.676302 346.6 130.8885 390 0
2065 10 23.548634 11.221288 255.1 60.7182678 390 0
2065 11 15.420544 4.844678 163.1 70.441998 390 0
2065 12 10.021329 0.4347869 125 239.909868 390 0
2066 1 7.0987096 -2.6524036 143.5 126.0524883 390 0
2066 2 5.829929 -4.212999 209.8 125.740741525 390 0
2066 3 9.8471575 -0.27713197 301.6 74.2643037 390 0
2066 4 18.853363 6.3080106 391.2 70.1169 390 0
2066 5 24.797049 11.277162 461.6 129.035423 390 0
2066 6 29.868605 17.268152 512.7 122.363778 390 0
2066 7 34.300453 21.366287 503.7 66.3529673 390 0
2066 8 33.418922 20.623758 439.3 152.1614354 390 0
2066 9 29.031525 15.959509 346.6 106.63575 390 0
2066 10 23.533278 10.909131 255.1 86.4131262 390 0
2066 11 13.314601 2.8132737 163.1 213.179541 390 0
2066 12 8.964927 0.020129459 125 64.6099985 390 0
2067 1 3.9823623 -6.495924 143.5 82.3334983 390 0
2067 2 9.50815 -1.4956633 209.8 160.158225025 390 0
2067 3 14.35465 3.6102579 301.6 189.9676683 390 0
2067 4 19.648317 7.623507 391.2 170.41863 390 0
2067 5 23.85346 11.586392 461.6 94.0611083 390 0
2067 6 31.073587 18.741209 512.7 153.07917 390 0
2067 7 33.851818 21.212423 503.7 109.4202133 390 0
2067 8 32.291515 20.244257 439.3 78.4734 390 0
2067 9 26.260914 14.726806 346.6 107.425698 390 0
2067 10 21.731905 9.891177 255.1 114.9264085 390 0
2067 11 12.878941 2.7227097 163.1 79.284531 390 0
2067 12 9.172812 -0.119413756 125 94.111629 390 0
2068 1 7.8183365 -1.5323639 143.5 19.74708587 390 0
2068 2 8.52105 -2.079377 209.8 118.343213475 390 0
2068 3 10.335595 -0.11286076 301.6 158.4502845 390 0
2068 4 20.32351 8.335327 391.2 188.305278 390 0
2068 5 26.408916 13.2117815 461.6 66.0734186 390 0
2068 6 30.182503 17.399431 512.7 88.24023 390 0
2068 7 35.673183 22.196987 503.7 53.2011212 390 0
2068 8 31.500635 19.977182 439.3 269.503677 390 0
2068 9 27.425377 15.685487 346.6 76.078032 390 0
2068 10 22.082212 8.919211 255.1 67.4527884 390 0
2068 11 12.986911 2.533466 163.1 101.358069 390 0
2068 12 8.222714 -1.5477993 125 31.7783449 390 0
2069 1 2.8229268 -6.925723 143.5 17.15599985 390 0
2069 2 6.404182 -4.365185 209.8 66.42716865 390 0
2069 3 10.641768 0.3745364 301.6 98.9378578 390 0
2069 4 20.376245 8.0957 391.2 83.718345 390 0
2069 5 25.667439 12.76576 461.6 203.2026874 390 0
2069 6 28.525002 17.124249 512.7 85.55841 390 0
2069 7 33.94838 21.294127 503.7 53.6840051 390 0
2069 8 33.05601 20.278646 439.3 45.426749 390 0
2069 9 29.019938 15.789372 346.6 43.587033 390 0
2069 10 24.260183 11.711526 255.1 73.9666696 390 0
2069 11 14.88566 3.5550716 163.1 77.216892 390 0
2069 12 9.961642 1.3849277 125 179.505345 390 0
2070 1 5.9044623 -2.6871781 143.5 50.5441763 390 0
2070 2 7.570619 -2.5183728 209.8 127.32040525 390 0
2070 3 12.045475 0.5729583 301.6 249.476592 390 0
2070 4 18.309828 6.723618 391.2 101.363919 390 0
2070 5 22.710392 11.224764 461.6 190.8139187 390 0
2070 6 30.017473 17.220835 512.7 62.341653 390 0
2070 7 34.389557 21.661589 503.7 54.2243599 390 0
2070 8 33.964237 21.434149 439.3 110.689468 390 0
2070 9 28.158821 15.769286 346.6 131.97882 390 0
2070 10 21.022278 8.837843 255.1 212.642237 390 0
2070 11 16.345924 5.0197444 163.1 143.341641 390 0
2070 12 8.374431 -1.2260413 125 134.612695 390 0
2071 1 6.3036666 -2.6445117 143.5 113.6575723 390 0
2071 2 10.016128 -0.9354002 209.8 126.58240225 390 0
2071 3 15.162532 4.624206 301.6 95.4323778 390 0
2071 4 18.832363 6.0946717 391.2 91.816914 390 0
2071 5 26.925797 12.932113 461.6 59.6175415 390 0
2071 6 28.284212 17.445044 512.7 373.68669 390 0
2071 7 35.54849 21.965921 503.7 67.403548 390 0
2071 8 34.375225 21.942417 439.3 157.134536 390 0
2071 9 28.416773 16.375933 346.6 77.474748 390 0
2071 10 24.776688 12.32528 255.1 60.3239664 390 0
2071 11 13.261789 2.6368039 163.1 104.848638 390 0
2071 12 7.7080493 -1.4035274 125 116.4580782 390 0
2072 1 6.491115 -2.6489139 143.5 127.2825404 390 0
2072 2 8.93173 -2.0751746 209.8 88.3307214 390 0
2072 3 8.780607 -1.7553641 301.6 96.1333436 390 0
2072 4 19.640516 7.609857 391.2 114.589914 390 0
2072 5 26.549227 13.0930605 461.6 62.7720984 390 0
2072 6 32.951042 18.871529 512.7 94.138212 390 0
2072 7 34.109673 22.025093 503.7 221.3464542 390 0
2072 8 34.425022 21.880598 439.3 126.6702997 390 0
2072 9 27.95161 15.868202 346.6 111.16179 390 0
2072 10 21.499456 10.187046 255.1 236.0609266 390 0
2072 11 17.23929 6.240045 163.1 92.863305 390 0
2072 12 11.24665 2.4884381 125 154.0525656 390 0
2073 1 5.807146 -2.93441 143.5 39.3527237 390 0
2073 2 7.981212 -2.7986884 209.8 22.8357165875 390 0
2073 3 9.46985 -0.9932121 301.6 219.7870333 390 0
2073 4 21.390375 8.957924 391.2 81.832374 390 0
2073 5 23.445333 11.670174 461.6 130.2608065 390 0
2073 6 31.244257 17.447369 512.7 53.332614 390 0
2073 7 33.413094 20.989313 503.7 104.0978667 390 0
2073 8 34.285103 22.021381 439.3 108.7338888 390 0
2073 9 29.166376 17.587599 346.6 81.871719 390 0
2073 10 22.748442 9.690152 255.1 112.5197452 390 0
2073 11 16.22219 6.0313935 163.1 184.467645 390 0
2073 12 9.59536 -0.3940227 125 250.553997 390 0
2074 1 7.406959 -1.9848576 143.5 99.3863503 390 0
2074 2 8.361083 -1.7887285 209.8 55.29383235 390 0
2074 3 11.641653 0.45850068 301.6 229.8054707 390 0
2074 4 18.935335 6.193963 391.2 74.828568 390 0
2074 5 26.814592 13.472371 461.6 98.2172535 390 0
2074 6 30.226942 18.070623 512.7 129.38115 390 0
2074 7 34.652546 21.776949 503.7 103.1293926 390 0
2074 8 32.918953 20.24748 439.3 60.144867 390 0
2074 9 31.547897 18.137642 346.6 69.202665 390 0
2074 10 24.58594 11.810944 255.1 102.9341143 390 0
2074 11 18.24021 7.645875 163.1 128.824884 390 0
2074 12 13.913578 3.192172 125 97.0637373 390 0
2075 1 6.411721 -2.573661 143.5 185.892864 390 0
2075 2 7.952195 -2.1427367 209.8 211.6948215 390 0
2075 3 10.662915 0.26265755 301.6 91.0222496 390 0
2075 4 21.061728 9.165804 391.2 108.187479 390 0
2075 5 25.611586 13.20718 461.6 119.2722737 390 0
2075 6 29.617437 16.998035 512.7 68.26719 390 0
2075 7 34.94547 21.551134 503.7 64.259187 390 0
2075 8 33.969563 21.478064 439.3 122.8211165 390 0
2075 9 29.143324 17.069218 346.6 114.410535 390 0
2075 10 22.822422 9.552367 255.1 41.8582832 390 0
2075 11 15.306493 4.4204845 163.1 59.837211 390 0
2075 12 11.762818 2.9857376 125 138.9351955 390 0
2076 1 4.603477 -4.8710494 143.5 105.8336466 390 0
2076 2 11.586975 1.207281 209.8 77.374159475 390 0
2076 3 12.984206 3.3287284 301.6 146.3724985 390 0
2076 4 20.03888 8.062906 391.2 99.97275 390 0
2076 5 26.943394 13.424244 461.6 103.650763 390 0
2076 6 30.307243 17.637299 512.7 170.260362 390 0
2076 7 34.27939 21.32277 503.7 97.3978956 390 0
2076 8 35.617863 22.823898 439.3 44.519038 390 0
2076 9 31.030588 17.698803 346.6 57.373599 390 0
2076 10 24.774939 12.009524 255.1 32.1104789 390 0
2076 11 15.256062 3.9389207 163.1 76.468779 390 0
2076 12 11.145605 1.6374228 125 212.3783774 390 0
2077 1 4.3056774 -4.678129 143.5 38.8098765 390 0
2077 2 8.83731 -1.2989758 209.8 88.421822 390 0
2077 3 10.1705 -0.5506648 301.6 45.1096438 390 0
2077 4 20.759851 9.585892 391.2 128.831148 390 0
2077 5 24.74173 11.690219 461.6 77.4101775 390 0
2077 6 31.933323 18.446497 512.7 47.033511 390 0
2077 7 33.59879 21.85887 503.7 126.5423937 390 0
2077 8 33.35188 20.89521 439.3 40.3150846 390 0
2077 9 28.988838 17.264202 346.6 128.2455 390 0
2077 10 25.812601 13.073436 255.1 26.74619395 390 0
2077 11 16.84743 6.0096674 163.1 88.700115 390 0
2077 12 11.484811 1.5904984 125 138.4994254 390 0
2078 1 7.4242196 -1.6586033 143.5 145.5186624 390 0
2078 2 11.740531 1.3630761 209.8 145.87749125 390 0
2078 3 12.949049 1.9127597 301.6 57.070442 390 0
2078 4 20.501587 8.160972 391.2 59.170548 390 0
2078 5 23.016554 11.623123 461.6 72.0867676 390 0
2078 6 30.459314 18.274612 512.7 125.12361 390 0
2078 7 37.641884 23.500435 503.7 51.3119347 390 0
2078 8 33.68711 21.41813 439.3 130.4098824 390 0
2078 9 29.329372 18.02023 346.6 118.25601 390 0
2078 10 20.333035 9.241836 255.1 101.3347003 390 0
2078 11 17.718855 6.31269 163.1 57.523371 390 0
2078 12 12.063153 2.1977575 125 122.2328977 390 0
2079 1 7.7301455 -1.4659146 143.5 123.3753872 390 0
2079 2 10.663284 -0.08165141 209.8 82.32543245 390 0
2079 3 14.729688 4.380593 301.6 144.135647 390 0
2079 4 20.34216 8.728928 391.2 123.34545 390 0
2079 5 23.315866 12.184425 461.6 196.3885185 390 0
2079 6 31.122498 19.085205 512.7 41.687331 390 0
2079 7 34.883636 21.939934 503.7 84.7912124 390 0
2079 8 32.618427 20.454386 439.3 110.970328 390 0
2079 9 31.193794 18.348375 346.6 68.24253 390 0
2079 10 26.133976 14.3635845 255.1 217.3560536 390 0
2079 11 18.105898 6.9897375 163.1 69.937929 390 0
2079 12 9.036361 -0.72426546 125 205.8059093 390 0
2080 1 7.8115473 -1.3893434 143.5 55.3839707 390 0
2080 2 9.782454 -0.09626958 209.8 107.616355125 390 0
2080 3 12.959157 2.2267244 301.6 158.7237944 390 0
2080 4 21.873117 9.949364 391.2 182.02614 390 0
2080 5 27.033413 13.084453 461.6 49.7015467 390 0
2080 6 31.542885 19.341213 512.7 160.610289 390 0
2080 7 37.711178 23.281342 503.7 61.4748042 390 0
2080 8 35.30079 22.34762 439.3 65.9315347 390 0
2080 9 29.093475 17.41312 346.6 182.48961 390 0
2080 10 23.445803 9.885159 255.1 44.5895506 390 0
2080 11 17.165924 5.628229 163.1 136.322565 390 0
2080 12 11.451147 2.0567935 125 71.9882837 390 0
2081 1 6.613329 -1.8758812 143.5 148.2899105 390 0
2081 2 7.6650167 -1.7301283 209.8 113.68515855 390 0
2081 3 11.18294 0.6030597 301.6 116.3282626 390 0
2081 4 22.094316 10.094268 391.2 49.394028 390 0
2081 5 24.720926 12.533701 461.6 164.011483 390 0
2081 6 30.92646 17.208242 512.7 37.277652 390 0
2081 7 35.98333 23.367409 503.7 105.2367943 390 0
2081 8 35.27656 22.907633 439.3 150.310289 390 0
2081 9 29.019836 16.803654 346.6 40.145076 390 0
2081 10 24.759813 12.50205 255.1 52.4159377 390 0
2081 11 15.884381 4.77034 163.1 107.281665 390 0
2081 12 11.943019 2.7693346 125 152.250641 390 0
2082 1 8.2651415 -0.78292066 143.5 34.2195949 390 0
2082 2 8.879713 -0.5397731 209.8 81.984819375 390 0
2082 3 10.484052 -0.7100187 301.6 191.787669 390 0
2082 4 21.562305 9.659438 391.2 194.379402 390 0
2082 5 25.124735 12.500335 461.6 119.5437655 390 0
2082 6 32.242397 18.585384 512.7 66.418554 390 0
2082 7 36.520676 23.58144 503.7 74.7395089 390 0
2082 8 35.387714 22.081978 439.3 66.4921108 390 0
2082 9 31.823431 18.423628 346.6 49.869456 390 0
2082 10 24.560661 11.533775 255.1 54.879083 390 0
2082 11 18.797443 7.337132 163.1 181.860408 390 0
2082 12 10.248627 0.42766404 125 39.7909304 390 0
2083 1 7.37251 -1.6722232 143.5 258.940737 390 0
2083 2 7.9465027 -1.8014954 209.8 81.780227225 390 0
2083 3 12.027838 0.8057005 301.6 186.045167 390 0
2083 4 21.05994 9.675481 391.2 124.915539 390 0
2083 5 24.460241 11.9031 461.6 120.6114954 390 0
2083 6 29.008326 17.116013 512.7 289.39344 390 0
2083 7 35.006073 21.621267 503.7 56.3627368 390 0
2083 8 34.296223 22.269451 439.3 175.194764 390 0
2083 9 26.970385 14.912844 346.6 58.903971 390 0
2083 10 21.545986 9.507849 255.1 57.966993 390 0
2083 11 14.662775 3.7324386 163.1 139.143849 390 0
2083 12 12.800403 3.0240762 125 212.766919 390 0
2084 1 7.135795 -2.0798519 143.5 109.2598968 390 0
2084 2 10.323672 -1.2648011 209.8 102.8475489 390 0
2084 3 13.28242 3.2753837 301.6 97.9425594 390 0
2084 4 18.881613 6.887571 391.2 86.74365 390 0
2084 5 24.440659 11.395853 461.6 177.801957 390 0
2084 6 32.25419 19.035618 512.7 76.56249 390 0
2084 7 38.75216 23.751448 503.7 50.7129744 390 0
2084 8 35.83818 22.855324 439.3 86.4805233 390 0
2084 9 28.614555 16.399948 346.6 76.325412 390 0
2084 10 24.454634 12.086006 255.1 147.650892 390 0
2084 11 16.698849 5.419458 163.1 120.401958 390 0
2084 12 13.261678 3.4115949 125 137.290382 390 0
2085 1 9.764996 0.035311747 143.5 131.8617953 390 0
2085 2 7.1808753 -2.0441706 209.8 111.7471012 390 0
2085 3 12.534274 3.272173 301.6 141.280113 390 0
2085 4 19.615482 8.967399 391.2 111.085539 390 0
2085 5 26.00452 12.303206 461.6 67.7565636 390 0
2085 6 31.259073 18.608812 512.7 61.859244 390 0
2085 7 36.886223 23.09814 503.7 76.448511 390 0
2085 8 35.991688 22.993889 439.3 91.0958994 390 0
2085 9 28.96283 16.67157 346.6 121.448592 390 0
2085 10 21.700102 9.880655 255.1 112.4722346 390 0
2085 11 17.207869 6.122067 163.1 91.779486 390 0
2085 12 7.9167733 -2.8636644 125 144.1103727 390 0
2086 1 5.399481 -3.3355625 143.5 127.5344836 390 0
2086 2 9.568721 0.5509013 209.8 96.5108818 390 0
2086 3 10.337267 0.73508215 301.6 162.7675615 390 0
2086 4 20.196005 8.504098 391.2 60.29586 390 0
2086 5 21.500925 10.781919 461.6 183.3683263 390 0
2086 6 31.78608 18.603369 512.7 62.08011 390 0
2086 7 35.200882 22.40425 503.7 57.6367221 390 0
2086 8 35.78748 22.779833 439.3 62.5686454 390 0
2086 9 30.494476 18.817383 346.6 112.24185 390 0
2086 10 23.997023 12.118328 255.1 154.025701 390 0
2086 11 14.128679 3.5206506 163.1 72.76197 390 0
2086 12 11.324721 1.6244097 125 261.667962 390 0
2087 1 6.4607563 -2.6965613 143.5 158.6140234 390 0
2087 2 8.268611 -1.271343 209.8 78.351643375 390 0
2087 3 10.712905 0.5438836 301.6 83.6526103 390 0
2087 4 21.421324 9.31151 391.2 87.533871 390 0
2087 5 22.408426 10.756141 461.6 115.147702 390 0
2087 6 31.357061 18.549532 512.7 263.51136 390 0
2087 7 35.3943 22.60324 503.7 105.8356492 390 0
2087 8 34.310875 22.320751 439.3 106.4459152 390 0
2087 9 32.46932 19.665031 346.6 42.021807 390 0
2087 10 27.772833 15.231493 255.1 90.8725661 390 0
2087 11 18.019285 6.8581896 163.1 122.01141 390 0
2087 12 8.476969 -0.79442114 125 104.731454 390 0
2088 1 5.9116673 -2.5727372 143.5 72.6892433 390 0
2088 2 6.795965 -2.9015691 209.8 95.461538375 390 0
2088 3 12.651545 2.0136387 301.6 91.9097052 390 0
2088 4 18.280594 6.723283 391.2 167.705241 390 0
2088 5 24.751616 12.198589 461.6 77.289076 390 0
2088 6 31.93298 18.996208 512.7 108.093654 390 0
2088 7 35.968166 22.645372 503.7 52.583626 390 0
2088 8 36.791348 24.205574 439.3 61.5092979 390 0
2088 9 30.103674 18.319496 346.6 165.566355 390 0
2088 10 24.121166 11.41843 255.1 26.1683865 390 0
2088 11 17.687628 6.7087502 163.1 174.951798 390 0
2088 12 11.441645 1.3727556 125 102.4380678 390 0
2089 1 7.131656 -1.5743357 143.5 26.4069005 390 0
2089 2 6.6368966 -3.1094754 209.8 21.8155088 390 0
2089 3 11.171575 0.9121963 301.6 182.041331 390 0
2089 4 18.049276 6.592196 391.2 111.806523 390 0
2089 5 24.997734 12.187013 461.6 114.8832844 390 0
2089 6 32.064125 19.291815 512.7 44.392203 390 0
2089 7 35.91738 23.327883 503.7 84.4958475 390 0
2089 8 33.9598 22.412773 439.3 173.1075805 390 0
2089 9 30.685825 18.612106 346.6 57.007884 390 0
2089 10 25.928677 13.837777 255.1 48.7578447 390 0
2089 11 17.495014 6.520644 163.1 89.190438 390 0
2089 12 11.560438 3.1118822 125 164.898021 390 0
2090 1 6.113571 -3.3479207 143.5 55.8768955 390 0
2090 2 8.572728 -0.71635145 209.8 78.245581575 390 0
2090 3 13.338819 1.8373587 301.6 100.7302592 390 0
2090 4 19.622744 8.338734 391.2 118.9932 390 0
2090 5 26.073385 13.880113 461.6 374.759155 390 0
2090 6 31.8982 18.5639 512.7 54.9954 390 0
2090 7 36.81371 23.408857 503.7 97.9623374 390 0
2090 8 36.024582 22.497284 439.3 49.9318457 390 0
2090 9 31.164602 19.236252 346.6 120.82968 390 0
2090 10 23.59172 11.764675 255.1 79.8894428 390 0
2090 11 15.391979 5.8057213 163.1 140.948109 390 0
2090 12 11.280586 1.7377326 125 205.8001433 390 0
2091 1 5.7837653 -2.9723203 143.5 18.3439121 390 0
2091 2 11.571627 2.7085068 209.8 89.9677411 390 0
2091 3 13.3480625 2.920727 301.6 132.8879883 390 0
2091 4 21.196592 9.56225 391.2 103.861398 390 0
2091 5 26.279179 13.390358 461.6 171.1919417 390 0
2091 6 29.670341 18.037554 512.7 172.782612 390 0
2091 7 36.78596 24.049982 503.7 99.0425882 390 0
2091 8 35.941956 24.153152 439.3 88.9479342 390 0
2091 9 29.705488 18.43194 346.6 139.9833 390 0
2091 10 25.547375 12.103434 255.1 29.26396125 390 0
2091 11 17.787376 5.6469545 163.1 225.45531 390 0
2091 12 11.656509 2.4040408 125 235.6006324 390 0
2092 1 8.593443 -1.0902182 143.5 136.9092866 390 0
2092 2 9.0693 -1.0630902 209.8 108.3655875 390 0
2092 3 14.192322 3.7758396 301.6 184.6327295 390 0
2092 4 19.840925 8.87118 391.2 225.91227 390 0
2092 5 27.055122 14.496144 461.6 131.048687 390 0
2092 6 32.80373 20.047203 512.7 223.416381 390 0
2092 7 37.671284 24.185474 503.7 56.3386529 390 0
2092 8 36.729477 23.836792 439.3 95.4304775 390 0
2092 9 33.546978 19.518559 346.6 73.53117 390 0
2092 10 26.818462 13.89011 255.1 24.38406587 390 0
2092 11 20.70922 9.29238 163.1 85.88895 390 0
2092 12 11.60118 1.7612561 125 153.4898164 390 0
2093 1 6.2821674 -2.6995878 143.5 158.294122 390 0
2093 2 9.150079 -0.4210341 209.8 88.88952335 390 0
2093 3 14.740158 4.11638 301.6 91.4464598 390 0
2093 4 22.20901 10.440052 391.2 87.756015 390 0
2093 5 28.155775 14.387242 461.6 54.7473423 390 0
2093 6 32.692604 20.027988 512.7 57.386367 390 0
2093 7 35.99597 23.243292 503.7 131.9524083 390 0
2093 8 34.096485 20.41102 439.3 62.3029785 390 0
2093 9 31.014383 18.576607 346.6 37.101345 390 0
2093 10 26.645397 14.377679 255.1 72.2918667 390 0
2093 11 15.112375 4.7383723 163.1 158.662275 390 0
2093 12 10.115712 1.7592412 125 136.7312815 390 0
2094 1 8.30907 -0.98751515 143.5 96.4725983 390 0
2094 2 10.063686 -0.23340546 209.8 129.7268815 390 0
2094 3 11.919969 1.8338878 301.6 186.435984 390 0
2094 4 19.858904 7.681603 391.2 99.714018 390 0
2094 5 27.646385 14.52301 461.6 58.500038 390 0
2094 6 30.093798 17.807484 512.7 116.799267 390 0
2094 7 41.049126 25.897123 503.7 41.620972 390 0
2094 8 37.828854 24.939762 439.3 32.944692 390 0
2094 9 31.311056 19.208334 346.6 102.364689 390 0
2094 10 22.860826 11.197663 255.1 116.3574491 390 0
2094 11 19.51124 8.01209 163.1 233.677368 390 0
2094 12 10.269815 0.61128885 125 132.0628613 390 0
2095 1 8.217335 -0.40817204 143.5 56.5084151 390 0
2095 2 12.737103 3.2238896 209.8 24.23832598 390 0
2095 3 16.415817 5.597112 301.6 164.2378915 390 0
2095 4 22.666182 10.22883 391.2 115.404969 390 0
2095 5 27.51186 14.859396 461.6 147.714194 390 0
2095 6 33.75832 20.07354 512.7 51.324723 390 0
2095 7 37.474133 24.521776 503.7 89.0895019 390 0
2095 8 37.590786 24.334887 439.3 36.9719268 390 0
2095 9 29.709375 18.20925 346.6 207.28962 390 0
2095 10 24.484982 12.293649 255.1 157.513387 390 0
2095 11 17.984646 7.946166 163.1 243.39177 390 0
2095 12 11.66466 2.8547418 125 297.908047 390 0
2096 1 7.8468566 -0.99554545 143.5 123.9114268 390 0
2096 2 10.820243 0.4128628 209.8 95.3611746 390 0
2096 3 13.074357 2.751428 301.6 70.0785132 390 0
2096 4 20.252186 8.473864 391.2 127.05699 390 0
2096 5 24.464088 13.345134 461.6 137.6847175 390 0
2096 6 32.825943 19.907806 512.7 156.094881 390 0
2096 7 36.303337 23.587608 503.7 114.5824542 390 0
2096 8 36.76161 23.290472 439.3 99.3899432 390 0
2096 9 29.0833 16.81761 346.6 168.64728 390 0
2096 10 23.585264 11.840252 255.1 70.5269902 390 0
2096 11 16.807955 6.388129 163.1 194.918088 390 0
2096 12 7.8324895 -1.5992514 125 28.8746617 390 0
2097 1 8.060493 -0.5790374 143.5 56.0220003 390 0
2097 2 8.267705 -1.3211076 209.8 84.231649225 390 0
2097 3 13.482688 3.5555406 301.6 142.6387996 390 0
2097 4 21.92655 9.917074 391.2 63.723615 390 0
2097 5 27.331865 15.375378 461.6 236.0991837 390 0
2097 6 32.483475 20.061588 512.7 164.837022 390 0
2097 7 36.70065 24.137154 503.7 54.6722603 390 0
2097 8 34.721523 22.193876 439.3 45.6504636 390 0
2097 9 32.292374 19.475882 346.6 76.958478 390 0
2097 10 26.021648 14.495622 255.1 236.5991827 390 0
2097 11 18.199804 7.0568395 163.1 214.43478 390 0
2097 12 12.00875 2.8160164 125 379.333608 390 0
2098 1 8.334916 -0.8358025 143.5 208.6486713 390 0
2098 2 10.379545 -0.18029797 209.8 175.05385395 390 0
2098 3 13.726948 3.600335 301.6 244.3322567 390 0
2098 4 21.554068 9.598959 391.2 76.957518 390 0
2098 5 27.141064 13.360753 461.6 81.6583183 390 0
2098 6 31.584131 19.188766 512.7 143.37189 390 0
2098 7 36.83886 24.19528 503.7 180.6087993 390 0
2098 8 35.411373 23.182955 439.3 152.230429 390 0
2098 9 30.017736 18.885569 346.6 221.318808 390 0
2098 10 24.813452 12.69496 255.1 88.254024 390 0
2098 11 17.690153 6.6750813 163.1 50.744985 390 0
2098 12 7.7463055 -2.7696047 125 158.764144 390 0
2099 1 8.140617 -0.46421754 143.5 112.5517713 390 0
2099 2 9.525835 -0.26712298 209.8 171.930186475 390 0
2099 3 11.99007 1.2711706 301.6 103.4051996 390 0
2099 4 19.301104 7.5307384 391.2 88.730772 390 0
2099 5 23.647154 12.624514 461.6 146.581454 390 0
2099 6 29.241179 17.506102 512.7 219.83289 390 0
2099 7 36.41183 23.36407 503.7 69.3297857 390 0
2099 8 35.714157 23.365795 439.3 103.8346457 390 0
2099 9 31.239328 19.328873 346.6 49.073109 390 0
2099 10 26.199226 13.780968 255.1 132.253905 390 0
2099 11 18.511137 7.1266923 163.1 209.502855 390 0
2099 12 11.637503 2.1890776 125 190.318207 390 0
2100-2200 1 8.140617 -0.46421754 143.5 112.5517713 390 0
2100-2200 2 9.525835 -0.26712298 209.8 171.930186475 390 0
2100-2200 3 11.99007 1.2711706 301.6 103.4051996 390 0
2100-2200 4 19.301104 7.5307384 391.2 88.730772 390 0
2100-2200 5 23.647154 12.624514 461.6 146.581454 390 0
2100-2200 6 29.241179 17.506102 512.7 219.83289 390 0
2100-2200 7 36.41183 23.36407 503.7 69.3297857 390 0
2100-2200 8 35.714157 23.365795 439.3 103.8346457 390 0
2100-2200 9 31.239328 19.328873 346.6 49.073109 390 0
2100-2200 10 26.199226 13.780968 255.1 132.253905 390 0
2100-2200 11 18.511137 7.1266923 163.1 209.502855 390 0
2100-2200 12 11.637503 2.1890776 125 190.318207 390 0
