Year Month Tmax Tmin PAR Prec CO2 O3
1200-1980 1 1.10268943216741 -9.30379085107149 143.5 89.6029519628203 390 0
1200-1980 2 3.02348926372174 -7.79505755876151 209.8 84.6638164380136 390 0
1200-1980 3 7.46154097820127 -3.59242769403598 301.6 107.653215035857 390 0
1200-1980 4 14.1322456466107 2.01119642106144 391.2 109.182789844584 390 0
1200-1980 5 20.0579687164993 7.43246393670649 461.6 102.705244359352 390 0
1200-1980 6 24.6921926226484 12.6750700155848 512.7 113.043080356748 390 0
1200-1980 7 27.5873750327713 15.7447374467957 503.7 99.1820637971455 390 0
1200-1980 8 26.6809641424293 14.8875563837581 439.3 103.957491072892 390 0
1200-1980 9 22.5805584319426 10.5481343652495 346.6 103.209216784227 390 0
1200-1980 10 16.2795120771818 4.23237753700374 255.1 116.508001666737 390 0
1200-1980 11 10.2231646119951 -0.334538621725408 163.1 108.36447725593 390 0
1200-1980 12 3.99423573720966 -5.63651002704248 125 105.71713441638 390 0
1981 1 -2.61897742419454 -14.8247601849795 143.5 19.4133468041283 390 0
1981 2 6.27956962136569 -5.51660787206215 209.8 198.079960652373 390 0
1981 3 7.46500559230033 -3.50457559111617 301.6 18.8548419837274 390 0
1981 4 15.7247019038454 2.91222430954861 391.2 97.1909216554702 390 0
1981 5 21.439979294893 7.43861180774692 461.6 75.6117892708621 390 0
1981 6 25.6101716155339 12.6079392581861 512.7 82.6698035546991 390 0
1981 7 27.8301330853912 15.5012305851386 503.7 117.094549744207 390 0
1981 8 26.7587642311979 13.1383491833203 439.3 39.4948255023547 390 0
1981 9 21.1578937075503 9.6859199409273 346.6 107.920240749616 390 0
1981 10 14.4269075304457 2.30905955026107 255.1 134.696224507862 390 0
1981 11 9.7659717972729 -0.627460659385451 163.1 79.1467335554719 390 0
1981 12 2.31530387603672 -6.19214237158341 125 143.920085927591 390 0
1982 1 -2.69023229049636 -14.7098201538601 143.5 121.018480432893 390 0
1982 2 2.09235059016354 -8.28854610871264 209.8 88.1559692540092 390 0
1982 3 6.89900672654086 -4.9421119785334 301.6 67.6377796194197 390 0
1982 4 13.0346523653495 -0.194739217586782 391.2 118.177203022887 390 0
1982 5 21.3238153276888 7.21895515175003 461.6 68.2084062563634 390 0
1982 6 21.8012367408949 10.8327993246971 512.7 277.519274490736 390 0
1982 7 28.2612139305765 14.4337415833472 503.7 86.2972235462538 390 0
1982 8 25.1013657383675 12.635382161282 439.3 72.3666650920956 390 0
1982 9 22.2555477714945 9.99461489791197 346.6 67.9297145193615 390 0
1982 10 16.5261133117456 2.7141559562146 255.1 73.2768765295663 390 0
1982 11 12.0076637586105 1.19073728059196 163.1 101.861231335339 390 0
1982 12 6.67591941940753 -3.50529990441933 125 40.7902846767246 390 0
1983 1 1.62676034177112 -8.48694609320384 143.5 123.949274994644 390 0
1983 2 3.60319656666336 -7.62075677653711 209.8 109.4595009114 390 0
1983 3 7.62631934545557 -1.44140070215858 301.6 212.915949692572 390 0
1983 4 13.140258373774 2.42354460702114 391.2 226.757716544422 390 0
1983 5 18.1696932402666 7.08082115903798 461.6 132.835163495653 390 0
1983 6 26.3492613075854 12.1486415375874 512.7 63.8382084246807 390 0
1983 7 29.0244480747858 14.8844003474881 503.7 51.5386322386588 390 0
1983 8 27.6635866839698 14.5683028821992 439.3 91.2184608336123 390 0
1983 9 25.3585830447695 10.529040967281 346.6 47.555356874726 390 0
1983 10 16.1041991848893 4.24910489762141 255.1 124.702169759027 390 0
1983 11 10.5023335772292 0.0716752826884796 163.1 222.008912224279 390 0
1983 12 2.43599395842431 -7.25079590320211 125 163.097185348915 390 0
1984 1 -0.564066580697411 -11.5484317007244 143.5 54.2645605095886 390 0
1984 2 5.85113935486779 -4.41159750480519 209.8 153.767028024774 390 0
1984 3 3.55445834917922 -6.13411825804234 301.6 139.692694973115 390 0
1984 4 12.8084369478337 1.78918800492606 391.2 122.224741057878 390 0
1984 5 19.311640484591 6.2844570859479 461.6 223.596704805131 390 0
1984 6 25.9241597167007 12.8131560424593 512.7 120.686454091494 390 0
1984 7 26.7369868614049 15.2970957731892 503.7 135.623370135963 390 0
1984 8 27.5472246754998 15.7024318281489 439.3 32.1071322302096 390 0
1984 9 21.8981215626071 8.05091072196127 346.6 37.3978317939725 390 0
1984 10 17.8497784539734 5.17840064160125 255.1 97.1229932982624 390 0
1984 11 10.7309431623813 -1.21215750858597 163.1 78.7217936624843 390 0
1984 12 6.36665841516569 -3.8044570450583 125 80.6890354554204 390 0
1985 1 -1.54993362825776 -11.8107821379733 143.5 26.443151546892 390 0
1985 2 3.47961578373271 -7.9112767255861 209.8 60.5418601289158 390 0
1985 3 9.49367209110937 -3.56751411575063 301.6 69.7691328614492 390 0
1985 4 14.6479556514435 2.15431869812506 391.2 44.7612576619169 390 0
1985 5 21.3466694552511 7.38543853072781 461.6 96.5110998354767 390 0
1985 6 22.4140873474706 10.9505977574201 512.7 103.531754695805 390 0
1985 7 27.9032668750808 14.6943718142645 503.7 88.7941371247354 390 0
1985 8 26.008024996607 14.0969892376601 439.3 164.910833205498 390 0
1985 9 22.6458973712397 10.4419428973962 346.6 109.022663866673 390 0
1985 10 17.2575220142256 4.29078180140887 255.1 66.991450606495 390 0
1985 11 9.95944367891818 0.933445533076703 163.1 170.375831275081 390 0
1985 12 1.48336574666094 -8.17562993559025 125 42.6167015663736 390 0
1986 1 2.70867666322037 -8.68003705785497 143.5 127.685422746978 390 0
1986 2 0.651599917341396 -8.95457781407917 209.8 79.9214651132867 390 0
1986 3 8.86673881560263 -3.69408360119634 301.6 92.1730773076256 390 0
1986 4 15.1574766343566 2.86746769682418 391.2 51.6631144139704 390 0
1986 5 20.9240463408995 7.82809182785765 461.6 46.1289820971736 390 0
1986 6 23.8707006136716 10.7713063164138 512.7 160.893148334375 390 0
1986 7 26.0887223048201 14.869494661689 503.7 129.704423570217 390 0
1986 8 24.7809118084274 13.6486541686015 439.3 95.2420515650557 390 0
1986 9 20.871193543456 8.95012927827536 346.6 38.3382063999523 390 0
1986 10 16.6289492494965 3.63548910999304 255.1 63.5531892611143 390 0
1986 11 8.89584107409956 -2.60831759710619 163.1 156.771338990218 390 0
1986 12 4.11993873513022 -4.96009902648028 125 161.423580081114 390 0
1987 1 0.852091072997239 -10.3454476974602 143.5 139.322286780999 390 0
1987 2 2.20636462236362 -10.0764316316967 209.8 9.57600844178092 390 0
1987 3 8.32060001933998 -3.43253518744259 301.6 77.3438095393953 390 0
1987 4 13.6311797163555 2.94246341982825 391.2 251.838220307126 390 0
1987 5 20.578888740098 6.89930164411065 461.6 45.9456909829087 390 0
1987 6 25.053966361065 12.9028858514552 512.7 82.2823672829832 390 0
1987 7 27.7702643943428 15.7483114698798 503.7 46.7189940310659 390 0
1987 8 25.963532713233 12.7767961962344 439.3 90.7215747538997 390 0
1987 9 21.5265494869813 10.4710280590441 346.6 152.158807025968 390 0
1987 10 15.9578890429084 2.24766082728806 255.1 97.5790672356492 390 0
1987 11 10.1127469891402 -1.61345916411393 163.1 68.1260418661023 390 0
1987 12 4.54808710216519 -4.5286892330837 125 69.1052198365307 390 0
1988 1 0.32012766494294 -11.7380779001651 143.5 71.6229011652198 390 0
1988 2 3.33940035397143 -8.33507911587409 209.8 99.4096019093646 390 0
1988 3 8.19221334135287 -3.89731401673696 301.6 74.8460198125581 390 0
1988 4 12.4463258764188 2.07270968361732 391.2 76.9104823963469 390 0
1988 5 19.8659295198754 7.77754318355147 461.6 97.6005914024962 390 0
1988 6 25.3814175493306 11.2225873029019 512.7 34.8921699211189 390 0
1988 7 28.3821390404809 16.3481848053485 503.7 193.857251100113 390 0
1988 8 28.2239236250215 16.4854568307792 439.3 80.7914612306358 390 0
1988 9 22.3191487489312 8.62994343826395 346.6 55.7135669911213 390 0
1988 10 14.0366451633405 2.2706334970185 255.1 76.5379507271969 390 0
1988 11 11.240040584241 -0.44665342139975 163.1 200.691114834306 390 0
1988 12 3.27396940916639 -7.75546933405709 125 34.0352777562783 390 0
1989 1 3.7727309953707 -7.17812550712408 143.5 33.3250965955872 390 0
1989 2 2.13019122026154 -8.18664552377156 209.8 69.7225240779787 390 0
1989 3 7.54809579770627 -4.68522631790359 301.6 75.0887126984762 390 0
1989 4 12.5076737632645 0.242648699220209 391.2 105.381858027898 390 0
1989 5 20.7375074201175 8.03157232063776 461.6 180.963467812296 390 0
1989 6 24.4394875472097 13.2884388410064 512.7 143.534066316444 390 0
1989 7 27.161299954298 14.7545636227657 503.7 108.057880674718 390 0
1989 8 26.169542114271 14.4895379845856 439.3 148.95673670684 390 0
1989 9 22.7864167775608 10.291504001278 346.6 121.337060774035 390 0
1989 10 17.2965544186421 3.83685282034425 255.1 171.352356233958 390 0
1989 11 9.54708091043296 -1.20676877336475 163.1 122.120424807066 390 0
1989 12 -3.44717263167557 -14.3999648968169 125 29.7513741978745 390 0
1990 1 4.95713797991577 -4.73312130215325 143.5 119.340019284328 390 0
1990 2 5.06345299169825 -7.19073238449369 209.8 93.2367909469954 390 0
1990 3 9.54313565744863 -3.78580298276771 301.6 56.6181078240073 390 0
1990 4 13.7169845244264 1.99487663406112 391.2 116.844878712693 390 0
1990 5 17.7783299337235 6.15335726901199 461.6 179.66809581258 390 0
1990 6 24.9781595328537 12.2425164995404 512.7 55.0108556541728 390 0
1990 7 27.2160874703226 15.9059114167751 503.7 84.1357924630539 390 0
1990 8 26.7431202034754 15.7335365095261 439.3 185.910732660482 390 0
1990 9 22.2005607101801 9.58654175195309 346.6 44.6618167836518 390 0
1990 10 18.6388877065365 6.56572279156209 255.1 208.734821189072 390 0
1990 11 12.0431182911087 0.14635337220163 163.1 75.904614945456 390 0
1990 12 6.95634375696898 -3.42784489553037 125 134.599036064368 390 0
1991 1 1.52632469593172 -9.6398732064765 143.5 74.4622512557562 390 0
1991 2 5.33203844010078 -6.27485748640911 209.8 53.5229516365952 390 0
1991 3 8.74076272311798 -1.9687525537245 301.6 124.735241054766 390 0
1991 4 16.305242987406 2.66425457485245 391.2 81.1844450351443 390 0
1991 5 23.5775881799818 8.95855181566098 461.6 110.413127173404 390 0
1991 6 26.0991493909493 12.3487154604917 512.7 56.5499060039808 390 0
1991 7 27.725872199324 14.6633302600469 503.7 78.7185486999078 390 0
1991 8 27.2467360873742 15.1805213006982 439.3 220.26683286586 390 0
1991 9 21.8841482326053 9.09951072477485 346.6 168.851111201755 390 0
1991 10 17.6217868524408 4.84148075723543 255.1 76.7337873455166 390 0
1991 11 9.5588851196709 0.484516982803524 163.1 124.81853484845 390 0
1991 12 4.76296523184911 -5.66458365328674 125 86.0244971754236 390 0
1992 1 2.09966122218994 -8.59327038578808 143.5 75.7167497255532 390 0
1992 2 3.24794109335193 -7.2937523826574 209.8 57.4411499440397 390 0
1992 3 5.49952779109489 -5.44189997896321 301.6 103.296565692842 390 0
1992 4 12.0784931537821 0.553265726937143 391.2 73.6440559099736 390 0
1992 5 20.4111061653624 5.76911169136528 461.6 39.343081698393 390 0
1992 6 24.4830649839157 11.3180075058229 512.7 147.107069761684 390 0
1992 7 25.570050162004 13.5977279212688 503.7 97.1455480673984 390 0
1992 8 24.9403129588345 13.6396168914712 439.3 140.884266317332 390 0
1992 9 21.9209897184514 10.0303455873707 346.6 78.9072278639579 390 0
1992 10 14.4925412370008 2.24535495904184 255.1 64.2981978499221 390 0
1992 11 7.88925438893489 -0.981911157084323 163.1 134.471331455337 390 0
1992 12 3.03504260210945 -5.91360033790373 125 133.107309286112 390 0
1993 1 2.25213874906053 -7.38084475410617 143.5 65.1312810073826 390 0
1993 2 -0.46236727832101 -12.4142484272216 209.8 88.0366081350925 390 0
1993 3 5.20790966231174 -5.77817069982155 301.6 166.025332666614 390 0
1993 4 13.7698719443595 2.04400685686755 391.2 124.415227152269 390 0
1993 5 21.5000392088001 7.60534317202457 461.6 23.1355049353075 390 0
1993 6 25.2091870270005 11.7549729477441 512.7 64.9625133954949 390 0
1993 7 28.4336548177334 15.0454063232753 503.7 68.1110532070466 390 0
1993 8 27.6980124221323 14.8652476486706 439.3 59.5438031135432 390 0
1993 9 21.6749599820894 10.7708120059811 346.6 140.004330359501 390 0
1993 10 14.9559813730411 2.54146386776777 255.1 94.0121579549645 390 0
1993 11 10.4955894132308 -1.75677742139718 163.1 111.268420620801 390 0
1993 12 3.5370817029903 -5.99985275036235 125 140.543989343537 390 0
1994 1 -2.48994894112959 -14.6343989431172 143.5 135.260989487495 390 0
1994 2 -0.108521289449619 -11.824363920192 209.8 60.662361162594 390 0
1994 3 6.11703009671737 -4.2216926041245 301.6 157.910475302844 390 0
1994 4 15.3442491972693 1.87569569045754 391.2 68.6834478567075 390 0
1994 5 19.3872704479544 6.15234789033855 461.6 110.040102370395 390 0
1994 6 26.3094102809826 13.7818967133377 512.7 64.3637902309466 390 0
1994 7 29.1770835144829 17.6378432775267 503.7 93.1031727966738 390 0
1994 8 25.8253793147809 13.9837949848788 439.3 145.491529169278 390 0
1994 9 21.269182313904 10.0248482355011 346.6 130.180726668976 390 0
1994 10 16.9002277805082 3.11877356881067 255.1 24.273899263491 390 0
1994 11 12.8686019159545 0.551516786908616 163.1 111.027724625921 390 0
1994 12 6.20942756521879 -4.27391113956779 125 130.868118626632 390 0
1995 1 3.57210858136328 -5.05321937588103 143.5 102.199007234012 390 0
1995 2 1.6712640757164 -10.4151260761405 209.8 70.2194872612796 390 0
1995 3 8.17218744271824 -2.46525500625721 301.6 66.7071909701627 390 0
1995 4 13.0628317638746 0.0314180053438122 391.2 60.3973561594101 390 0
1995 5 18.7527318247378 6.25071300745616 461.6 76.1288077302285 390 0
1995 6 25.6803589674265 12.3339636973476 512.7 50.601925546483 390 0
1995 7 28.7672710933984 16.4272321925897 503.7 81.90535476957 390 0
1995 8 27.6821860663173 13.4579007317361 439.3 51.5364377582201 390 0
1995 9 22.022157092321 8.51862045108258 346.6 80.2943175906397 390 0
1995 10 18.7903389659449 5.33410416501218 255.1 213.156713773171 390 0
1995 11 7.60273432015982 -2.14456454401619 163.1 145.113420868044 390 0
1995 12 0.69445897752714 -8.38087953025491 125 66.7904296377573 390 0
1996 1 0.99445822214604 -9.8601127042903 143.5 165.623919380384 390 0
1996 2 1.63500469269763 -8.79979804529279 209.8 75.3033324629978 390 0
1996 3 5.97727309211527 -6.23142854694981 301.6 77.0160162812579 390 0
1996 4 13.3955805007521 1.74316056502777 391.2 177.305897239249 390 0
1996 5 19.2961798904346 6.29194427695668 461.6 101.417671936374 390 0
1996 6 24.9639763953048 13.0944719817527 512.7 67.0165506302477 390 0
1996 7 25.9751725830441 15.2091169556594 503.7 171.119632656355 390 0
1996 8 26.4762497451633 15.0741595156122 439.3 47.2224356941598 390 0
1996 9 21.5962300140129 11.2778834078517 346.6 161.165447908267 390 0
1996 10 15.7413927575153 3.61931908781047 255.1 208.709286611936 390 0
1996 11 7.48676799434731 -2.72833328918121 163.1 84.8935849554507 390 0
1996 12 5.52262166875712 -2.30769968422433 125 186.705121445257 390 0
1997 1 1.19773957324765 -8.8642102476299 143.5 95.3845301878024 390 0
1997 2 4.94068518164067 -5.16034721552274 209.8 53.8735495444714 390 0
1997 3 6.10049782650352 -4.04749283879259 301.6 104.69552219865 390 0
1997 4 12.4850204296402 0.465742376498037 391.2 140.202355477746 390 0
1997 5 17.7224342776449 5.94201339053716 461.6 80.847435296207 390 0
1997 6 25.4074559426652 11.978992384321 512.7 37.1768281655683 390 0
1997 7 27.6950903243554 14.6293118151573 503.7 78.822559648765 390 0
1997 8 26.0018902879769 14.2324645046306 439.3 119.94862709842 390 0
1997 9 21.9852547760432 10.1986513794794 346.6 43.5409300768383 390 0
1997 10 15.7702422872291 3.06531446754973 255.1 47.0733915055597 390 0
1997 11 7.70953232233357 -1.50903330273535 163.1 158.232373315755 390 0
1997 12 4.1280892513208 -5.29675854131682 125 84.5785714641826 390 0
1998 1 3.28122684874063 -5.11303715944166 143.5 134.416748945374 390 0
1998 2 5.47723274737335 -4.2277146949011 209.8 106.429746368286 390 0
1998 3 8.45982432818911 -2.12668034721768 301.6 137.720342454277 390 0
1998 4 15.0917028458272 2.44663798237415 391.2 92.0973217852583 390 0
1998 5 21.9790277326395 9.18010751771876 461.6 122.770334870016 390 0
1998 6 22.794092639217 13.0913128123754 512.7 232.534825028423 390 0
1998 7 27.4414014347896 15.6246640408008 503.7 88.8102996460061 390 0
1998 8 27.5183551856015 15.5660506008849 439.3 69.4370000278779 390 0
1998 9 23.7970642986269 11.2123432263113 346.6 60.1804190984888 390 0
1998 10 16.3179988726434 5.01146463316747 255.1 138.822431842505 390 0
1998 11 9.77308848642998 -0.519932918103121 163.1 60.8617692241498 390 0
1998 12 7.65393438353849 -3.30512603749145 125 37.9749506776066 390 0
1999 1 2.03360926485377 -9.24561821700912 143.5 172.808663926609 390 0
1999 2 4.37067383089035 -6.42176026846955 209.8 83.0838835706444 390 0
1999 3 7.64135842543145 -2.94881404577772 301.6 140.009746299016 390 0
1999 4 15.0858942029154 1.72103791950346 391.2 25.8740226189966 390 0
1999 5 20.7299219424043 7.53847968937187 461.6 95.2124675014492 390 0
1999 6 27.2669225858318 13.5881630029131 512.7 25.783797831122 390 0
1999 7 29.4673337440246 16.7134922733723 503.7 70.6706968912718 390 0
1999 8 26.7008150766246 14.7022800824872 439.3 65.8309102893124 390 0
1999 9 23.8869318372899 12.3767304640137 346.6 239.45980544214 390 0
1999 10 15.8521993971931 2.83316581381884 255.1 115.124476366981 390 0
1999 11 12.8317613476262 1.77793942704047 163.1 74.4060163925247 390 0
1999 12 5.25857504072925 -4.44840613355876 125 60.5178616953915 390 0
2000 1 0.56656149141419 -10.5128979021786 143.5 89.4734766293935 390 0
2000 2 3.74657890534447 -6.78562521162552 209.8 82.3861318388687 390 0
2000 3 10.7618804364384 -1.14280478986109 301.6 108.74577135766 390 0
2000 4 12.656076873156 2.34328622844423 391.2 150.492410552088 390 0
2000 5 19.6379570206864 7.43988463229908 461.6 98.9155175023187 390 0
2000 6 24.4543238546046 12.4570369545945 512.7 143.038671820901 390 0
2000 7 25.2540963055348 13.9417778353638 503.7 130.345927401113 390 0
2000 8 24.9103304712589 14.1293929079395 439.3 77.8776512198427 390 0
2000 9 22.2634477517555 10.1036003484135 346.6 89.1444227516345 390 0
2000 10 16.5189364325742 3.72344471264425 255.1 53.898082646483 390 0
2000 11 9.07308954327156 0.00375846173930301 163.1 97.7842840537972 390 0
2000 12 1.39103671990434 -8.7713159038959 125 114.436709918973 390 0
2001 1 1.14233316909588 -10.3680108690043 143.5 52.2256407905114 390 0
2001 2 2.98659062089751 -8.03454991715649 209.8 73.9591119778532 390 0
2001 3 4.54035137487297 -4.25059882938818 301.6 206.897923474321 390 0
2001 4 14.4003761720022 1.53320400270233 391.2 40.9526200750566 390 0
2001 5 21.402555806537 7.80224632022894 461.6 74.2450407054964 390 0
2001 6 25.8242320876855 13.8558353674666 512.7 154.715615553183 390 0
2001 7 26.2730006766716 13.7979572427945 503.7 74.2014130687011 390 0
2001 8 28.3494797121173 16.34817468434 439.3 83.8835949890078 390 0
2001 9 23.4929384411161 10.7076175350592 346.6 87.4400273512954 390 0
2001 10 18.0562778819984 4.317340093764 255.1 26.3417326609797 390 0
2001 11 12.4999431637418 0.65752390723142 163.1 34.2549299848053 390 0
2001 12 7.22741723124828 -2.66279475189908 125 72.2722050975788 390 0
2002 1 4.67883106317092 -4.72443540306466 143.5 55.8216515817145 390 0
2002 2 6.00424923817309 -5.83491205685538 209.8 59.2159241411949 390 0
2002 3 8.08924346224412 -2.92508036131894 301.6 106.605552969575 390 0
2002 4 15.6788642715371 3.21528031437851 391.2 95.8993112251209 390 0
2002 5 18.6732951109651 6.34788670009298 461.6 130.305866570859 390 0
2002 6 24.1094469737309 11.9521500972716 512.7 127.727107587058 390 0
2002 7 28.0980024346409 15.9275278853968 503.7 55.5163043074214 390 0
2002 8 28.7569419027202 15.9443950446166 439.3 74.6050867761388 390 0
2002 9 24.1228088986467 12.2967806293645 346.6 102.532523643398 390 0
2002 10 14.7813328786651 3.76274720903247 255.1 103.620558672175 390 0
2002 11 8.17227799552455 -0.841004958574038 163.1 143.980808692345 390 0
2002 12 2.75940311329328 -6.6868560258797 125 130.770882784509 390 0
2003 1 -2.47952831949238 -12.1195142969161 143.5 70.8569603925522 390 0
2003 2 -0.410025131500206 -10.6363457579864 209.8 102.766362202288 390 0
2003 3 7.7504796674786 -5.3607839543509 301.6 106.030829806718 390 0
2003 4 11.6572091438483 0.488596694124651 391.2 93.7096296250162 390 0
2003 5 17.8852665655766 6.90527953962695 461.6 106.192865884895 390 0
2003 6 22.9943190318589 12.9314217424315 512.7 142.748806995419 390 0
2003 7 27.4203747803689 16.2838702424233 503.7 64.7470095706612 390 0
2003 8 27.215624933619 16.9204385427568 439.3 125.30381904549 390 0
2003 9 22.4832692117347 11.7930199391937 346.6 151.952374816032 390 0
2003 10 14.9925120030689 3.32003251082686 255.1 153.264754165407 390 0
2003 11 11.0128072837677 0.779690817231613 163.1 70.4245663066884 390 0
2003 12 4.54318953130972 -5.32169014701092 125 141.571442307979 390 0
2004 1 -3.71605234329529 -12.6919403863448 143.5 37.2465272690897 390 0
2004 2 2.56990001293512 -8.27211662336727 209.8 43.8796310648059 390 0
2004 3 7.64199687473945 -2.40028103068003 301.6 51.2962957388137 390 0
2004 4 13.8834708397761 2.46476088392814 391.2 205.987599381953 390 0
2004 5 21.0394883706035 8.71133393836154 461.6 99.9781131642629 390 0
2004 6 23.6918829296238 11.696758596914 512.7 53.3061175074688 390 0
2004 7 25.5983106344393 15.6009397357302 503.7 100.31999703731 390 0
2004 8 25.9731301465084 15.6372336623685 439.3 138.242296877861 390 0
2004 9 22.7610174689222 11.3374017865522 346.6 182.887017787309 390 0
2004 10 15.1821984555511 4.66843613908177 255.1 56.3243721495839 390 0
2004 11 10.4902190485449 -0.770444591688429 163.1 97.4841338675576 390 0
2004 12 3.53862631937176 -6.29143981617781 125 116.0614672023 390 0
2005 1 -0.349199280503395 -10.2309098445336 143.5 124.599395015068 390 0
2005 2 3.48441474231613 -8.31231577489999 209.8 74.6332598181483 390 0
2005 3 4.79769133101945 -5.97431989051929 301.6 124.080725733073 390 0
2005 4 15.919203882327 2.26963251944265 391.2 135.181208967697 390 0
2005 5 16.1088298871549 5.78942266743304 461.6 123.798504576847 390 0
2005 6 26.0505872714449 14.2374963797048 512.7 61.9985642388378 390 0
2005 7 27.5083827688819 16.4916680209413 503.7 86.7135286317908 390 0
2005 8 27.9771846223515 16.5805105014842 439.3 68.2436085016262 390 0
2005 9 24.8601938065158 12.2545437533005 346.6 65.5463570637959 390 0
2005 10 15.3877945666373 6.8039599550964 255.1 382.615442697594 390 0
2005 11 11.3425394838726 -0.291205053593013 163.1 119.759965287072 390 0
2005 12 2.69356582342721 -6.90132275502424 125 116.138727449401 390 0
2006 1 4.93000244476777 -4.8109949177273 143.5 130.272878504269 390 0
2006 2 2.86450370057433 -7.22390901569307 209.8 67.6330484400024 390 0
2006 3 7.34392929989701 -3.89518081415942 301.6 18.0460071052334 390 0
2006 4 15.7086334228252 2.45182715645271 391.2 83.6491219825858 390 0
2006 5 18.6192884794365 8.20308016666727 461.6 225.731251551177 390 0
2006 6 23.8105837628457 14.6979519532188 512.7 241.632782402381 390 0
2006 7 28.4436015374045 17.7531335416336 503.7 90.7157260475718 390 0
2006 8 26.0066752700513 14.7865463476973 439.3 112.383332136614 390 0
2006 9 21.566979856392 10.3725934975581 346.6 67.9537391698684 390 0
2006 10 15.8271348263093 4.18659527484145 255.1 166.400583089165 390 0
2006 11 12.2022213674388 2.4992597654486 163.1 145.959979580049 390 0
2006 12 7.59368623237347 -2.07750107654992 125 58.7327970671114 390 0
2007 1 3.13231424722571 -6.19418509781262 143.5 77.3850312918243 390 0
2007 2 -0.90425141997259 -10.6532169904748 209.8 52.1016382816737 390 0
2007 3 6.88188950956283 -4.98924247831291 301.6 127.126460317463 390 0
2007 4 11.537414098169 1.31312090207865 391.2 207.65119438867 390 0
2007 5 21.686357703872 7.87960708560807 461.6 76.760618288051 390 0
2007 6 24.587801973373 12.8709372213535 512.7 80.732674991386 390 0
2007 7 26.7498075161924 15.6570954279099 503.7 113.706933339324 390 0
2007 8 27.0234350074048 14.895728840835 439.3 41.8896147569495 390 0
2007 9 24.2117066056697 11.0899869934734 346.6 60.7511247082154 390 0
2007 10 18.9180628631347 7.75531713287601 255.1 97.82231584571 390 0
2007 11 8.93501500343578 -1.56563147339411 163.1 88.9458322871211 390 0
2007 12 1.86272769631881 -6.65698054749017 125 128.395008389568 390 0
2008 1 2.80255020377165 -7.29775007908103 143.5 70.1802965207435 390 0
2008 2 2.85289723305167 -6.89063678602898 209.8 220.722938064423 390 0
2008 3 6.40115298596684 -3.96916740670473 301.6 137.428972943954 390 0
2008 4 15.7728837524728 2.35850515215548 391.2 106.280841153577 390 0
2008 5 18.8138033884302 6.22594932459915 461.6 49.7088186263019 390 0
2008 6 25.2068039772392 14.0525049619062 512.7 109.82653270954 390 0
2008 7 27.8416035439167 17.1516389569565 503.7 168.604407419216 390 0
2008 8 25.1695336867975 14.0834385784709 439.3 105.182350666312 390 0
2008 9 22.2547703420464 11.3870790827075 346.6 227.342711698429 390 0
2008 10 15.6617055750111 3.69603162332193 255.1 70.9742670244527 390 0
2008 11 9.07409803181549 -0.387777787312863 163.1 93.0986589926114 390 0
2008 12 4.33204172458474 -5.70419610145035 125 186.418520938258 390 0
2009 1 -2.0050951110571 -12.5892504832348 143.5 90.6522706031691 390 0
2009 2 3.32063655358328 -7.8706257769846 209.8 48.486532154919 390 0
2009 3 7.08881284993317 -3.92436466802336 301.6 76.6279425156379 390 0
2009 4 15.1956309199443 3.0574714082356 391.2 107.693931538583 390 0
2009 5 19.7008715513677 8.13500569154504 461.6 95.1290481808411 390 0
2009 6 21.6065116045154 12.6022043313122 512.7 157.17423440996 390 0
2009 7 24.7685688800006 14.6948263932741 503.7 208.453863034778 390 0
2009 8 27.0697575216173 16.4102276970189 439.3 114.200412266631 390 0
2009 9 21.5902743347462 9.55162210060031 346.6 46.8307568259508 390 0
2009 10 13.909150607945 3.81637218084773 255.1 143.884639247285 390 0
2009 11 12.1370937269885 2.42039954794797 163.1 94.1773501682294 390 0
2009 12 2.98926711722968 -6.30851966366564 125 132.457555320857 390 0
2010 1 1.10571072788179 -8.08475843255069 143.5 86.7690796729545 390 0
2010 2 2.12362273220474 -5.62400852111458 209.8 124.164038714207 390 0
2010 3 10.3050784764277 0.041419798082879 301.6 289.252071412589 390 0
2010 4 16.7338254697977 4.02783927391887 391.2 46.5677180013439 390 0
2010 5 22.3926993536665 8.9206134436795 461.6 69.9945552551263 390 0
2010 6 25.4808213594127 14.1954022338291 512.7 87.8278576740661 390 0
2010 7 29.4127695955609 17.5279969627013 503.7 76.5885406428518 390 0
2010 8 26.8506157666813 15.3750722397377 439.3 98.6035504946433 390 0
2010 9 24.0838362527875 12.4169420198737 346.6 56.8812537909296 390 0
2010 10 16.3050201503208 5.36140720217718 255.1 151.149692701409 390 0
2010 11 9.98025593967893 -0.00753145883817764 163.1 99.6023787856961 390 0
2010 12 2.04608387732897 -6.60911324669336 125 111.564625467598 390 0
2011 1 -0.135211638380475 -10.9585553597923 143.5 95.9292208876655 390 0
2011 2 2.0974480301288 -10.3077318122774 209.8 98.3342375763292 390 0
2011 3 6.88762921385111 -3.35107786707769 301.6 117.111509022158 390 0
2011 4 13.9481604480412 3.30639353830346 391.2 138.111952319929 390 0
2011 5 19.688455787453 9.36910409617238 461.6 102.555728849308 390 0
2011 6 24.1194888460856 12.9570010260703 512.7 135.889062397604 390 0
2011 7 28.7862257725549 16.8557315588651 503.7 57.4862152649268 390 0
2011 8 26.4507474133954 15.7507325433701 439.3 265.009618391855 390 0
2011 9 23.4478173475176 13.3687499237779 346.6 171.422195944217 390 0
2011 10 16.4084083064875 6.5185803005002 255.1 181.787215557405 390 0
2011 11 13.0276750289488 1.3106729671637 163.1 94.5064058316457 390 0
2011 12 7.17316786357115 -3.11571172481016 125 113.114871832388 390 0
2012 1 3.45691044023048 -6.20137174001581 143.5 81.0883414090514 390 0
2012 2 6.05798456983758 -4.7958764295603 209.8 24.5610124443 390 0
2012 3 12.3109566684897 0.864596805946506 301.6 49.4291929003387 390 0
2012 4 15.7469789534009 3.02240713980162 391.2 85.8900438920441 390 0
2012 5 20.7910547247741 10.3133399231266 461.6 107.359429984556 390 0
2012 6 23.7811510386647 12.8952398037814 512.7 125.682480118172 390 0
2012 7 28.9052049753014 16.8644904155694 503.7 69.7603759210273 390 0
2012 8 27.7954226133855 16.2285064146641 439.3 116.556247799206 390 0
2012 9 22.559273287881 11.0481896435059 346.6 118.665404866366 390 0
2012 10 16.8858780174106 6.86180030688403 255.1 127.819898449151 390 0
2012 11 8.74141530322274 -0.984895665330082 163.1 22.7193901177775 390 0
2012 12 5.37887733281892 -2.88457327692237 125 136.328168367169 390 0
2013 1 1.97699115571868 -7.80038854386398 143.5 37.0079621934381 390 0
2013 2 2.17976339881359 -6.67080879067974 209.8 110.618296188558 390 0
2013 3 6.00414300548523 -2.95835904354311 301.6 70.820281652983 390 0
2013 4 14.0908453079606 1.7672344476137 391.2 49.4099587322446 390 0
2013 5 20.6402444665901 7.44179395006348 461.6 122.219179435846 390 0
2013 6 25.0881352907025 13.8040046066713 512.7 237.165834006236 390 0
2013 7 28.6959347953251 19.0422503851149 503.7 105.618742607129 390 0
2013 8 25.8730036973835 14.2214894153103 439.3 86.7337053685582 390 0
2013 9 22.4032636582603 10.2189853631945 346.6 91.9346614724104 390 0
2013 10 17.2233303821663 4.96809086570158 255.1 32.1090582332573 390 0
2013 11 9.65438214346441 -1.66340390380832 163.1 92.5078516880593 390 0
2013 12 2.75008453364751 -6.42160550114347 125 103.263823333768 390 0
2014 1 -0.004962449 -10.637769 143.5 20.16156424 399 0
2014 2 8.217928 -1.8245732 209.8 94.48575795 399.92 0
2014 3 9.198329 -1.9103405 301.6 162.2016627 400.9 0
2014 4 16.828634 4.0220833 391.2 82.37007 402.36 0
2014 5 23.441349 9.449404 461.6 36.7364136 402.9 0
2014 6 27.217993 13.623458 512.7 27.956079 402.35 0
2014 7 29.308582 16.138136 503.7 60.3975108 400.83 0
2014 8 28.057554 15.371525 439.3 87.0293566 398.24 0
2014 9 22.71533 8.262016 346.6 46.492596 397.24 0
2014 10 20.239552 7.2508116 255.1 69.3547965 397.1 0
2014 11 11.852307 0.324059 163.1 102.94701 398.53 0
2014 12 7.178518 -2.4635477 125 29.4060482 399.74 0
2015 1 4.0917053 -6.3262625 143.5 160.1515986 401.63 0
2015 2 8.765843 -3.1877172 209.8 98.46246525 402.55 0
2015 3 12.495679 1.6773318 301.6 120.26636 403.53 0
2015 4 15.940945 3.5430298 391.2 151.39326 404.99 0
2015 5 19.66357 7.956284 461.6 241.127982 405.53 0
2015 6 26.556135 13.215764 512.7 33.923808 404.98 0
2015 7 30.716194 17.978748 503.7 96.1344968 403.46 0
2015 8 28.18364 15.269159 439.3 97.8832533 400.87 0
2015 9 23.37629 11.807689 346.6 147.385284 399.87 0
2015 10 18.424559 5.399228 255.1 124.3349736 399.73 0
2015 11 11.901199 0.7157669 163.1 63.486465 401.16 0
2015 12 5.016688 -5.088403 125 88.609315 402.37 0
2016 1 0.25204578 -10.819279 143.5 89.7566994 404.33 0
2016 2 1.7636368 -7.813765 209.8 61.67962055 405.25 0
2016 3 9.342506 -1.4102508 301.6 77.1130735 406.23 0
2016 4 19.349154 5.4190197 391.2 44.896917 407.69 0
2016 5 21.702003 8.31151 461.6 77.6150565 408.23 0
2016 6 28.096119 14.802321 512.7 48.824433 407.68 0
2016 7 29.97712 16.921251 503.7 89.950902 406.16 0
2016 8 28.016768 15.030044 439.3 117.9268365 403.57 0
2016 9 23.293856 11.322176 346.6 76.082604 402.57 0
2016 10 16.23707 3.5694783 255.1 44.7385552 402.43 0
2016 11 12.994691 2.0770273 163.1 122.246691 403.86 0
2016 12 6.8586893 -2.0862255 125 46.1818811 405.07 0
2017 1 4.631798 -5.383836 143.5 140.743317 407.1 0
2017 2 6.6032114 -4.9203143 209.8 73.46877495 408.02 0
2017 3 12.854748 0.7060839 301.6 36.2999026 409 0
2017 4 19.894535 7.6182055 391.2 71.728269 410.46 0
2017 5 21.305794 8.197523 461.6 152.9164094 411 0
2017 6 26.516441 13.56819 512.7 49.282776 410.45 0
2017 7 29.915651 17.013943 503.7 113.5089397 408.93 0
2017 8 29.09478 17.223038 439.3 106.942932 406.34 0
2017 9 23.972368 11.45908 346.6 32.8167 405.34 0
2017 10 20.393648 6.1778207 255.1 84.579284 405.2 0
2017 11 12.921618 1.7902508 163.1 26.760861 406.63 0
2017 12 6.49212 -2.6160772 125 42.5494127 407.84 0
2018 1 4.2573996 -6.3792114 143.5 50.1454791 409.93 0
2018 2 10.748706 -1.0144072 209.8 87.245715175 410.85 0
2018 3 10.06221 -0.9548854 301.6 115.43284 411.83 0
2018 4 16.16802 3.5791526 391.2 90.768558 413.29 0
2018 5 21.72608 9.090953 461.6 120.8343327 413.83 0
2018 6 27.045242 13.600756 512.7 26.958336 413.28 0
2018 7 30.115944 16.74513 503.7 52.1950658 411.76 0
2018 8 29.533789 15.577741 439.3 34.5034743 409.17 0
2018 9 27.346281 14.207375 346.6 88.57062 408.17 0
2018 10 18.48651 4.511682 255.1 86.743177 408.03 0
2018 11 11.986803 0.63772696 163.1 56.41497 409.46 0
2018 12 8.447535 -1.4467566 125 113.508515 410.67 0
2019 1 5.0940804 -4.795723 143.5 74.161455 412.82 0
2019 2 11.531424 0.23034184 209.8 101.854067025 413.74 0
2019 3 8.494349 -2.8137026 301.6 94.7386536 414.72 0
2019 4 18.92015 5.789321 391.2 115.742919 416.18 0
2019 5 23.284266 10.113488 461.6 177.3649004 416.72 0
2019 6 27.249207 14.3375025 512.7 51.870444 416.17 0
2019 7 28.082361 15.372029 503.7 64.495531 414.65 0
2019 8 28.303741 15.111568 439.3 67.297528 412.06 0
2019 9 25.533667 12.5159025 346.6 81.061014 411.06 0
2019 10 19.359592 6.874834 255.1 144.704776 410.92 0
2019 11 11.994032 0.8075458 163.1 45.95502 412.35 0
2019 12 7.6211596 -2.3022075 125 113.4248367 413.56 0
2020 1 1.2686529 -9.856069 143.5 78.5356914 415.78 0
2020 2 5.831096 -5.4018717 209.8 108.2487342 416.7 0
2020 3 9.271899 -1.4184154 301.6 144.191695 417.68 0
2020 4 16.892595 2.7004461 391.2 73.138884 419.14 0
2020 5 24.459051 10.403305 461.6 80.8122446 419.68 0
2020 6 28.931566 16.236544 512.7 87.236109 419.13 0
2020 7 29.792837 17.13248 503.7 80.864058 417.61 0
2020 8 28.397131 15.511752 439.3 57.059685 415.02 0
2020 9 25.939777 12.882793 346.6 139.38852 414.02 0
2020 10 18.120071 4.860268 255.1 77.5423491 413.88 0
2020 11 11.783513 0.6559703 163.1 165.814719 415.31 0
2020 12 2.6309032 -7.9282107 125 118.0001546 416.52 0
2021 1 -1.6503986 -13.58801 143.5 41.0108455 418.8 0
2021 2 2.425607 -8.636722 209.8 123.386437375 419.72 0
2021 3 8.530801 -3.3968954 301.6 34.2435486 420.7 0
2021 4 16.332598 4.4775095 391.2 230.82411 422.16 0
2021 5 23.10961 10.0040865 461.6 63.6175304 422.7 0
2021 6 26.731522 13.790512 512.7 63.48 422.15 0
2021 7 28.797482 15.899952 503.7 83.6634324 420.63 0
2021 8 27.190866 15.665344 439.3 138.224381 418.04 0
2021 9 23.578447 12.21465 346.6 138.87048 417.04 0
2021 10 15.470172 3.3464134 255.1 130.618407 416.9 0
2021 11 10.629703 0.42808503 163.1 148.470282 418.33 0
2021 12 3.6310716 -8.729929 125 81.1897378 419.54 0
2022 1 -2.5296466 -13.802839 143.5 38.24718 421.86 0
2022 2 3.5517209 -7.021633 209.8 59.986954 422.78 0
2022 3 9.910927 -1.454093 301.6 80.7882909 423.76 0
2022 4 18.560621 4.970188 391.2 39.459651 425.22 0
2022 5 21.475283 8.491883 461.6 108.9489358 425.76 0
2022 6 25.071728 12.951118 512.7 259.11684 425.21 0
2022 7 28.308937 15.982202 503.7 95.6046696 423.69 0
2022 8 27.521471 14.853071 439.3 74.8376146 421.1 0
2022 9 24.459948 11.504269 346.6 57.231957 420.1 0
2022 10 16.434036 3.0472054 255.1 108.0996319 419.96 0
2022 11 11.516897 0.9419575 163.1 102.535056 421.39 0
2022 12 8.033458 -2.5354726 125 177.907171 422.6 0
2023 1 3.53766 -5.9923587 143.5 212.712514 424.99 0
2023 2 -0.64815676 -12.246919 209.8 58.85042825 425.91 0
2023 3 8.826373 -1.4867641 301.6 88.4942833 426.89 0
2023 4 18.37426 5.304226 391.2 128.22753 428.35 0
2023 5 23.10689 9.579996 461.6 34.7070916 428.89 0
2023 6 27.273443 14.278621 512.7 105.332151 428.34 0
2023 7 28.601776 15.468644 503.7 42.3535268 426.82 0
2023 8 29.342463 16.758232 439.3 50.7691247 424.23 0
2023 9 24.685509 12.398477 346.6 296.25111 423.23 0
2023 10 17.921162 6.718337 255.1 117.2835834 423.09 0
2023 11 8.959025 -0.004505473 163.1 172.2684 424.52 0
2023 12 5.0425825 -3.9900615 125 90.2824036 425.73 0
2024 1 3.7222905 -7.9114757 143.5 117.632538 428.2 0
2024 2 5.97006 -4.6113524 209.8 93.59077535 429.12 0
2024 3 7.7851295 -2.3731954 301.6 48.5517319 430.1 0
2024 4 14.359647 1.9009756 391.2 124.183029 431.56 0
2024 5 20.708347 7.9043927 461.6 125.213185 432.1 0
2024 6 24.073603 11.494087 512.7 100.257102 431.55 0
2024 7 29.121807 16.380697 503.7 64.4929766 430.03 0
2024 8 28.991344 17.743698 439.3 102.1546782 427.44 0
2024 9 23.835258 11.86368 346.6 123.117471 426.44 0
2024 10 17.144491 3.9889414 255.1 68.112704 426.3 0
2024 11 13.868722 3.0777578 163.1 125.81715 427.73 0
2024 12 3.7471817 -5.61396 125 162.7833467 428.94 0
2025 1 2.4202337 -6.9817686 143.5 82.759305 431.47 0
2025 2 6.617727 -4.3691134 209.8 85.888121875 432.39 0
2025 3 8.964465 -1.7922372 301.6 71.9225172 433.37 0
2025 4 14.436199 1.8798816 391.2 195.29976 434.83 0
2025 5 23.151966 8.8889 461.6 34.6345857 435.37 0
2025 6 26.709448 13.430688 512.7 59.874381 434.82 0
2025 7 29.623106 16.701765 503.7 120.2962998 433.3 0
2025 8 27.46251 15.52171 439.3 234.5225392 430.71 0
2025 9 23.403341 10.263421 346.6 98.365773 429.71 0
2025 10 17.10757 4.2541323 255.1 248.866078 429.57 0
2025 11 12.057358 0.8410706 163.1 174.440919 431 0
2025 12 3.4368925 -6.2951274 125 114.416505 432.21 0
2026 1 2.8150604 -8.025924 143.5 111.2691773 434.83 0
2026 2 5.874984 -4.476274 209.8 125.349755875 435.75 0
2026 3 9.682099 -1.4777069 301.6 79.1172948 436.73 0
2026 4 17.789211 5.3141923 391.2 100.945101 438.19 0
2026 5 22.850227 9.572616 461.6 36.8784091 438.73 0
2026 6 26.558285 13.407101 512.7 103.190274 438.18 0
2026 7 28.654722 15.914222 503.7 57.0824731 436.66 0
2026 8 28.812286 15.990753 439.3 31.3181623 434.07 0
2026 9 25.84046 12.215121 346.6 139.25259 433.07 0
2026 10 17.290928 4.5293236 255.1 87.026641 432.93 0
2026 11 10.473668 -0.009809579 163.1 63.852045 434.36 0
2026 12 4.7216845 -3.702446 125 192.6815013 435.57 0
2027 1 0.837892 -8.356453 143.5 22.1603128 438.24 0
2027 2 3.0567262 -8.109662 209.8 88.38605185 439.16 0
2027 3 8.561433 -1.8121613 301.6 123.9090553 440.14 0
2027 4 19.128086 5.5212584 391.2 53.516235 441.6 0
2027 5 21.0685 7.6379876 461.6 57.9665187 442.14 0
2027 6 24.133944 11.512608 512.7 238.478808 441.59 0
2027 7 29.135466 16.635517 503.7 78.8884776 440.07 0
2027 8 29.589502 16.578308 439.3 75.4838158 437.48 0
2027 9 24.39692 12.185165 346.6 258.66348 436.48 0
2027 10 18.514433 6.8418274 255.1 66.6291308 436.34 0
2027 11 11.881196 1.0598226 163.1 108.56004 437.77 0
2027 12 1.3349696 -9.303535 125 145.588462 438.98 0
2028 1 2.3512979 -8.852626 143.5 136.0138082 441.72 0
2028 2 6.671594 -5.618196 209.8 127.35497195 442.64 0
2028 3 8.548137 -1.8122307 301.6 132.057303 443.62 0
2028 4 17.430635 5.203378 391.2 220.298538 445.08 0
2028 5 23.146006 9.659118 461.6 94.415677 445.62 0
2028 6 29.404018 15.416243 512.7 40.254993 445.07 0
2028 7 30.298594 17.228233 503.7 96.2500028 443.55 0
2028 8 29.25641 15.879406 439.3 45.0335078 440.96 0
2028 9 25.845942 11.782568 346.6 58.174542 439.96 0
2028 10 21.218336 6.876601 255.1 56.7920186 439.82 0
2028 11 14.331542 3.678683 163.1 60.736836 441.25 0
2028 12 6.0257735 -4.237169 125 129.460495 442.46 0
2029 1 -0.728331 -13.801159 143.5 130.237262 445.25 0
2029 2 2.2523193 -8.228828 209.8 172.65685275 446.17 0
2029 3 8.624099 -1.6060915 301.6 130.114161 447.15 0
2029 4 18.01633 5.1242137 391.2 71.594223 448.61 0
2029 5 22.27044 9.018238 461.6 71.1618082 449.15 0
2029 6 27.072044 13.934453 512.7 53.96502 448.6 0
2029 7 30.474768 18.897942 503.7 113.3998414 447.08 0
2029 8 29.430805 16.912226 439.3 147.362716 444.49 0
2029 9 24.544329 11.281987 346.6 62.378976 443.49 0
2029 10 20.01169 6.980743 255.1 62.166439 443.35 0
2029 11 13.205692 3.3593714 163.1 78.408195 444.78 0
2029 12 8.082873 -2.241631 125 80.110262 445.99 0
2030 1 3.3267107 -6.5572653 143.5 53.4127613 448.83 0
2030 2 6.444492 -5.797796 209.8 102.749247375 449.75 0
2030 3 7.663345 -3.7999864 301.6 82.1216009 450.73 0
2030 4 18.96503 5.9704347 391.2 89.397477 452.19 0
2030 5 22.10994 8.808824 461.6 85.1319365 452.73 0
2030 6 28.16681 15.626706 512.7 65.238498 452.18 0
2030 7 30.177254 17.24899 503.7 89.7694993 450.66 0
2030 8 29.329935 16.832876 439.3 86.274054 448.07 0
2030 9 28.780367 15.803787 346.6 32.595651 447.07 0
2030 10 18.896158 5.317325 255.1 46.3053076 446.93 0
2030 11 12.983077 1.7794007 163.1 133.16568 448.36 0
2030 12 4.7244525 -4.117046 125 100.2239982 449.57 0
2031 1 3.6062684 -6.145006 143.5 136.7512207 452.47 0
2031 2 3.800358 -7.042138 209.8 71.267227025 453.39 0
2031 3 10.371829 -0.80709076 301.6 48.4380425 454.37 0
2031 4 16.909504 5.318771 391.2 196.19106 455.83 0
2031 5 20.636202 7.821214 461.6 96.607098 456.37 0
2031 6 26.885847 13.6510935 512.7 75.331434 455.82 0
2031 7 28.998575 16.289053 503.7 72.2795752 454.3 0
2031 8 29.220007 17.690826 439.3 158.142005 451.71 0
2031 9 23.461855 11.463904 346.6 143.045541 450.71 0
2031 10 16.670557 4.6273375 255.1 92.1726038 450.57 0
2031 11 11.324263 0.5356627 163.1 210.948858 452 0
2031 12 4.7006907 -4.4996586 125 198.9651765 453.21 0
2032 1 1.3394156 -8.711411 143.5 139.1344852 456.18 0
2032 2 3.1527195 -7.830797 209.8 108.8433741 457.1 0
2032 3 9.388344 -1.5950478 301.6 119.050974 458.08 0
2032 4 17.259104 4.393518 391.2 72.922419 459.54 0
2032 5 22.540096 8.765406 461.6 148.641652 460.08 0
2032 6 24.289125 11.826986 512.7 93.962532 459.53 0
2032 7 27.831686 14.820311 503.7 66.7442524 458.01 0
2032 8 27.893715 15.23068 439.3 88.4267002 455.42 0
2032 9 23.061749 10.598687 346.6 214.66539 454.42 0
2032 10 19.869806 7.4252234 255.1 76.6156475 454.28 0
2032 11 11.378171 1.1636776 163.1 140.645844 455.71 0
2032 12 8.107482 -1.4708701 125 130.949425 456.92 0
2033 1 1.3128972 -10.434634 143.5 60.7750381 459.96 0
2033 2 2.388451 -8.785382 209.8 61.69548575 460.88 0
2033 3 8.714852 -1.495091 301.6 123.1268385 461.86 0
2033 4 17.472279 5.391785 391.2 66.189915 463.32 0
2033 5 22.25508 8.995496 461.6 110.363317 463.86 0
2033 6 26.76736 13.741712 512.7 105.172068 463.31 0
2033 7 29.08629 16.736721 503.7 93.6995925 461.79 0
2033 8 28.325195 16.124529 439.3 132.784904 459.2 0
2033 9 23.971245 12.082074 346.6 214.930215 458.2 0
2033 10 17.10271 5.6826954 255.1 296.208658 458.06 0
2033 11 12.63837 2.0229785 163.1 193.086978 459.49 0
2033 12 5.6430492 -3.5875914 125 114.1688429 460.7 0
2034 1 1.0249934 -11.092119 143.5 61.626016 463.85 0
2034 2 6.5620327 -4.221072 209.8 88.88797525 464.77 0
2034 3 9.5372305 -1.0404817 301.6 74.3374172 465.75 0
2034 4 16.58305 4.779914 391.2 107.73999 467.21 0
2034 5 21.726555 8.288357 461.6 90.726801 467.75 0
2034 6 27.590986 15.381671 512.7 82.167399 467.2 0
2034 7 30.156488 16.917229 503.7 87.5628356 465.68 0
2034 8 28.624302 16.0901 439.3 71.714842 463.09 0
2034 9 23.198233 9.099937 346.6 25.498497 462.09 0
2034 10 19.305038 5.4292502 255.1 138.890137 461.95 0
2034 11 12.892857 3.0617816 163.1 147.08019 463.38 0
2034 12 5.256133 -4.0039306 125 89.0261534 464.59 0
2035 1 2.1437225 -7.774614 143.5 131.8348036 467.85 0
2035 2 8.642475 -3.0064864 209.8 117.7814255 468.77 0
2035 3 9.502533 -1.4403731 301.6 72.571124 469.75 0
2035 4 16.934147 4.7205143 391.2 96.710901 471.21 0
2035 5 22.95687 9.161425 461.6 63.77134 471.75 0
2035 6 27.091553 13.632015 512.7 44.575152 471.2 0
2035 7 30.048992 16.968302 503.7 54.4141791 469.68 0
2035 8 29.710138 16.670881 439.3 54.2374729 467.09 0
2035 9 25.183561 12.129443 346.6 69.059028 466.09 0
2035 10 20.415087 6.1954737 255.1 69.2462004 465.95 0
2035 11 13.799394 2.0706491 163.1 141.05664 467.38 0
2035 12 2.8907154 -8.364763 125 37.8940156 468.59 0
2036 1 6.3689547 -3.226247 143.5 128.032139 471.96 0
2036 2 3.0993435 -7.741397 209.8 113.59310875 472.88 0
2036 3 8.370918 -1.7383072 301.6 135.7085636 473.86 0
2036 4 16.05033 2.1366432 391.2 198.003459 475.32 0
2036 5 22.75526 8.511508 461.6 155.995503 475.86 0
2036 6 27.85377 14.298817 512.7 41.65773 475.31 0
2036 7 30.350359 17.58889 503.7 111.789348 473.79 0
2036 8 29.414442 16.128342 439.3 46.1755757 471.2 0
2036 9 23.96917 10.487244 346.6 52.306371 470.2 0
2036 10 19.568598 5.762639 255.1 63.6322957 470.06 0
2036 11 12.983956 2.0053797 163.1 108.822984 471.49 0
2036 12 7.9206843 -2.1918705 125 98.0004395 472.7 0
2037 1 6.17475 -3.4294126 143.5 105.5629236 476.18 0
2037 2 4.264727 -6.063348 209.8 54.191938275 477.1 0
2037 3 9.973411 -1.2239783 301.6 57.9530244 478.08 0
2037 4 13.880151 3.1670265 391.2 87.165792 479.54 0
2037 5 20.03488 8.004644 461.6 213.8465963 480.08 0
2037 6 25.924923 13.206143 512.7 43.044828 479.53 0
2037 7 30.028784 17.22622 503.7 55.2978589 478.01 0
2037 8 28.817122 14.400069 439.3 61.1886525 475.42 0
2037 9 26.447796 13.171515 346.6 183.79446 474.42 0
2037 10 21.039364 8.723528 255.1 50.1495339 474.28 0
2037 11 11.188377 0.43700856 163.1 116.8416 475.71 0
2037 12 6.616964 -2.7158928 125 140.3802946 476.92 0
2038 1 3.8365917 -6.686547 143.5 227.1244853 480.51 0
2038 2 6.995371 -4.533914 209.8 97.7838833 481.43 0
2038 3 13.110699 2.3586144 301.6 70.0991282 482.41 0
2038 4 17.79758 4.7903895 391.2 73.369602 483.87 0
2038 5 25.15092 11.016265 461.6 93.9992075 484.41 0
2038 6 28.028248 14.628038 512.7 51.936582 483.86 0
2038 7 30.091602 16.822449 503.7 51.2527185 482.34 0
2038 8 31.603842 19.367031 439.3 158.344528 479.75 0
2038 9 27.785864 14.127728 346.6 34.402821 478.75 0
2038 10 20.064396 7.793393 255.1 111.4241804 478.61 0
2038 11 13.333889 2.4807863 163.1 145.229472 480.04 0
2038 12 5.2142563 -5.6105247 125 173.2676087 481.25 0
2039 1 2.5144744 -7.6602597 143.5 24.853351 484.93 0
2039 2 4.597639 -4.6544757 209.8 77.913118625 485.85 0
2039 3 11.225605 -1.1293116 301.6 50.6772934 486.83 0
2039 4 16.850042 5.013232 391.2 242.23929 488.29 0
2039 5 23.55792 9.662761 461.6 28.84103135 488.83 0
2039 6 27.796257 14.310584 512.7 45.583632 488.28 0
2039 7 30.891794 17.367739 503.7 82.1699516 486.76 0
2039 8 31.346167 18.913143 439.3 137.305696 484.17 0
2039 9 27.276236 13.186736 346.6 30.835548 483.17 0
2039 10 18.79356 5.0483594 255.1 96.399615 483.03 0
2039 11 14.173494 3.9727454 163.1 222.65304 484.46 0
2039 12 6.5700226 -1.9153545 125 129.360582 485.67 0
2040 1 1.7441305 -7.9008317 143.5 94.5691332 489.44 0
2040 2 4.357543 -6.6765604 209.8 29.050692575 490.36 0
2040 3 10.091185 -2.1160815 301.6 179.174172 491.34 0
2040 4 14.542272 3.051338 391.2 64.435458 492.8 0
2040 5 24.85241 9.976047 461.6 48.7153499 493.34 0
2040 6 29.451715 15.874765 512.7 39.196035 492.79 0
2040 7 31.35912 18.649782 503.7 102.3900488 491.27 0
2040 8 30.454565 18.165009 439.3 151.1935007 488.68 0
2040 9 27.72798 13.873193 346.6 39.862782 487.68 0
2040 10 21.136286 9.254545 255.1 109.2024228 487.54 0
2040 11 10.667094 -0.09578152 163.1 67.312695 488.97 0
2040 12 4.177269 -5.181605 125 96.7524942 490.18 0
2041 1 5.4216332 -5.495296 143.5 137.4608727 494.03 0
2041 2 5.457381 -5.9030275 209.8 76.027436775 494.95 0
2041 3 9.924658 -0.9511677 301.6 116.181118 495.93 0
2041 4 16.462072 3.779783 391.2 83.1483 497.39 0
2041 5 22.85838 9.768685 461.6 111.74601 497.93 0
2041 6 27.360096 14.366744 512.7 77.40783 497.38 0
2041 7 30.771519 17.489864 503.7 78.322554 495.86 0
2041 8 30.728558 18.616213 439.3 145.624608 493.27 0
2041 9 26.759485 13.1116 346.6 58.380414 492.27 0
2041 10 18.649021 5.600987 255.1 174.028823 492.13 0
2041 11 12.749682 1.7337893 163.1 149.75604 493.56 0
2041 12 5.8470635 -2.9243324 125 80.9880735 494.77 0
2042 1 5.759704 -4.80568 143.5 80.9664727 498.73 0
2042 2 4.427683 -4.9415674 209.8 114.40977105 499.65 0
2042 3 8.141636 -3.5029721 301.6 215.522261 500.63 0
2042 4 18.07204 2.974435 391.2 90.685944 502.09 0
2042 5 23.008673 9.482806 461.6 128.732708 502.63 0
2042 6 26.966267 14.577543 512.7 113.593782 502.08 0
2042 7 29.251663 15.959992 503.7 96.2596283 500.56 0
2042 8 30.008678 16.9925 439.3 30.0207348 497.97 0
2042 9 28.28025 15.879039 346.6 90.686874 496.97 0
2042 10 18.014023 5.0892625 255.1 105.3552515 496.83 0
2042 11 14.252062 3.6529062 163.1 60.379572 498.26 0
2042 12 5.871934 -2.4374318 125 173.4567614 499.47 0
2043 1 4.437524 -3.9024303 143.5 184.666008 503.53 0
2043 2 4.436089 -5.5369935 209.8 120.11213525 504.45 0
2043 3 8.003602 -1.4081002 301.6 233.1086602 505.43 0
2043 4 16.95452 5.759401 391.2 183.70917 506.89 0
2043 5 20.838974 8.794883 461.6 96.0828508 507.43 0
2043 6 28.659601 15.709007 512.7 90.530241 506.88 0
2043 7 31.384441 19.088997 503.7 95.2340274 505.36 0
2043 8 30.503603 17.566654 439.3 69.2418635 502.77 0
2043 9 26.358974 12.610108 346.6 35.76684 501.77 0
2043 10 17.002636 4.51602 255.1 115.618127 501.63 0
2043 11 12.392495 0.63325465 163.1 97.401639 503.06 0
2043 12 4.1711297 -5.2657027 125 26.1358489 504.27 0
2044 1 3.6388617 -5.288039 143.5 92.0497136 508.43 0
2044 2 7.295515 -4.5886064 209.8 111.4412102 509.35 0
2044 3 10.5609 0.7875882 301.6 121.8462037 510.33 0
2044 4 19.286085 6.481894 391.2 83.672856 511.79 0
2044 5 20.927399 8.45874 461.6 112.4048003 512.33 0
2044 6 27.348097 14.948757 512.7 79.971549 511.78 0
2044 7 31.422306 18.413506 503.7 45.766974 510.26 0
2044 8 30.180086 17.446526 439.3 155.379626 507.67 0
2044 9 27.161314 13.642011 346.6 59.069688 506.67 0
2044 10 18.657785 5.7456174 255.1 85.2214428 506.53 0
2044 11 14.330655 4.2475314 163.1 189.820119 507.96 0
2044 12 4.2749 -7.5653286 125 187.9492366 509.17 0
2045 1 2.5905354 -7.796026 143.5 86.7625923 513.46 0
2045 2 8.308585 -3.3848536 209.8 64.627335725 514.38 0
2045 3 11.831698 1.5172158 301.6 87.8633527 515.36 0
2045 4 18.366007 5.6726065 391.2 108.129951 516.82 0
2045 5 22.57408 9.903762 461.6 104.593845 517.36 0
2045 6 28.99241 16.150032 512.7 47.953263 516.81 0
2045 7 31.353613 18.352343 503.7 74.0464915 515.29 0
2045 8 29.659416 17.352175 439.3 248.444044 512.7 0
2045 9 26.399624 12.543342 346.6 24.435801 511.7 0
2045 10 19.82231 7.5816174 255.1 213.9937936 511.56 0
2045 11 12.243758 1.950177 163.1 193.931421 512.99 0
2045 12 4.9961686 -3.8590798 125 167.005153 514.2 0
2046 1 -0.654653 -11.792127 143.5 30.4276284 518.61 0
2046 2 1.0276575 -10.754064 209.8 90.761783625 519.53 0
2046 3 7.664017 -3.1759052 301.6 149.6581265 520.51 0
2046 4 17.512661 5.025707 391.2 90.63342 521.97 0
2046 5 24.669056 10.267149 461.6 41.6883226 522.51 0
2046 6 28.396759 15.220169 512.7 99.689919 521.96 0
2046 7 30.354551 17.79652 503.7 99.2953684 520.44 0
2046 8 29.172228 15.857548 439.3 147.03486 517.85 0
2046 9 23.4484 11.442091 346.6 218.884578 516.85 0
2046 10 17.158352 4.468584 255.1 146.9890234 516.71 0
2046 11 11.75418 2.9677303 163.1 113.60988 518.14 0
2046 12 5.1921096 -4.3438787 125 51.3037042 519.35 0
2047 1 3.9777825 -4.68897 143.5 120.4408156 523.9 0
2047 2 1.3605502 -9.183427 209.8 101.92636725 524.82 0
2047 3 9.944051 -1.2158657 301.6 61.4603272 525.8 0
2047 4 14.812852 2.7499576 391.2 87.199596 527.26 0
2047 5 21.683935 8.483899 461.6 70.7785366 527.8 0
2047 6 29.667286 16.960909 512.7 95.515044 527.25 0
2047 7 30.27252 17.499687 503.7 55.41746 525.73 0
2047 8 31.832296 19.02463 439.3 46.4121026 523.14 0
2047 9 27.705719 13.454857 346.6 31.37751 522.14 0
2047 10 20.285587 7.3722506 255.1 90.609776 522 0
2047 11 12.663408 1.6804289 163.1 71.979402 523.43 0
2047 12 8.636591 -1.7618612 125 78.2506805 524.64 0
2048 1 5.7496495 -2.4092476 143.5 93.8902518 529.32 0
2048 2 1.9499675 -9.816528 209.8 21.9743303 530.24 0
2048 3 10.931347 0.5450481 301.6 220.2720593 531.22 0
2048 4 17.643274 5.155488 391.2 173.61102 532.68 0
2048 5 21.626474 9.111553 461.6 210.666142 533.22 0
2048 6 28.19426 15.023698 512.7 77.923422 532.67 0
2048 7 30.449131 17.810755 503.7 70.2273163 531.15 0
2048 8 29.723394 17.337019 439.3 98.5374308 528.56 0
2048 9 26.61457 14.178641 346.6 180.28827 527.56 0
2048 10 20.79018 7.894646 255.1 103.0637315 527.42 0
2048 11 13.190177 2.0112383 163.1 60.58092 528.85 0
2048 12 5.961845 -3.9107316 125 95.0212558 530.06 0
2049 1 2.1345353 -9.004321 143.5 103.3277275 534.88 0
2049 2 5.1612782 -6.034683 209.8 114.21410025 535.8 0
2049 3 12.386503 1.2816293 301.6 122.2489309 536.78 0
2049 4 17.722218 5.1424522 391.2 75.199155 538.24 0
2049 5 23.775185 10.576034 461.6 74.2095236 538.78 0
2049 6 30.179176 17.508307 512.7 53.801415 538.23 0
2049 7 31.761778 18.546272 503.7 46.0198162 536.71 0
2049 8 31.345512 19.886608 439.3 179.014863 534.12 0
2049 9 26.39096 15.799386 346.6 289.35699 533.12 0
2049 10 17.579763 4.765362 255.1 44.2480763 532.98 0
2049 11 12.814911 2.0667622 163.1 136.67565 534.41 0
2049 12 5.0178146 -4.271315 125 179.4990737 535.62 0
2050 1 1.6581236 -7.6570554 143.5 124.172732 540.54 0
2050 2 3.3635888 -8.168597 209.8 89.86114255 541.46 0
2050 3 8.879949 -1.4922016 301.6 102.6833026 542.44 0
2050 4 15.917537 4.6283193 391.2 200.61372 543.9 0
2050 5 23.343035 10.331858 461.6 87.0219135 544.44 0
2050 6 29.323608 15.880409 512.7 52.012803 543.89 0
2050 7 31.168425 17.974453 503.7 79.965523 542.37 0
2050 8 30.39321 17.551884 439.3 62.7126466 539.78 0
2050 9 26.061478 13.2205925 346.6 49.600497 538.78 0
2050 10 19.612581 6.15339 255.1 94.137328 538.64 0
2050 11 14.129997 2.9313095 163.1 212.620182 540.07 0
2050 12 3.042425 -8.180803 125 138.4625447 541.28 0
2051 1 1.4517878 -7.9736724 143.5 107.2469273 546.32 0
2051 2 6.646356 -4.590245 209.8 128.203359 547.24 0
2051 3 9.186513 -1.3096328 301.6 155.796545 548.22 0
2051 4 17.02994 4.9438076 391.2 96.224934 549.68 0
2051 5 22.74143 9.200152 461.6 72.3151632 550.22 0
2051 6 26.897657 14.282301 512.7 134.34174 549.67 0
2051 7 30.153341 17.435799 503.7 73.7417987 548.15 0
2051 8 29.921486 17.513672 439.3 87.0726884 545.56 0
2051 9 25.130266 10.854685 346.6 31.995711 544.56 0
2051 10 18.951462 5.697643 255.1 92.2164533 544.42 0
2051 11 10.879683 0.34128955 163.1 134.92644 545.85 0
2051 12 6.8854957 -1.9105425 125 93.0049755 547.06 0
2052 1 1.7126182 -7.5177526 143.5 37.4346824 552.21 0
2052 2 2.1261573 -9.652676 209.8 116.39827725 553.13 0
2052 3 8.4375 -2.57213 301.6 95.5152811 554.11 0
2052 4 15.480162 2.4880993 391.2 87.31062 555.57 0
2052 5 23.785112 10.123894 461.6 86.8976562 556.11 0
2052 6 28.472834 14.967418 512.7 36.218535 555.56 0
2052 7 31.682323 18.825922 503.7 92.104844 554.04 0
2052 8 29.950672 17.26147 439.3 45.4314083 551.45 0
2052 9 25.876926 12.571643 346.6 46.539927 550.45 0
2052 10 20.63584 7.954034 255.1 139.9250255 550.31 0
2052 11 15.289091 3.936836 163.1 63.645288 551.74 0
2052 12 5.4950767 -4.348849 125 132.3982317 552.95 0
2053 1 1.769571 -6.6187162 143.5 24.05081215 558.21 0
2053 2 6.6311507 -4.912529 209.8 106.226545525 559.13 0
2053 3 10.523511 -0.16609257 301.6 117.4735607 560.11 0
2053 4 16.997318 5.7928243 391.2 197.447361 561.57 0
2053 5 21.707523 8.738719 461.6 205.979717 562.11 0
2053 6 28.468588 15.354903 512.7 153.072195 561.56 0
2053 7 31.48712 18.666039 503.7 80.9575788 560.04 0
2053 8 30.260765 17.232986 439.3 81.234043 557.45 0
2053 9 25.586344 12.745054 346.6 48.958251 556.45 0
2053 10 20.984112 8.565003 255.1 197.0459913 556.31 0
2053 11 11.651317 1.4708806 163.1 109.84629 557.74 0
2053 12 6.8582835 -1.7054689 125 177.0408946 558.95 0
2054 1 1.1136955 -9.672483 143.5 53.9945724 564.31 0
2054 2 4.533246 -6.2432113 209.8 84.043411 565.23 0
2054 3 8.115798 -2.335261 301.6 152.718648 566.21 0
2054 4 15.633698 3.5483139 391.2 236.465721 567.67 0
2054 5 22.14319 9.466361 461.6 132.3737386 568.21 0
2054 6 27.434078 15.227582 512.7 227.475471 567.66 0
2054 7 31.43874 18.80219 503.7 97.5985183 566.14 0
2054 8 31.056541 19.40057 439.3 52.014373 563.55 0
2054 9 25.820679 13.590757 346.6 175.649085 562.55 0
2054 10 17.839169 4.760102 255.1 58.219767 562.41 0
2054 11 13.969473 3.705488 163.1 175.13658 563.84 0
2054 12 5.8261356 -2.2580223 125 66.114072 565.05 0
2055 1 0.48708314 -10.006533 143.5 46.6576815 570.52 0
2055 2 6.0069604 -4.6735864 209.8 41.28625065 571.44 0
2055 3 8.191011 -2.6588051 301.6 114.4153983 572.42 0
2055 4 18.91543 5.7537756 391.2 57.503823 573.88 0
2055 5 25.272665 10.643883 461.6 33.4804867 574.42 0
2055 6 27.118671 14.572963 512.7 109.045836 573.87 0
2055 7 31.679949 19.45855 503.7 72.019882 572.35 0
2055 8 30.981323 17.904163 439.3 53.3138589 569.76 0
2055 9 25.277744 11.149419 346.6 97.35699 568.76 0
2055 10 19.59364 6.19217 255.1 95.9757024 568.62 0
2055 11 12.957913 2.73733 163.1 191.996769 570.05 0
2055 12 7.921483 -0.21421224 125 178.3010136 571.26 0
2056 1 3.9601858 -4.3227572 143.5 22.60594307 576.84 0
2056 2 3.481015 -7.596262 209.8 86.179780525 577.76 0
2056 3 9.953073 -0.8176864 301.6 98.8221007 578.74 0
2056 4 19.379675 6.377277 391.2 109.482729 580.2 0
2056 5 24.67789 10.927538 461.6 42.0491936 580.74 0
2056 6 28.974325 16.124178 512.7 137.324982 580.19 0
2056 7 31.44195 18.504063 503.7 69.9510195 578.67 0
2056 8 31.372238 18.939632 439.3 99.4736215 576.08 0
2056 9 27.833485 13.624052 346.6 81.19278 575.08 0
2056 10 23.516056 10.448231 255.1 57.6074364 574.94 0
2056 11 12.978875 1.0882732 163.1 82.656375 576.37 0
2056 12 5.4040465 -5.596243 125 35.8862696 577.58 0
2057 1 5.373563 -2.8237116 143.5 103.8815921 583.3 0
2057 2 5.0560555 -5.787219 209.8 75.626450625 584.22 0
2057 3 13.298576 2.6856978 301.6 160.047141 585.2 0
2057 4 19.026695 6.454009 391.2 117.609228 586.66 0
2057 5 22.156067 8.476471 461.6 82.5452283 587.2 0
2057 6 28.807247 16.054985 512.7 203.755089 586.65 0
2057 7 30.291672 17.338314 503.7 74.8310829 585.13 0
2057 8 32.279655 19.215548 439.3 75.596786 582.54 0
2057 9 27.59784 14.302752 346.6 53.940969 581.54 0
2057 10 21.844957 8.28949 255.1 64.6746242 581.4 0
2057 11 13.330774 2.0149548 163.1 94.101048 582.83 0
2057 12 7.265468 -2.230254 125 95.1198513 584.04 0
2058 1 2.3106403 -6.401823 143.5 44.0813118 589.91 0
2058 2 8.778213 -2.913702 209.8 70.167239825 590.83 0
2058 3 10.099716 -1.6732222 301.6 78.0500578 591.81 0
2058 4 18.211205 5.598889 391.2 80.61372 593.27 0
2058 5 24.56835 10.534412 461.6 34.8780814 593.81 0
2058 6 29.700785 16.030195 512.7 47.787222 593.26 0
2058 7 31.460272 18.33057 503.7 69.362903 591.74 0
2058 8 32.31764 19.95214 439.3 227.003018 589.15 0
2058 9 27.616262 14.729975 346.6 57.906774 588.15 0
2058 10 21.23892 7.7868032 255.1 75.8255598 588.01 0
2058 11 11.9075775 0.55800444 163.1 90.973884 589.44 0
2058 12 6.7594476 -2.931125 125 213.9782285 590.65 0
2059 1 3.6354108 -6.6574636 143.5 271.155791 596.65 0
2059 2 7.238418 -4.0543585 209.8 114.840467725 597.57 0
2059 3 13.103752 1.0223408 301.6 115.4595 598.55 0
2059 4 16.447075 5.923569 391.2 262.01184 600.01 0
2059 5 23.772064 10.159623 461.6 136.497743 600.55 0
2059 6 30.406708 17.478672 512.7 61.23828 600 0
2059 7 29.949734 17.22507 503.7 118.8907443 598.48 0
2059 8 30.988617 18.96134 439.3 90.5710725 595.89 0
2059 9 28.94762 16.764244 346.6 82.058715 594.89 0
2059 10 22.206898 8.599093 255.1 72.9832132 594.75 0
2059 11 13.379119 2.94176 163.1 193.338102 596.18 0
2059 12 6.7483573 -1.1155437 125 81.7764841 597.39 0
2060 1 2.8899238 -5.4663343 143.5 115.238904 603.52 0
2060 2 7.074585 -2.6997795 209.8 77.740002625 604.44 0
2060 3 8.455285 -2.247795 301.6 157.111472 605.42 0
2060 4 16.80118 5.1035843 391.2 101.453124 606.88 0
2060 5 24.140156 10.175287 461.6 96.3356868 607.42 0
2060 6 30.014433 16.217863 512.7 34.847112 606.87 0
2060 7 31.207275 17.97571 503.7 102.371641 605.35 0
2060 8 30.202244 17.508274 439.3 170.0203556 602.76 0
2060 9 26.753138 14.668846 346.6 87.928821 601.76 0
2060 10 20.61678 7.074815 255.1 54.4579418 601.62 0
2060 11 13.925423 3.12935 163.1 97.729839 603.05 0
2060 12 8.279383 -1.3297275 125 199.2702475 604.26 0
2061 1 3.1262043 -5.304711 143.5 110.190368 610.52 0
2061 2 5.2441597 -5.425845 209.8 55.145946425 611.44 0
2061 3 11.78176 0.25412714 301.6 72.4796492 612.42 0
2061 4 15.998616 4.898472 391.2 223.752522 613.88 0
2061 5 22.534655 9.174519 461.6 44.0859029 614.42 0
2061 6 27.851978 14.618123 512.7 89.77581 613.87 0
2061 7 31.15844 17.632307 503.7 66.9328347 612.35 0
2061 8 31.512762 18.6913 439.3 80.0527632 609.76 0
2061 9 28.175154 15.195274 346.6 142.729482 608.76 0
2061 10 20.612612 7.629775 255.1 41.6281113 608.62 0
2061 11 14.2211485 3.6062174 163.1 62.403381 610.05 0
2061 12 6.7000103 -1.9060787 125 224.8833465 611.26 0
2062 1 3.6155038 -5.6060467 143.5 60.9119 617.61 0
2062 2 5.129528 -5.6472154 209.8 31.2553819 618.53 0
2062 3 9.552143 -1.357659 301.6 266.322054 619.51 0
2062 4 17.952074 5.841144 391.2 79.522569 620.97 0
2062 5 25.662292 11.156598 461.6 38.366995 621.51 0
2062 6 29.085712 15.517396 512.7 51.656181 620.96 0
2062 7 30.004257 16.842922 503.7 103.2760133 619.44 0
2062 8 30.33742 16.967798 439.3 107.1789877 616.85 0
2062 9 26.719025 13.172746 346.6 29.7994065 615.85 0
2062 10 20.78327 7.51902 255.1 62.0804884 615.71 0
2062 11 13.180212 2.045227 163.1 68.248278 617.14 0
2062 12 7.9808908 -1.8264974 125 83.3024777 618.35 0
2063 1 2.9960685 -6.273469 143.5 128.682798 624.76 0
2063 2 3.667189 -5.212819 209.8 119.496434975 625.68 0
2063 3 8.209436 -1.3255993 301.6 164.577915 626.66 0
2063 4 18.078966 5.9013596 391.2 65.899815 628.12 0
2063 5 23.5496 10.058868 461.6 43.7970728 628.66 0
2063 6 28.390583 15.290698 512.7 117.918864 628.11 0
2063 7 32.74315 19.97333 503.7 64.2409435 626.59 0
2063 8 30.80216 18.37841 439.3 77.2176582 624 0
2063 9 26.034584 11.792916 346.6 131.620845 623 0
2063 10 21.297333 8.2795725 255.1 94.4528894 622.86 0
2063 11 12.733971 3.1430593 163.1 181.3671 624.29 0
2063 12 5.160538 -2.5948248 125 89.8741212 625.5 0
2064 1 5.1515 -4.8266425 143.5 146.135488 631.99 0
2064 2 3.8777041 -5.3933353 209.8 26.946044975 632.91 0
2064 3 13.108538 1.6653537 301.6 55.756476 633.89 0
2064 4 15.455388 4.2839274 391.2 98.633451 635.35 0
2064 5 25.59151 11.161499 461.6 83.9999653 635.89 0
2064 6 28.598427 15.187329 512.7 109.35129 635.34 0
2064 7 32.525013 20.110592 503.7 86.520907 633.82 0
2064 8 32.103203 19.633717 439.3 97.349889 631.23 0
2064 9 28.608555 15.966763 346.6 145.02075 630.23 0
2064 10 21.234451 7.220341 255.1 38.8034254 630.09 0
2064 11 15.6198015 4.263697 163.1 62.610141 631.52 0
2064 12 6.754767 -2.232067 125 173.9218296 632.73 0
2065 1 4.3928385 -6.2561297 143.5 148.921334 639.29 0
2065 2 4.931085 -5.871676 209.8 81.816827925 640.21 0
2065 3 14.607492 1.865298 301.6 43.9095811 641.19 0
2065 4 16.378746 4.2396927 391.2 158.08803 642.65 0
2065 5 24.512217 11.152169 461.6 79.1190525 643.19 0
2065 6 29.404705 15.745742 512.7 78.201813 642.64 0
2065 7 32.77234 19.189095 503.7 41.9630725 641.12 0
2065 8 32.74331 20.499344 439.3 71.960114 638.53 0
2065 9 27.666546 14.38863 346.6 70.557354 637.53 0
2065 10 21.27916 8.1619215 255.1 100.4892745 637.39 0
2065 11 14.422971 3.8121443 163.1 137.2932 638.82 0
2065 12 8.523981 -0.33383524 125 147.2258324 640.03 0
2066 1 3.9256434 -6.1806984 143.5 71.7781502 646.65 0
2066 2 7.052721 -3.7382483 209.8 87.89138305 647.57 0
2066 3 11.893832 0.53019893 301.6 164.092331 648.55 0
2066 4 16.802889 3.9284296 391.2 192.46329 650.01 0
2066 5 22.416069 8.734521 461.6 94.5773823 650.55 0
2066 6 28.410233 15.638598 512.7 103.638432 650 0
2066 7 30.857458 18.001139 503.7 87.8586314 648.48 0
2066 8 29.865276 17.070232 439.3 145.554858 645.89 0
2066 9 26.45539 13.3726 346.6 28.2370521 644.89 0
2066 10 20.223417 7.607944 255.1 151.6983047 644.75 0
2066 11 13.902472 1.7246078 163.1 78.2175 646.18 0
2066 12 7.6424303 -1.1425239 125 133.5319637 647.39 0
2067 1 6.4569244 -3.5600855 143.5 71.3665756 654.1 0
2067 2 4.848961 -4.8404617 209.8 77.8764473 655.02 0
2067 3 12.18186 0.68122655 301.6 95.144332 656 0
2067 4 16.074894 4.4991436 391.2 170.03058 657.46 0
2067 5 20.535692 8.154867 461.6 160.101794 658 0
2067 6 28.671139 15.5646 512.7 57.469014 657.45 0
2067 7 32.27997 19.360931 503.7 88.8164942 655.93 0
2067 8 31.22178 18.423544 439.3 113.6969144 653.34 0
2067 9 27.26451 14.7165 346.6 112.503642 652.34 0
2067 10 21.001066 8.580734 255.1 248.019096 652.2 0
2067 11 15.082716 4.183292 163.1 112.52757 653.63 0
2067 12 7.7397904 -0.47137168 125 162.9929253 654.84 0
2068 1 0.281592 -8.473326 143.5 33.1422457 661.64 0
2068 2 4.8293614 -5.292596 209.8 83.3140412 662.56 0
2068 3 10.757244 -0.4358793 301.6 111.9427825 663.54 0
2068 4 20.977722 7.801475 391.2 106.251219 665 0
2068 5 25.273626 11.790741 461.6 49.8884364 665.54 0
2068 6 28.7467 15.495744 512.7 65.372721 664.99 0
2068 7 32.624138 19.633347 503.7 106.725994 663.47 0
2068 8 30.99458 18.20978 439.3 90.2476309 660.88 0
2068 9 26.093048 12.008887 346.6 162.3939 659.88 0
2068 10 21.177269 8.79519 255.1 153.940854 659.74 0
2068 11 11.890439 1.6952856 163.1 80.410389 661.17 0
2068 12 5.3905616 -3.1560092 125 152.8998244 662.38 0
2069 1 5.5534844 -2.2382908 143.5 51.8829671 669.3 0
2069 2 8.03722 -1.5326207 209.8 122.944437875 670.22 0
2069 3 10.233189 0.58831847 301.6 113.253323 671.2 0
2069 4 20.05583 7.7736754 391.2 190.48494 672.66 0
2069 5 24.804375 11.272746 461.6 36.7850836 673.2 0
2069 6 26.129848 13.673935 512.7 92.3178 672.65 0
2069 7 31.74084 18.43229 503.7 94.4914906 671.13 0
2069 8 31.71804 19.340773 439.3 115.6924774 668.54 0
2069 9 27.115192 14.631189 346.6 75.586266 667.54 0
2069 10 20.615255 7.0190864 255.1 16.9812699 667.4 0
2069 11 15.627022 4.8855147 163.1 152.41893 668.83 0
2069 12 8.715984 0.19403788 125 31.7209422 670.04 0
2070 1 3.899055 -4.8994823 143.5 92.548268 677.08 0
2070 2 7.132103 -3.9850945 209.8 119.11317005 678 0
2070 3 10.614563 0.28583053 301.6 107.4929588 678.98 0
2070 4 17.173407 5.42791 391.2 107.1846 680.44 0
2070 5 24.977442 11.007074 461.6 71.4320755 680.98 0
2070 6 28.640993 15.57377 512.7 68.590179 680.43 0
2070 7 32.66197 19.272947 503.7 47.0914583 678.91 0
2070 8 32.471333 19.236353 439.3 66.2586715 676.32 0
2070 9 26.454264 12.127608 346.6 57.940017 675.32 0
2070 10 23.875668 10.556109 255.1 68.8767858 675.18 0
2070 11 13.425891 2.2389774 163.1 207.80991 676.61 0
2070 12 3.904857 -6.435451 125 112.151707 677.82 0
2071 1 1.5261614 -11.29095 143.5 122.6717833 684.95 0
2071 2 7.7382784 -2.5137777 209.8 65.537110025 685.87 0
2071 3 11.837908 1.3666024 301.6 125.211728 686.85 0
2071 4 19.295729 7.902933 391.2 222.28587 688.31 0
2071 5 21.847855 9.563919 461.6 215.6541784 688.85 0
2071 6 28.828304 15.407088 512.7 58.636032 688.3 0
2071 7 32.333195 20.258636 503.7 145.2356045 686.78 0
2071 8 31.55984 19.088482 439.3 154.456663 684.19 0
2071 9 26.474493 13.690153 346.6 137.274798 683.19 0
2071 10 18.567444 6.1954184 255.1 79.0533015 683.05 0
2071 11 11.918919 1.8062551 163.1 184.086342 684.48 0
2071 12 9.241889 0.36653695 125 187.7066213 685.69 0
2072 1 5.8680453 -4.138678 143.5 178.991582 692.9 0
2072 2 4.961828 -7.3920994 209.8 92.515464525 693.82 0
2072 3 11.64971 0.087471955 301.6 148.9788824 694.8 0
2072 4 22.058332 8.347731 391.2 36.177603 696.26 0
2072 5 26.309305 12.313759 461.6 69.9419148 696.8 0
2072 6 30.415295 17.130827 512.7 62.393982 696.25 0
2072 7 32.379704 20.212717 503.7 134.3749064 694.73 0
2072 8 32.07316 19.350582 439.3 73.7091526 692.14 0
2072 9 31.663376 18.498833 346.6 25.030683 691.14 0
2072 10 21.149618 7.431281 255.1 80.4230799 691 0
2072 11 15.048559 4.7851 163.1 123.590112 692.43 0
2072 12 7.3345337 -1.3288784 125 116.4588842 693.64 0
2073 1 3.239108 -4.8460374 143.5 19.3741878 700.89 0
2073 2 6.923186 -2.4460783 209.8 107.85683325 701.81 0
2073 3 8.897052 -1.817579 301.6 161.928283 702.79 0
2073 4 18.885735 5.9170766 391.2 106.66716 704.25 0
2073 5 26.864635 12.294106 461.6 74.8011865 704.79 0
2073 6 29.041765 15.834781 512.7 101.008809 704.24 0
2073 7 33.804066 20.754686 503.7 93.637515 702.72 0
2073 8 33.570187 21.102043 439.3 78.2529497 700.13 0
2073 9 29.348225 15.685701 346.6 24.393975 699.13 0
2073 10 23.330357 10.1359 255.1 164.352948 698.99 0
2073 11 14.155817 3.2489195 163.1 205.96962 700.42 0
2073 12 10.301441 0.5826092 125 126.589306 701.63 0
2074 1 3.6868012 -6.1648602 143.5 200.3262687 708.93 0
2074 2 4.021388 -6.07919 209.8 59.98412335 709.85 0
2074 3 11.056799 0.44323462 301.6 207.782863 710.83 0
2074 4 18.451265 5.1306715 391.2 220.38285 712.29 0
2074 5 24.237652 10.435902 461.6 29.66196715 712.83 0
2074 6 29.41281 16.426882 512.7 133.67376 712.28 0
2074 7 32.123753 19.195242 503.7 112.6566474 710.76 0
2074 8 29.9629 17.111862 439.3 133.9358813 708.17 0
2074 9 27.221685 14.715828 346.6 77.20314 707.17 0
2074 10 21.421015 7.6838202 255.1 79.3546463 707.03 0
2074 11 13.04348 1.9991943 163.1 121.562418 708.46 0
2074 12 4.3731594 -6.1801624 125 67.4004976 709.67 0
2075 1 2.8854423 -7.507463 143.5 56.1665719 717.02 0
2075 2 5.3711343 -4.7752423 209.8 44.8331003 717.94 0
2075 3 9.423789 -0.54370743 301.6 154.3633716 718.92 0
2075 4 17.753506 5.5712266 391.2 178.566528 720.38 0
2075 5 24.365604 10.947648 461.6 53.6422915 720.92 0
2075 6 29.778374 16.43553 512.7 54.954015 720.37 0
2075 7 33.663857 20.361734 503.7 73.8743206 718.85 0
2075 8 33.393963 19.852985 439.3 38.0455467 716.26 0
2075 9 30.128298 17.503437 346.6 72.80832 715.26 0
2075 10 22.208422 9.056406 255.1 140.3501254 715.12 0
2075 11 12.696105 1.8162358 163.1 151.96305 716.55 0
2075 12 7.2541304 -0.6969834 125 106.409112 717.76 0
2076 1 5.7077317 -2.872944 143.5 58.0057492 725.14 0
2076 2 4.168772 -5.657493 209.8 57.3551501 726.06 0
2076 3 10.735552 0.6996181 301.6 106.2646737 727.04 0
2076 4 21.041565 7.837494 391.2 42.670641 728.5 0
2076 5 27.11391 13.038615 461.6 101.919041 729.04 0
2076 6 30.075432 17.383211 512.7 52.297437 728.49 0
2076 7 34.3803 21.542585 503.7 52.0348361 726.97 0
2076 8 33.315113 20.498253 439.3 90.0078676 724.38 0
2076 9 28.96748 15.670659 346.6 45.696825 723.38 0
2076 10 21.34628 8.321623 255.1 125.552883 723.24 0
2076 11 15.247017 5.2232413 163.1 126.15963 724.67 0
2076 12 8.393111 -0.7447458 125 183.147721 725.88 0
2077 1 2.4084942 -7.7459564 143.5 55.0670887 733.31 0
2077 2 5.3836093 -4.3324018 209.8 100.491804 734.23 0
2077 3 11.654539 0.49575707 301.6 86.3940054 735.21 0
2077 4 15.751074 3.8425426 391.2 240.02151 736.67 0
2077 5 25.075731 11.860707 461.6 51.5760361 737.21 0
2077 6 30.652035 18.189281 512.7 66.888771 736.66 0
2077 7 33.67727 20.439537 503.7 84.836274 735.14 0
2077 8 33.098522 20.69836 439.3 192.9216924 732.55 0
2077 9 28.80145 15.374137 346.6 27.666549 731.55 0
2077 10 21.917562 9.284406 255.1 88.0224664 731.41 0
2077 11 11.240327 0.90138155 163.1 61.18257 732.84 0
2077 12 8.143929 -1.4094497 125 152.302597 734.05 0
2078 1 5.091394 -3.5196803 143.5 76.2120926 741.52 0
2078 2 5.6520653 -3.9096348 209.8 202.26289795 742.44 0
2078 3 10.020337 0.19955884 301.6 143.0471657 743.42 0
2078 4 18.536102 7.41908 391.2 232.322658 744.88 0
2078 5 24.5441 9.9278555 461.6 37.6223657 745.42 0
2078 6 30.301039 17.19494 512.7 59.756496 744.87 0
2078 7 32.753376 19.338242 503.7 48.4720526 743.35 0
2078 8 32.511723 19.930727 439.3 96.8296935 740.76 0
2078 9 26.749104 12.722452 346.6 108.38121 739.76 0
2078 10 21.206919 7.2874575 255.1 203.218175 739.62 0
2078 11 14.172884 2.9836123 163.1 167.451582 741.05 0
2078 12 7.4534874 -1.2657139 125 181.353937 742.26 0
2079 1 3.950177 -5.1808047 143.5 131.0883887 749.8 0
2079 2 8.610603 -1.9286339 209.8 120.59864545 750.72 0
2079 3 10.959423 -0.17400122 301.6 79.7305523 751.7 0
2079 4 19.795048 7.4373264 391.2 206.158446 753.16 0
2079 5 23.203373 10.14774 461.6 243.9472026 753.7 0
2079 6 28.336237 15.699164 512.7 64.788972 753.15 0
2079 7 31.304562 19.207945 503.7 118.7472267 751.63 0
2079 8 32.279305 20.404005 439.3 149.4643207 749.04 0
2079 9 28.031628 14.979988 346.6 66.911544 748.04 0
2079 10 22.189814 8.952949 255.1 86.0902054 747.9 0
2079 11 15.99033 5.439323 163.1 171.35271 749.33 0
2079 12 8.800137 -0.092538245 125 53.5699685 750.54 0
2080 1 7.6262293 -1.1213708 143.5 138.5230753 758.18 0
2080 2 6.8705587 -2.5385015 209.8 64.95977325 759.1 0
2080 3 10.997979 0.6360364 301.6 162.5248563 760.08 0
2080 4 17.712204 6.445591 391.2 207.128619 761.54 0
2080 5 24.175089 11.000569 461.6 105.8109267 762.08 0
2080 6 29.846863 16.5981 512.7 35.541069 761.53 0
2080 7 33.221855 20.172276 503.7 102.6346326 760.01 0
2080 8 31.657524 19.830643 439.3 358.872678 757.42 0
2080 9 27.249338 13.938638 346.6 45.819705 756.42 0
2080 10 21.86177 9.341889 255.1 47.7153581 756.28 0
2080 11 14.277946 2.865505 163.1 141.073779 757.71 0
2080 12 4.674855 -5.9604526 125 26.64482116 758.92 0
2081 1 5.143851 -4.18784 143.5 168.540149 766.64 0
2081 2 9.857604 -0.13578022 209.8 104.377012375 767.56 0
2081 3 10.536772 0.3471548 301.6 51.8160164 768.54 0
2081 4 19.749958 6.8122954 391.2 94.54647 770 0
2081 5 25.984869 12.154729 461.6 121.2253605 770.54 0
2081 6 30.285284 17.281921 512.7 86.956665 769.99 0
2081 7 32.318707 19.382181 503.7 77.6903617 768.47 0
2081 8 31.69325 19.008888 439.3 107.7132076 765.88 0
2081 9 28.462124 15.306297 346.6 24.6718938 764.88 0
2081 10 21.73691 7.278666 255.1 41.7566342 764.74 0
2081 11 17.28582 6.379336 163.1 64.341474 766.17 0
2081 12 7.024957 -2.714422 125 93.17453 767.38 0
2082 1 6.9191318 -1.5356808 143.5 148.8834954 775.17 0
2082 2 6.965678 -2.0443149 209.8 110.3251996 776.09 0
2082 3 7.2509894 -2.4266427 301.6 126.298712 777.07 0
2082 4 20.785461 7.6439104 391.2 72.188322 778.53 0
2082 5 26.333878 11.762572 461.6 80.5305073 779.07 0
2082 6 30.054514 16.93504 512.7 101.580807 778.52 0
2082 7 34.695423 21.892344 503.7 39.939377 777 0
2082 8 34.29958 23.367838 439.3 283.43145 774.41 0
2082 9 28.116152 15.185483 346.6 76.422471 773.41 0
2082 10 19.868439 6.8362093 255.1 98.0951383 773.27 0
2082 11 15.3637085 4.077988 163.1 94.523778 774.7 0
2082 12 8.319818 0.07093618 125 167.065665 775.91 0
2083 1 4.3168015 -4.3780894 143.5 112.3994342 783.75 0
2083 2 5.3272038 -5.2921467 209.8 70.968068 784.67 0
2083 3 9.26517 -1.6185884 301.6 81.5846747 785.65 0
2083 4 19.882322 8.041522 391.2 81.061692 787.11 0
2083 5 21.215694 9.519995 461.6 95.527368 787.65 0
2083 6 29.833998 16.41465 512.7 107.656125 787.1 0
2083 7 33.99277 20.992197 503.7 72.112107 785.58 0
2083 8 32.89681 20.3733 439.3 90.3609793 782.99 0
2083 9 29.261244 15.741666 346.6 30.768249 781.99 0
2083 10 21.808588 9.259646 255.1 211.275199 781.85 0
2083 11 15.573084 5.5909834 163.1 187.532415 783.28 0
2083 12 6.2299304 -2.408859 125 28.6027948 784.49 0
2084 1 2.4982734 -5.9683533 143.5 90.396682 792.37 0
2084 2 5.236703 -4.943784 209.8 27.6892807225 793.29 0
2084 3 11.429646 0.32024792 301.6 84.5868511 794.27 0
2084 4 18.658823 7.1300077 391.2 231.671535 795.73 0
2084 5 24.474712 11.368637 461.6 193.129628 796.27 0
2084 6 29.402363 16.087233 512.7 67.847394 795.72 0
2084 7 33.464783 20.640392 503.7 118.4177277 794.2 0
2084 8 31.06964 17.879784 439.3 165.734432 791.61 0
2084 9 27.568829 13.789588 346.6 161.453031 790.61 0
2084 10 19.312752 6.648151 255.1 54.2302561 790.47 0
2084 11 13.99607 2.9640431 163.1 182.08467 791.9 0
2084 12 9.166302 -0.43719164 125 226.7575507 793.11 0
2085 1 5.1308484 -4.3008604 143.5 85.7435386 801.02 0
2085 2 7.6706076 -2.185635 209.8 85.0087361 801.94 0
2085 3 13.844448 2.7464538 301.6 129.9802596 802.92 0
2085 4 18.411715 5.943981 391.2 224.24175 804.38 0
2085 5 26.009295 12.005688 461.6 91.2881242 804.92 0
2085 6 30.564512 17.44439 512.7 84.330612 804.37 0
2085 7 34.454506 21.283354 503.7 57.6720652 802.85 0
2085 8 34.492413 21.558912 439.3 84.7106217 800.26 0
2085 9 30.846815 18.03841 346.6 58.781979 799.26 0
2085 10 22.998219 9.555653 255.1 91.4955824 799.12 0
2085 11 17.43851 6.936118 163.1 181.530762 800.55 0
2085 12 11.314842 1.4783013 125 198.5322274 801.76 0
2086 1 6.1913958 -3.301987 143.5 147.9793866 809.71 0
2086 2 7.6393414 -3.9367995 209.8 181.128228275 810.63 0
2086 3 8.9902315 -2.2606356 301.6 82.7537498 811.61 0
2086 4 17.174744 4.8474307 391.2 221.33934 813.07 0
2086 5 24.977104 11.180723 461.6 89.6945723 813.61 0
2086 6 30.57322 17.372782 512.7 71.155836 813.06 0
2086 7 34.673275 21.59737 503.7 87.7131918 811.54 0
2086 8 33.489944 20.293406 439.3 58.4773212 808.95 0
2086 9 28.187014 13.968735 346.6 109.873401 807.95 0
2086 10 25.169556 11.918018 255.1 45.6725976 807.81 0
2086 11 13.891376 4.073864 163.1 119.79681 809.24 0
2086 12 9.409775 0.17557976 125 123.8364378 810.45 0
2087 1 2.2560449 -7.016927 143.5 28.04735137 818.42 0
2087 2 7.9956136 -3.4603715 209.8 116.12477205 819.34 0
2087 3 11.435806 0.97160333 301.6 163.3431106 820.32 0
2087 4 21.16026 9.7854 391.2 86.785527 821.78 0
2087 5 24.983181 11.571713 461.6 83.510776 822.32 0
2087 6 30.357576 17.239433 512.7 76.46655 821.77 0
2087 7 33.37528 20.267843 503.7 55.1755794 820.25 0
2087 8 34.26112 20.964672 439.3 141.1475663 817.66 0
2087 9 31.13605 18.9191 346.6 50.901363 816.66 0
2087 10 21.074623 7.801673 255.1 82.0031065 816.52 0
2087 11 14.378416 3.711762 163.1 131.86512 817.95 0
2087 12 8.598693 0.03627766 125 27.65825704 819.16 0
2088 1 5.8111286 -2.7908635 143.5 147.257533 827.16 0
2088 2 5.271236 -4.162214 209.8 174.8893768 828.08 0
2088 3 11.158251 0.85715175 301.6 151.433326 829.06 0
2088 4 18.192 7.324958 391.2 209.35155 830.52 0
2088 5 26.728151 12.997692 461.6 61.6547561 831.06 0
2088 6 31.200195 18.509653 512.7 141.480645 830.51 0
2088 7 34.317673 22.262695 503.7 73.192333 828.99 0
2088 8 33.31848 20.336897 439.3 56.9621838 826.4 0
2088 9 29.194498 15.851394 346.6 40.065603 825.4 0
2088 10 21.801315 8.501378 255.1 59.6311443 825.26 0
2088 11 17.711525 7.438444 163.1 314.45736 826.69 0
2088 12 11.120158 1.9776672 125 286.3532 827.9 0
2089 1 4.9802384 -3.0053952 143.5 97.1735207 835.96 0
2089 2 9.011084 0.058384888 209.8 107.2692615 836.88 0
2089 3 10.489455 1.1128523 301.6 88.9928036 837.86 0
2089 4 19.796068 7.7451105 391.2 117.523155 839.32 0
2089 5 28.411306 13.766318 461.6 35.6489677 839.86 0
2089 6 31.721931 18.38018 512.7 184.10913 839.31 0
2089 7 32.964603 20.523142 503.7 160.7663937 837.79 0
2089 8 33.0283 20.616564 439.3 54.203655 835.2 0
2089 9 28.970152 16.509548 346.6 102.947568 834.2 0
2089 10 22.297247 8.509708 255.1 110.1399775 834.06 0
2089 11 15.581767 5.525419 163.1 150.209442 835.49 0
2089 12 9.307256 0.5719476 125 162.750992 836.7 0
2090 1 6.587826 -2.7677224 143.5 147.4140954 844.8 0
2090 2 5.046595 -4.075677 209.8 94.360681075 845.72 0
2090 3 10.177333 -0.15812862 301.6 110.8494063 846.7 0
2090 4 16.283895 4.7245684 391.2 103.155591 848.16 0
2090 5 25.901722 12.358086 461.6 122.647656 848.7 0
2090 6 29.360405 15.875632 512.7 58.706202 848.15 0
2090 7 34.35482 21.482887 503.7 66.3705722 846.63 0
2090 8 32.627068 20.295732 439.3 130.531638 844.04 0
2090 9 28.251858 16.029526 346.6 131.205339 843.04 0
2090 10 20.643465 8.428566 255.1 172.9310975 842.9 0
2090 11 15.356377 5.031801 163.1 55.377843 844.33 0
2090 12 9.666357 0.7987621 125 149.5755704 845.54 0
2091 1 6.9993834 -2.176394 143.5 155.040641 853.73 0
2091 2 5.9450245 -3.7281754 209.8 45.485921075 854.65 0
2091 3 10.84945 1.4094107 301.6 75.1513997 855.63 0
2091 4 19.501362 6.774717 391.2 52.728627 857.09 0
2091 5 26.343885 12.371051 461.6 135.682257 857.63 0
2091 6 30.1816 17.381104 512.7 58.126707 857.08 0
2091 7 34.79708 22.536901 503.7 110.773385 855.56 0
2091 8 33.03807 21.251959 439.3 152.303775 852.97 0
2091 9 28.351137 14.92419 346.6 25.218963 851.97 0
2091 10 23.75143 10.352597 255.1 85.6031272 851.83 0
2091 11 16.708485 7.089383 163.1 201.775059 853.26 0
2091 12 10.264028 1.7909486 125 119.8692717 854.47 0
2092 1 9.159987 1.3494394 143.5 96.7889905 862.73 0
2092 2 6.2495627 -2.8305743 209.8 115.705898 863.65 0
2092 3 14.535626 4.3427024 301.6 82.625075 864.63 0
2092 4 19.690699 7.5621343 391.2 214.93566 866.09 0
2092 5 29.204952 15.002734 461.6 68.468584 866.63 0
2092 6 33.608063 20.3603 512.7 54.662967 866.08 0
2092 7 34.212692 20.246176 503.7 67.102135 864.56 0
2092 8 34.93889 21.79463 439.3 64.7361902 861.97 0
2092 9 30.763098 18.045284 346.6 41.313 860.97 0
2092 10 23.96484 10.963332 255.1 195.953945 860.83 0
2092 11 13.091966 2.7865534 163.1 180.45324 862.26 0
2092 12 7.7472777 -1.26983 125 180.584517 863.47 0
2093 1 6.277051 -1.8829094 143.5 135.3675574 871.78 0
2093 2 7.0309567 -2.7425053 209.8 110.38916325 872.7 0
2093 3 11.440857 2.1353366 301.6 212.627264 873.68 0
2093 4 16.820448 6.1199903 391.2 101.146881 875.14 0
2093 5 28.158838 14.037937 461.6 79.770657 875.68 0
2093 6 32.32205 18.61773 512.7 64.130472 875.13 0
2093 7 34.22402 21.083513 503.7 68.1927274 873.61 0
2093 8 33.09806 20.167906 439.3 75.2798234 871.02 0
2093 9 30.941286 18.962725 346.6 149.308662 870.02 0
2093 10 22.35488 8.872534 255.1 47.9723388 869.88 0
2093 11 15.807352 6.009974 163.1 143.698998 871.31 0
2093 12 8.942825 1.0496581 125 305.623978 872.52 0
2094 1 7.231147 -0.73140764 143.5 140.869115 880.86 0
2094 2 8.079305 -1.1192045 209.8 73.498073025 881.78 0
2094 3 11.669502 2.0754895 301.6 214.5535265 882.76 0
2094 4 20.286568 8.046332 391.2 115.038192 884.22 0
2094 5 27.67143 13.485075 461.6 51.9468581 884.76 0
2094 6 31.254152 17.97294 512.7 52.867125 884.21 0
2094 7 34.67494 21.51059 503.7 133.5573155 882.69 0
2094 8 33.417786 21.18884 439.3 101.700119 880.1 0
2094 9 26.118145 13.417927 346.6 234.61587 879.1 0
2094 10 21.34764 7.644202 255.1 43.6538342 878.96 0
2094 11 16.12622 5.662336 163.1 190.54638 880.39 0
2094 12 9.608498 1.0981247 125 170.3918565 881.6 0
2095 1 1.5867977 -8.830678 143.5 90.1053626 889.98 0
2095 2 7.0491004 -4.2647467 209.8 180.72512055 890.9 0
2095 3 12.004672 -0.021440545 301.6 257.354467 891.88 0
2095 4 18.263176 8.101944 391.2 244.39761 893.34 0
2095 5 24.603687 11.12953 461.6 159.64969 893.88 0
2095 6 30.39003 17.854204 512.7 196.38795 893.33 0
2095 7 34.95498 21.833073 503.7 48.4449803 891.81 0
2095 8 34.64449 21.65807 439.3 57.4118388 889.22 0
2095 9 28.699335 15.689449 346.6 82.83216 888.22 0
2095 10 23.640434 10.012458 255.1 57.6350915 888.08 0
2095 11 11.915259 1.9027058 163.1 148.987899 889.51 0
2095 12 6.644998 -2.935744 125 121.7370248 890.72 0
2096 1 7.1062245 -5.0841885 143.5 198.1865216 899.12 0
2096 2 10.722116 0.56134033 209.8 199.99805025 900.04 0
2096 3 13.028646 3.658019 301.6 142.4306563 901.02 0
2096 4 19.604097 7.651046 391.2 103.483263 902.48 0
2096 5 24.288094 11.157993 461.6 124.0745457 903.02 0
2096 6 30.895567 17.969965 512.7 215.52471 902.47 0
2096 7 34.488842 21.43396 503.7 61.3993812 900.95 0
2096 8 34.18959 21.223068 439.3 97.912849 898.36 0
2096 9 28.657484 15.797122 346.6 159.766332 897.36 0
2096 10 20.372766 7.623494 255.1 81.1458139 897.22 0
2096 11 14.387374 3.3771496 163.1 198.46671 898.65 0
2096 12 6.8985276 -1.6626129 125 137.6782726 899.86 0
2097 1 6.4978046 -2.3323495 143.5 215.3459454 908.29 0
2097 2 7.9322743 -2.5986793 209.8 96.72971195 909.21 0
2097 3 11.768531 0.67429787 301.6 213.3651167 910.19 0
2097 4 20.914078 9.338862 391.2 170.76447 911.65 0
2097 5 28.8689 14.017699 461.6 27.88802594 912.19 0
2097 6 32.462006 19.708794 512.7 106.83183 911.64 0
2097 7 33.780563 20.214539 503.7 83.3385245 910.12 0
2097 8 36.192356 23.429625 439.3 31.2692722 907.53 0
2097 9 30.776976 17.210592 346.6 126.68055 906.53 0
2097 10 21.294039 8.180689 255.1 91.0924863 906.39 0
2097 11 12.402493 2.30243 163.1 69.784392 907.82 0
2097 12 5.0934057 -4.8725314 125 163.4372855 909.03 0
2098 1 5.727315 -3.794345 143.5 148.220548 917.47 0
2098 2 5.6266294 -4.9629283 209.8 153.206374625 918.39 0
2098 3 11.602563 0.9273901 301.6 246.217872 919.37 0
2098 4 17.607168 5.084126 391.2 91.275186 920.83 0
2098 5 25.202307 12.530884 461.6 79.983255 921.37 0
2098 6 31.047945 17.941006 512.7 47.246061 920.82 0
2098 7 34.437412 20.872492 503.7 67.4161588 919.3 0
2098 8 36.598816 24.70444 439.3 168.440205 916.71 0
2098 9 31.25268 17.956274 346.6 79.124166 915.71 0
2098 10 22.472383 8.886271 255.1 43.1924271 915.57 0
2098 11 17.461283 6.794244 163.1 69.84339 917 0
2098 12 9.502758 2.333147 125 87.7739084 918.21 0
2099 1 6.222048 -3.1703832 143.5 132.8674725 926.67 0
2099 2 6.9278994 -3.271012 209.8 123.419992725 927.59 0
2099 3 10.541177 2.1230032 301.6 223.550362 928.57 0
2099 4 19.546112 7.4858665 391.2 265.94334 930.03 0
2099 5 25.432482 12.691077 461.6 91.9573615 930.57 0
2099 6 30.640966 17.33073 512.7 64.594632 930.02 0
2099 7 34.1105 21.139982 503.7 102.1905018 928.5 0
2099 8 35.69337 23.106655 439.3 106.283562 925.91 0
2099 9 29.0446 17.209087 346.6 240.30285 924.91 0
2099 10 24.336096 11.431441 255.1 40.3351416 924.77 0
2099 11 15.334194 5.04979 163.1 122.588109 926.2 0
2099 12 10.221413 1.0821611 125 105.6576968 927.41 0
2100-2200 1 6.222048 -3.1703832 143.5 132.8674725 926.67 0
2100-2200 2 6.9278994 -3.271012 209.8 123.419992725 927.59 0
2100-2200 3 10.541177 2.1230032 301.6 223.550362 928.57 0
2100-2200 4 19.546112 7.4858665 391.2 265.94334 930.03 0
2100-2200 5 25.432482 12.691077 461.6 91.9573615 930.57 0
2100-2200 6 30.640966 17.33073 512.7 64.594632 930.02 0
2100-2200 7 34.1105 21.139982 503.7 102.1905018 928.5 0
2100-2200 8 35.69337 23.106655 439.3 106.283562 925.91 0
2100-2200 9 29.0446 17.209087 346.6 240.30285 924.91 0
2100-2200 10 24.336096 11.431441 255.1 40.3351416 924.77 0
2100-2200 11 15.334194 5.04979 163.1 122.588109 926.2 0
2100-2200 12 10.221413 1.0821611 125 105.6576968 927.41 0
