Year Month Tmax Tmin PAR Prec CO2 O3
1200-1980 1 2.68870465173008 -6.7066928821985 143.5 96.0773072298028 390 0
1200-1980 2 4.21245248873945 -5.38436220134457 209.8 88.0281201329717 390 0
1200-1980 3 8.18107814775644 -1.75313911680267 301.6 117.572100830131 390 0
1200-1980 4 14.1443654797844 3.4430609752323 391.2 113.232746389271 390 0
1200-1980 5 19.7577713421911 8.58848742263995 461.6 97.9728144193738 390 0
1200-1980 6 24.6425710395986 13.8861639794111 512.7 109.719259621387 390 0
1200-1980 7 27.689209706887 17.1975816148093 503.7 93.7438038001697 390 0
1200-1980 8 26.8303079746634 16.5638895633057 439.3 105.161957058747 390 0
1200-1980 9 23.0267864676578 12.4832788014876 346.6 103.489367727021 390 0
1200-1980 10 17.0124665897976 6.32794048653336 255.1 111.47323000473 390 0
1200-1980 11 11.3904497148665 1.6415047617871 163.1 110.871172413893 390 0
1200-1980 12 5.55944065818471 -3.39834398919907 125 110.295979235112 390 0
1981 1 -1.47428734565398 -12.3901886433128 143.5 26.2554324007085 390 0
1981 2 6.87207259527373 -3.81568825973258 209.8 174.413605089979 390 0
1981 3 7.77705375693288 -2.38262754593577 301.6 21.1498737322804 390 0
1981 4 15.3784236623475 4.24952754671739 391.2 96.8533952249398 390 0
1981 5 20.5507544932723 8.32770512737254 461.6 66.9913700289963 390 0
1981 6 25.486998643245 14.1500803668806 512.7 86.8295517722366 390 0
1981 7 28.3655409152527 17.1044660996821 503.7 93.579851692566 390 0
1981 8 27.043739443018 15.0477853391392 439.3 33.1321282652618 390 0
1981 9 22.0487079124662 11.4905962993833 346.6 95.7630614287673 390 0
1981 10 15.0037065132515 4.43201053099001 255.1 120.442137958965 390 0
1981 11 10.7836741690088 1.40800668302334 163.1 84.7996703227112 390 0
1981 12 3.58733097561748 -3.97055660859983 125 154.6819763158 390 0
1982 1 -0.881881108248943 -11.7359558858107 143.5 127.913857112476 390 0
1982 2 3.4975910433511 -5.25251514281641 209.8 83.9743304177231 390 0
1982 3 7.79240987825308 -2.77524684698868 301.6 66.3797894010667 390 0
1982 4 13.1974719300817 1.24522738392039 391.2 119.931455493332 390 0
1982 5 20.5835888521803 8.4032428848474 461.6 64.9959245394097 390 0
1982 6 21.7147737913713 12.0510239657204 512.7 282.702040248709 390 0
1982 7 28.1088648581005 16.0850843282223 503.7 76.7090467663894 390 0
1982 8 25.1846817346536 14.4766830574729 439.3 79.040566981871 390 0
1982 9 22.5006661237648 11.8464850606397 346.6 77.0664742453736 390 0
1982 10 16.9135310302801 5.33414271551023 255.1 75.319242198954 390 0
1982 11 13.1342912795263 3.08242411036833 163.1 99.7197237433214 390 0
1982 12 7.86520367163305 -1.22346033671228 125 50.7757551656589 390 0
1983 1 3.19266383875984 -5.79547042470994 143.5 118.159992656558 390 0
1983 2 4.4605027571285 -5.12621658901156 209.8 122.284063203731 390 0
1983 3 8.61624116950518 0.262185662992775 301.6 229.216647327214 390 0
1983 4 13.3188339354317 3.58195998821923 391.2 258.548532494489 390 0
1983 5 17.8450192580183 8.07091826335754 461.6 112.37409286064 390 0
1983 6 26.0316075492149 13.5494748682838 512.7 67.9518431219307 390 0
1983 7 29.0240072721027 16.6862488002037 503.7 43.6316079787121 390 0
1983 8 27.3883032454753 16.3795206069894 439.3 96.6448069001461 390 0
1983 9 25.6570864996527 12.8448603062005 346.6 49.0679143407074 390 0
1983 10 16.8365302562843 6.76897259126113 255.1 138.055889809789 390 0
1983 11 12.0468457172893 2.00790764396178 163.1 205.978311523841 390 0
1983 12 4.34868738495723 -4.86965077134222 125 158.438304327966 390 0
1984 1 1.06705769576325 -8.36398199202506 143.5 56.016557879325 390 0
1984 2 6.94053779903029 -2.2928235349458 209.8 157.747002741434 390 0
1984 3 4.55821530782272 -4.2266334330543 301.6 152.884044708724 390 0
1984 4 12.6908671137366 2.93064790790377 391.2 126.446572869589 390 0
1984 5 19.333049633431 7.8874622681838 461.6 173.722115008838 390 0
1984 6 25.820670969064 14.1403202296172 512.7 155.448651320955 390 0
1984 7 26.7246323344185 16.5837192269453 503.7 155.346356835219 390 0
1984 8 27.4523515495994 17.2523133719049 439.3 26.2264551961137 390 0
1984 9 22.1235279676479 10.1896246368892 346.6 48.9337900633613 390 0
1984 10 18.0199161251823 7.62137516583519 255.1 102.954453087718 390 0
1984 11 11.799227702615 1.09111592230058 163.1 61.8431684252251 390 0
1984 12 8.32701846226592 -1.52938678039146 125 80.9788950718753 390 0
1985 1 0.0227731546492771 -9.19091540144626 143.5 30.3682410165341 390 0
1985 2 4.40209627453852 -5.59321925507231 209.8 54.5113232510757 390 0
1985 3 10.14742559232 -1.49802424237157 301.6 66.8889950520451 390 0
1985 4 14.9172761696749 3.7914076271303 391.2 41.981511361954 390 0
1985 5 20.9162649553984 8.54062083835058 461.6 115.945040299753 390 0
1985 6 22.6111678560239 12.0821390285149 512.7 116.821179810304 390 0
1985 7 27.6537271539484 16.3162378997416 503.7 93.4342789932454 390 0
1985 8 26.2155555227803 16.1051255748211 439.3 188.756077273966 390 0
1985 9 23.1998205020039 12.4274520203348 346.6 84.7126841269539 390 0
1985 10 18.0942971154239 6.53526266607885 255.1 51.2407770849709 390 0
1985 11 11.6583457562882 3.36298435961576 163.1 175.872989706933 390 0
1985 12 3.43762047367455 -5.50285997371017 125 36.0016330310392 390 0
1986 1 4.31360102855052 -6.0896503558347 143.5 136.214973287991 390 0
1986 2 1.75320563024976 -6.1312781673135 209.8 87.253952906988 390 0
1986 3 9.3556276438649 -1.98430431488728 301.6 79.5615953015755 390 0
1986 4 14.7097828661666 4.18899646075448 391.2 54.9978492456679 390 0
1986 5 20.612306410714 8.96152546878716 461.6 41.3489873207817 390 0
1986 6 24.2598397985229 12.2525541080076 512.7 131.752522198618 390 0
1986 7 26.3924314815366 16.2965323888811 503.7 141.416026071294 390 0
1986 8 24.9835939022997 15.341587072943 439.3 110.25812040993 390 0
1986 9 21.4901318486855 11.0291033917636 346.6 28.2927632348259 390 0
1986 10 17.3055722412455 6.00433802680814 255.1 74.0826158291529 390 0
1986 11 10.2598448889416 -0.37403425831819 163.1 173.196513215486 390 0
1986 12 5.76037655209483 -2.69539547071418 125 175.182389191228 390 0
1987 1 2.37158468559069 -6.86704593241993 143.5 154.665766633949 390 0
1987 2 3.0904453585448 -7.70783842091051 209.8 20.6199781237976 390 0
1987 3 8.74514440695463 -1.63229199613278 301.6 95.6431216372842 390 0
1987 4 13.7283165692953 4.14144427594886 391.2 249.124944062699 390 0
1987 5 20.1202435256334 8.15851256106494 461.6 57.2756535398159 390 0
1987 6 25.2814661997743 14.2667512238031 512.7 55.9061981830893 390 0
1987 7 27.7797327114237 17.1566279160385 503.7 40.5487914566255 390 0
1987 8 26.2728180316807 14.8447003444645 439.3 96.0024078004167 390 0
1987 9 22.1085028926967 12.5612831938675 346.6 162.836124044693 390 0
1987 10 16.4324826372576 4.44385662240435 255.1 82.9613527056723 390 0
1987 11 11.4136481226923 0.503819709609711 163.1 80.7030847745063 390 0
1987 12 6.0202346442577 -2.6150614515396 125 82.8566017106182 390 0
1988 1 1.41678530935075 -9.08740758719715 143.5 78.4461460888363 390 0
1988 2 4.43152757794954 -5.49573603155286 209.8 122.349952067507 390 0
1988 3 8.87171693703388 -1.98878183509696 301.6 87.4927865207735 390 0
1988 4 12.5834107920168 3.37225088012183 391.2 58.7585146307009 390 0
1988 5 19.3296132194608 8.75073194697472 461.6 87.0888609610866 390 0
1988 6 25.4030295692071 12.7851199124805 512.7 34.8113795281767 390 0
1988 7 28.2559985140894 17.6647864427138 503.7 172.761411986595 390 0
1988 8 28.4979243656917 18.3404861441449 439.3 49.174542373387 390 0
1988 9 22.889636002368 10.9216378805382 346.6 55.9919914880725 390 0
1988 10 14.8495257304518 4.13709609494908 255.1 78.2506139294176 390 0
1988 11 12.2168583983627 1.45421740227764 163.1 215.486602456336 390 0
1988 12 4.76085980464213 -5.38903322766775 125 34.8555444142068 390 0
1989 1 5.14252864890792 -4.85393766084243 143.5 38.0576131267057 390 0
1989 2 3.18750319971535 -5.85519162773142 209.8 72.2285128040861 390 0
1989 3 7.80693993814978 -2.56378027696997 301.6 93.4401518439175 390 0
1989 4 12.9098478927 2.02115160066194 391.2 110.56086593956 390 0
1989 5 20.2724748078257 9.05805325022475 461.6 187.417785114756 390 0
1989 6 24.7532708287454 14.7450156896924 512.7 134.365378226129 390 0
1989 7 27.1426408110135 16.2751024041845 503.7 129.021177584303 390 0
1989 8 26.5356699740753 16.5785978542289 439.3 157.660666203392 390 0
1989 9 23.3769915459397 12.5208705768648 346.6 115.00409817924 390 0
1989 10 18.050174950792 6.0499153339078 255.1 170.00893799648 390 0
1989 11 10.8766280325695 0.85727940355951 163.1 135.467275566037 390 0
1989 12 -1.79632191187891 -11.5434110889623 125 25.9275231170353 390 0
1990 1 6.3732705008977 -2.41937840542911 143.5 135.243593837714 390 0
1990 2 6.50277306248042 -4.50148248311731 209.8 85.6153241367472 390 0
1990 3 9.94596601291178 -1.78479793575753 301.6 59.9656800822226 390 0
1990 4 13.6810283890991 3.28860270659484 391.2 126.293179511169 390 0
1990 5 17.8439485375643 7.63536156878242 461.6 176.86658948421 390 0
1990 6 24.8265548933326 13.5026932456991 512.7 45.5352071034074 390 0
1990 7 27.0079056589033 17.5536627708362 503.7 108.624459348734 390 0
1990 8 27.1255044951551 17.6254766002547 439.3 162.917301980861 390 0
1990 9 22.8230664332344 11.7138374380024 346.6 57.1054971048687 390 0
1990 10 19.5967141048445 8.90703701737973 255.1 162.731656524812 390 0
1990 11 13.1494330703342 2.10143649429452 163.1 63.684467814739 390 0
1990 12 8.31955376055519 -1.24666503567262 125 128.773629351695 390 0
1991 1 3.35765388908493 -6.74036951389687 143.5 80.4376082037071 390 0
1991 2 6.65839304941036 -3.99668419894577 209.8 54.9309761743096 390 0
1991 3 9.56157530714893 -0.141823391645069 301.6 139.141306154283 390 0
1991 4 16.0499958800267 4.17653913695688 391.2 88.2945742447587 390 0
1991 5 23.2796590316199 10.2885876749613 461.6 92.7131481041734 390 0
1991 6 26.323654350105 13.9173764285091 512.7 44.6608753142734 390 0
1991 7 28.2372941257731 16.6179543162794 503.7 71.5091479787805 390 0
1991 8 27.5083691608961 17.0500928140616 439.3 182.473321802711 390 0
1991 9 22.4472937960409 11.46079035312 346.6 162.078505267953 390 0
1991 10 18.029745055803 7.1498257844309 255.1 73.161509320724 390 0
1991 11 10.6468249699415 2.44449711992329 163.1 127.723123939797 390 0
1991 12 6.67132651164945 -2.93754481098739 125 86.1056816612234 390 0
1992 1 3.59666917712 -6.23651628638301 143.5 78.2998247421319 390 0
1992 2 4.43697241394457 -5.06317892747057 209.8 55.9719747180175 390 0
1992 3 6.22757881005885 -3.43613300667873 301.6 101.868444082639 390 0
1992 4 12.1544855326525 1.86719947452304 391.2 71.5602697497615 390 0
1992 5 19.7097043875928 7.02819370674267 461.6 32.8571498876248 390 0
1992 6 24.1873752031284 12.776572542413 512.7 155.901081946282 390 0
1992 7 25.9126979474721 15.2507811647679 503.7 91.9385841504036 390 0
1992 8 25.225380761875 15.2705757303066 439.3 165.790495082774 390 0
1992 9 22.324074872324 12.2967723320438 346.6 102.566082388423 390 0
1992 10 15.453879293598 4.63439106691336 255.1 53.256774900328 390 0
1992 11 9.27886075830787 1.30801435061543 163.1 138.494655061635 390 0
1992 12 4.73809819571054 -3.47023722482327 125 174.91323285727 390 0
1993 1 3.77891609928709 -4.65107559486497 143.5 66.6987434814476 390 0
1993 2 1.26102607256485 -9.10525276272547 209.8 98.8666629189251 390 0
1993 3 5.72812178299783 -3.4801846473916 301.6 177.046590908427 390 0
1993 4 13.6117417167997 3.62462617760378 391.2 130.984876292528 390 0
1993 5 21.2466553177192 9.00372932408719 461.6 25.8375980554487 390 0
1993 6 25.1892020979517 13.230806616336 512.7 56.7599310935915 390 0
1993 7 28.6633953738542 16.6864734738982 503.7 66.874719732081 390 0
1993 8 27.7988760678452 16.4723443546428 439.3 43.7327906511729 390 0
1993 9 22.4540147272044 12.8856074679212 346.6 123.411155928902 390 0
1993 10 15.7315443048765 4.88364513725223 255.1 97.5269598953756 390 0
1993 11 11.7633291544039 0.370321827492928 163.1 97.6773231829709 390 0
1993 12 4.75227381946651 -3.8771746195383 125 156.457466234654 390 0
1994 1 -0.455198048940607 -11.2164316430564 143.5 143.319663989651 390 0
1994 2 1.19744229762405 -8.87733392887976 209.8 78.0803512135456 390 0
1994 3 7.2046887932348 -2.36543025515192 301.6 179.464050246624 390 0
1994 4 15.6514683563324 3.70792246259912 391.2 63.0044977941905 390 0
1994 5 19.2335077601863 7.50291133688873 461.6 101.28055908569 390 0
1994 6 26.0412344690118 15.0469963984228 512.7 76.9655914177545 390 0
1994 7 29.1677840390108 19.3002956942399 503.7 72.0818492485938 390 0
1994 8 26.0867838969877 15.8227272626717 439.3 157.069343519568 390 0
1994 9 22.0019921948542 12.0535998307634 346.6 113.314077622426 390 0
1994 10 17.3297694387117 5.43530071974672 255.1 23.4796771987661 390 0
1994 11 14.0390359801188 3.11348213789326 163.1 120.555989884422 390 0
1994 12 7.61624655793532 -1.75552138626965 125 130.973965670975 390 0
1995 1 5.31866787835554 -2.63243081573023 143.5 96.3480766738415 390 0
1995 2 2.90741513282273 -7.55777575580886 209.8 63.8869685624962 390 0
1995 3 8.7722197301298 -0.682527870960477 301.6 68.7175100096663 390 0
1995 4 13.4992924684984 2.07838263840029 391.2 65.4753313041482 390 0
1995 5 18.4400522134546 7.63473216906634 461.6 77.7554068883397 390 0
1995 6 25.2104902507024 13.6020492538269 512.7 59.5994405593394 390 0
1995 7 28.693465196754 18.1414562224351 503.7 66.7984677590781 390 0
1995 8 28.0853879649197 15.7884867597719 439.3 49.1042646425022 390 0
1995 9 22.4408283401125 11.0591476700536 346.6 86.9534435990964 390 0
1995 10 19.5044156969382 7.71402404168213 255.1 183.125425631809 390 0
1995 11 9.13195689718119 0.0789795529890298 163.1 146.173346225902 390 0
1995 12 2.2035573603472 -6.15808966902899 125 66.2693325443263 390 0
1996 1 2.45187237928627 -7.23737613850733 143.5 162.634140441567 390 0
1996 2 2.90617949672326 -6.34749118839103 209.8 79.2482301200464 390 0
1996 3 6.68014623420182 -4.15682327586852 301.6 82.22299374581 390 0
1996 4 13.5265767186661 3.25779440234866 391.2 169.682699209758 390 0
1996 5 19.3871168276718 7.69565769968002 461.6 86.3192850367224 390 0
1996 6 24.7957161057646 14.2900287610987 512.7 63.365499147393 390 0
1996 7 25.9307781011965 16.4461567025696 503.7 141.958226664689 390 0
1996 8 25.9847463996942 16.4436005056248 439.3 74.1873476175304 390 0
1996 9 21.8759277030747 13.0236985084576 346.6 194.737523538497 390 0
1996 10 16.4396539994391 5.39867194794915 255.1 217.161935432405 390 0
1996 11 8.4700878442045 -0.685575475070868 163.1 78.4804277551813 390 0
1996 12 7.11504437607692 -0.352221049178631 125 183.423285207468 390 0
1997 1 2.81057100512117 -6.70006427948896 143.5 97.5549389751938 390 0
1997 2 6.24611157249293 -2.7805719288692 209.8 55.4376890616487 390 0
1997 3 7.41360131604785 -1.97900315205699 301.6 112.28915309548 390 0
1997 4 12.8053896634525 2.22949787618306 391.2 145.873543809682 390 0
1997 5 17.6713398057395 7.27009630131162 461.6 82.1308998472043 390 0
1997 6 24.7848999441873 13.064868631256 512.7 43.0723986660969 390 0
1997 7 27.9245646493253 16.3832493323193 503.7 75.2256365876495 390 0
1997 8 25.9696874106485 15.7249767611605 439.3 132.680594535768 390 0
1997 9 22.4608681864909 12.2822921452504 346.6 33.813424459611 390 0
1997 10 16.6578988443311 5.1257122442264 255.1 49.568330926092 390 0
1997 11 9.1612433733687 0.524332170865939 163.1 163.680425049037 390 0
1997 12 5.50594445423793 -3.30448795673436 125 90.7208914959292 390 0
1998 1 5.25162053927553 -2.63614547045828 143.5 152.197469170547 390 0
1998 2 6.33740343561947 -2.07737799149829 209.8 141.450680192142 390 0
1998 3 8.9513093222597 -0.278833066966503 301.6 150.732042507931 390 0
1998 4 14.7100939997229 3.94068765833508 391.2 121.835141760401 390 0
1998 5 21.3048161040449 10.1216235598443 461.6 131.373853072427 390 0
1998 6 23.035365084601 14.0722434436619 512.7 201.681952881751 390 0
1998 7 27.4012379949913 17.0302592688342 503.7 87.9435984773135 390 0
1998 8 27.4237944606222 16.953672139889 439.3 91.7805332875136 390 0
1998 9 24.0756671017675 13.079263027492 346.6 65.25180667348 390 0
1998 10 16.9926526282009 6.74282073000694 255.1 121.636352811995 390 0
1998 11 11.0127898757341 1.04588069090403 163.1 56.9346195317283 390 0
1998 12 8.66423451528828 -1.29090041404706 125 36.6443533307639 390 0
1999 1 4.04545208083391 -6.41246221966157 143.5 174.862346918772 390 0
1999 2 5.22953483273562 -4.32519164060399 209.8 104.473554579997 390 0
1999 3 8.32965499193924 -1.34383208686622 301.6 142.484110435948 390 0
1999 4 15.1100722455954 3.19375003950502 391.2 36.124861096872 390 0
1999 5 20.2892034121933 8.74611566977676 461.6 100.223703326582 390 0
1999 6 26.5880794738553 14.8623680634574 512.7 13.8648103356 390 0
1999 7 29.7089847803678 18.3418618822487 503.7 59.7771799733301 390 0
1999 8 26.7717348375675 16.6091687656318 439.3 70.639757779704 390 0
1999 9 24.0089107608449 13.882181075452 346.6 210.114764564281 390 0
1999 10 16.7099251761702 5.17759231206524 255.1 137.621193783653 390 0
1999 11 13.4458833228223 3.45483173563736 163.1 73.756048288114 390 0
1999 12 6.712384152668 -2.41622967238415 125 66.2526343320257 390 0
2000 1 2.19512927596469 -8.0032818533548 143.5 92.655467583577 390 0
2000 2 5.00407943626617 -3.99638617514894 209.8 84.0564594886408 390 0
2000 3 11.0995380296126 0.569056281720355 301.6 121.407981996098 390 0
2000 4 12.736243388234 3.74804436858513 391.2 145.927252763156 390 0
2000 5 19.6819002626672 8.80552992957964 461.6 98.7558889247541 390 0
2000 6 24.4452712187078 13.7832202486404 512.7 128.838554726334 390 0
2000 7 25.3961524638142 15.3869325172783 503.7 122.494796880045 390 0
2000 8 25.1265603052559 15.8900869846767 439.3 94.913196036435 390 0
2000 9 22.7409743133348 12.1351948234375 346.6 95.559958211635 390 0
2000 10 17.2675616588717 5.71086101286236 255.1 41.5014797429858 390 0
2000 11 9.93848034571647 1.60702109946639 163.1 100.161031806256 390 0
2000 12 2.72250218621828 -6.54301765304766 125 111.821339570083 390 0
2001 1 2.48058729969925 -7.23067457019796 143.5 72.0331870065189 390 0
2001 2 4.58681472150681 -5.23264021189236 209.8 65.5448432248418 390 0
2001 3 5.71219268645802 -2.07503726378 301.6 247.914668983386 390 0
2001 4 14.2480585744044 3.17826976023765 391.2 49.2246097215516 390 0
2001 5 21.0444316302846 9.1477550763495 461.6 94.8705547546311 390 0
2001 6 25.719760003252 15.0837220010893 512.7 144.21619856577 390 0
2001 7 26.0626938562995 15.0352548496247 503.7 73.6529489487388 390 0
2001 8 28.0709404300092 17.9373221281428 439.3 109.640592955884 390 0
2001 9 23.5465346134347 12.5804488683302 346.6 78.4431241045582 390 0
2001 10 18.2955574727644 6.65299349296421 255.1 34.7204275743269 390 0
2001 11 13.5965613373022 2.64069898505855 163.1 26.5512164341131 390 0
2001 12 8.7302934570503 -0.454360720833958 125 74.4996009358585 390 0
2002 1 6.02702532610753 -2.83552518538689 143.5 68.5921778965898 390 0
2002 2 7.21794965179091 -3.66251973426921 209.8 51.9798792140684 390 0
2002 3 9.1735545728774 -1.07659396594499 301.6 119.064376730583 390 0
2002 4 15.7577215136833 4.70618379368849 391.2 99.2524877382286 390 0
2002 5 18.6417861570795 7.6433190988421 461.6 131.131290863428 390 0
2002 6 24.0578496497151 13.1114886187763 512.7 118.1761764026 390 0
2002 7 28.2203992570739 17.2195594613156 503.7 44.1350921225555 390 0
2002 8 28.407491083222 17.4526405656818 439.3 68.9442710534751 390 0
2002 9 24.0853633381585 13.9279455320588 346.6 133.302059582256 390 0
2002 10 15.7515306524837 5.94528457847528 255.1 107.387012008356 390 0
2002 11 9.68081390918224 0.969594105751818 163.1 158.200838230381 390 0
2002 12 4.12109887255021 -4.41534571764486 125 145.472949458313 390 0
2003 1 -0.562865626533235 -8.7289102287703 143.5 70.0663752101492 390 0
2003 2 0.853251297675012 -8.15190104818038 209.8 117.615584648664 390 0
2003 3 8.38923384566808 -3.20665099866848 301.6 129.746450079404 390 0
2003 4 11.5496538783377 1.96126020290266 391.2 121.510161643796 390 0
2003 5 17.5932597473574 7.53473791507603 461.6 95.2794831475837 390 0
2003 6 22.5029925525825 13.4958420326354 512.7 169.267595399261 390 0
2003 7 27.3916725236762 17.4362325966579 503.7 74.8394186992182 390 0
2003 8 27.5231200187259 18.5186656682477 439.3 131.984514090764 390 0
2003 9 22.983261046436 13.6301413862488 346.6 133.355234173769 390 0
2003 10 15.7757625268663 5.37100686073592 255.1 151.070418214674 390 0
2003 11 12.1131310585759 2.69915481782538 163.1 75.9032602647118 390 0
2003 12 5.93044233506191 -3.09315723391312 125 149.425133270758 390 0
2004 1 -2.1163984148475 -10.5199730811176 143.5 48.4161825022956 390 0
2004 2 3.72716841460031 -5.93762928976984 209.8 55.2358196161666 390 0
2004 3 8.01030101259521 -1.09016010323857 301.6 65.3375912296426 390 0
2004 4 13.8406411278623 3.80522932927344 391.2 201.433688984269 390 0
2004 5 20.7032792024644 9.66645492292171 461.6 78.5491417609462 390 0
2004 6 23.7537593671353 13.0302369115384 512.7 48.6667012567334 390 0
2004 7 25.7882911111618 16.7674708510411 503.7 96.22939712478 390 0
2004 8 25.8345138737568 16.8353816854219 439.3 136.707780685315 390 0
2004 9 23.201053312114 13.1292919302781 346.6 192.558216782728 390 0
2004 10 15.7175264920565 6.60459746178664 255.1 55.9985687294983 390 0
2004 11 11.5011720099686 1.055552050106 163.1 107.371971094648 390 0
2004 12 5.59133916627162 -4.00755040062125 125 119.270235668273 390 0
2005 1 1.33087222731519 -7.53886398382458 143.5 137.081846133932 390 0
2005 2 4.14224521098946 -5.74032089500784 209.8 71.0772379369716 390 0
2005 3 5.46929518145634 -4.07914798107162 301.6 139.03055704999 390 0
2005 4 15.4458149500079 3.45893236066278 391.2 118.830103523882 390 0
2005 5 16.1170467865906 6.71169228902607 461.6 121.597423846785 390 0
2005 6 25.5156114444077 14.9148492462413 512.7 45.2780421047915 390 0
2005 7 27.4107432903952 17.5914903663858 503.7 69.9150223442274 390 0
2005 8 28.4248816487733 18.1020396810894 439.3 74.2970270276955 390 0
2005 9 25.3353383820234 13.9949525376413 346.6 79.0975593416923 390 0
2005 10 16.2577026329248 8.29955416559923 255.1 349.522799876746 390 0
2005 11 12.7231812704125 1.87123602881681 163.1 119.42133770356 390 0
2005 12 4.14736583406399 -4.58919461445973 125 111.185874548855 390 0
2006 1 6.42374230552743 -2.54399979796535 143.5 144.695025261645 390 0
2006 2 4.09366774575892 -5.1545946667947 209.8 66.5797857737678 390 0
2006 3 7.87577231187742 -2.30756909530073 301.6 16.5845150244314 390 0
2006 4 15.3564885573277 3.75232776539397 391.2 97.1002270309827 390 0
2006 5 18.7831318910487 9.10329110096415 461.6 199.199036857173 390 0
2006 6 23.7882843250529 15.3330751344896 512.7 252.720752337191 390 0
2006 7 28.2700167834115 18.909357857557 503.7 75.5465173617239 390 0
2006 8 26.5961327744051 16.4108892486694 439.3 118.164743935051 390 0
2006 9 22.0555490331314 11.9115855992444 346.6 71.7770629847861 390 0
2006 10 16.6516366678446 5.86554794123839 255.1 150.777155999362 390 0
2006 11 13.1360076358361 4.31883779743235 163.1 159.346135157366 390 0
2006 12 8.97667347298925 -0.267679020820749 125 57.1106761999664 390 0
2007 1 4.86004014637474 -3.79844132132202 143.5 88.0081007565382 390 0
2007 2 0.565627556611468 -8.13115059500514 209.8 54.7604691478934 390 0
2007 3 7.88331558593608 -3.00424090441518 301.6 147.877064181803 390 0
2007 4 11.9028982405466 2.48397232435673 391.2 216.429891506611 390 0
2007 5 21.3460854736778 8.87797502666147 461.6 61.8777835509457 390 0
2007 6 24.5546451185628 14.0976745526188 512.7 78.0619549303456 390 0
2007 7 27.1248194597688 17.0274298803783 503.7 101.685820595896 390 0
2007 8 27.0847955300383 16.4899192757491 439.3 43.4721040577025 390 0
2007 9 24.4807088053086 13.0176673942551 346.6 48.70419585125 390 0
2007 10 19.6482155212918 9.78963120983629 255.1 83.1173323304169 390 0
2007 11 10.3364792653763 0.288334678629499 163.1 89.3128376082189 390 0
2007 12 3.82399457875148 -4.19927939774838 125 132.7758348635 390 0
2008 1 4.38892577724834 -4.91327518467182 143.5 72.7913857905104 390 0
2008 2 4.6004967505029 -4.81213980747328 209.8 187.331400940316 390 0
2008 3 7.81530153336665 -1.98320244696036 301.6 137.160501068617 390 0
2008 4 15.4704942866435 3.69470374432995 391.2 102.978329279008 390 0
2008 5 18.3907542401111 7.39055401987131 461.6 63.3000232226022 390 0
2008 6 25.6591219383618 15.1601327823008 512.7 88.7371369331768 390 0
2008 7 28.2916686096445 18.5407240702441 503.7 129.882529818261 390 0
2008 8 25.6877879759279 15.2543208842197 439.3 91.2708588556903 390 0
2008 9 22.8089226331228 13.2184107375058 346.6 222.907446987081 390 0
2008 10 16.2396911668797 5.40372480976875 255.1 67.5213397995144 390 0
2008 11 10.1648102834105 1.02410642269028 163.1 100.317041440872 390 0
2008 12 6.30493907508314 -3.34468093499009 125 188.448832527796 390 0
2009 1 -0.216187894859199 -9.7167233426879 143.5 97.6637913408624 390 0
2009 2 4.66557064257577 -5.52181383650891 209.8 45.5459775808865 390 0
2009 3 7.6410500691996 -2.07566677837649 301.6 77.0444090308443 390 0
2009 4 15.1624069011547 4.21992954727177 391.2 119.76933042514 390 0
2009 5 19.2699826337677 9.33029484319726 461.6 87.4425995743361 390 0
2009 6 21.6847634126821 13.3490201223473 512.7 139.288370496219 390 0
2009 7 25.4186822698065 16.0030726527852 503.7 194.391072173646 390 0
2009 8 27.3125404547549 18.088998225798 439.3 114.923647474192 390 0
2009 9 22.0573141390035 11.3861434443462 346.6 67.3104155410174 390 0
2009 10 15.0503244591302 5.67315647987605 255.1 167.052550620529 390 0
2009 11 12.9738371528104 4.58225034012531 163.1 80.3432313832031 390 0
2009 12 4.53085547435544 -4.3382095933855 125 148.972855025822 390 0
2010 1 2.17060108734868 -6.2707869937719 143.5 89.4082244622112 390 0
2010 2 2.94473875947977 -4.16310958409067 209.8 123.52365406275 390 0
2010 3 10.8388216730294 1.5264574475438 301.6 339.421081951167 390 0
2010 4 16.7536370559974 5.31683838977939 391.2 48.6646891043278 390 0
2010 5 22.0884999099841 10.0912980267646 461.6 69.6391726756668 390 0
2010 6 25.8180405354594 15.5655257313918 512.7 79.7192629457846 390 0
2010 7 29.7176567631898 18.9010253273497 503.7 84.0830888737521 390 0
2010 8 27.1283155586567 16.8719017023892 439.3 100.792153365247 390 0
2010 9 24.472605665231 14.1177300557045 346.6 71.3104266469887 390 0
2010 10 17.3047721282616 7.48521533098651 255.1 132.964064416013 390 0
2010 11 11.0495137730654 1.69750991153325 163.1 96.1485846025379 390 0
2010 12 3.13595021624407 -4.8383933884316 125 111.797935072067 390 0
2011 1 1.20572280475809 -8.45781617027979 143.5 106.839310588779 390 0
2011 2 3.68144091626116 -7.50701863821774 209.8 103.951557232534 390 0
2011 3 8.15770931477373 -1.59515684407187 301.6 97.6641585553114 390 0
2011 4 14.1482437688656 4.71801724887268 391.2 149.100897174 390 0
2011 5 19.6056194225447 10.2735587394764 461.6 96.3296042316289 390 0
2011 6 24.2956142434739 14.2380490516205 512.7 132.721365047464 390 0
2011 7 28.7990811933743 18.1912028991304 503.7 68.1267468410092 390 0
2011 8 26.8885119348282 17.3562371693809 439.3 224.799460929309 390 0
2011 9 23.89661934944 14.8007275835183 346.6 167.670570322878 390 0
2011 10 17.6728198649487 8.22912446813563 255.1 187.791968651611 390 0
2011 11 13.8480502543141 3.23365055092703 163.1 100.576307008159 390 0
2011 12 8.6099251698911 -1.35916465292099 125 106.009858798224 390 0
2012 1 5.38392299964809 -4.04451599777169 143.5 86.0022081755775 390 0
2012 2 7.3333089061813 -2.90967923053042 209.8 28.8019728250663 390 0
2012 3 12.5847752160011 2.19252308300728 301.6 44.7029006379277 390 0
2012 4 15.9490325233579 4.43816212419787 391.2 77.5494894360423 390 0
2012 5 20.3740339172603 11.1971112400487 461.6 117.794311489713 390 0
2012 6 23.8994505473447 13.7907181704527 512.7 105.028817550351 390 0
2012 7 28.9408568772053 18.1787262549475 503.7 82.3437067627445 390 0
2012 8 27.7648216194641 17.6683130464368 439.3 115.416613530852 390 0
2012 9 23.1166113654995 12.7970697751232 346.6 118.118401942198 390 0
2012 10 17.6712432066964 8.4703076139637 255.1 110.77451730949 390 0
2012 11 9.69759727029934 0.715589909391622 163.1 38.6765525935933 390 0
2012 12 7.22576787546255 -0.807290019118971 125 150.176675931661 390 0
2013 1 3.45581478534967 -5.46127315035209 143.5 42.6028692366507 390 0
2013 2 3.27583851600195 -4.86020109608403 209.8 135.578190411302 390 0
2013 3 6.83908091134325 -1.20930776714306 301.6 90.3341840812055 390 0
2013 4 14.2083501641652 3.25152497868552 391.2 52.5768564187618 390 0
2013 5 20.3973244637479 8.56073109803468 461.6 102.818538476641 390 0
2013 6 25.1642828722062 14.9013739387408 512.7 262.019105934121 390 0
2013 7 28.8155019489153 20.4107573689701 503.7 87.0389475733997 390 0
2013 8 25.9948467305891 15.6037182630602 439.3 77.7460966364521 390 0
2013 9 22.7953820252963 11.7317875663618 346.6 68.0192802193233 390 0
2013 10 18.1551178692188 6.82503987997427 255.1 25.8311178554975 390 0
2013 11 10.8363957106124 0.316198859276481 163.1 106.190577862926 390 0
2013 12 5.00072024490278 -3.74014074732837 125 112.566417855755 390 0
2014 1 1.416785309 -9.087407587 143.5 78.44614609 390 0
2014 2 4.431527578 -5.495736032 209.8 122.3499521 390 0
2014 3 8.871716937 -1.988781835 301.6 87.49278652 390 0
2014 4 12.58341079 3.37225088 391.2 58.75851463 390 0
2014 5 19.32961322 8.750731947 461.6 87.08886096 390 0
2014 6 25.40302957 12.78511991 512.7 34.81137953 390 0
2014 7 28.25599851 17.66478644 503.7 172.761412 390 0
2014 8 28.49792437 18.34048614 439.3 49.17454237 390 0
2014 9 22.889636 10.92163788 346.6 55.99199149 390 0
2014 10 14.84952573 4.137096095 255.1 78.25061393 390 0
2014 11 12.2168584 1.454217402 163.1 215.4866025 390 0
2014 12 4.760859805 -5.389033228 125 34.85554441 390 0
2015 1 6.027025326 -2.835525185 143.5 68.5921779 390 0
2015 2 7.217949652 -3.662519734 209.8 51.97987921 390 0
2015 3 9.173554573 -1.076593966 301.6 119.0643767 390 0
2015 4 15.75772151 4.706183794 391.2 99.25248774 390 0
2015 5 18.64178616 7.643319099 461.6 131.1312909 390 0
2015 6 24.05784965 13.11148862 512.7 118.1761764 390 0
2015 7 28.22039926 17.21955946 503.7 44.13509212 390 0
2015 8 28.40749108 17.45264057 439.3 68.94427105 390 0
2015 9 24.08536334 13.92794553 346.6 133.3020596 390 0
2015 10 15.75153065 5.945284578 255.1 107.387012 390 0
2015 11 9.680813909 0.969594106 163.1 158.2008382 390 0
2015 12 4.121098873 -4.415345718 125 145.4729495 390 0
2016 1 -0.562865627 -8.728910229 143.5 70.06637521 390 0
2016 2 0.853251298 -8.151901048 209.8 117.6155846 390 0
2016 3 8.389233846 -3.206650999 301.6 129.7464501 390 0
2016 4 11.54965388 1.961260203 391.2 121.5101616 390 0
2016 5 17.59325975 7.534737915 461.6 95.27948315 390 0
2016 6 22.50299255 13.49584203 512.7 169.2675954 390 0
2016 7 27.39167252 17.4362326 503.7 74.8394187 390 0
2016 8 27.52312002 18.51866567 439.3 131.9845141 390 0
2016 9 22.98326105 13.63014139 346.6 133.3552342 390 0
2016 10 15.77576253 5.371006861 255.1 151.0704182 390 0
2016 11 12.11313106 2.699154818 163.1 75.90326026 390 0
2016 12 5.930442335 -3.093157234 125 149.4251333 390 0
2017 1 5.142528649 -4.853937661 143.5 38.05761313 390 0
2017 2 3.1875032 -5.855191628 209.8 72.2285128 390 0
2017 3 7.806939938 -2.563780277 301.6 93.44015184 390 0
2017 4 12.90984789 2.021151601 391.2 110.5608659 390 0
2017 5 20.27247481 9.05805325 461.6 187.4177851 390 0
2017 6 24.75327083 14.74501569 512.7 134.3653782 390 0
2017 7 27.14264081 16.2751024 503.7 129.0211776 390 0
2017 8 26.53566997 16.57859785 439.3 157.6606662 390 0
2017 9 23.37699155 12.52087058 346.6 115.0040982 390 0
2017 10 18.05017495 6.049915334 255.1 170.008938 390 0
2017 11 10.87662803 0.857279404 163.1 135.4672756 390 0
2017 12 -1.796321912 -11.54341109 125 25.92752312 390 0
2018 1 6.027025326 -2.835525185 143.5 68.5921779 390 0
2018 2 7.217949652 -3.662519734 209.8 51.97987921 390 0
2018 3 9.173554573 -1.076593966 301.6 119.0643767 390 0
2018 4 15.75772151 4.706183794 391.2 99.25248774 390 0
2018 5 18.64178616 7.643319099 461.6 131.1312909 390 0
2018 6 24.05784965 13.11148862 512.7 118.1761764 390 0
2018 7 28.22039926 17.21955946 503.7 44.13509212 390 0
2018 8 28.40749108 17.45264057 439.3 68.94427105 390 0
2018 9 24.08536334 13.92794553 346.6 133.3020596 390 0
2018 10 15.75153065 5.945284578 255.1 107.387012 390 0
2018 11 9.680813909 0.969594106 163.1 158.2008382 390 0
2018 12 4.121098873 -4.415345718 125 145.4729495 390 0
2019 1 3.192663839 -5.795470425 143.5 118.1599927 390 0
2019 2 4.460502757 -5.126216589 209.8 122.2840632 390 0
2019 3 8.61624117 0.262185663 301.6 229.2166473 390 0
2019 4 13.31883394 3.581959988 391.2 258.5485325 390 0
2019 5 17.84501926 8.070918263 461.6 112.3740929 390 0
2019 6 26.03160755 13.54947487 512.7 67.95184312 390 0
2019 7 29.02400727 16.6862488 503.7 43.63160798 390 0
2019 8 27.38830325 16.37952061 439.3 96.6448069 390 0
2019 9 25.6570865 12.84486031 346.6 49.06791434 390 0
2019 10 16.83653026 6.768972591 255.1 138.0558898 390 0
2019 11 12.04684572 2.007907644 163.1 205.9783115 390 0
2019 12 4.348687385 -4.869650771 125 158.4383043 390 0
2020 1 6.423742306 -2.543999798 143.5 144.6950253 390 0
2020 2 4.093667746 -5.154594667 209.8 66.57978577 390 0
2020 3 7.875772312 -2.307569095 301.6 16.58451502 390 0
2020 4 15.35648856 3.752327765 391.2 97.10022703 390 0
2020 5 18.78313189 9.103291101 461.6 199.1990369 390 0
2020 6 23.78828433 15.33307513 512.7 252.7207523 390 0
2020 7 28.27001678 18.90935786 503.7 75.54651736 390 0
2020 8 26.59613277 16.41088925 439.3 118.1647439 390 0
2020 9 22.05554903 11.9115856 346.6 71.77706298 390 0
2020 10 16.65163667 5.865547941 255.1 150.777156 390 0
2020 11 13.13600764 4.318837797 163.1 159.3461352 390 0
2020 12 8.976673473 -0.267679021 125 57.1106762 390 0
2021 1 4.313601029 -6.089650356 143.5 136.2149733 390 0
2021 2 1.75320563 -6.131278167 209.8 87.25395291 390 0
2021 3 9.355627644 -1.984304315 301.6 79.5615953 390 0
2021 4 14.70978287 4.188996461 391.2 54.99784925 390 0
2021 5 20.61230641 8.961525469 461.6 41.34898732 390 0
2021 6 24.2598398 12.25255411 512.7 131.7525222 390 0
2021 7 26.39243148 16.29653239 503.7 141.4160261 390 0
2021 8 24.9835939 15.34158707 439.3 110.2581204 390 0
2021 9 21.49013185 11.02910339 346.6 28.29276323 390 0
2021 10 17.30557224 6.004338027 255.1 74.08261583 390 0
2021 11 10.25984489 -0.374034258 163.1 173.1965132 390 0
2021 12 5.760376552 -2.695395471 125 175.1823892 390 0
2022 1 2.4805873 -7.23067457 143.5 72.03318701 390 0
2022 2 4.586814722 -5.232640212 209.8 65.54484322 390 0
2022 3 5.712192686 -2.075037264 301.6 247.914669 390 0
2022 4 14.24805857 3.17826976 391.2 49.22460972 390 0
2022 5 21.04443163 9.147755076 461.6 94.87055475 390 0
2022 6 25.71976 15.083722 512.7 144.2161986 390 0
2022 7 26.06269386 15.03525485 503.7 73.65294895 390 0
2022 8 28.07094043 17.93732213 439.3 109.640593 390 0
2022 9 23.54653461 12.58044887 346.6 78.4431241 390 0
2022 10 18.29555747 6.652993493 255.1 34.72042757 390 0
2022 11 13.59656134 2.640698985 163.1 26.55121643 390 0
2022 12 8.730293457 -0.454360721 125 74.49960094 390 0
2023 1 3.455814785 -5.46127315 143.5 42.60286924 390 0
2023 2 3.275838516 -4.860201096 209.8 135.5781904 390 0
2023 3 6.839080911 -1.209307767 301.6 90.33418408 390 0
2023 4 14.20835016 3.251524979 391.2 52.57685642 390 0
2023 5 20.39732446 8.560731098 461.6 102.8185385 390 0
2023 6 25.16428287 14.90137394 512.7 262.0191059 390 0
2023 7 28.81550195 20.41075737 503.7 87.03894757 390 0
2023 8 25.99484673 15.60371826 439.3 77.74609664 390 0
2023 9 22.79538203 11.73178757 346.6 68.01928022 390 0
2023 10 18.15511787 6.82503988 255.1 25.83111786 390 0
2023 11 10.83639571 0.316198859 163.1 106.1905779 390 0
2023 12 5.000720245 -3.740140747 125 112.5664179 390 0
2024 1 3.596669177 -6.236516286 143.5 78.29982474 390 0
2024 2 4.436972414 -5.063178927 209.8 55.97197472 390 0
2024 3 6.22757881 -3.436133007 301.6 101.8684441 390 0
2024 4 12.15448553 1.867199475 391.2 71.56026975 390 0
2024 5 19.70970439 7.028193707 461.6 32.85714989 390 0
2024 6 24.1873752 12.77657254 512.7 155.9010819 390 0
2024 7 25.91269795 15.25078116 503.7 91.93858415 390 0
2024 8 25.22538076 15.27057573 439.3 165.7904951 390 0
2024 9 22.32407487 12.29677233 346.6 102.5660824 390 0
2024 10 15.45387929 4.634391067 255.1 53.2567749 390 0
2024 11 9.278860758 1.308014351 163.1 138.4946551 390 0
2024 12 4.738098196 -3.470237225 125 174.9132329 390 0
2025 1 -1.474287346 -12.39018864 143.5 26.2554324 390 0
2025 2 6.872072595 -3.81568826 209.8 174.4136051 390 0
2025 3 7.777053757 -2.382627546 301.6 21.14987373 390 0
2025 4 15.37842366 4.249527547 391.2 96.85339522 390 0
2025 5 20.55075449 8.327705127 461.6 66.99137003 390 0
2025 6 25.48699864 14.15008037 512.7 86.82955177 390 0
2025 7 28.36554092 17.1044661 503.7 93.57985169 390 0
2025 8 27.04373944 15.04778534 439.3 33.13212827 390 0
2025 9 22.04870791 11.4905963 346.6 95.76306143 390 0
2025 10 15.00370651 4.432010531 255.1 120.442138 390 0
2025 11 10.78367417 1.408006683 163.1 84.79967032 390 0
2025 12 3.587330976 -3.970556609 125 154.6819763 390 0
2026 1 1.416785309 -9.087407587 143.5 78.44614609 390 0
2026 2 4.431527578 -5.495736032 209.8 122.3499521 390 0
2026 3 8.871716937 -1.988781835 301.6 87.49278652 390 0
2026 4 12.58341079 3.37225088 391.2 58.75851463 390 0
2026 5 19.32961322 8.750731947 461.6 87.08886096 390 0
2026 6 25.40302957 12.78511991 512.7 34.81137953 390 0
2026 7 28.25599851 17.66478644 503.7 172.761412 390 0
2026 8 28.49792437 18.34048614 439.3 49.17454237 390 0
2026 9 22.889636 10.92163788 346.6 55.99199149 390 0
2026 10 14.84952573 4.137096095 255.1 78.25061393 390 0
2026 11 12.2168584 1.454217402 163.1 215.4866025 390 0
2026 12 4.760859805 -5.389033228 125 34.85554441 390 0
2027 1 -2.116398415 -10.51997308 143.5 48.4161825 390 0
2027 2 3.727168415 -5.93762929 209.8 55.23581962 390 0
2027 3 8.010301013 -1.090160103 301.6 65.33759123 390 0
2027 4 13.84064113 3.805229329 391.2 201.433689 390 0
2027 5 20.7032792 9.666454923 461.6 78.54914176 390 0
2027 6 23.75375937 13.03023691 512.7 48.66670126 390 0
2027 7 25.78829111 16.76747085 503.7 96.22939712 390 0
2027 8 25.83451387 16.83538169 439.3 136.7077807 390 0
2027 9 23.20105331 13.12929193 346.6 192.5582168 390 0
2027 10 15.71752649 6.604597462 255.1 55.99856873 390 0
2027 11 11.50117201 1.05555205 163.1 107.3719711 390 0
2027 12 5.591339166 -4.007550401 125 119.2702357 390 0
2028 1 3.357653889 -6.740369514 143.5 80.4376082 390 0
2028 2 6.658393049 -3.996684199 209.8 54.93097617 390 0
2028 3 9.561575307 -0.141823392 301.6 139.1413062 390 0
2028 4 16.04999588 4.176539137 391.2 88.29457424 390 0
2028 5 23.27965903 10.28858767 461.6 92.7131481 390 0
2028 6 26.32365435 13.91737643 512.7 44.66087531 390 0
2028 7 28.23729413 16.61795432 503.7 71.50914798 390 0
2028 8 27.50836916 17.05009281 439.3 182.4733218 390 0
2028 9 22.4472938 11.46079035 346.6 162.0785053 390 0
2028 10 18.02974506 7.149825784 255.1 73.16150932 390 0
2028 11 10.64682497 2.44449712 163.1 127.7231239 390 0
2028 12 6.671326512 -2.937544811 125 86.10568166 390 0
2029 1 -0.562865627 -8.728910229 143.5 70.06637521 390 0
2029 2 0.853251298 -8.151901048 209.8 117.6155846 390 0
2029 3 8.389233846 -3.206650999 301.6 129.7464501 390 0
2029 4 11.54965388 1.961260203 391.2 121.5101616 390 0
2029 5 17.59325975 7.534737915 461.6 95.27948315 390 0
2029 6 22.50299255 13.49584203 512.7 169.2675954 390 0
2029 7 27.39167252 17.4362326 503.7 74.8394187 390 0
2029 8 27.52312002 18.51866567 439.3 131.9845141 390 0
2029 9 22.98326105 13.63014139 346.6 133.3552342 390 0
2029 10 15.77576253 5.371006861 255.1 151.0704182 390 0
2029 11 12.11313106 2.699154818 163.1 75.90326026 390 0
2029 12 5.930442335 -3.093157234 125 149.4251333 390 0
2030 1 5.383923 -4.044515998 143.5 86.00220818 390 0
2030 2 7.333308906 -2.909679231 209.8 28.80197283 390 0
2030 3 12.58477522 2.192523083 301.6 44.70290064 390 0
2030 4 15.94903252 4.438162124 391.2 77.54948944 390 0
2030 5 20.37403392 11.19711124 461.6 117.7943115 390 0
2030 6 23.89945055 13.79071817 512.7 105.0288176 390 0
2030 7 28.94085688 18.17872625 503.7 82.34370676 390 0
2030 8 27.76482162 17.66831305 439.3 115.4166135 390 0
2030 9 23.11661137 12.79706978 346.6 118.1184019 390 0
2030 10 17.67124321 8.470307614 255.1 110.7745173 390 0
2030 11 9.69759727 0.715589909 163.1 38.67655259 390 0
2030 12 7.225767875 -0.807290019 125 150.1766759 390 0
2031 1 2.371584686 -6.867045932 143.5 154.6657666 390 0
2031 2 3.090445359 -7.707838421 209.8 20.61997812 390 0
2031 3 8.745144407 -1.632291996 301.6 95.64312164 390 0
2031 4 13.72831657 4.141444276 391.2 249.1249441 390 0
2031 5 20.12024353 8.158512561 461.6 57.27565354 390 0
2031 6 25.2814662 14.26675122 512.7 55.90619818 390 0
2031 7 27.77973271 17.15662792 503.7 40.54879146 390 0
2031 8 26.27281803 14.84470034 439.3 96.0024078 390 0
2031 9 22.10850289 12.56128319 346.6 162.836124 390 0
2031 10 16.43248264 4.443856622 255.1 82.96135271 390 0
2031 11 11.41364812 0.50381971 163.1 80.70308477 390 0
2031 12 6.020234644 -2.615061452 125 82.85660171 390 0
2032 1 4.388925777 -4.913275185 143.5 72.79138579 390 0
2032 2 4.600496751 -4.812139807 209.8 187.3314009 390 0
2032 3 7.815301533 -1.983202447 301.6 137.1605011 390 0
2032 4 15.47049429 3.694703744 391.2 102.9783293 390 0
2032 5 18.39075424 7.39055402 461.6 63.30002322 390 0
2032 6 25.65912194 15.16013278 512.7 88.73713693 390 0
2032 7 28.29166861 18.54072407 503.7 129.8825298 390 0
2032 8 25.68778798 15.25432088 439.3 91.27085886 390 0
2032 9 22.80892263 13.21841074 346.6 222.907447 390 0
2032 10 16.23969117 5.40372481 255.1 67.5213398 390 0
2032 11 10.16481028 1.024106423 163.1 100.3170414 390 0
2032 12 6.304939075 -3.344680935 125 188.4488325 390 0
2033 1 1.416785309 -9.087407587 143.5 78.44614609 390 0
2033 2 4.431527578 -5.495736032 209.8 122.3499521 390 0
2033 3 8.871716937 -1.988781835 301.6 87.49278652 390 0
2033 4 12.58341079 3.37225088 391.2 58.75851463 390 0
2033 5 19.32961322 8.750731947 461.6 87.08886096 390 0
2033 6 25.40302957 12.78511991 512.7 34.81137953 390 0
2033 7 28.25599851 17.66478644 503.7 172.761412 390 0
2033 8 28.49792437 18.34048614 439.3 49.17454237 390 0
2033 9 22.889636 10.92163788 346.6 55.99199149 390 0
2033 10 14.84952573 4.137096095 255.1 78.25061393 390 0
2033 11 12.2168584 1.454217402 163.1 215.4866025 390 0
2033 12 4.760859805 -5.389033228 125 34.85554441 390 0
2034 1 6.423742306 -2.543999798 143.5 144.6950253 390 0
2034 2 4.093667746 -5.154594667 209.8 66.57978577 390 0
2034 3 7.875772312 -2.307569095 301.6 16.58451502 390 0
2034 4 15.35648856 3.752327765 391.2 97.10022703 390 0
2034 5 18.78313189 9.103291101 461.6 199.1990369 390 0
2034 6 23.78828433 15.33307513 512.7 252.7207523 390 0
2034 7 28.27001678 18.90935786 503.7 75.54651736 390 0
2034 8 26.59613277 16.41088925 439.3 118.1647439 390 0
2034 9 22.05554903 11.9115856 346.6 71.77706298 390 0
2034 10 16.65163667 5.865547941 255.1 150.777156 390 0
2034 11 13.13600764 4.318837797 163.1 159.3461352 390 0
2034 12 8.976673473 -0.267679021 125 57.1106762 390 0
2035 1 5.383923 -4.044515998 143.5 86.00220818 390 0
2035 2 7.333308906 -2.909679231 209.8 28.80197283 390 0
2035 3 12.58477522 2.192523083 301.6 44.70290064 390 0
2035 4 15.94903252 4.438162124 391.2 77.54948944 390 0
2035 5 20.37403392 11.19711124 461.6 117.7943115 390 0
2035 6 23.89945055 13.79071817 512.7 105.0288176 390 0
2035 7 28.94085688 18.17872625 503.7 82.34370676 390 0
2035 8 27.76482162 17.66831305 439.3 115.4166135 390 0
2035 9 23.11661137 12.79706978 346.6 118.1184019 390 0
2035 10 17.67124321 8.470307614 255.1 110.7745173 390 0
2035 11 9.69759727 0.715589909 163.1 38.67655259 390 0
2035 12 7.225767875 -0.807290019 125 150.1766759 390 0
2036 1 3.357653889 -6.740369514 143.5 80.4376082 390 0
2036 2 6.658393049 -3.996684199 209.8 54.93097617 390 0
2036 3 9.561575307 -0.141823392 301.6 139.1413062 390 0
2036 4 16.04999588 4.176539137 391.2 88.29457424 390 0
2036 5 23.27965903 10.28858767 461.6 92.7131481 390 0
2036 6 26.32365435 13.91737643 512.7 44.66087531 390 0
2036 7 28.23729413 16.61795432 503.7 71.50914798 390 0
2036 8 27.50836916 17.05009281 439.3 182.4733218 390 0
2036 9 22.4472938 11.46079035 346.6 162.0785053 390 0
2036 10 18.02974506 7.149825784 255.1 73.16150932 390 0
2036 11 10.64682497 2.44449712 163.1 127.7231239 390 0
2036 12 6.671326512 -2.937544811 125 86.10568166 390 0
2037 1 2.810571005 -6.700064279 143.5 97.55493898 390 0
2037 2 6.246111572 -2.780571929 209.8 55.43768906 390 0
2037 3 7.413601316 -1.979003152 301.6 112.2891531 390 0
2037 4 12.80538966 2.229497876 391.2 145.8735438 390 0
2037 5 17.67133981 7.270096301 461.6 82.13089985 390 0
2037 6 24.78489994 13.06486863 512.7 43.07239867 390 0
2037 7 27.92456465 16.38324933 503.7 75.22563659 390 0
2037 8 25.96968741 15.72497676 439.3 132.6805945 390 0
2037 9 22.46086819 12.28229215 346.6 33.81342446 390 0
2037 10 16.65789884 5.125712244 255.1 49.56833093 390 0
2037 11 9.161243373 0.524332171 163.1 163.680425 390 0
2037 12 5.505944454 -3.304487957 125 90.7208915 390 0
2038 1 5.142528649 -4.853937661 143.5 38.05761313 390 0
2038 2 3.1875032 -5.855191628 209.8 72.2285128 390 0
2038 3 7.806939938 -2.563780277 301.6 93.44015184 390 0
2038 4 12.90984789 2.021151601 391.2 110.5608659 390 0
2038 5 20.27247481 9.05805325 461.6 187.4177851 390 0
2038 6 24.75327083 14.74501569 512.7 134.3653782 390 0
2038 7 27.14264081 16.2751024 503.7 129.0211776 390 0
2038 8 26.53566997 16.57859785 439.3 157.6606662 390 0
2038 9 23.37699155 12.52087058 346.6 115.0040982 390 0
2038 10 18.05017495 6.049915334 255.1 170.008938 390 0
2038 11 10.87662803 0.857279404 163.1 135.4672756 390 0
2038 12 -1.796321912 -11.54341109 125 25.92752312 390 0
2039 1 3.192663839 -5.795470425 143.5 118.1599927 390 0
2039 2 4.460502757 -5.126216589 209.8 122.2840632 390 0
2039 3 8.61624117 0.262185663 301.6 229.2166473 390 0
2039 4 13.31883394 3.581959988 391.2 258.5485325 390 0
2039 5 17.84501926 8.070918263 461.6 112.3740929 390 0
2039 6 26.03160755 13.54947487 512.7 67.95184312 390 0
2039 7 29.02400727 16.6862488 503.7 43.63160798 390 0
2039 8 27.38830325 16.37952061 439.3 96.6448069 390 0
2039 9 25.6570865 12.84486031 346.6 49.06791434 390 0
2039 10 16.83653026 6.768972591 255.1 138.0558898 390 0
2039 11 12.04684572 2.007907644 163.1 205.9783115 390 0
2039 12 4.348687385 -4.869650771 125 158.4383043 390 0
2040 1 6.027025326 -2.835525185 143.5 68.5921779 390 0
2040 2 7.217949652 -3.662519734 209.8 51.97987921 390 0
2040 3 9.173554573 -1.076593966 301.6 119.0643767 390 0
2040 4 15.75772151 4.706183794 391.2 99.25248774 390 0
2040 5 18.64178616 7.643319099 461.6 131.1312909 390 0
2040 6 24.05784965 13.11148862 512.7 118.1761764 390 0
2040 7 28.22039926 17.21955946 503.7 44.13509212 390 0
2040 8 28.40749108 17.45264057 439.3 68.94427105 390 0
2040 9 24.08536334 13.92794553 346.6 133.3020596 390 0
2040 10 15.75153065 5.945284578 255.1 107.387012 390 0
2040 11 9.680813909 0.969594106 163.1 158.2008382 390 0
2040 12 4.121098873 -4.415345718 125 145.4729495 390 0
2041 1 5.251620539 -2.63614547 143.5 152.1974692 390 0
2041 2 6.337403436 -2.077377991 209.8 141.4506802 390 0
2041 3 8.951309322 -0.278833067 301.6 150.7320425 390 0
2041 4 14.710094 3.940687658 391.2 121.8351418 390 0
2041 5 21.3048161 10.12162356 461.6 131.3738531 390 0
2041 6 23.03536508 14.07224344 512.7 201.6819529 390 0
2041 7 27.40123799 17.03025927 503.7 87.94359848 390 0
2041 8 27.42379446 16.95367214 439.3 91.78053329 390 0
2041 9 24.0756671 13.07926303 346.6 65.25180667 390 0
2041 10 16.99265263 6.74282073 255.1 121.6363528 390 0
2041 11 11.01278988 1.045880691 163.1 56.93461953 390 0
2041 12 8.664234515 -1.290900414 125 36.64435333 390 0
2042 1 3.357653889 -6.740369514 143.5 80.4376082 390 0
2042 2 6.658393049 -3.996684199 209.8 54.93097617 390 0
2042 3 9.561575307 -0.141823392 301.6 139.1413062 390 0
2042 4 16.04999588 4.176539137 391.2 88.29457424 390 0
2042 5 23.27965903 10.28858767 461.6 92.7131481 390 0
2042 6 26.32365435 13.91737643 512.7 44.66087531 390 0
2042 7 28.23729413 16.61795432 503.7 71.50914798 390 0
2042 8 27.50836916 17.05009281 439.3 182.4733218 390 0
2042 9 22.4472938 11.46079035 346.6 162.0785053 390 0
2042 10 18.02974506 7.149825784 255.1 73.16150932 390 0
2042 11 10.64682497 2.44449712 163.1 127.7231239 390 0
2042 12 6.671326512 -2.937544811 125 86.10568166 390 0
2043 1 3.778916099 -4.651075595 143.5 66.69874348 390 0
2043 2 1.261026073 -9.105252763 209.8 98.86666292 390 0
2043 3 5.728121783 -3.480184647 301.6 177.0465909 390 0
2043 4 13.61174172 3.624626178 391.2 130.9848763 390 0
2043 5 21.24665532 9.003729324 461.6 25.83759806 390 0
2043 6 25.1892021 13.23080662 512.7 56.75993109 390 0
2043 7 28.66339537 16.68647347 503.7 66.87471973 390 0
2043 8 27.79887607 16.47234435 439.3 43.73279065 390 0
2043 9 22.45401473 12.88560747 346.6 123.4111559 390 0
2043 10 15.7315443 4.883645137 255.1 97.5269599 390 0
2043 11 11.76332915 0.370321827 163.1 97.67732318 390 0
2043 12 4.752273819 -3.87717462 125 156.4574662 390 0
2044 1 1.330872227 -7.538863984 143.5 137.0818461 390 0
2044 2 4.142245211 -5.740320895 209.8 71.07723794 390 0
2044 3 5.469295181 -4.079147981 301.6 139.030557 390 0
2044 4 15.44581495 3.458932361 391.2 118.8301035 390 0
2044 5 16.11704679 6.711692289 461.6 121.5974238 390 0
2044 6 25.51561144 14.91484925 512.7 45.2780421 390 0
2044 7 27.41074329 17.59149037 503.7 69.91502234 390 0
2044 8 28.42488165 18.10203968 439.3 74.29702703 390 0
2044 9 25.33533838 13.99495254 346.6 79.09755934 390 0
2044 10 16.25770263 8.299554166 255.1 349.5227999 390 0
2044 11 12.72318127 1.871236029 163.1 119.4213377 390 0
2044 12 4.147365834 -4.589194614 125 111.1858745 390 0
2045 1 3.596669177 -6.236516286 143.5 78.29982474 390 0
2045 2 4.436972414 -5.063178927 209.8 55.97197472 390 0
2045 3 6.22757881 -3.436133007 301.6 101.8684441 390 0
2045 4 12.15448553 1.867199475 391.2 71.56026975 390 0
2045 5 19.70970439 7.028193707 461.6 32.85714989 390 0
2045 6 24.1873752 12.77657254 512.7 155.9010819 390 0
2045 7 25.91269795 15.25078116 503.7 91.93858415 390 0
2045 8 25.22538076 15.27057573 439.3 165.7904951 390 0
2045 9 22.32407487 12.29677233 346.6 102.5660824 390 0
2045 10 15.45387929 4.634391067 255.1 53.2567749 390 0
2045 11 9.278860758 1.308014351 163.1 138.4946551 390 0
2045 12 4.738098196 -3.470237225 125 174.9132329 390 0
2046 1 1.067057696 -8.363981992 143.5 56.01655788 390 0
2046 2 6.940537799 -2.292823535 209.8 157.7470027 390 0
2046 3 4.558215308 -4.226633433 301.6 152.8840447 390 0
2046 4 12.69086711 2.930647908 391.2 126.4465729 390 0
2046 5 19.33304963 7.887462268 461.6 173.722115 390 0
2046 6 25.82067097 14.14032023 512.7 155.4486513 390 0
2046 7 26.72463233 16.58371923 503.7 155.3463568 390 0
2046 8 27.45235155 17.25231337 439.3 26.2264552 390 0
2046 9 22.12352797 10.18962464 346.6 48.93379006 390 0
2046 10 18.01991613 7.621375166 255.1 102.9544531 390 0
2046 11 11.7992277 1.091115922 163.1 61.84316843 390 0
2046 12 8.327018462 -1.52938678 125 80.97889507 390 0
2047 1 -0.562865627 -8.728910229 143.5 70.06637521 390 0
2047 2 0.853251298 -8.151901048 209.8 117.6155846 390 0
2047 3 8.389233846 -3.206650999 301.6 129.7464501 390 0
2047 4 11.54965388 1.961260203 391.2 121.5101616 390 0
2047 5 17.59325975 7.534737915 461.6 95.27948315 390 0
2047 6 22.50299255 13.49584203 512.7 169.2675954 390 0
2047 7 27.39167252 17.4362326 503.7 74.8394187 390 0
2047 8 27.52312002 18.51866567 439.3 131.9845141 390 0
2047 9 22.98326105 13.63014139 346.6 133.3552342 390 0
2047 10 15.77576253 5.371006861 255.1 151.0704182 390 0
2047 11 12.11313106 2.699154818 163.1 75.90326026 390 0
2047 12 5.930442335 -3.093157234 125 149.4251333 390 0
2048 1 5.318667878 -2.632430816 143.5 96.34807667 390 0
2048 2 2.907415133 -7.557775756 209.8 63.88696856 390 0
2048 3 8.77221973 -0.682527871 301.6 68.71751001 390 0
2048 4 13.49929247 2.078382638 391.2 65.4753313 390 0
2048 5 18.44005221 7.634732169 461.6 77.75540689 390 0
2048 6 25.21049025 13.60204925 512.7 59.59944056 390 0
2048 7 28.6934652 18.14145622 503.7 66.79846776 390 0
2048 8 28.08538796 15.78848676 439.3 49.10426464 390 0
2048 9 22.44082834 11.05914767 346.6 86.9534436 390 0
2048 10 19.5044157 7.714024042 255.1 183.1254256 390 0
2048 11 9.131956897 0.078979553 163.1 146.1733462 390 0
2048 12 2.20355736 -6.158089669 125 66.26933254 390 0
2049 1 6.373270501 -2.419378405 143.5 135.2435938 390 0
2049 2 6.502773062 -4.501482483 209.8 85.61532414 390 0
2049 3 9.945966013 -1.784797936 301.6 59.96568008 390 0
2049 4 13.68102839 3.288602707 391.2 126.2931795 390 0
2049 5 17.84394854 7.635361569 461.6 176.8665895 390 0
2049 6 24.82655489 13.50269325 512.7 45.5352071 390 0
2049 7 27.00790566 17.55366277 503.7 108.6244593 390 0
2049 8 27.1255045 17.6254766 439.3 162.917302 390 0
2049 9 22.82306643 11.71383744 346.6 57.1054971 390 0
2049 10 19.5967141 8.907037017 255.1 162.7316565 390 0
2049 11 13.14943307 2.101436494 163.1 63.68446781 390 0
2049 12 8.319553761 -1.246665036 125 128.7736294 390 0
2050 1 5.142528649 -4.853937661 143.5 38.05761313 390 0
2050 2 3.1875032 -5.855191628 209.8 72.2285128 390 0
2050 3 7.806939938 -2.563780277 301.6 93.44015184 390 0
2050 4 12.90984789 2.021151601 391.2 110.5608659 390 0
2050 5 20.27247481 9.05805325 461.6 187.4177851 390 0
2050 6 24.75327083 14.74501569 512.7 134.3653782 390 0
2050 7 27.14264081 16.2751024 503.7 129.0211776 390 0
2050 8 26.53566997 16.57859785 439.3 157.6606662 390 0
2050 9 23.37699155 12.52087058 346.6 115.0040982 390 0
2050 10 18.05017495 6.049915334 255.1 170.008938 390 0
2050 11 10.87662803 0.857279404 163.1 135.4672756 390 0
2050 12 -1.796321912 -11.54341109 125 25.92752312 390 0
2051 1 5.142528649 -4.853937661 143.5 38.05761313 390 0
2051 2 3.1875032 -5.855191628 209.8 72.2285128 390 0
2051 3 7.806939938 -2.563780277 301.6 93.44015184 390 0
2051 4 12.90984789 2.021151601 391.2 110.5608659 390 0
2051 5 20.27247481 9.05805325 461.6 187.4177851 390 0
2051 6 24.75327083 14.74501569 512.7 134.3653782 390 0
2051 7 27.14264081 16.2751024 503.7 129.0211776 390 0
2051 8 26.53566997 16.57859785 439.3 157.6606662 390 0
2051 9 23.37699155 12.52087058 346.6 115.0040982 390 0
2051 10 18.05017495 6.049915334 255.1 170.008938 390 0
2051 11 10.87662803 0.857279404 163.1 135.4672756 390 0
2051 12 -1.796321912 -11.54341109 125 25.92752312 390 0
2052 1 1.067057696 -8.363981992 143.5 56.01655788 390 0
2052 2 6.940537799 -2.292823535 209.8 157.7470027 390 0
2052 3 4.558215308 -4.226633433 301.6 152.8840447 390 0
2052 4 12.69086711 2.930647908 391.2 126.4465729 390 0
2052 5 19.33304963 7.887462268 461.6 173.722115 390 0
2052 6 25.82067097 14.14032023 512.7 155.4486513 390 0
2052 7 26.72463233 16.58371923 503.7 155.3463568 390 0
2052 8 27.45235155 17.25231337 439.3 26.2264552 390 0
2052 9 22.12352797 10.18962464 346.6 48.93379006 390 0
2052 10 18.01991613 7.621375166 255.1 102.9544531 390 0
2052 11 11.7992277 1.091115922 163.1 61.84316843 390 0
2052 12 8.327018462 -1.52938678 125 80.97889507 390 0
2053 1 5.383923 -4.044515998 143.5 86.00220818 390 0
2053 2 7.333308906 -2.909679231 209.8 28.80197283 390 0
2053 3 12.58477522 2.192523083 301.6 44.70290064 390 0
2053 4 15.94903252 4.438162124 391.2 77.54948944 390 0
2053 5 20.37403392 11.19711124 461.6 117.7943115 390 0
2053 6 23.89945055 13.79071817 512.7 105.0288176 390 0
2053 7 28.94085688 18.17872625 503.7 82.34370676 390 0
2053 8 27.76482162 17.66831305 439.3 115.4166135 390 0
2053 9 23.11661137 12.79706978 346.6 118.1184019 390 0
2053 10 17.67124321 8.470307614 255.1 110.7745173 390 0
2053 11 9.69759727 0.715589909 163.1 38.67655259 390 0
2053 12 7.225767875 -0.807290019 125 150.1766759 390 0
2054 1 3.596669177 -6.236516286 143.5 78.29982474 390 0
2054 2 4.436972414 -5.063178927 209.8 55.97197472 390 0
2054 3 6.22757881 -3.436133007 301.6 101.8684441 390 0
2054 4 12.15448553 1.867199475 391.2 71.56026975 390 0
2054 5 19.70970439 7.028193707 461.6 32.85714989 390 0
2054 6 24.1873752 12.77657254 512.7 155.9010819 390 0
2054 7 25.91269795 15.25078116 503.7 91.93858415 390 0
2054 8 25.22538076 15.27057573 439.3 165.7904951 390 0
2054 9 22.32407487 12.29677233 346.6 102.5660824 390 0
2054 10 15.45387929 4.634391067 255.1 53.2567749 390 0
2054 11 9.278860758 1.308014351 163.1 138.4946551 390 0
2054 12 4.738098196 -3.470237225 125 174.9132329 390 0
2055 1 5.142528649 -4.853937661 143.5 38.05761313 390 0
2055 2 3.1875032 -5.855191628 209.8 72.2285128 390 0
2055 3 7.806939938 -2.563780277 301.6 93.44015184 390 0
2055 4 12.90984789 2.021151601 391.2 110.5608659 390 0
2055 5 20.27247481 9.05805325 461.6 187.4177851 390 0
2055 6 24.75327083 14.74501569 512.7 134.3653782 390 0
2055 7 27.14264081 16.2751024 503.7 129.0211776 390 0
2055 8 26.53566997 16.57859785 439.3 157.6606662 390 0
2055 9 23.37699155 12.52087058 346.6 115.0040982 390 0
2055 10 18.05017495 6.049915334 255.1 170.008938 390 0
2055 11 10.87662803 0.857279404 163.1 135.4672756 390 0
2055 12 -1.796321912 -11.54341109 125 25.92752312 390 0
2056 1 0.022773155 -9.190915401 143.5 30.36824102 390 0
2056 2 4.402096275 -5.593219255 209.8 54.51132325 390 0
2056 3 10.14742559 -1.498024242 301.6 66.88899505 390 0
2056 4 14.91727617 3.791407627 391.2 41.98151136 390 0
2056 5 20.91626496 8.540620838 461.6 115.9450403 390 0
2056 6 22.61116786 12.08213903 512.7 116.8211798 390 0
2056 7 27.65372715 16.3162379 503.7 93.43427899 390 0
2056 8 26.21555552 16.10512557 439.3 188.7560773 390 0
2056 9 23.1998205 12.42745202 346.6 84.71268413 390 0
2056 10 18.09429712 6.535262666 255.1 51.24077708 390 0
2056 11 11.65834576 3.36298436 163.1 175.8729897 390 0
2056 12 3.437620474 -5.502859974 125 36.00163303 390 0
2057 1 5.383923 -4.044515998 143.5 86.00220818 390 0
2057 2 7.333308906 -2.909679231 209.8 28.80197283 390 0
2057 3 12.58477522 2.192523083 301.6 44.70290064 390 0
2057 4 15.94903252 4.438162124 391.2 77.54948944 390 0
2057 5 20.37403392 11.19711124 461.6 117.7943115 390 0
2057 6 23.89945055 13.79071817 512.7 105.0288176 390 0
2057 7 28.94085688 18.17872625 503.7 82.34370676 390 0
2057 8 27.76482162 17.66831305 439.3 115.4166135 390 0
2057 9 23.11661137 12.79706978 346.6 118.1184019 390 0
2057 10 17.67124321 8.470307614 255.1 110.7745173 390 0
2057 11 9.69759727 0.715589909 163.1 38.67655259 390 0
2057 12 7.225767875 -0.807290019 125 150.1766759 390 0
2058 1 2.810571005 -6.700064279 143.5 97.55493898 390 0
2058 2 6.246111572 -2.780571929 209.8 55.43768906 390 0
2058 3 7.413601316 -1.979003152 301.6 112.2891531 390 0
2058 4 12.80538966 2.229497876 391.2 145.8735438 390 0
2058 5 17.67133981 7.270096301 461.6 82.13089985 390 0
2058 6 24.78489994 13.06486863 512.7 43.07239867 390 0
2058 7 27.92456465 16.38324933 503.7 75.22563659 390 0
2058 8 25.96968741 15.72497676 439.3 132.6805945 390 0
2058 9 22.46086819 12.28229215 346.6 33.81342446 390 0
2058 10 16.65789884 5.125712244 255.1 49.56833093 390 0
2058 11 9.161243373 0.524332171 163.1 163.680425 390 0
2058 12 5.505944454 -3.304487957 125 90.7208915 390 0
2059 1 0.022773155 -9.190915401 143.5 30.36824102 390 0
2059 2 4.402096275 -5.593219255 209.8 54.51132325 390 0
2059 3 10.14742559 -1.498024242 301.6 66.88899505 390 0
2059 4 14.91727617 3.791407627 391.2 41.98151136 390 0
2059 5 20.91626496 8.540620838 461.6 115.9450403 390 0
2059 6 22.61116786 12.08213903 512.7 116.8211798 390 0
2059 7 27.65372715 16.3162379 503.7 93.43427899 390 0
2059 8 26.21555552 16.10512557 439.3 188.7560773 390 0
2059 9 23.1998205 12.42745202 346.6 84.71268413 390 0
2059 10 18.09429712 6.535262666 255.1 51.24077708 390 0
2059 11 11.65834576 3.36298436 163.1 175.8729897 390 0
2059 12 3.437620474 -5.502859974 125 36.00163303 390 0
2060 1 -1.474287346 -12.39018864 143.5 26.2554324 390 0
2060 2 6.872072595 -3.81568826 209.8 174.4136051 390 0
2060 3 7.777053757 -2.382627546 301.6 21.14987373 390 0
2060 4 15.37842366 4.249527547 391.2 96.85339522 390 0
2060 5 20.55075449 8.327705127 461.6 66.99137003 390 0
2060 6 25.48699864 14.15008037 512.7 86.82955177 390 0
2060 7 28.36554092 17.1044661 503.7 93.57985169 390 0
2060 8 27.04373944 15.04778534 439.3 33.13212827 390 0
2060 9 22.04870791 11.4905963 346.6 95.76306143 390 0
2060 10 15.00370651 4.432010531 255.1 120.442138 390 0
2060 11 10.78367417 1.408006683 163.1 84.79967032 390 0
2060 12 3.587330976 -3.970556609 125 154.6819763 390 0
2061 1 4.860040146 -3.798441321 143.5 88.00810076 390 0
2061 2 0.565627557 -8.131150595 209.8 54.76046915 390 0
2061 3 7.883315586 -3.004240904 301.6 147.8770642 390 0
2061 4 11.90289824 2.483972324 391.2 216.4298915 390 0
2061 5 21.34608547 8.877975027 461.6 61.87778355 390 0
2061 6 24.55464512 14.09767455 512.7 78.06195493 390 0
2061 7 27.12481946 17.02742988 503.7 101.6858206 390 0
2061 8 27.08479553 16.48991928 439.3 43.47210406 390 0
2061 9 24.48070881 13.01766739 346.6 48.70419585 390 0
2061 10 19.64821552 9.78963121 255.1 83.11733233 390 0
2061 11 10.33647927 0.288334679 163.1 89.31283761 390 0
2061 12 3.823994579 -4.199279398 125 132.7758349 390 0
2062 1 3.192663839 -5.795470425 143.5 118.1599927 390 0
2062 2 4.460502757 -5.126216589 209.8 122.2840632 390 0
2062 3 8.61624117 0.262185663 301.6 229.2166473 390 0
2062 4 13.31883394 3.581959988 391.2 258.5485325 390 0
2062 5 17.84501926 8.070918263 461.6 112.3740929 390 0
2062 6 26.03160755 13.54947487 512.7 67.95184312 390 0
2062 7 29.02400727 16.6862488 503.7 43.63160798 390 0
2062 8 27.38830325 16.37952061 439.3 96.6448069 390 0
2062 9 25.6570865 12.84486031 346.6 49.06791434 390 0
2062 10 16.83653026 6.768972591 255.1 138.0558898 390 0
2062 11 12.04684572 2.007907644 163.1 205.9783115 390 0
2062 12 4.348687385 -4.869650771 125 158.4383043 390 0
2063 1 5.383923 -4.044515998 143.5 86.00220818 390 0
2063 2 7.333308906 -2.909679231 209.8 28.80197283 390 0
2063 3 12.58477522 2.192523083 301.6 44.70290064 390 0
2063 4 15.94903252 4.438162124 391.2 77.54948944 390 0
2063 5 20.37403392 11.19711124 461.6 117.7943115 390 0
2063 6 23.89945055 13.79071817 512.7 105.0288176 390 0
2063 7 28.94085688 18.17872625 503.7 82.34370676 390 0
2063 8 27.76482162 17.66831305 439.3 115.4166135 390 0
2063 9 23.11661137 12.79706978 346.6 118.1184019 390 0
2063 10 17.67124321 8.470307614 255.1 110.7745173 390 0
2063 11 9.69759727 0.715589909 163.1 38.67655259 390 0
2063 12 7.225767875 -0.807290019 125 150.1766759 390 0
2064 1 2.195129276 -8.003281853 143.5 92.65546758 390 0
2064 2 5.004079436 -3.996386175 209.8 84.05645949 390 0
2064 3 11.09953803 0.569056282 301.6 121.407982 390 0
2064 4 12.73624339 3.748044369 391.2 145.9272528 390 0
2064 5 19.68190026 8.80552993 461.6 98.75588892 390 0
2064 6 24.44527122 13.78322025 512.7 128.8385547 390 0
2064 7 25.39615246 15.38693252 503.7 122.4947969 390 0
2064 8 25.12656031 15.89008698 439.3 94.91319604 390 0
2064 9 22.74097431 12.13519482 346.6 95.55995821 390 0
2064 10 17.26756166 5.710861013 255.1 41.50147974 390 0
2064 11 9.938480346 1.607021099 163.1 100.1610318 390 0
2064 12 2.722502186 -6.543017653 125 111.8213396 390 0
2065 1 -1.474287346 -12.39018864 143.5 26.2554324 390 0
2065 2 6.872072595 -3.81568826 209.8 174.4136051 390 0
2065 3 7.777053757 -2.382627546 301.6 21.14987373 390 0
2065 4 15.37842366 4.249527547 391.2 96.85339522 390 0
2065 5 20.55075449 8.327705127 461.6 66.99137003 390 0
2065 6 25.48699864 14.15008037 512.7 86.82955177 390 0
2065 7 28.36554092 17.1044661 503.7 93.57985169 390 0
2065 8 27.04373944 15.04778534 439.3 33.13212827 390 0
2065 9 22.04870791 11.4905963 346.6 95.76306143 390 0
2065 10 15.00370651 4.432010531 255.1 120.442138 390 0
2065 11 10.78367417 1.408006683 163.1 84.79967032 390 0
2065 12 3.587330976 -3.970556609 125 154.6819763 390 0
2066 1 -0.216187895 -9.716723343 143.5 97.66379134 390 0
2066 2 4.665570643 -5.521813837 209.8 45.54597758 390 0
2066 3 7.641050069 -2.075666778 301.6 77.04440903 390 0
2066 4 15.1624069 4.219929547 391.2 119.7693304 390 0
2066 5 19.26998263 9.330294843 461.6 87.44259957 390 0
2066 6 21.68476341 13.34902012 512.7 139.2883705 390 0
2066 7 25.41868227 16.00307265 503.7 194.3910722 390 0
2066 8 27.31254045 18.08899823 439.3 114.9236475 390 0
2066 9 22.05731414 11.38614344 346.6 67.31041554 390 0
2066 10 15.05032446 5.67315648 255.1 167.0525506 390 0
2066 11 12.97383715 4.58225034 163.1 80.34323138 390 0
2066 12 4.530855474 -4.338209593 125 148.972855 390 0
2067 1 1.067057696 -8.363981992 143.5 56.01655788 390 0
2067 2 6.940537799 -2.292823535 209.8 157.7470027 390 0
2067 3 4.558215308 -4.226633433 301.6 152.8840447 390 0
2067 4 12.69086711 2.930647908 391.2 126.4465729 390 0
2067 5 19.33304963 7.887462268 461.6 173.722115 390 0
2067 6 25.82067097 14.14032023 512.7 155.4486513 390 0
2067 7 26.72463233 16.58371923 503.7 155.3463568 390 0
2067 8 27.45235155 17.25231337 439.3 26.2264552 390 0
2067 9 22.12352797 10.18962464 346.6 48.93379006 390 0
2067 10 18.01991613 7.621375166 255.1 102.9544531 390 0
2067 11 11.7992277 1.091115922 163.1 61.84316843 390 0
2067 12 8.327018462 -1.52938678 125 80.97889507 390 0
2068 1 5.318667878 -2.632430816 143.5 96.34807667 390 0
2068 2 2.907415133 -7.557775756 209.8 63.88696856 390 0
2068 3 8.77221973 -0.682527871 301.6 68.71751001 390 0
2068 4 13.49929247 2.078382638 391.2 65.4753313 390 0
2068 5 18.44005221 7.634732169 461.6 77.75540689 390 0
2068 6 25.21049025 13.60204925 512.7 59.59944056 390 0
2068 7 28.6934652 18.14145622 503.7 66.79846776 390 0
2068 8 28.08538796 15.78848676 439.3 49.10426464 390 0
2068 9 22.44082834 11.05914767 346.6 86.9534436 390 0
2068 10 19.5044157 7.714024042 255.1 183.1254256 390 0
2068 11 9.131956897 0.078979553 163.1 146.1733462 390 0
2068 12 2.20355736 -6.158089669 125 66.26933254 390 0
2069 1 5.383923 -4.044515998 143.5 86.00220818 390 0
2069 2 7.333308906 -2.909679231 209.8 28.80197283 390 0
2069 3 12.58477522 2.192523083 301.6 44.70290064 390 0
2069 4 15.94903252 4.438162124 391.2 77.54948944 390 0
2069 5 20.37403392 11.19711124 461.6 117.7943115 390 0
2069 6 23.89945055 13.79071817 512.7 105.0288176 390 0
2069 7 28.94085688 18.17872625 503.7 82.34370676 390 0
2069 8 27.76482162 17.66831305 439.3 115.4166135 390 0
2069 9 23.11661137 12.79706978 346.6 118.1184019 390 0
2069 10 17.67124321 8.470307614 255.1 110.7745173 390 0
2069 11 9.69759727 0.715589909 163.1 38.67655259 390 0
2069 12 7.225767875 -0.807290019 125 150.1766759 390 0
2070 1 -0.455198049 -11.21643164 143.5 143.319664 390 0
2070 2 1.197442298 -8.877333929 209.8 78.08035121 390 0
2070 3 7.204688793 -2.365430255 301.6 179.4640502 390 0
2070 4 15.65146836 3.707922463 391.2 63.00449779 390 0
2070 5 19.23350776 7.502911337 461.6 101.2805591 390 0
2070 6 26.04123447 15.0469964 512.7 76.96559142 390 0
2070 7 29.16778404 19.30029569 503.7 72.08184925 390 0
2070 8 26.0867839 15.82272726 439.3 157.0693435 390 0
2070 9 22.00199219 12.05359983 346.6 113.3140776 390 0
2070 10 17.32976944 5.43530072 255.1 23.4796772 390 0
2070 11 14.03903598 3.113482138 163.1 120.5559899 390 0
2070 12 7.616246558 -1.755521386 125 130.9739657 390 0
2071 1 4.313601029 -6.089650356 143.5 136.2149733 390 0
2071 2 1.75320563 -6.131278167 209.8 87.25395291 390 0
2071 3 9.355627644 -1.984304315 301.6 79.5615953 390 0
2071 4 14.70978287 4.188996461 391.2 54.99784925 390 0
2071 5 20.61230641 8.961525469 461.6 41.34898732 390 0
2071 6 24.2598398 12.25255411 512.7 131.7525222 390 0
2071 7 26.39243148 16.29653239 503.7 141.4160261 390 0
2071 8 24.9835939 15.34158707 439.3 110.2581204 390 0
2071 9 21.49013185 11.02910339 346.6 28.29276323 390 0
2071 10 17.30557224 6.004338027 255.1 74.08261583 390 0
2071 11 10.25984489 -0.374034258 163.1 173.1965132 390 0
2071 12 5.760376552 -2.695395471 125 175.1823892 390 0
2072 1 -1.474287346 -12.39018864 143.5 26.2554324 390 0
2072 2 6.872072595 -3.81568826 209.8 174.4136051 390 0
2072 3 7.777053757 -2.382627546 301.6 21.14987373 390 0
2072 4 15.37842366 4.249527547 391.2 96.85339522 390 0
2072 5 20.55075449 8.327705127 461.6 66.99137003 390 0
2072 6 25.48699864 14.15008037 512.7 86.82955177 390 0
2072 7 28.36554092 17.1044661 503.7 93.57985169 390 0
2072 8 27.04373944 15.04778534 439.3 33.13212827 390 0
2072 9 22.04870791 11.4905963 346.6 95.76306143 390 0
2072 10 15.00370651 4.432010531 255.1 120.442138 390 0
2072 11 10.78367417 1.408006683 163.1 84.79967032 390 0
2072 12 3.587330976 -3.970556609 125 154.6819763 390 0
2073 1 3.596669177 -6.236516286 143.5 78.29982474 390 0
2073 2 4.436972414 -5.063178927 209.8 55.97197472 390 0
2073 3 6.22757881 -3.436133007 301.6 101.8684441 390 0
2073 4 12.15448553 1.867199475 391.2 71.56026975 390 0
2073 5 19.70970439 7.028193707 461.6 32.85714989 390 0
2073 6 24.1873752 12.77657254 512.7 155.9010819 390 0
2073 7 25.91269795 15.25078116 503.7 91.93858415 390 0
2073 8 25.22538076 15.27057573 439.3 165.7904951 390 0
2073 9 22.32407487 12.29677233 346.6 102.5660824 390 0
2073 10 15.45387929 4.634391067 255.1 53.2567749 390 0
2073 11 9.278860758 1.308014351 163.1 138.4946551 390 0
2073 12 4.738098196 -3.470237225 125 174.9132329 390 0
2074 1 -0.455198049 -11.21643164 143.5 143.319664 390 0
2074 2 1.197442298 -8.877333929 209.8 78.08035121 390 0
2074 3 7.204688793 -2.365430255 301.6 179.4640502 390 0
2074 4 15.65146836 3.707922463 391.2 63.00449779 390 0
2074 5 19.23350776 7.502911337 461.6 101.2805591 390 0
2074 6 26.04123447 15.0469964 512.7 76.96559142 390 0
2074 7 29.16778404 19.30029569 503.7 72.08184925 390 0
2074 8 26.0867839 15.82272726 439.3 157.0693435 390 0
2074 9 22.00199219 12.05359983 346.6 113.3140776 390 0
2074 10 17.32976944 5.43530072 255.1 23.4796772 390 0
2074 11 14.03903598 3.113482138 163.1 120.5559899 390 0
2074 12 7.616246558 -1.755521386 125 130.9739657 390 0
2075 1 -0.216187895 -9.716723343 143.5 97.66379134 390 0
2075 2 4.665570643 -5.521813837 209.8 45.54597758 390 0
2075 3 7.641050069 -2.075666778 301.6 77.04440903 390 0
2075 4 15.1624069 4.219929547 391.2 119.7693304 390 0
2075 5 19.26998263 9.330294843 461.6 87.44259957 390 0
2075 6 21.68476341 13.34902012 512.7 139.2883705 390 0
2075 7 25.41868227 16.00307265 503.7 194.3910722 390 0
2075 8 27.31254045 18.08899823 439.3 114.9236475 390 0
2075 9 22.05731414 11.38614344 346.6 67.31041554 390 0
2075 10 15.05032446 5.67315648 255.1 167.0525506 390 0
2075 11 12.97383715 4.58225034 163.1 80.34323138 390 0
2075 12 4.530855474 -4.338209593 125 148.972855 390 0
2076 1 6.373270501 -2.419378405 143.5 135.2435938 390 0
2076 2 6.502773062 -4.501482483 209.8 85.61532414 390 0
2076 3 9.945966013 -1.784797936 301.6 59.96568008 390 0
2076 4 13.68102839 3.288602707 391.2 126.2931795 390 0
2076 5 17.84394854 7.635361569 461.6 176.8665895 390 0
2076 6 24.82655489 13.50269325 512.7 45.5352071 390 0
2076 7 27.00790566 17.55366277 503.7 108.6244593 390 0
2076 8 27.1255045 17.6254766 439.3 162.917302 390 0
2076 9 22.82306643 11.71383744 346.6 57.1054971 390 0
2076 10 19.5967141 8.907037017 255.1 162.7316565 390 0
2076 11 13.14943307 2.101436494 163.1 63.68446781 390 0
2076 12 8.319553761 -1.246665036 125 128.7736294 390 0
2077 1 1.330872227 -7.538863984 143.5 137.0818461 390 0
2077 2 4.142245211 -5.740320895 209.8 71.07723794 390 0
2077 3 5.469295181 -4.079147981 301.6 139.030557 390 0
2077 4 15.44581495 3.458932361 391.2 118.8301035 390 0
2077 5 16.11704679 6.711692289 461.6 121.5974238 390 0
2077 6 25.51561144 14.91484925 512.7 45.2780421 390 0
2077 7 27.41074329 17.59149037 503.7 69.91502234 390 0
2077 8 28.42488165 18.10203968 439.3 74.29702703 390 0
2077 9 25.33533838 13.99495254 346.6 79.09755934 390 0
2077 10 16.25770263 8.299554166 255.1 349.5227999 390 0
2077 11 12.72318127 1.871236029 163.1 119.4213377 390 0
2077 12 4.147365834 -4.589194614 125 111.1858745 390 0
2078 1 2.4805873 -7.23067457 143.5 72.03318701 390 0
2078 2 4.586814722 -5.232640212 209.8 65.54484322 390 0
2078 3 5.712192686 -2.075037264 301.6 247.914669 390 0
2078 4 14.24805857 3.17826976 391.2 49.22460972 390 0
2078 5 21.04443163 9.147755076 461.6 94.87055475 390 0
2078 6 25.71976 15.083722 512.7 144.2161986 390 0
2078 7 26.06269386 15.03525485 503.7 73.65294895 390 0
2078 8 28.07094043 17.93732213 439.3 109.640593 390 0
2078 9 23.54653461 12.58044887 346.6 78.4431241 390 0
2078 10 18.29555747 6.652993493 255.1 34.72042757 390 0
2078 11 13.59656134 2.640698985 163.1 26.55121643 390 0
2078 12 8.730293457 -0.454360721 125 74.49960094 390 0
2079 1 6.373270501 -2.419378405 143.5 135.2435938 390 0
2079 2 6.502773062 -4.501482483 209.8 85.61532414 390 0
2079 3 9.945966013 -1.784797936 301.6 59.96568008 390 0
2079 4 13.68102839 3.288602707 391.2 126.2931795 390 0
2079 5 17.84394854 7.635361569 461.6 176.8665895 390 0
2079 6 24.82655489 13.50269325 512.7 45.5352071 390 0
2079 7 27.00790566 17.55366277 503.7 108.6244593 390 0
2079 8 27.1255045 17.6254766 439.3 162.917302 390 0
2079 9 22.82306643 11.71383744 346.6 57.1054971 390 0
2079 10 19.5967141 8.907037017 255.1 162.7316565 390 0
2079 11 13.14943307 2.101436494 163.1 63.68446781 390 0
2079 12 8.319553761 -1.246665036 125 128.7736294 390 0
2080 1 -1.474287346 -12.39018864 143.5 26.2554324 390 0
2080 2 6.872072595 -3.81568826 209.8 174.4136051 390 0
2080 3 7.777053757 -2.382627546 301.6 21.14987373 390 0
2080 4 15.37842366 4.249527547 391.2 96.85339522 390 0
2080 5 20.55075449 8.327705127 461.6 66.99137003 390 0
2080 6 25.48699864 14.15008037 512.7 86.82955177 390 0
2080 7 28.36554092 17.1044661 503.7 93.57985169 390 0
2080 8 27.04373944 15.04778534 439.3 33.13212827 390 0
2080 9 22.04870791 11.4905963 346.6 95.76306143 390 0
2080 10 15.00370651 4.432010531 255.1 120.442138 390 0
2080 11 10.78367417 1.408006683 163.1 84.79967032 390 0
2080 12 3.587330976 -3.970556609 125 154.6819763 390 0
2081 1 5.383923 -4.044515998 143.5 86.00220818 390 0
2081 2 7.333308906 -2.909679231 209.8 28.80197283 390 0
2081 3 12.58477522 2.192523083 301.6 44.70290064 390 0
2081 4 15.94903252 4.438162124 391.2 77.54948944 390 0
2081 5 20.37403392 11.19711124 461.6 117.7943115 390 0
2081 6 23.89945055 13.79071817 512.7 105.0288176 390 0
2081 7 28.94085688 18.17872625 503.7 82.34370676 390 0
2081 8 27.76482162 17.66831305 439.3 115.4166135 390 0
2081 9 23.11661137 12.79706978 346.6 118.1184019 390 0
2081 10 17.67124321 8.470307614 255.1 110.7745173 390 0
2081 11 9.69759727 0.715589909 163.1 38.67655259 390 0
2081 12 7.225767875 -0.807290019 125 150.1766759 390 0
2082 1 -0.881881108 -11.73595589 143.5 127.9138571 390 0
2082 2 3.497591043 -5.252515143 209.8 83.97433042 390 0
2082 3 7.792409878 -2.775246847 301.6 66.3797894 390 0
2082 4 13.19747193 1.245227384 391.2 119.9314555 390 0
2082 5 20.58358885 8.403242885 461.6 64.99592454 390 0
2082 6 21.71477379 12.05102397 512.7 282.7020402 390 0
2082 7 28.10886486 16.08508433 503.7 76.70904677 390 0
2082 8 25.18468173 14.47668306 439.3 79.04056698 390 0
2082 9 22.50066612 11.84648506 346.6 77.06647425 390 0
2082 10 16.91353103 5.334142716 255.1 75.3192422 390 0
2082 11 13.13429128 3.08242411 163.1 99.71972374 390 0
2082 12 7.865203672 -1.223460337 125 50.77575517 390 0
2083 1 -0.216187895 -9.716723343 143.5 97.66379134 390 0
2083 2 4.665570643 -5.521813837 209.8 45.54597758 390 0
2083 3 7.641050069 -2.075666778 301.6 77.04440903 390 0
2083 4 15.1624069 4.219929547 391.2 119.7693304 390 0
2083 5 19.26998263 9.330294843 461.6 87.44259957 390 0
2083 6 21.68476341 13.34902012 512.7 139.2883705 390 0
2083 7 25.41868227 16.00307265 503.7 194.3910722 390 0
2083 8 27.31254045 18.08899823 439.3 114.9236475 390 0
2083 9 22.05731414 11.38614344 346.6 67.31041554 390 0
2083 10 15.05032446 5.67315648 255.1 167.0525506 390 0
2083 11 12.97383715 4.58225034 163.1 80.34323138 390 0
2083 12 4.530855474 -4.338209593 125 148.972855 390 0
2084 1 3.357653889 -6.740369514 143.5 80.4376082 390 0
2084 2 6.658393049 -3.996684199 209.8 54.93097617 390 0
2084 3 9.561575307 -0.141823392 301.6 139.1413062 390 0
2084 4 16.04999588 4.176539137 391.2 88.29457424 390 0
2084 5 23.27965903 10.28858767 461.6 92.7131481 390 0
2084 6 26.32365435 13.91737643 512.7 44.66087531 390 0
2084 7 28.23729413 16.61795432 503.7 71.50914798 390 0
2084 8 27.50836916 17.05009281 439.3 182.4733218 390 0
2084 9 22.4472938 11.46079035 346.6 162.0785053 390 0
2084 10 18.02974506 7.149825784 255.1 73.16150932 390 0
2084 11 10.64682497 2.44449712 163.1 127.7231239 390 0
2084 12 6.671326512 -2.937544811 125 86.10568166 390 0
2085 1 5.383923 -4.044515998 143.5 86.00220818 390 0
2085 2 7.333308906 -2.909679231 209.8 28.80197283 390 0
2085 3 12.58477522 2.192523083 301.6 44.70290064 390 0
2085 4 15.94903252 4.438162124 391.2 77.54948944 390 0
2085 5 20.37403392 11.19711124 461.6 117.7943115 390 0
2085 6 23.89945055 13.79071817 512.7 105.0288176 390 0
2085 7 28.94085688 18.17872625 503.7 82.34370676 390 0
2085 8 27.76482162 17.66831305 439.3 115.4166135 390 0
2085 9 23.11661137 12.79706978 346.6 118.1184019 390 0
2085 10 17.67124321 8.470307614 255.1 110.7745173 390 0
2085 11 9.69759727 0.715589909 163.1 38.67655259 390 0
2085 12 7.225767875 -0.807290019 125 150.1766759 390 0
2086 1 1.330872227 -7.538863984 143.5 137.0818461 390 0
2086 2 4.142245211 -5.740320895 209.8 71.07723794 390 0
2086 3 5.469295181 -4.079147981 301.6 139.030557 390 0
2086 4 15.44581495 3.458932361 391.2 118.8301035 390 0
2086 5 16.11704679 6.711692289 461.6 121.5974238 390 0
2086 6 25.51561144 14.91484925 512.7 45.2780421 390 0
2086 7 27.41074329 17.59149037 503.7 69.91502234 390 0
2086 8 28.42488165 18.10203968 439.3 74.29702703 390 0
2086 9 25.33533838 13.99495254 346.6 79.09755934 390 0
2086 10 16.25770263 8.299554166 255.1 349.5227999 390 0
2086 11 12.72318127 1.871236029 163.1 119.4213377 390 0
2086 12 4.147365834 -4.589194614 125 111.1858745 390 0
2087 1 2.170601087 -6.270786994 143.5 89.40822446 390 0
2087 2 2.944738759 -4.163109584 209.8 123.5236541 390 0
2087 3 10.83882167 1.526457448 301.6 339.421082 390 0
2087 4 16.75363706 5.31683839 391.2 48.6646891 390 0
2087 5 22.08849991 10.09129803 461.6 69.63917268 390 0
2087 6 25.81804054 15.56552573 512.7 79.71926295 390 0
2087 7 29.71765676 18.90102533 503.7 84.08308887 390 0
2087 8 27.12831556 16.8719017 439.3 100.7921534 390 0
2087 9 24.47260567 14.11773006 346.6 71.31042665 390 0
2087 10 17.30477213 7.485215331 255.1 132.9640644 390 0
2087 11 11.04951377 1.697509912 163.1 96.1485846 390 0
2087 12 3.135950216 -4.838393388 125 111.7979351 390 0
2088 1 3.357653889 -6.740369514 143.5 80.4376082 390 0
2088 2 6.658393049 -3.996684199 209.8 54.93097617 390 0
2088 3 9.561575307 -0.141823392 301.6 139.1413062 390 0
2088 4 16.04999588 4.176539137 391.2 88.29457424 390 0
2088 5 23.27965903 10.28858767 461.6 92.7131481 390 0
2088 6 26.32365435 13.91737643 512.7 44.66087531 390 0
2088 7 28.23729413 16.61795432 503.7 71.50914798 390 0
2088 8 27.50836916 17.05009281 439.3 182.4733218 390 0
2088 9 22.4472938 11.46079035 346.6 162.0785053 390 0
2088 10 18.02974506 7.149825784 255.1 73.16150932 390 0
2088 11 10.64682497 2.44449712 163.1 127.7231239 390 0
2088 12 6.671326512 -2.937544811 125 86.10568166 390 0
2089 1 3.455814785 -5.46127315 143.5 42.60286924 390 0
2089 2 3.275838516 -4.860201096 209.8 135.5781904 390 0
2089 3 6.839080911 -1.209307767 301.6 90.33418408 390 0
2089 4 14.20835016 3.251524979 391.2 52.57685642 390 0
2089 5 20.39732446 8.560731098 461.6 102.8185385 390 0
2089 6 25.16428287 14.90137394 512.7 262.0191059 390 0
2089 7 28.81550195 20.41075737 503.7 87.03894757 390 0
2089 8 25.99484673 15.60371826 439.3 77.74609664 390 0
2089 9 22.79538203 11.73178757 346.6 68.01928022 390 0
2089 10 18.15511787 6.82503988 255.1 25.83111786 390 0
2089 11 10.83639571 0.316198859 163.1 106.1905779 390 0
2089 12 5.000720245 -3.740140747 125 112.5664179 390 0
2090 1 2.810571005 -6.700064279 143.5 97.55493898 390 0
2090 2 6.246111572 -2.780571929 209.8 55.43768906 390 0
2090 3 7.413601316 -1.979003152 301.6 112.2891531 390 0
2090 4 12.80538966 2.229497876 391.2 145.8735438 390 0
2090 5 17.67133981 7.270096301 461.6 82.13089985 390 0
2090 6 24.78489994 13.06486863 512.7 43.07239867 390 0
2090 7 27.92456465 16.38324933 503.7 75.22563659 390 0
2090 8 25.96968741 15.72497676 439.3 132.6805945 390 0
2090 9 22.46086819 12.28229215 346.6 33.81342446 390 0
2090 10 16.65789884 5.125712244 255.1 49.56833093 390 0
2090 11 9.161243373 0.524332171 163.1 163.680425 390 0
2090 12 5.505944454 -3.304487957 125 90.7208915 390 0
2091 1 3.778916099 -4.651075595 143.5 66.69874348 390 0
2091 2 1.261026073 -9.105252763 209.8 98.86666292 390 0
2091 3 5.728121783 -3.480184647 301.6 177.0465909 390 0
2091 4 13.61174172 3.624626178 391.2 130.9848763 390 0
2091 5 21.24665532 9.003729324 461.6 25.83759806 390 0
2091 6 25.1892021 13.23080662 512.7 56.75993109 390 0
2091 7 28.66339537 16.68647347 503.7 66.87471973 390 0
2091 8 27.79887607 16.47234435 439.3 43.73279065 390 0
2091 9 22.45401473 12.88560747 346.6 123.4111559 390 0
2091 10 15.7315443 4.883645137 255.1 97.5269599 390 0
2091 11 11.76332915 0.370321827 163.1 97.67732318 390 0
2091 12 4.752273819 -3.87717462 125 156.4574662 390 0
2092 1 -0.216187895 -9.716723343 143.5 97.66379134 390 0
2092 2 4.665570643 -5.521813837 209.8 45.54597758 390 0
2092 3 7.641050069 -2.075666778 301.6 77.04440903 390 0
2092 4 15.1624069 4.219929547 391.2 119.7693304 390 0
2092 5 19.26998263 9.330294843 461.6 87.44259957 390 0
2092 6 21.68476341 13.34902012 512.7 139.2883705 390 0
2092 7 25.41868227 16.00307265 503.7 194.3910722 390 0
2092 8 27.31254045 18.08899823 439.3 114.9236475 390 0
2092 9 22.05731414 11.38614344 346.6 67.31041554 390 0
2092 10 15.05032446 5.67315648 255.1 167.0525506 390 0
2092 11 12.97383715 4.58225034 163.1 80.34323138 390 0
2092 12 4.530855474 -4.338209593 125 148.972855 390 0
2093 1 -0.216187895 -9.716723343 143.5 97.66379134 390 0
2093 2 4.665570643 -5.521813837 209.8 45.54597758 390 0
2093 3 7.641050069 -2.075666778 301.6 77.04440903 390 0
2093 4 15.1624069 4.219929547 391.2 119.7693304 390 0
2093 5 19.26998263 9.330294843 461.6 87.44259957 390 0
2093 6 21.68476341 13.34902012 512.7 139.2883705 390 0
2093 7 25.41868227 16.00307265 503.7 194.3910722 390 0
2093 8 27.31254045 18.08899823 439.3 114.9236475 390 0
2093 9 22.05731414 11.38614344 346.6 67.31041554 390 0
2093 10 15.05032446 5.67315648 255.1 167.0525506 390 0
2093 11 12.97383715 4.58225034 163.1 80.34323138 390 0
2093 12 4.530855474 -4.338209593 125 148.972855 390 0
2094 1 2.195129276 -8.003281853 143.5 92.65546758 390 0
2094 2 5.004079436 -3.996386175 209.8 84.05645949 390 0
2094 3 11.09953803 0.569056282 301.6 121.407982 390 0
2094 4 12.73624339 3.748044369 391.2 145.9272528 390 0
2094 5 19.68190026 8.80552993 461.6 98.75588892 390 0
2094 6 24.44527122 13.78322025 512.7 128.8385547 390 0
2094 7 25.39615246 15.38693252 503.7 122.4947969 390 0
2094 8 25.12656031 15.89008698 439.3 94.91319604 390 0
2094 9 22.74097431 12.13519482 346.6 95.55995821 390 0
2094 10 17.26756166 5.710861013 255.1 41.50147974 390 0
2094 11 9.938480346 1.607021099 163.1 100.1610318 390 0
2094 12 2.722502186 -6.543017653 125 111.8213396 390 0
2095 1 -0.216187895 -9.716723343 143.5 97.66379134 390 0
2095 2 4.665570643 -5.521813837 209.8 45.54597758 390 0
2095 3 7.641050069 -2.075666778 301.6 77.04440903 390 0
2095 4 15.1624069 4.219929547 391.2 119.7693304 390 0
2095 5 19.26998263 9.330294843 461.6 87.44259957 390 0
2095 6 21.68476341 13.34902012 512.7 139.2883705 390 0
2095 7 25.41868227 16.00307265 503.7 194.3910722 390 0
2095 8 27.31254045 18.08899823 439.3 114.9236475 390 0
2095 9 22.05731414 11.38614344 346.6 67.31041554 390 0
2095 10 15.05032446 5.67315648 255.1 167.0525506 390 0
2095 11 12.97383715 4.58225034 163.1 80.34323138 390 0
2095 12 4.530855474 -4.338209593 125 148.972855 390 0
2096 1 3.778916099 -4.651075595 143.5 66.69874348 390 0
2096 2 1.261026073 -9.105252763 209.8 98.86666292 390 0
2096 3 5.728121783 -3.480184647 301.6 177.0465909 390 0
2096 4 13.61174172 3.624626178 391.2 130.9848763 390 0
2096 5 21.24665532 9.003729324 461.6 25.83759806 390 0
2096 6 25.1892021 13.23080662 512.7 56.75993109 390 0
2096 7 28.66339537 16.68647347 503.7 66.87471973 390 0
2096 8 27.79887607 16.47234435 439.3 43.73279065 390 0
2096 9 22.45401473 12.88560747 346.6 123.4111559 390 0
2096 10 15.7315443 4.883645137 255.1 97.5269599 390 0
2096 11 11.76332915 0.370321827 163.1 97.67732318 390 0
2096 12 4.752273819 -3.87717462 125 156.4574662 390 0
2097 1 3.455814785 -5.46127315 143.5 42.60286924 390 0
2097 2 3.275838516 -4.860201096 209.8 135.5781904 390 0
2097 3 6.839080911 -1.209307767 301.6 90.33418408 390 0
2097 4 14.20835016 3.251524979 391.2 52.57685642 390 0
2097 5 20.39732446 8.560731098 461.6 102.8185385 390 0
2097 6 25.16428287 14.90137394 512.7 262.0191059 390 0
2097 7 28.81550195 20.41075737 503.7 87.03894757 390 0
2097 8 25.99484673 15.60371826 439.3 77.74609664 390 0
2097 9 22.79538203 11.73178757 346.6 68.01928022 390 0
2097 10 18.15511787 6.82503988 255.1 25.83111786 390 0
2097 11 10.83639571 0.316198859 163.1 106.1905779 390 0
2097 12 5.000720245 -3.740140747 125 112.5664179 390 0
2098 1 0.022773155 -9.190915401 143.5 30.36824102 390 0
2098 2 4.402096275 -5.593219255 209.8 54.51132325 390 0
2098 3 10.14742559 -1.498024242 301.6 66.88899505 390 0
2098 4 14.91727617 3.791407627 391.2 41.98151136 390 0
2098 5 20.91626496 8.540620838 461.6 115.9450403 390 0
2098 6 22.61116786 12.08213903 512.7 116.8211798 390 0
2098 7 27.65372715 16.3162379 503.7 93.43427899 390 0
2098 8 26.21555552 16.10512557 439.3 188.7560773 390 0
2098 9 23.1998205 12.42745202 346.6 84.71268413 390 0
2098 10 18.09429712 6.535262666 255.1 51.24077708 390 0
2098 11 11.65834576 3.36298436 163.1 175.8729897 390 0
2098 12 3.437620474 -5.502859974 125 36.00163303 390 0
2099 1 6.027025326 -2.835525185 143.5 68.5921779 390 0
2099 2 7.217949652 -3.662519734 209.8 51.97987921 390 0
2099 3 9.173554573 -1.076593966 301.6 119.0643767 390 0
2099 4 15.75772151 4.706183794 391.2 99.25248774 390 0
2099 5 18.64178616 7.643319099 461.6 131.1312909 390 0
2099 6 24.05784965 13.11148862 512.7 118.1761764 390 0
2099 7 28.22039926 17.21955946 503.7 44.13509212 390 0
2099 8 28.40749108 17.45264057 439.3 68.94427105 390 0
2099 9 24.08536334 13.92794553 346.6 133.3020596 390 0
2099 10 15.75153065 5.945284578 255.1 107.387012 390 0
2099 11 9.680813909 0.969594106 163.1 158.2008382 390 0
2099 12 4.121098873 -4.415345718 125 145.4729495 390 0
2100-2200 1 6.027025326 -2.835525185 143.5 68.5921779 390 0
2100-2200 2 7.217949652 -3.662519734 209.8 51.97987921 390 0
2100-2200 3 9.173554573 -1.076593966 301.6 119.0643767 390 0
2100-2200 4 15.75772151 4.706183794 391.2 99.25248774 390 0
2100-2200 5 18.64178616 7.643319099 461.6 131.1312909 390 0
2100-2200 6 24.05784965 13.11148862 512.7 118.1761764 390 0
2100-2200 7 28.22039926 17.21955946 503.7 44.13509212 390 0
2100-2200 8 28.40749108 17.45264057 439.3 68.94427105 390 0
2100-2200 9 24.08536334 13.92794553 346.6 133.3020596 390 0
2100-2200 10 15.75153065 5.945284578 255.1 107.387012 390 0
2100-2200 11 9.680813909 0.969594106 163.1 158.2008382 390 0
2100-2200 12 4.121098873 -4.415345718 125 145.4729495 390 0
