Year Month Tmax Tmin PAR Prec CO2 O3
1200-1980 1 2.68870465173008 -6.7066928821985 143.5 96.0773072298028 390 0
1200-1980 2 4.21245248873945 -5.38436220134457 209.8 88.0281201329717 390 0
1200-1980 3 8.18107814775644 -1.75313911680267 301.6 117.572100830131 390 0
1200-1980 4 14.1443654797844 3.4430609752323 391.2 113.232746389271 390 0
1200-1980 5 19.7577713421911 8.58848742263995 461.6 97.9728144193738 390 0
1200-1980 6 24.6425710395986 13.8861639794111 512.7 109.719259621387 390 0
1200-1980 7 27.689209706887 17.1975816148093 503.7 93.7438038001697 390 0
1200-1980 8 26.8303079746634 16.5638895633057 439.3 105.161957058747 390 0
1200-1980 9 23.0267864676578 12.4832788014876 346.6 103.489367727021 390 0
1200-1980 10 17.0124665897976 6.32794048653336 255.1 111.47323000473 390 0
1200-1980 11 11.3904497148665 1.6415047617871 163.1 110.871172413893 390 0
1200-1980 12 5.55944065818471 -3.39834398919907 125 110.295979235112 390 0
1981 1 -1.47428734565398 -12.3901886433128 143.5 26.2554324007085 390 0
1981 2 6.87207259527373 -3.81568825973258 209.8 174.413605089979 390 0
1981 3 7.77705375693288 -2.38262754593577 301.6 21.1498737322804 390 0
1981 4 15.3784236623475 4.24952754671739 391.2 96.8533952249398 390 0
1981 5 20.5507544932723 8.32770512737254 461.6 66.9913700289963 390 0
1981 6 25.486998643245 14.1500803668806 512.7 86.8295517722366 390 0
1981 7 28.3655409152527 17.1044660996821 503.7 93.579851692566 390 0
1981 8 27.043739443018 15.0477853391392 439.3 33.1321282652618 390 0
1981 9 22.0487079124662 11.4905962993833 346.6 95.7630614287673 390 0
1981 10 15.0037065132515 4.43201053099001 255.1 120.442137958965 390 0
1981 11 10.7836741690088 1.40800668302334 163.1 84.7996703227112 390 0
1981 12 3.58733097561748 -3.97055660859983 125 154.6819763158 390 0
1982 1 -0.881881108248943 -11.7359558858107 143.5 127.913857112476 390 0
1982 2 3.4975910433511 -5.25251514281641 209.8 83.9743304177231 390 0
1982 3 7.79240987825308 -2.77524684698868 301.6 66.3797894010667 390 0
1982 4 13.1974719300817 1.24522738392039 391.2 119.931455493332 390 0
1982 5 20.5835888521803 8.4032428848474 461.6 64.9959245394097 390 0
1982 6 21.7147737913713 12.0510239657204 512.7 282.702040248709 390 0
1982 7 28.1088648581005 16.0850843282223 503.7 76.7090467663894 390 0
1982 8 25.1846817346536 14.4766830574729 439.3 79.040566981871 390 0
1982 9 22.5006661237648 11.8464850606397 346.6 77.0664742453736 390 0
1982 10 16.9135310302801 5.33414271551023 255.1 75.319242198954 390 0
1982 11 13.1342912795263 3.08242411036833 163.1 99.7197237433214 390 0
1982 12 7.86520367163305 -1.22346033671228 125 50.7757551656589 390 0
1983 1 3.19266383875984 -5.79547042470994 143.5 118.159992656558 390 0
1983 2 4.4605027571285 -5.12621658901156 209.8 122.284063203731 390 0
1983 3 8.61624116950518 0.262185662992775 301.6 229.216647327214 390 0
1983 4 13.3188339354317 3.58195998821923 391.2 258.548532494489 390 0
1983 5 17.8450192580183 8.07091826335754 461.6 112.37409286064 390 0
1983 6 26.0316075492149 13.5494748682838 512.7 67.9518431219307 390 0
1983 7 29.0240072721027 16.6862488002037 503.7 43.6316079787121 390 0
1983 8 27.3883032454753 16.3795206069894 439.3 96.6448069001461 390 0
1983 9 25.6570864996527 12.8448603062005 346.6 49.0679143407074 390 0
1983 10 16.8365302562843 6.76897259126113 255.1 138.055889809789 390 0
1983 11 12.0468457172893 2.00790764396178 163.1 205.978311523841 390 0
1983 12 4.34868738495723 -4.86965077134222 125 158.438304327966 390 0
1984 1 1.06705769576325 -8.36398199202506 143.5 56.016557879325 390 0
1984 2 6.94053779903029 -2.2928235349458 209.8 157.747002741434 390 0
1984 3 4.55821530782272 -4.2266334330543 301.6 152.884044708724 390 0
1984 4 12.6908671137366 2.93064790790377 391.2 126.446572869589 390 0
1984 5 19.333049633431 7.8874622681838 461.6 173.722115008838 390 0
1984 6 25.820670969064 14.1403202296172 512.7 155.448651320955 390 0
1984 7 26.7246323344185 16.5837192269453 503.7 155.346356835219 390 0
1984 8 27.4523515495994 17.2523133719049 439.3 26.2264551961137 390 0
1984 9 22.1235279676479 10.1896246368892 346.6 48.9337900633613 390 0
1984 10 18.0199161251823 7.62137516583519 255.1 102.954453087718 390 0
1984 11 11.799227702615 1.09111592230058 163.1 61.8431684252251 390 0
1984 12 8.32701846226592 -1.52938678039146 125 80.9788950718753 390 0
1985 1 0.0227731546492771 -9.19091540144626 143.5 30.3682410165341 390 0
1985 2 4.40209627453852 -5.59321925507231 209.8 54.5113232510757 390 0
1985 3 10.14742559232 -1.49802424237157 301.6 66.8889950520451 390 0
1985 4 14.9172761696749 3.7914076271303 391.2 41.981511361954 390 0
1985 5 20.9162649553984 8.54062083835058 461.6 115.945040299753 390 0
1985 6 22.6111678560239 12.0821390285149 512.7 116.821179810304 390 0
1985 7 27.6537271539484 16.3162378997416 503.7 93.4342789932454 390 0
1985 8 26.2155555227803 16.1051255748211 439.3 188.756077273966 390 0
1985 9 23.1998205020039 12.4274520203348 346.6 84.7126841269539 390 0
1985 10 18.0942971154239 6.53526266607885 255.1 51.2407770849709 390 0
1985 11 11.6583457562882 3.36298435961576 163.1 175.872989706933 390 0
1985 12 3.43762047367455 -5.50285997371017 125 36.0016330310392 390 0
1986 1 4.31360102855052 -6.0896503558347 143.5 136.214973287991 390 0
1986 2 1.75320563024976 -6.1312781673135 209.8 87.253952906988 390 0
1986 3 9.3556276438649 -1.98430431488728 301.6 79.5615953015755 390 0
1986 4 14.7097828661666 4.18899646075448 391.2 54.9978492456679 390 0
1986 5 20.612306410714 8.96152546878716 461.6 41.3489873207817 390 0
1986 6 24.2598397985229 12.2525541080076 512.7 131.752522198618 390 0
1986 7 26.3924314815366 16.2965323888811 503.7 141.416026071294 390 0
1986 8 24.9835939022997 15.341587072943 439.3 110.25812040993 390 0
1986 9 21.4901318486855 11.0291033917636 346.6 28.2927632348259 390 0
1986 10 17.3055722412455 6.00433802680814 255.1 74.0826158291529 390 0
1986 11 10.2598448889416 -0.37403425831819 163.1 173.196513215486 390 0
1986 12 5.76037655209483 -2.69539547071418 125 175.182389191228 390 0
1987 1 2.37158468559069 -6.86704593241993 143.5 154.665766633949 390 0
1987 2 3.0904453585448 -7.70783842091051 209.8 20.6199781237976 390 0
1987 3 8.74514440695463 -1.63229199613278 301.6 95.6431216372842 390 0
1987 4 13.7283165692953 4.14144427594886 391.2 249.124944062699 390 0
1987 5 20.1202435256334 8.15851256106494 461.6 57.2756535398159 390 0
1987 6 25.2814661997743 14.2667512238031 512.7 55.9061981830893 390 0
1987 7 27.7797327114237 17.1566279160385 503.7 40.5487914566255 390 0
1987 8 26.2728180316807 14.8447003444645 439.3 96.0024078004167 390 0
1987 9 22.1085028926967 12.5612831938675 346.6 162.836124044693 390 0
1987 10 16.4324826372576 4.44385662240435 255.1 82.9613527056723 390 0
1987 11 11.4136481226923 0.503819709609711 163.1 80.7030847745063 390 0
1987 12 6.0202346442577 -2.6150614515396 125 82.8566017106182 390 0
1988 1 1.41678530935075 -9.08740758719715 143.5 78.4461460888363 390 0
1988 2 4.43152757794954 -5.49573603155286 209.8 122.349952067507 390 0
1988 3 8.87171693703388 -1.98878183509696 301.6 87.4927865207735 390 0
1988 4 12.5834107920168 3.37225088012183 391.2 58.7585146307009 390 0
1988 5 19.3296132194608 8.75073194697472 461.6 87.0888609610866 390 0
1988 6 25.4030295692071 12.7851199124805 512.7 34.8113795281767 390 0
1988 7 28.2559985140894 17.6647864427138 503.7 172.761411986595 390 0
1988 8 28.4979243656917 18.3404861441449 439.3 49.174542373387 390 0
1988 9 22.889636002368 10.9216378805382 346.6 55.9919914880725 390 0
1988 10 14.8495257304518 4.13709609494908 255.1 78.2506139294176 390 0
1988 11 12.2168583983627 1.45421740227764 163.1 215.486602456336 390 0
1988 12 4.76085980464213 -5.38903322766775 125 34.8555444142068 390 0
1989 1 5.14252864890792 -4.85393766084243 143.5 38.0576131267057 390 0
1989 2 3.18750319971535 -5.85519162773142 209.8 72.2285128040861 390 0
1989 3 7.80693993814978 -2.56378027696997 301.6 93.4401518439175 390 0
1989 4 12.9098478927 2.02115160066194 391.2 110.56086593956 390 0
1989 5 20.2724748078257 9.05805325022475 461.6 187.417785114756 390 0
1989 6 24.7532708287454 14.7450156896924 512.7 134.365378226129 390 0
1989 7 27.1426408110135 16.2751024041845 503.7 129.021177584303 390 0
1989 8 26.5356699740753 16.5785978542289 439.3 157.660666203392 390 0
1989 9 23.3769915459397 12.5208705768648 346.6 115.00409817924 390 0
1989 10 18.050174950792 6.0499153339078 255.1 170.00893799648 390 0
1989 11 10.8766280325695 0.85727940355951 163.1 135.467275566037 390 0
1989 12 -1.79632191187891 -11.5434110889623 125 25.9275231170353 390 0
1990 1 6.3732705008977 -2.41937840542911 143.5 135.243593837714 390 0
1990 2 6.50277306248042 -4.50148248311731 209.8 85.6153241367472 390 0
1990 3 9.94596601291178 -1.78479793575753 301.6 59.9656800822226 390 0
1990 4 13.6810283890991 3.28860270659484 391.2 126.293179511169 390 0
1990 5 17.8439485375643 7.63536156878242 461.6 176.86658948421 390 0
1990 6 24.8265548933326 13.5026932456991 512.7 45.5352071034074 390 0
1990 7 27.0079056589033 17.5536627708362 503.7 108.624459348734 390 0
1990 8 27.1255044951551 17.6254766002547 439.3 162.917301980861 390 0
1990 9 22.8230664332344 11.7138374380024 346.6 57.1054971048687 390 0
1990 10 19.5967141048445 8.90703701737973 255.1 162.731656524812 390 0
1990 11 13.1494330703342 2.10143649429452 163.1 63.684467814739 390 0
1990 12 8.31955376055519 -1.24666503567262 125 128.773629351695 390 0
1991 1 3.35765388908493 -6.74036951389687 143.5 80.4376082037071 390 0
1991 2 6.65839304941036 -3.99668419894577 209.8 54.9309761743096 390 0
1991 3 9.56157530714893 -0.141823391645069 301.6 139.141306154283 390 0
1991 4 16.0499958800267 4.17653913695688 391.2 88.2945742447587 390 0
1991 5 23.2796590316199 10.2885876749613 461.6 92.7131481041734 390 0
1991 6 26.323654350105 13.9173764285091 512.7 44.6608753142734 390 0
1991 7 28.2372941257731 16.6179543162794 503.7 71.5091479787805 390 0
1991 8 27.5083691608961 17.0500928140616 439.3 182.473321802711 390 0
1991 9 22.4472937960409 11.46079035312 346.6 162.078505267953 390 0
1991 10 18.029745055803 7.1498257844309 255.1 73.161509320724 390 0
1991 11 10.6468249699415 2.44449711992329 163.1 127.723123939797 390 0
1991 12 6.67132651164945 -2.93754481098739 125 86.1056816612234 390 0
1992 1 3.59666917712 -6.23651628638301 143.5 78.2998247421319 390 0
1992 2 4.43697241394457 -5.06317892747057 209.8 55.9719747180175 390 0
1992 3 6.22757881005885 -3.43613300667873 301.6 101.868444082639 390 0
1992 4 12.1544855326525 1.86719947452304 391.2 71.5602697497615 390 0
1992 5 19.7097043875928 7.02819370674267 461.6 32.8571498876248 390 0
1992 6 24.1873752031284 12.776572542413 512.7 155.901081946282 390 0
1992 7 25.9126979474721 15.2507811647679 503.7 91.9385841504036 390 0
1992 8 25.225380761875 15.2705757303066 439.3 165.790495082774 390 0
1992 9 22.324074872324 12.2967723320438 346.6 102.566082388423 390 0
1992 10 15.453879293598 4.63439106691336 255.1 53.256774900328 390 0
1992 11 9.27886075830787 1.30801435061543 163.1 138.494655061635 390 0
1992 12 4.73809819571054 -3.47023722482327 125 174.91323285727 390 0
1993 1 3.77891609928709 -4.65107559486497 143.5 66.6987434814476 390 0
1993 2 1.26102607256485 -9.10525276272547 209.8 98.8666629189251 390 0
1993 3 5.72812178299783 -3.4801846473916 301.6 177.046590908427 390 0
1993 4 13.6117417167997 3.62462617760378 391.2 130.984876292528 390 0
1993 5 21.2466553177192 9.00372932408719 461.6 25.8375980554487 390 0
1993 6 25.1892020979517 13.230806616336 512.7 56.7599310935915 390 0
1993 7 28.6633953738542 16.6864734738982 503.7 66.874719732081 390 0
1993 8 27.7988760678452 16.4723443546428 439.3 43.7327906511729 390 0
1993 9 22.4540147272044 12.8856074679212 346.6 123.411155928902 390 0
1993 10 15.7315443048765 4.88364513725223 255.1 97.5269598953756 390 0
1993 11 11.7633291544039 0.370321827492928 163.1 97.6773231829709 390 0
1993 12 4.75227381946651 -3.8771746195383 125 156.457466234654 390 0
1994 1 -0.455198048940607 -11.2164316430564 143.5 143.319663989651 390 0
1994 2 1.19744229762405 -8.87733392887976 209.8 78.0803512135456 390 0
1994 3 7.2046887932348 -2.36543025515192 301.6 179.464050246624 390 0
1994 4 15.6514683563324 3.70792246259912 391.2 63.0044977941905 390 0
1994 5 19.2335077601863 7.50291133688873 461.6 101.28055908569 390 0
1994 6 26.0412344690118 15.0469963984228 512.7 76.9655914177545 390 0
1994 7 29.1677840390108 19.3002956942399 503.7 72.0818492485938 390 0
1994 8 26.0867838969877 15.8227272626717 439.3 157.069343519568 390 0
1994 9 22.0019921948542 12.0535998307634 346.6 113.314077622426 390 0
1994 10 17.3297694387117 5.43530071974672 255.1 23.4796771987661 390 0
1994 11 14.0390359801188 3.11348213789326 163.1 120.555989884422 390 0
1994 12 7.61624655793532 -1.75552138626965 125 130.973965670975 390 0
1995 1 5.31866787835554 -2.63243081573023 143.5 96.3480766738415 390 0
1995 2 2.90741513282273 -7.55777575580886 209.8 63.8869685624962 390 0
1995 3 8.7722197301298 -0.682527870960477 301.6 68.7175100096663 390 0
1995 4 13.4992924684984 2.07838263840029 391.2 65.4753313041482 390 0
1995 5 18.4400522134546 7.63473216906634 461.6 77.7554068883397 390 0
1995 6 25.2104902507024 13.6020492538269 512.7 59.5994405593394 390 0
1995 7 28.693465196754 18.1414562224351 503.7 66.7984677590781 390 0
1995 8 28.0853879649197 15.7884867597719 439.3 49.1042646425022 390 0
1995 9 22.4408283401125 11.0591476700536 346.6 86.9534435990964 390 0
1995 10 19.5044156969382 7.71402404168213 255.1 183.125425631809 390 0
1995 11 9.13195689718119 0.0789795529890298 163.1 146.173346225902 390 0
1995 12 2.2035573603472 -6.15808966902899 125 66.2693325443263 390 0
1996 1 2.45187237928627 -7.23737613850733 143.5 162.634140441567 390 0
1996 2 2.90617949672326 -6.34749118839103 209.8 79.2482301200464 390 0
1996 3 6.68014623420182 -4.15682327586852 301.6 82.22299374581 390 0
1996 4 13.5265767186661 3.25779440234866 391.2 169.682699209758 390 0
1996 5 19.3871168276718 7.69565769968002 461.6 86.3192850367224 390 0
1996 6 24.7957161057646 14.2900287610987 512.7 63.365499147393 390 0
1996 7 25.9307781011965 16.4461567025696 503.7 141.958226664689 390 0
1996 8 25.9847463996942 16.4436005056248 439.3 74.1873476175304 390 0
1996 9 21.8759277030747 13.0236985084576 346.6 194.737523538497 390 0
1996 10 16.4396539994391 5.39867194794915 255.1 217.161935432405 390 0
1996 11 8.4700878442045 -0.685575475070868 163.1 78.4804277551813 390 0
1996 12 7.11504437607692 -0.352221049178631 125 183.423285207468 390 0
1997 1 2.81057100512117 -6.70006427948896 143.5 97.5549389751938 390 0
1997 2 6.24611157249293 -2.7805719288692 209.8 55.4376890616487 390 0
1997 3 7.41360131604785 -1.97900315205699 301.6 112.28915309548 390 0
1997 4 12.8053896634525 2.22949787618306 391.2 145.873543809682 390 0
1997 5 17.6713398057395 7.27009630131162 461.6 82.1308998472043 390 0
1997 6 24.7848999441873 13.064868631256 512.7 43.0723986660969 390 0
1997 7 27.9245646493253 16.3832493323193 503.7 75.2256365876495 390 0
1997 8 25.9696874106485 15.7249767611605 439.3 132.680594535768 390 0
1997 9 22.4608681864909 12.2822921452504 346.6 33.813424459611 390 0
1997 10 16.6578988443311 5.1257122442264 255.1 49.568330926092 390 0
1997 11 9.1612433733687 0.524332170865939 163.1 163.680425049037 390 0
1997 12 5.50594445423793 -3.30448795673436 125 90.7208914959292 390 0
1998 1 5.25162053927553 -2.63614547045828 143.5 152.197469170547 390 0
1998 2 6.33740343561947 -2.07737799149829 209.8 141.450680192142 390 0
1998 3 8.9513093222597 -0.278833066966503 301.6 150.732042507931 390 0
1998 4 14.7100939997229 3.94068765833508 391.2 121.835141760401 390 0
1998 5 21.3048161040449 10.1216235598443 461.6 131.373853072427 390 0
1998 6 23.035365084601 14.0722434436619 512.7 201.681952881751 390 0
1998 7 27.4012379949913 17.0302592688342 503.7 87.9435984773135 390 0
1998 8 27.4237944606222 16.953672139889 439.3 91.7805332875136 390 0
1998 9 24.0756671017675 13.079263027492 346.6 65.25180667348 390 0
1998 10 16.9926526282009 6.74282073000694 255.1 121.636352811995 390 0
1998 11 11.0127898757341 1.04588069090403 163.1 56.9346195317283 390 0
1998 12 8.66423451528828 -1.29090041404706 125 36.6443533307639 390 0
1999 1 4.04545208083391 -6.41246221966157 143.5 174.862346918772 390 0
1999 2 5.22953483273562 -4.32519164060399 209.8 104.473554579997 390 0
1999 3 8.32965499193924 -1.34383208686622 301.6 142.484110435948 390 0
1999 4 15.1100722455954 3.19375003950502 391.2 36.124861096872 390 0
1999 5 20.2892034121933 8.74611566977676 461.6 100.223703326582 390 0
1999 6 26.5880794738553 14.8623680634574 512.7 13.8648103356 390 0
1999 7 29.7089847803678 18.3418618822487 503.7 59.7771799733301 390 0
1999 8 26.7717348375675 16.6091687656318 439.3 70.639757779704 390 0
1999 9 24.0089107608449 13.882181075452 346.6 210.114764564281 390 0
1999 10 16.7099251761702 5.17759231206524 255.1 137.621193783653 390 0
1999 11 13.4458833228223 3.45483173563736 163.1 73.756048288114 390 0
1999 12 6.712384152668 -2.41622967238415 125 66.2526343320257 390 0
2000 1 2.19512927596469 -8.0032818533548 143.5 92.655467583577 390 0
2000 2 5.00407943626617 -3.99638617514894 209.8 84.0564594886408 390 0
2000 3 11.0995380296126 0.569056281720355 301.6 121.407981996098 390 0
2000 4 12.736243388234 3.74804436858513 391.2 145.927252763156 390 0
2000 5 19.6819002626672 8.80552992957964 461.6 98.7558889247541 390 0
2000 6 24.4452712187078 13.7832202486404 512.7 128.838554726334 390 0
2000 7 25.3961524638142 15.3869325172783 503.7 122.494796880045 390 0
2000 8 25.1265603052559 15.8900869846767 439.3 94.913196036435 390 0
2000 9 22.7409743133348 12.1351948234375 346.6 95.559958211635 390 0
2000 10 17.2675616588717 5.71086101286236 255.1 41.5014797429858 390 0
2000 11 9.93848034571647 1.60702109946639 163.1 100.161031806256 390 0
2000 12 2.72250218621828 -6.54301765304766 125 111.821339570083 390 0
2001 1 2.48058729969925 -7.23067457019796 143.5 72.0331870065189 390 0
2001 2 4.58681472150681 -5.23264021189236 209.8 65.5448432248418 390 0
2001 3 5.71219268645802 -2.07503726378 301.6 247.914668983386 390 0
2001 4 14.2480585744044 3.17826976023765 391.2 49.2246097215516 390 0
2001 5 21.0444316302846 9.1477550763495 461.6 94.8705547546311 390 0
2001 6 25.719760003252 15.0837220010893 512.7 144.21619856577 390 0
2001 7 26.0626938562995 15.0352548496247 503.7 73.6529489487388 390 0
2001 8 28.0709404300092 17.9373221281428 439.3 109.640592955884 390 0
2001 9 23.5465346134347 12.5804488683302 346.6 78.4431241045582 390 0
2001 10 18.2955574727644 6.65299349296421 255.1 34.7204275743269 390 0
2001 11 13.5965613373022 2.64069898505855 163.1 26.5512164341131 390 0
2001 12 8.7302934570503 -0.454360720833958 125 74.4996009358585 390 0
2002 1 6.02702532610753 -2.83552518538689 143.5 68.5921778965898 390 0
2002 2 7.21794965179091 -3.66251973426921 209.8 51.9798792140684 390 0
2002 3 9.1735545728774 -1.07659396594499 301.6 119.064376730583 390 0
2002 4 15.7577215136833 4.70618379368849 391.2 99.2524877382286 390 0
2002 5 18.6417861570795 7.6433190988421 461.6 131.131290863428 390 0
2002 6 24.0578496497151 13.1114886187763 512.7 118.1761764026 390 0
2002 7 28.2203992570739 17.2195594613156 503.7 44.1350921225555 390 0
2002 8 28.407491083222 17.4526405656818 439.3 68.9442710534751 390 0
2002 9 24.0853633381585 13.9279455320588 346.6 133.302059582256 390 0
2002 10 15.7515306524837 5.94528457847528 255.1 107.387012008356 390 0
2002 11 9.68081390918224 0.969594105751818 163.1 158.200838230381 390 0
2002 12 4.12109887255021 -4.41534571764486 125 145.472949458313 390 0
2003 1 -0.562865626533235 -8.7289102287703 143.5 70.0663752101492 390 0
2003 2 0.853251297675012 -8.15190104818038 209.8 117.615584648664 390 0
2003 3 8.38923384566808 -3.20665099866848 301.6 129.746450079404 390 0
2003 4 11.5496538783377 1.96126020290266 391.2 121.510161643796 390 0
2003 5 17.5932597473574 7.53473791507603 461.6 95.2794831475837 390 0
2003 6 22.5029925525825 13.4958420326354 512.7 169.267595399261 390 0
2003 7 27.3916725236762 17.4362325966579 503.7 74.8394186992182 390 0
2003 8 27.5231200187259 18.5186656682477 439.3 131.984514090764 390 0
2003 9 22.983261046436 13.6301413862488 346.6 133.355234173769 390 0
2003 10 15.7757625268663 5.37100686073592 255.1 151.070418214674 390 0
2003 11 12.1131310585759 2.69915481782538 163.1 75.9032602647118 390 0
2003 12 5.93044233506191 -3.09315723391312 125 149.425133270758 390 0
2004 1 -2.1163984148475 -10.5199730811176 143.5 48.4161825022956 390 0
2004 2 3.72716841460031 -5.93762928976984 209.8 55.2358196161666 390 0
2004 3 8.01030101259521 -1.09016010323857 301.6 65.3375912296426 390 0
2004 4 13.8406411278623 3.80522932927344 391.2 201.433688984269 390 0
2004 5 20.7032792024644 9.66645492292171 461.6 78.5491417609462 390 0
2004 6 23.7537593671353 13.0302369115384 512.7 48.6667012567334 390 0
2004 7 25.7882911111618 16.7674708510411 503.7 96.22939712478 390 0
2004 8 25.8345138737568 16.8353816854219 439.3 136.707780685315 390 0
2004 9 23.201053312114 13.1292919302781 346.6 192.558216782728 390 0
2004 10 15.7175264920565 6.60459746178664 255.1 55.9985687294983 390 0
2004 11 11.5011720099686 1.055552050106 163.1 107.371971094648 390 0
2004 12 5.59133916627162 -4.00755040062125 125 119.270235668273 390 0
2005 1 1.33087222731519 -7.53886398382458 143.5 137.081846133932 390 0
2005 2 4.14224521098946 -5.74032089500784 209.8 71.0772379369716 390 0
2005 3 5.46929518145634 -4.07914798107162 301.6 139.03055704999 390 0
2005 4 15.4458149500079 3.45893236066278 391.2 118.830103523882 390 0
2005 5 16.1170467865906 6.71169228902607 461.6 121.597423846785 390 0
2005 6 25.5156114444077 14.9148492462413 512.7 45.2780421047915 390 0
2005 7 27.4107432903952 17.5914903663858 503.7 69.9150223442274 390 0
2005 8 28.4248816487733 18.1020396810894 439.3 74.2970270276955 390 0
2005 9 25.3353383820234 13.9949525376413 346.6 79.0975593416923 390 0
2005 10 16.2577026329248 8.29955416559923 255.1 349.522799876746 390 0
2005 11 12.7231812704125 1.87123602881681 163.1 119.42133770356 390 0
2005 12 4.14736583406399 -4.58919461445973 125 111.185874548855 390 0
2006 1 6.42374230552743 -2.54399979796535 143.5 144.695025261645 390 0
2006 2 4.09366774575892 -5.1545946667947 209.8 66.5797857737678 390 0
2006 3 7.87577231187742 -2.30756909530073 301.6 16.5845150244314 390 0
2006 4 15.3564885573277 3.75232776539397 391.2 97.1002270309827 390 0
2006 5 18.7831318910487 9.10329110096415 461.6 199.199036857173 390 0
2006 6 23.7882843250529 15.3330751344896 512.7 252.720752337191 390 0
2006 7 28.2700167834115 18.909357857557 503.7 75.5465173617239 390 0
2006 8 26.5961327744051 16.4108892486694 439.3 118.164743935051 390 0
2006 9 22.0555490331314 11.9115855992444 346.6 71.7770629847861 390 0
2006 10 16.6516366678446 5.86554794123839 255.1 150.777155999362 390 0
2006 11 13.1360076358361 4.31883779743235 163.1 159.346135157366 390 0
2006 12 8.97667347298925 -0.267679020820749 125 57.1106761999664 390 0
2007 1 4.86004014637474 -3.79844132132202 143.5 88.0081007565382 390 0
2007 2 0.565627556611468 -8.13115059500514 209.8 54.7604691478934 390 0
2007 3 7.88331558593608 -3.00424090441518 301.6 147.877064181803 390 0
2007 4 11.9028982405466 2.48397232435673 391.2 216.429891506611 390 0
2007 5 21.3460854736778 8.87797502666147 461.6 61.8777835509457 390 0
2007 6 24.5546451185628 14.0976745526188 512.7 78.0619549303456 390 0
2007 7 27.1248194597688 17.0274298803783 503.7 101.685820595896 390 0
2007 8 27.0847955300383 16.4899192757491 439.3 43.4721040577025 390 0
2007 9 24.4807088053086 13.0176673942551 346.6 48.70419585125 390 0
2007 10 19.6482155212918 9.78963120983629 255.1 83.1173323304169 390 0
2007 11 10.3364792653763 0.288334678629499 163.1 89.3128376082189 390 0
2007 12 3.82399457875148 -4.19927939774838 125 132.7758348635 390 0
2008 1 4.38892577724834 -4.91327518467182 143.5 72.7913857905104 390 0
2008 2 4.6004967505029 -4.81213980747328 209.8 187.331400940316 390 0
2008 3 7.81530153336665 -1.98320244696036 301.6 137.160501068617 390 0
2008 4 15.4704942866435 3.69470374432995 391.2 102.978329279008 390 0
2008 5 18.3907542401111 7.39055401987131 461.6 63.3000232226022 390 0
2008 6 25.6591219383618 15.1601327823008 512.7 88.7371369331768 390 0
2008 7 28.2916686096445 18.5407240702441 503.7 129.882529818261 390 0
2008 8 25.6877879759279 15.2543208842197 439.3 91.2708588556903 390 0
2008 9 22.8089226331228 13.2184107375058 346.6 222.907446987081 390 0
2008 10 16.2396911668797 5.40372480976875 255.1 67.5213397995144 390 0
2008 11 10.1648102834105 1.02410642269028 163.1 100.317041440872 390 0
2008 12 6.30493907508314 -3.34468093499009 125 188.448832527796 390 0
2009 1 -0.216187894859199 -9.7167233426879 143.5 97.6637913408624 390 0
2009 2 4.66557064257577 -5.52181383650891 209.8 45.5459775808865 390 0
2009 3 7.6410500691996 -2.07566677837649 301.6 77.0444090308443 390 0
2009 4 15.1624069011547 4.21992954727177 391.2 119.76933042514 390 0
2009 5 19.2699826337677 9.33029484319726 461.6 87.4425995743361 390 0
2009 6 21.6847634126821 13.3490201223473 512.7 139.288370496219 390 0
2009 7 25.4186822698065 16.0030726527852 503.7 194.391072173646 390 0
2009 8 27.3125404547549 18.088998225798 439.3 114.923647474192 390 0
2009 9 22.0573141390035 11.3861434443462 346.6 67.3104155410174 390 0
2009 10 15.0503244591302 5.67315647987605 255.1 167.052550620529 390 0
2009 11 12.9738371528104 4.58225034012531 163.1 80.3432313832031 390 0
2009 12 4.53085547435544 -4.3382095933855 125 148.972855025822 390 0
2010 1 2.17060108734868 -6.2707869937719 143.5 89.4082244622112 390 0
2010 2 2.94473875947977 -4.16310958409067 209.8 123.52365406275 390 0
2010 3 10.8388216730294 1.5264574475438 301.6 339.421081951167 390 0
2010 4 16.7536370559974 5.31683838977939 391.2 48.6646891043278 390 0
2010 5 22.0884999099841 10.0912980267646 461.6 69.6391726756668 390 0
2010 6 25.8180405354594 15.5655257313918 512.7 79.7192629457846 390 0
2010 7 29.7176567631898 18.9010253273497 503.7 84.0830888737521 390 0
2010 8 27.1283155586567 16.8719017023892 439.3 100.792153365247 390 0
2010 9 24.472605665231 14.1177300557045 346.6 71.3104266469887 390 0
2010 10 17.3047721282616 7.48521533098651 255.1 132.964064416013 390 0
2010 11 11.0495137730654 1.69750991153325 163.1 96.1485846025379 390 0
2010 12 3.13595021624407 -4.8383933884316 125 111.797935072067 390 0
2011 1 1.20572280475809 -8.45781617027979 143.5 106.839310588779 390 0
2011 2 3.68144091626116 -7.50701863821774 209.8 103.951557232534 390 0
2011 3 8.15770931477373 -1.59515684407187 301.6 97.6641585553114 390 0
2011 4 14.1482437688656 4.71801724887268 391.2 149.100897174 390 0
2011 5 19.6056194225447 10.2735587394764 461.6 96.3296042316289 390 0
2011 6 24.2956142434739 14.2380490516205 512.7 132.721365047464 390 0
2011 7 28.7990811933743 18.1912028991304 503.7 68.1267468410092 390 0
2011 8 26.8885119348282 17.3562371693809 439.3 224.799460929309 390 0
2011 9 23.89661934944 14.8007275835183 346.6 167.670570322878 390 0
2011 10 17.6728198649487 8.22912446813563 255.1 187.791968651611 390 0
2011 11 13.8480502543141 3.23365055092703 163.1 100.576307008159 390 0
2011 12 8.6099251698911 -1.35916465292099 125 106.009858798224 390 0
2012 1 5.38392299964809 -4.04451599777169 143.5 86.0022081755775 390 0
2012 2 7.3333089061813 -2.90967923053042 209.8 28.8019728250663 390 0
2012 3 12.5847752160011 2.19252308300728 301.6 44.7029006379277 390 0
2012 4 15.9490325233579 4.43816212419787 391.2 77.5494894360423 390 0
2012 5 20.3740339172603 11.1971112400487 461.6 117.794311489713 390 0
2012 6 23.8994505473447 13.7907181704527 512.7 105.028817550351 390 0
2012 7 28.9408568772053 18.1787262549475 503.7 82.3437067627445 390 0
2012 8 27.7648216194641 17.6683130464368 439.3 115.416613530852 390 0
2012 9 23.1166113654995 12.7970697751232 346.6 118.118401942198 390 0
2012 10 17.6712432066964 8.4703076139637 255.1 110.77451730949 390 0
2012 11 9.69759727029934 0.715589909391622 163.1 38.6765525935933 390 0
2012 12 7.22576787546255 -0.807290019118971 125 150.176675931661 390 0
2013 1 3.45581478534967 -5.46127315035209 143.5 42.6028692366507 390 0
2013 2 3.27583851600195 -4.86020109608403 209.8 135.578190411302 390 0
2013 3 6.83908091134325 -1.20930776714306 301.6 90.3341840812055 390 0
2013 4 14.2083501641652 3.25152497868552 391.2 52.5768564187618 390 0
2013 5 20.3973244637479 8.56073109803468 461.6 102.818538476641 390 0
2013 6 25.1642828722062 14.9013739387408 512.7 262.019105934121 390 0
2013 7 28.8155019489153 20.4107573689701 503.7 87.0389475733997 390 0
2013 8 25.9948467305891 15.6037182630602 439.3 77.7460966364521 390 0
2013 9 22.7953820252963 11.7317875663618 346.6 68.0192802193233 390 0
2013 10 18.1551178692188 6.82503987997427 255.1 25.8311178554975 390 0
2013 11 10.8363957106124 0.316198859276481 163.1 106.190577862926 390 0
2013 12 5.00072024490278 -3.74014074732837 125 112.566417855755 390 0
2014 1 -0.31808832 -8.632523 143.5 102.1088757 399 0
2014 2 8.674374 -1.2827922 209.8 92.327206525 399.92 0
2014 3 8.400787 -1.1919613 301.6 201.455174 400.9 0
2014 4 15.762474 4.9516034 391.2 85.962225 402.36 0
2014 5 24.978777 10.710671 461.6 62.9432153 402.9 0
2014 6 24.969267 13.583735 512.7 70.02183 402.35 0
2014 7 29.369396 17.485723 503.7 78.7580916 400.83 0
2014 8 27.434313 16.465902 439.3 168.9061815 398.24 0
2014 9 23.272253 12.56456 346.6 59.23515 397.24 0
2014 10 17.381483 6.4156685 255.1 83.4871943 397.1 0
2014 11 10.976046 1.3676469 163.1 112.335414 398.53 0
2014 12 6.9037766 -1.9266051 125 121.7619023 399.74 0
2015 1 3.8590584 -4.0426893 143.5 100.1681672 401.63 0
2015 2 5.343486 -5.1408195 209.8 116.51410225 402.55 0
2015 3 8.444072 -1.4827334 301.6 49.8345832 403.53 0
2015 4 13.94165 2.995656 391.2 106.52589 404.99 0
2015 5 23.173687 10.086129 461.6 44.0632171 405.53 0
2015 6 26.105774 14.498516 512.7 68.317752 404.98 0
2015 7 29.803904 18.573433 503.7 78.6688891 403.46 0
2015 8 27.880455 16.911163 439.3 96.387153 400.87 0
2015 9 22.05786 11.530942 346.6 166.73682 399.87 0
2015 10 19.393229 7.6184072 255.1 51.6190517 399.73 0
2015 11 9.982443 0.2825303 163.1 57.128322 401.16 0
2015 12 3.3105044 -3.3579428 125 100.9542497 402.37 0
2016 1 3.0160308 -6.0236635 143.5 80.0481659 404.33 0
2016 2 4.6185317 -5.9007883 209.8 172.23807475 405.25 0
2016 3 12.812779 2.5252163 301.6 49.1843396 406.23 0
2016 4 16.985723 4.942149 391.2 65.528892 407.69 0
2016 5 19.845297 8.51471 461.6 132.5291416 408.23 0
2016 6 25.871956 14.147448 512.7 110.82531 407.68 0
2016 7 28.999323 17.986067 503.7 101.583435 406.16 0
2016 8 28.288906 16.765238 439.3 64.1467686 403.57 0
2016 9 26.025724 15.939614 346.6 61.508346 402.57 0
2016 10 18.173988 6.730844 255.1 70.5905526 402.43 0
2016 11 13.72679 2.983518 163.1 164.210958 403.86 0
2016 12 7.477533 -1.3082504 125 24.6099297 405.07 0
2017 1 3.5031178 -5.162328 143.5 65.018718 407.1 0
2017 2 4.1171813 -5.6649294 209.8 55.89538785 408.02 0
2017 3 8.030244 -1.6718844 301.6 149.22656 409 0
2017 4 12.80332 2.6495507 391.2 207.353238 410.46 0
2017 5 21.213251 10.640192 461.6 106.4149028 411 0
2017 6 26.935108 14.390545 512.7 68.014068 410.45 0
2017 7 29.119347 18.631044 503.7 108.1016717 408.93 0
2017 8 28.48076 18.980543 439.3 178.099061 406.34 0
2017 9 24.603514 13.4590225 346.6 66.443382 405.34 0
2017 10 21.724401 8.599562 255.1 61.2342287 405.2 0
2017 11 11.746089 1.9731011 163.1 108.226326 406.63 0
2017 12 6.52789 -4.1964073 125 94.2967176 407.84 0
2018 1 4.1528373 -3.7514944 143.5 163.2247805 409.93 0
2018 2 3.6405401 -6.485807 209.8 215.632286725 410.85 0
2018 3 10.372903 -0.123412855 301.6 54.8489975 411.83 0
2018 4 14.082396 3.5167565 391.2 78.465921 413.29 0
2018 5 20.220284 9.195235 461.6 117.2649803 413.83 0
2018 6 26.42892 14.57058 512.7 35.618421 413.28 0
2018 7 31.31509 18.222488 503.7 72.5222804 411.76 0
2018 8 29.469908 17.552149 439.3 78.4404346 409.17 0
2018 9 26.28554 13.684765 346.6 85.801128 408.17 0
2018 10 18.54133 6.0569816 255.1 33.8552736 408.03 0
2018 11 10.48777 0.5320249 163.1 83.275638 409.46 0
2018 12 8.769499 -0.9023587 125 120.8578152 410.67 0
2019 1 0.5952335 -10.124653 143.5 88.2000716 412.82 0
2019 2 2.2623906 -7.5735345 209.8 111.55372995 413.74 0
2019 3 8.885179 -1.3273025 301.6 174.0766715 414.72 0
2019 4 15.545388 4.3879757 391.2 46.759929 416.18 0
2019 5 24.413776 12.433214 461.6 162.0012632 416.72 0
2019 6 26.84871 15.41168 512.7 90.164679 416.17 0
2019 7 28.507301 18.231775 503.7 143.9062346 414.65 0
2019 8 27.386484 16.535328 439.3 111.127963 412.06 0
2019 9 25.528334 15.167134 346.6 149.801259 411.06 0
2019 10 17.738518 6.0349813 255.1 49.4677664 410.92 0
2019 11 14.872252 4.460717 163.1 128.525205 412.35 0
2019 12 7.47861 -2.556048 125 109.5081293 413.56 0
2020 1 4.280892 -4.637972 143.5 74.7948377 415.78 0
2020 2 7.0819416 -2.9414573 209.8 78.8883397 416.7 0
2020 3 11.863892 0.9213503 301.6 131.755239 417.68 0
2020 4 17.155144 4.655002 391.2 59.957943 419.14 0
2020 5 22.72565 10.506619 461.6 117.4397025 419.68 0
2020 6 26.401936 15.352836 512.7 174.83895 419.13 0
2020 7 29.634708 18.69447 503.7 120.5312953 417.61 0
2020 8 28.182245 18.472765 439.3 100.912502 415.02 0
2020 9 23.696266 13.349581 346.6 96.054111 414.02 0
2020 10 17.556736 6.4479003 255.1 150.561265 413.88 0
2020 11 13.347929 3.2566988 163.1 123.691035 415.31 0
2020 12 10.048405 0.5401104 125 97.8047117 416.52 0
2021 1 5.256038 -2.8299458 143.5 77.6596965 418.8 0
2021 2 7.631113 -2.8293197 209.8 101.7007119 419.72 0
2021 3 11.102374 -0.15606025 301.6 47.8470988 420.7 0
2021 4 14.4055 3.7557 391.2 116.486784 422.16 0
2021 5 20.580584 9.299992 461.6 82.6490845 422.7 0
2021 6 25.811737 14.199858 512.7 57.050247 422.15 0
2021 7 28.459795 17.791351 503.7 115.6351367 420.63 0
2021 8 28.204731 19.094099 439.3 270.230317 418.04 0
2021 9 26.596807 14.266476 346.6 108.513543 417.04 0
2021 10 17.970497 6.563808 255.1 71.6696223 416.9 0
2021 11 15.087387 4.4108944 163.1 111.941571 418.33 0
2021 12 7.005968 -3.128076 125 90.511878 419.54 0
2022 1 2.6862755 -8.209494 143.5 116.433737 421.86 0
2022 2 4.152507 -6.037199 209.8 158.39366505 422.78 0
2022 3 10.832081 0.1393019 301.6 86.9394721 423.76 0
2022 4 14.154579 2.7210343 391.2 111.423705 425.22 0
2022 5 23.086027 9.610162 461.6 71.340114 425.76 0
2022 6 25.262735 13.780013 512.7 264.372825 425.21 0
2022 7 28.411438 18.12285 503.7 228.296338 423.69 0
2022 8 27.693264 17.193665 439.3 170.3089594 421.1 0
2022 9 24.223806 13.154988 346.6 97.853079 420.1 0
2022 10 15.684702 4.792479 255.1 164.823869 419.96 0
2022 11 10.1860285 0.8262865 163.1 115.160817 421.39 0
2022 12 5.624423 -3.400914 125 159.4567584 422.6 0
2023 1 1.6506578 -6.4016976 143.5 144.8330044 424.99 0
2023 2 3.5640795 -5.9736857 209.8 81.882689975 425.91 0
2023 3 5.9821525 -4.5714393 301.6 204.8364773 426.89 0
2023 4 17.147333 5.6213436 391.2 79.508049 428.35 0
2023 5 20.73059 9.458315 461.6 86.932959 428.89 0
2023 6 26.844353 14.186746 512.7 46.627809 428.34 0
2023 7 29.52288 17.700373 503.7 84.8964078 426.82 0
2023 8 27.629066 17.061356 439.3 110.6599746 424.23 0
2023 9 24.238892 12.621487 346.6 38.605146 423.23 0
2023 10 16.48119 4.8928223 255.1 164.015513 423.09 0
2023 11 8.440577 -0.26190203 163.1 144.1878 424.52 0
2023 12 6.794477 -1.8193763 125 285.497073 425.73 0
2024 1 4.7765718 -4.9706664 143.5 78.4405741 428.2 0
2024 2 4.5800734 -5.0313993 209.8 169.158923625 429.12 0
2024 3 5.918336 -4.093664 301.6 147.3467913 430.1 0
2024 4 15.433612 4.506685 391.2 81.818706 431.56 0
2024 5 19.793337 8.00458 461.6 81.4077112 432.1 0
2024 6 27.624517 14.242966 512.7 20.023392 431.55 0
2024 7 32.525497 19.350245 503.7 66.394126 430.03 0
2024 8 28.549383 17.329536 439.3 109.904796 427.44 0
2024 9 24.719654 15.008101 346.6 361.6704 426.44 0
2024 10 19.954018 8.754027 255.1 64.8470028 426.3 0
2024 11 14.805312 4.458548 163.1 183.17319 427.73 0
2024 12 9.157974 -0.44834775 125 64.6831306 428.94 0
2025 1 4.7333646 -5.5672045 143.5 35.7337155 431.47 0
2025 2 5.8619094 -3.8997526 209.8 71.053527075 432.39 0
2025 3 7.689963 -2.0815082 301.6 156.218517 433.37 0
2025 4 13.512357 1.7548032 391.2 78.036576 434.83 0
2025 5 22.187704 9.950881 461.6 100.6351822 435.37 0
2025 6 27.064884 14.057682 512.7 36.337281 434.82 0
2025 7 30.35188 18.588396 503.7 87.9188303 433.3 0
2025 8 28.419996 17.879007 439.3 169.530382 430.71 0
2025 9 24.58467 12.343424 346.6 36.792246 429.71 0
2025 10 19.530449 7.1011662 255.1 62.9511141 429.57 0
2025 11 12.715297 1.6143961 163.1 59.503209 431 0
2025 12 7.6553235 -0.78638583 125 135.41668 432.21 0
2026 1 3.2976036 -6.470884 143.5 305.964203 434.83 0
2026 2 3.5614698 -5.1679235 209.8 121.509880275 435.75 0
2026 3 6.9490733 -2.1774971 301.6 110.6513566 436.73 0
2026 4 15.660396 5.352944 391.2 92.44977 438.19 0
2026 5 23.00077 10.624419 461.6 120.4793393 438.73 0
2026 6 27.4229 14.828433 512.7 82.678407 438.18 0
2026 7 28.536201 17.68888 503.7 111.1113439 436.66 0
2026 8 29.596622 18.515762 439.3 89.0334694 434.07 0
2026 9 24.437584 13.666494 346.6 120.0009 433.07 0
2026 10 18.340952 7.660999 255.1 122.4164549 432.93 0
2026 11 11.026319 1.6491524 163.1 70.37142 434.36 0
2026 12 9.62501 0.45483592 125 159.324593 435.57 0
2027 1 4.03098 -4.9185314 143.5 89.9697965 438.24 0
2027 2 3.8927402 -5.962648 209.8 103.205693925 439.16 0
2027 3 8.077766 -1.12689 301.6 160.4763577 440.14 0
2027 4 15.266897 4.4329906 391.2 114.419346 441.6 0
2027 5 21.918024 9.247286 461.6 47.9616593 442.14 0
2027 6 26.35046 14.809559 512.7 101.468703 441.59 0
2027 7 30.6314 17.581497 503.7 65.0669757 440.07 0
2027 8 27.099594 16.579983 439.3 245.0309843 437.48 0
2027 9 24.82193 12.435241 346.6 72.067266 436.48 0
2027 10 19.200558 6.8080764 255.1 101.4150182 436.34 0
2027 11 12.297933 2.141819 163.1 132.07089 437.77 0
2027 12 13.019864 1.6124915 125 137.4116943 438.98 0
2028 1 3.7086544 -5.0596004 143.5 53.2313121 441.72 0
2028 2 7.665901 -3.4768403 209.8 80.4726788 442.64 0
2028 3 10.155985 -0.19019124 301.6 177.9290973 443.62 0
2028 4 14.928985 4.176737 391.2 119.638938 445.08 0
2028 5 20.508476 8.800061 461.6 68.3265575 445.62 0
2028 6 27.84937 15.292259 512.7 68.26722 445.07 0
2028 7 29.31864 19.872257 503.7 123.5411752 443.55 0
2028 8 27.98331 16.844896 439.3 153.4358485 440.96 0
2028 9 24.172169 12.927968 346.6 227.683668 439.96 0
2028 10 18.072496 6.5900245 255.1 73.0938398 439.82 0
2028 11 12.057748 3.0955 163.1 128.737935 441.25 0
2028 12 6.8908224 -2.2837377 125 132.314014 442.46 0
2029 1 0.5389675 -10.112343 143.5 113.9509408 445.25 0
2029 2 3.8543632 -5.9124527 209.8 140.087159375 446.17 0
2029 3 8.547844 -1.3405192 301.6 84.5284192 447.15 0
2029 4 13.5174675 2.2439284 391.2 33.088239 448.61 0
2029 5 22.207481 10.16437 461.6 71.2154103 449.15 0
2029 6 27.4099 15.150624 512.7 60.908712 448.6 0
2029 7 29.868635 18.548914 503.7 94.9807605 447.08 0
2029 8 28.577673 17.351166 439.3 137.4462996 444.49 0
2029 9 24.610535 13.056151 346.6 155.802012 443.49 0
2029 10 17.92731 5.981523 255.1 84.3030616 443.35 0
2029 11 14.757272 5.24372 163.1 153.905625 444.78 0
2029 12 3.2906246 -3.9643638 125 122.5330614 445.99 0
2030 1 6.4202046 -1.5030828 143.5 102.7351191 448.83 0
2030 2 6.7585607 -2.6760852 209.8 180.866218 449.75 0
2030 3 12.082044 2.6680963 301.6 65.4963815 450.73 0
2030 4 16.10687 4.6705256 391.2 153.459978 452.19 0
2030 5 22.293385 9.75592 461.6 74.9179542 452.73 0
2030 6 28.228226 15.4480095 512.7 72.50508 452.18 0
2030 7 29.940248 20.107868 503.7 229.2569133 450.66 0
2030 8 28.413658 17.217453 439.3 111.3567678 448.07 0
2030 9 23.643147 12.834922 346.6 132.406212 447.07 0
2030 10 19.223446 6.93921 255.1 48.4603997 446.93 0
2030 11 15.532593 4.8315463 163.1 108.167145 448.36 0
2030 12 9.360007 0.358468 125 147.652318 449.57 0
2031 1 7.605128 -1.6476632 143.5 170.1486336 452.47 0
2031 2 4.6993446 -5.8256326 209.8 145.566506775 453.39 0
2031 3 12.029649 1.2777996 301.6 75.9212506 454.37 0
2031 4 17.454048 5.0281487 391.2 65.231517 455.83 0
2031 5 23.785854 11.78231 461.6 97.5463453 456.37 0
2031 6 27.792393 15.578631 512.7 63.78396 455.82 0
2031 7 29.269503 17.98944 503.7 115.6443685 454.3 0
2031 8 27.852203 16.967012 439.3 110.755994 451.71 0
2031 9 24.909723 13.569897 346.6 161.29011 450.71 0
2031 10 18.171623 6.6127667 255.1 66.6316294 450.57 0
2031 11 13.4224 2.757917 163.1 106.225734 452 0
2031 12 8.495827 -0.9618202 125 192.435879 453.21 0
2032 1 2.9870687 -9.317878 143.5 90.0391962 456.18 0
2032 2 5.9398417 -4.431648 209.8 213.306080025 457.1 0
2032 3 10.752617 0.16869952 301.6 44.8081936 458.08 0
2032 4 13.480409 2.3743746 391.2 90.011481 459.54 0
2032 5 24.99129 11.274138 461.6 47.2380821 460.08 0
2032 6 26.939396 14.755045 512.7 50.743107 459.53 0
2032 7 29.717844 18.250608 503.7 98.8547685 458.01 0
2032 8 28.69784 16.376564 439.3 68.0093965 455.42 0
2032 9 23.110373 11.04498 346.6 82.187778 454.42 0
2032 10 18.313732 6.427004 255.1 69.267702 454.28 0
2032 11 14.498902 4.3063455 163.1 183.145881 455.71 0
2032 12 7.737902 -0.7130651 125 172.975629 456.92 0
2033 1 1.4242331 -7.5265837 143.5 31.9903911 459.96 0
2033 2 6.4078293 -4.1652765 209.8 66.654809975 460.88 0
2033 3 10.771007 1.0261431 301.6 259.139788 461.86 0
2033 4 17.138124 5.3241034 391.2 75.84549 463.32 0
2033 5 20.312654 9.455578 461.6 128.27056 463.86 0
2033 6 25.97561 15.014138 512.7 120.206595 463.31 0
2033 7 30.085524 19.235409 503.7 96.294122 461.79 0
2033 8 27.672216 16.898426 439.3 188.124771 459.2 0
2033 9 24.434553 13.062502 346.6 101.255442 458.2 0
2033 10 18.285542 7.189077 255.1 103.2632506 458.06 0
2033 11 13.744073 5.0217648 163.1 201.753159 459.49 0
2033 12 8.470389 0.030721743 125 229.514142 460.7 0
2034 1 5.503403 -3.732524 143.5 106.7821288 463.85 0
2034 2 5.2957115 -4.550426 209.8 79.9603029 464.77 0
2034 3 12.096219 2.7299135 301.6 136.6824565 465.75 0
2034 4 17.08856 6.100723 391.2 82.901274 467.21 0
2034 5 21.484884 9.787326 461.6 102.5415861 467.75 0
2034 6 27.972202 15.130288 512.7 50.800341 467.2 0
2034 7 30.165785 17.507456 503.7 137.814034 465.68 0
2034 8 29.551481 16.850203 439.3 64.546247 463.09 0
2034 9 26.055618 12.458055 346.6 35.801535 462.09 0
2034 10 19.43655 7.5930867 255.1 75.1923383 461.95 0
2034 11 8.938643 -0.578629 163.1 115.901226 463.38 0
2034 12 1.982674 -6.9255214 125 21.84592165 464.59 0
2035 1 2.9998233 -7.1451073 143.5 108.778628 467.85 0
2035 2 5.344723 -5.03396 209.8 195.333797275 468.77 0
2035 3 10.521072 0.14416309 301.6 133.1667465 469.75 0
2035 4 16.889627 5.3278747 391.2 167.38026 471.21 0
2035 5 20.610195 8.968646 461.6 90.353375 471.75 0
2035 6 27.252031 16.604254 512.7 36.865131 471.2 0
2035 7 29.40898 19.78902 503.7 121.1000027 469.68 0
2035 8 29.11689 18.99698 439.3 102.4554898 467.09 0
2035 9 24.503357 12.947839 346.6 118.081884 466.09 0
2035 10 19.267443 6.6994786 255.1 26.9027176 465.95 0
2035 11 14.508448 5.004001 163.1 87.15144 467.38 0
2035 12 4.781732 -3.4551642 125 65.8311567 468.59 0
2036 1 5.9814568 -3.6925159 143.5 97.1492787 471.96 0
2036 2 9.353834 -0.61243546 209.8 81.78812875 472.88 0
2036 3 9.223806 -0.8461219 301.6 98.2320653 473.86 0
2036 4 15.960108 5.0907226 391.2 84.241248 475.32 0
2036 5 20.356066 8.6615925 461.6 101.8516253 475.86 0
2036 6 25.777897 14.561355 512.7 122.5239 475.31 0
2036 7 28.770662 16.531683 503.7 129.5929425 473.79 0
2036 8 28.067995 17.225107 439.3 183.9873343 471.2 0
2036 9 24.288776 12.971938 346.6 159.127179 470.2 0
2036 10 19.330961 7.381269 255.1 43.7510347 470.06 0
2036 11 12.498326 3.583485 163.1 52.71702 471.49 0
2036 12 6.335578 -2.5686743 125 57.2228535 472.7 0
2037 1 3.6814325 -5.7669744 143.5 199.769177 476.18 0
2037 2 4.3897066 -5.947275 209.8 64.53100605 477.1 0
2037 3 8.000678 -2.21022 301.6 84.1774496 478.08 0
2037 4 18.742342 7.0378437 391.2 59.750403 479.54 0
2037 5 25.034365 10.862709 461.6 79.5944313 480.08 0
2037 6 28.04646 15.598973 512.7 40.603416 479.53 0
2037 7 31.479078 18.795593 503.7 58.2971833 478.01 0
2037 8 29.645342 17.59849 439.3 167.9302767 475.42 0
2037 9 23.196466 11.421551 346.6 141.970209 474.42 0
2037 10 20.530567 8.691407 255.1 64.0876702 474.28 0
2037 11 10.438782 1.2252597 163.1 155.72265 475.71 0
2037 12 6.966507 -1.2196809 125 130.340585 476.92 0
2038 1 7.2292438 -0.99776834 143.5 81.3352518 480.51 0
2038 2 8.636719 -0.70872056 209.8 84.79694585 481.43 0
2038 3 11.756139 0.6179116 301.6 76.1642131 482.41 0
2038 4 13.845144 2.6960833 391.2 135.896388 483.87 0
2038 5 22.045877 9.484962 461.6 94.0098653 484.41 0
2038 6 24.569094 13.377672 512.7 37.34814 483.86 0
2038 7 29.661613 17.853897 503.7 99.0224196 482.34 0
2038 8 28.91318 18.103168 439.3 218.2122085 479.75 0
2038 9 23.921223 12.149616 346.6 35.633445 478.75 0
2038 10 18.874102 7.2371135 255.1 63.511095 478.61 0
2038 11 15.110668 4.81829 163.1 122.88756 480.04 0
2038 12 9.261391 -0.72643 125 99.0815397 481.25 0
2039 1 2.7932544 -6.327982 143.5 92.1684994 484.93 0
2039 2 10.27595 -0.011086802 209.8 160.675081375 485.85 0
2039 3 9.344698 -0.6814185 301.6 131.913122 486.83 0
2039 4 15.173103 3.969502 391.2 56.023782 488.29 0
2039 5 24.119081 10.673493 461.6 120.1868698 488.83 0
2039 6 28.08624 15.3476515 512.7 57.852198 488.28 0
2039 7 31.876482 19.833435 503.7 76.351543 486.76 0
2039 8 29.05958 17.466265 439.3 121.4382592 484.17 0
2039 9 26.248549 14.077712 346.6 146.535288 483.17 0
2039 10 21.361044 10.0021305 255.1 140.7073167 483.03 0
2039 11 13.598214 3.88685 163.1 68.400222 484.46 0
2039 12 8.117088 -0.21295345 125 69.1208798 485.67 0
2040 1 2.628991 -7.5749555 143.5 127.301686 489.44 0
2040 2 5.5774074 -5.07987 209.8 28.35685845 490.36 0
2040 3 10.24041 0.42111897 301.6 239.18608 491.34 0
2040 4 16.051208 5.2057943 391.2 108.372981 492.8 0
2040 5 21.177172 10.670509 461.6 191.2299573 493.34 0
2040 6 28.172754 15.330225 512.7 69.245775 492.79 0
2040 7 29.99283 18.857138 503.7 53.9957504 491.27 0
2040 8 28.703217 19.220448 439.3 123.2365134 488.68 0
2040 9 26.18045 14.021907 346.6 67.360746 487.68 0
2040 10 19.001328 7.3548617 255.1 68.5232742 487.54 0
2040 11 10.450537 1.3913803 163.1 79.063311 488.97 0
2040 12 9.489149 0.8924253 125 97.0385467 490.18 0
2041 1 5.4335375 -3.2672434 143.5 72.4635664 494.03 0
2041 2 7.1502957 -2.9253242 209.8 85.501068625 494.95 0
2041 3 10.924765 0.27647838 301.6 126.7742613 495.93 0
2041 4 16.530802 5.5787587 391.2 141.05583 497.39 0
2041 5 19.870512 8.330216 461.6 67.2276385 497.93 0
2041 6 28.30733 16.383965 512.7 66.72579 497.38 0
2041 7 32.081074 19.126898 503.7 83.7870976 495.86 0
2041 8 29.613214 17.709345 439.3 217.4030434 493.27 0
2041 9 23.587385 12.109839 346.6 142.47363 492.27 0
2041 10 22.315302 9.619026 255.1 100.0239335 492.13 0
2041 11 14.651614 4.2224593 163.1 80.209065 493.56 0
2041 12 8.423048 -0.27502206 125 119.1212913 494.77 0
2042 1 5.631125 -1.7187824 143.5 141.5186084 498.73 0
2042 2 6.4141707 -2.6081707 209.8 81.5678748 499.65 0
2042 3 9.2767725 -0.29202262 301.6 136.1837874 500.63 0
2042 4 16.611902 4.7062693 391.2 41.577798 502.09 0
2042 5 23.367155 10.395711 461.6 93.1982853 502.63 0
2042 6 27.525047 15.256547 512.7 44.441883 502.08 0
2042 7 30.36719 19.450615 503.7 136.7684567 500.56 0
2042 8 28.86673 17.541859 439.3 52.9976496 497.97 0
2042 9 24.645136 13.943113 346.6 156.180009 496.97 0
2042 10 18.981007 8.941816 255.1 179.593385 496.83 0
2042 11 10.444108 1.5639154 163.1 141.35319 498.26 0
2042 12 9.402584 0.1136625 125 37.1095544 499.47 0
2043 1 5.731283 -3.5907948 143.5 128.468588 503.53 0
2043 2 7.339878 -2.4497895 209.8 85.75655315 504.45 0
2043 3 10.916585 0.6492818 301.6 100.9002663 505.43 0
2043 4 17.018618 5.5169888 391.2 103.373922 506.89 0
2043 5 21.501911 8.691772 461.6 30.8384032 507.43 0
2043 6 28.794037 16.962708 512.7 112.903296 506.88 0
2043 7 31.08322 19.13646 503.7 66.742969 505.36 0
2043 8 28.942047 17.285908 439.3 110.3896732 502.77 0
2043 9 24.029156 13.339865 346.6 138.735939 501.77 0
2043 10 19.928759 7.9754434 255.1 78.9564668 501.63 0
2043 11 13.6982155 3.4482508 163.1 127.57122 503.06 0
2043 12 10.323559 0.81815475 125 62.0379533 504.27 0
2044 1 0.9668329 -9.506574 143.5 137.684082 508.43 0
2044 2 6.249869 -4.051493 209.8 79.6004544 509.35 0
2044 3 10.691461 0.36406475 301.6 92.542223 510.33 0
2044 4 15.517183 4.4966035 391.2 121.376109 511.79 0
2044 5 22.569666 10.314497 461.6 91.572047 512.33 0
2044 6 25.553207 15.027265 512.7 148.710579 511.78 0
2044 7 29.736874 18.684464 503.7 270.900506 510.26 0
2044 8 28.653734 17.361748 439.3 56.5815596 507.67 0
2044 9 24.367954 12.870299 346.6 75.002496 506.67 0
2044 10 16.714415 5.595335 255.1 132.1366506 506.53 0
2044 11 13.633706 3.9773893 163.1 148.945314 507.96 0
2044 12 8.773574 -0.2467316 125 140.483134 509.17 0
2045 1 4.8213696 -3.5984366 143.5 98.9428705 513.46 0
2045 2 5.841486 -4.322739 209.8 23.9608025 514.38 0
2045 3 9.709589 -0.46620512 301.6 98.8697446 515.36 0
2045 4 15.923549 5.9292574 391.2 180.21771 516.82 0
2045 5 20.1453 8.850571 461.6 95.9488006 517.36 0
2045 6 26.859116 14.793054 512.7 78.095355 516.81 0
2045 7 29.671581 19.958635 503.7 178.8702666 515.29 0
2045 8 29.21612 18.181314 439.3 40.1006483 512.7 0
2045 9 24.483433 13.351471 346.6 124.689675 511.7 0
2045 10 19.946917 7.924639 255.1 42.3915855 511.56 0
2045 11 10.569872 0.935116 163.1 88.681269 512.99 0
2045 12 7.1734343 -1.3193979 125 108.1371016 514.2 0
2046 1 1.522899 -9.698971 143.5 99.426734 518.61 0
2046 2 8.265268 -0.79841596 209.8 148.751993725 519.53 0
2046 3 9.705074 -0.40356004 301.6 125.433905 520.51 0
2046 4 15.034033 5.192476 391.2 139.04934 521.97 0
2046 5 23.332878 10.2410755 461.6 103.7171309 522.51 0
2046 6 28.15185 16.119528 512.7 66.32103 521.96 0
2046 7 30.408451 19.034712 503.7 66.2940766 520.44 0
2046 8 31.581957 20.611637 439.3 50.9045575 517.85 0
2046 9 25.866323 15.11899 346.6 181.856661 516.85 0
2046 10 18.875994 7.6060724 255.1 85.0387877 516.71 0
2046 11 13.402844 3.9577155 163.1 166.929531 518.14 0
2046 12 4.3860765 -5.7496214 125 81.3504387 519.35 0
2047 1 2.080684 -7.1224403 143.5 268.075724 523.9 0
2047 2 8.872533 -2.0354993 209.8 110.65917675 524.82 0
2047 3 11.405294 0.2166224 301.6 70.4686823 525.8 0
2047 4 18.522177 7.486445 391.2 129.366432 527.26 0
2047 5 22.560028 10.441833 461.6 195.8318453 527.8 0
2047 6 26.369543 15.1780615 512.7 131.835309 527.25 0
2047 7 31.080658 19.386616 503.7 98.9366178 525.73 0
2047 8 28.634796 18.094027 439.3 175.1316294 523.14 0
2047 9 25.17492 13.902467 346.6 67.6929 522.14 0
2047 10 18.403309 6.3677664 255.1 77.8621048 522 0
2047 11 12.908528 2.3214116 163.1 75.846642 523.43 0
2047 12 7.8037663 -0.6674721 125 43.5367224 524.64 0
2048 1 7.4084673 -1.3559499 143.5 105.5369425 529.32 0
2048 2 4.3275323 -5.514331 209.8 74.752099 530.24 0
2048 3 10.134915 -0.088924654 301.6 131.664378 531.22 0
2048 4 16.673819 6.2806687 391.2 222.397512 532.68 0
2048 5 20.58564 9.658795 461.6 86.812276 533.22 0
2048 6 27.523928 16.087626 512.7 63.922005 532.67 0
2048 7 30.378572 18.033358 503.7 55.5453908 531.15 0
2048 8 29.870264 18.099794 439.3 88.5965895 528.56 0
2048 9 24.83293 13.332414 346.6 42.868509 527.56 0
2048 10 18.65408 6.8149424 255.1 49.9733175 527.42 0
2048 11 14.484197 5.567214 163.1 162.432561 528.85 0
2048 12 10.211983 0.30663493 125 128.3655843 530.06 0
2049 1 3.063344 -5.9062905 143.5 105.7911115 534.88 0
2049 2 7.6865764 -2.3227687 209.8 99.91492205 535.8 0
2049 3 9.178394 -1.0191145 301.6 90.4533655 536.78 0
2049 4 16.198515 5.9448366 391.2 121.32969 538.24 0
2049 5 20.028872 8.711235 461.6 233.151496 538.78 0
2049 6 26.646194 14.691505 512.7 48.937311 538.23 0
2049 7 30.032747 19.85873 503.7 81.201369 536.71 0
2049 8 29.302216 17.524117 439.3 99.783234 534.12 0
2049 9 24.230911 13.599014 346.6 126.54519 533.12 0
2049 10 18.579332 6.8246007 255.1 65.7280662 532.98 0
2049 11 13.508878 3.388043 163.1 156.46515 534.41 0
2049 12 8.5989895 -0.17304084 125 158.5364056 535.62 0
2050 1 7.08245 -0.9223792 143.5 115.3560313 540.54 0
2050 2 8.622318 -1.6347657 209.8 24.34002598 541.46 0
2050 3 10.7852125 0.78791004 301.6 99.1550407 542.44 0
2050 4 18.333973 7.5637302 391.2 143.70027 543.9 0
2050 5 22.477057 8.760659 461.6 49.9296199 544.44 0
2050 6 28.475908 16.315668 512.7 76.630884 543.89 0
2050 7 30.745504 19.575848 503.7 112.1695444 542.37 0
2050 8 29.085297 19.046917 439.3 173.9488647 539.78 0
2050 9 23.570591 13.282414 346.6 46.936086 538.78 0
2050 10 19.247015 6.8003755 255.1 75.0029748 538.64 0
2050 11 11.898612 2.6283634 163.1 68.17758 540.07 0
2050 12 6.812698 -0.877324 125 83.1563964 541.28 0
2051 1 4.054906 -6.26761 143.5 86.392071 546.32 0
2051 2 4.755287 -5.17064 209.8 108.56087975 547.24 0
2051 3 9.418989 -0.7062694 301.6 119.2049851 548.22 0
2051 4 17.202555 5.8237066 391.2 73.911267 549.68 0
2051 5 24.92578 11.678591 461.6 100.5641085 550.22 0
2051 6 27.542767 15.522381 512.7 91.29384 549.67 0
2051 7 29.904203 19.560833 503.7 105.9239 548.15 0
2051 8 28.874601 19.213238 439.3 168.045792 545.56 0
2051 9 24.703077 13.880683 346.6 124.617519 544.56 0
2051 10 20.774012 8.431366 255.1 67.1674613 544.42 0
2051 11 13.958452 3.3575191 163.1 72.48807 545.85 0
2051 12 5.9102936 -2.4436696 125 33.0182023 547.06 0
2052 1 1.3013593 -8.701682 143.5 124.5896975 552.21 0
2052 2 7.626601 -2.5741515 209.8 224.30131055 553.13 0
2052 3 10.268999 0.15924472 301.6 65.4704934 554.11 0
2052 4 14.861025 3.6907856 391.2 130.048815 555.57 0
2052 5 23.950521 11.055758 461.6 122.074776 556.11 0
2052 6 27.942244 16.222425 512.7 80.97111 555.56 0
2052 7 30.633808 19.246477 503.7 84.4061862 554.04 0
2052 8 28.542543 17.967361 439.3 141.1206924 551.45 0
2052 9 24.43613 12.82989 346.6 124.612428 550.45 0
2052 10 20.32187 7.8281302 255.1 53.9911252 550.31 0
2052 11 15.49698 5.5387263 163.1 125.75931 551.74 0
2052 12 12.572905 2.1639233 125 162.325455 552.95 0
2053 1 4.9046226 -7.0614905 143.5 125.2176056 558.21 0
2053 2 4.6562867 -5.634639 209.8 159.645289775 559.13 0
2053 3 12.234525 1.3275187 301.6 139.115321 560.11 0
2053 4 17.232922 6.003902 391.2 153.69633 561.57 0
2053 5 22.784523 9.900841 461.6 138.9390705 562.11 0
2053 6 27.929949 17.158648 512.7 156.07848 561.56 0
2053 7 30.954126 18.654503 503.7 54.0870423 560.04 0
2053 8 31.077023 19.908573 439.3 110.7777374 557.45 0
2053 9 26.031435 13.990902 346.6 79.16655 556.45 0
2053 10 19.317245 8.065658 255.1 116.0184703 556.31 0
2053 11 13.692047 4.624197 163.1 115.25004 557.74 0
2053 12 8.059972 -0.77048415 125 103.254397 558.95 0
2054 1 9.941216 1.369807 143.5 80.7387188 564.31 0
2054 2 7.0304213 -3.135564 209.8 77.70246685 565.23 0
2054 3 13.549132 2.7006462 301.6 110.328225 566.21 0
2054 4 17.13704 6.056268 391.2 89.011296 567.67 0
2054 5 21.759684 10.431784 461.6 79.7000576 568.21 0
2054 6 28.818205 16.350922 512.7 55.474485 567.66 0
2054 7 30.84729 19.478151 503.7 65.2763466 566.14 0
2054 8 29.426655 18.604694 439.3 174.15521 563.55 0
2054 9 25.992939 15.326887 346.6 109.02933 562.55 0
2054 10 20.64475 9.038917 255.1 47.2864576 562.41 0
2054 11 16.088312 5.533676 163.1 139.33983 563.84 0
2054 12 6.058333 -2.3883905 125 170.248838 565.05 0
2055 1 2.599953 -7.743779 143.5 139.243909 570.52 0
2055 2 5.473295 -4.6326942 209.8 105.1624669 571.44 0
2055 3 11.537194 1.3121862 301.6 173.0139357 572.42 0
2055 4 17.675297 6.4815016 391.2 125.664711 573.88 0
2055 5 24.447624 11.979258 461.6 56.0357705 574.42 0
2055 6 28.202852 15.963429 512.7 72.834384 573.87 0
2055 7 31.675138 19.95369 503.7 106.7330837 572.35 0
2055 8 28.438852 18.286669 439.3 241.060526 569.76 0
2055 9 25.355888 15.313019 346.6 171.41025 568.76 0
2055 10 21.983553 9.933897 255.1 40.1055897 568.62 0
2055 11 11.573948 1.937072 163.1 129.609519 570.05 0
2055 12 4.5266743 -5.138703 125 27.8204881 571.26 0
2056 1 6.0778613 -2.2034097 143.5 59.6365259 576.84 0
2056 2 8.524373 -1.776274 209.8 169.770247975 577.76 0
2056 3 11.110587 0.9097359 301.6 34.3425316 578.74 0
2056 4 16.788418 5.424974 391.2 95.317326 580.2 0
2056 5 23.384682 10.305858 461.6 26.9791512 580.74 0
2056 6 27.011961 15.051723 512.7 82.2015 580.19 0
2056 7 32.35081 19.673351 503.7 47.1590724 578.67 0
2056 8 27.81523 19.82401 439.3 431.552085 576.08 0
2056 9 25.221237 14.024425 346.6 110.004051 575.08 0
2056 10 19.478535 6.9578114 255.1 117.8030938 574.94 0
2056 11 11.218678 1.4886984 163.1 72.69192 576.37 0
2056 12 8.947736 -0.21262373 125 47.1975124 577.58 0
2057 1 7.7974663 -1.1887662 143.5 128.829645 583.3 0
2057 2 4.819957 -5.05766 209.8 102.89242685 584.22 0
2057 3 10.748277 1.033747 301.6 191.7851983 585.2 0
2057 4 17.67051 6.534175 391.2 117.90063 586.66 0
2057 5 20.799665 9.005775 461.6 71.0642264 587.2 0
2057 6 26.940815 16.118603 512.7 148.78278 586.65 0
2057 7 31.303205 19.732155 503.7 168.134669 585.13 0
2057 8 31.71118 19.544672 439.3 38.4703149 582.54 0
2057 9 26.715288 17.199654 346.6 219.06144 581.54 0
2057 10 18.916922 6.54186 255.1 95.336687 581.4 0
2057 11 11.624008 2.609865 163.1 47.589861 582.83 0
2057 12 8.070632 -0.010232166 125 57.8791359 584.04 0
2058 1 7.9277673 0.61755216 143.5 75.8542503 589.91 0
2058 2 7.0218754 -2.9449918 209.8 97.14945045 590.83 0
2058 3 11.445412 1.3549972 301.6 52.8647712 591.81 0
2058 4 19.91654 7.753972 391.2 62.426277 593.27 0
2058 5 23.20063 11.723759 461.6 150.598527 593.81 0
2058 6 27.751593 15.445758 512.7 117.898692 593.26 0
2058 7 31.75697 19.65234 503.7 102.2606858 591.74 0
2058 8 29.666454 19.308172 439.3 200.2397787 589.15 0
2058 9 25.34428 14.2721615 346.6 44.626437 588.15 0
2058 10 20.221836 8.800834 255.1 102.07649 588.01 0
2058 11 14.282541 3.9026682 163.1 86.07846 589.44 0
2058 12 9.2579775 0.47948462 125 37.3525479 590.65 0
2059 1 6.3626037 -2.3292274 143.5 96.6239434 596.65 0
2059 2 6.299756 -3.7088447 209.8 119.4795443 597.57 0
2059 3 12.846971 1.7108147 301.6 91.3825874 598.55 0
2059 4 18.428299 7.0507836 391.2 108.402072 600.01 0
2059 5 25.045206 11.403648 461.6 84.7730588 600.55 0
2059 6 29.783224 17.032576 512.7 88.622088 600 0
2059 7 31.257221 21.18753 503.7 135.6749348 598.48 0
2059 8 30.436422 18.122627 439.3 75.7899191 595.89 0
2059 9 25.362608 14.588112 346.6 172.058931 594.89 0
2059 10 19.76691 8.008331 255.1 129.2084495 594.75 0
2059 11 13.718831 3.9362135 163.1 71.808537 596.18 0
2059 12 8.699163 -2.0524824 125 119.8548598 597.39 0
2060 1 5.539709 -2.5574608 143.5 129.30596 603.52 0
2060 2 6.217543 -2.9210234 209.8 170.1668695 604.44 0
2060 3 11.603013 1.5429025 301.6 91.0133588 605.42 0
2060 4 18.030298 6.698191 391.2 59.784762 606.88 0
2060 5 25.239988 12.321661 461.6 98.3814946 607.42 0
2060 6 27.903849 16.048708 512.7 48.467808 606.87 0
2060 7 30.986927 18.884727 503.7 129.194794 605.35 0
2060 8 30.373875 18.150291 439.3 76.8779013 602.76 0
2060 9 24.38765 14.114269 346.6 182.553849 601.76 0
2060 10 21.199862 10.08418 255.1 106.4931437 601.62 0
2060 11 14.8402405 4.2053895 163.1 136.7358 603.05 0
2060 12 8.679247 0.06672736 125 103.6024061 604.26 0
2061 1 5.1805277 -4.0081234 143.5 139.4887377 610.52 0
2061 2 6.0426455 -3.6334925 209.8 112.8939382 611.44 0
2061 3 14.43091 4.4022655 301.6 100.300438 612.42 0
2061 4 15.872962 4.153562 391.2 108.5457 613.88 0
2061 5 21.108326 8.410251 461.6 80.1081416 614.42 0
2061 6 26.452248 15.914761 512.7 263.16423 613.87 0
2061 7 31.959126 20.198503 503.7 128.8618137 612.35 0
2061 8 29.1714 18.699415 439.3 114.0597074 609.76 0
2061 9 25.219707 14.120706 346.6 33.245418 608.76 0
2061 10 19.792864 8.403726 255.1 158.4129295 608.62 0
2061 11 13.11017 3.5867782 163.1 76.567725 610.05 0
2061 12 8.395397 -0.9976392 125 124.0301847 611.26 0
2062 1 5.168178 -2.5675144 143.5 231.2230914 617.61 0
2062 2 4.713947 -4.7990336 209.8 145.72296375 618.53 0
2062 3 10.3378 0.6999822 301.6 78.6355052 619.51 0
2062 4 16.965445 5.2786098 391.2 44.629323 620.97 0
2062 5 23.616537 12.67039 461.6 245.352941 621.51 0
2062 6 26.721842 15.2745695 512.7 89.991201 620.96 0
2062 7 29.334148 19.616604 503.7 168.240069 619.44 0
2062 8 31.453686 20.595932 439.3 142.887556 616.85 0
2062 9 27.729939 16.831524 346.6 91.960179 615.85 0
2062 10 20.059353 7.6850634 255.1 30.1285807 615.71 0
2062 11 12.060398 2.8778434 163.1 103.195404 617.14 0
2062 12 10.821422 1.2167097 125 222.050179 618.35 0
2063 1 4.7997 -3.1390226 143.5 114.41914 624.76 0
2063 2 7.7095733 -1.8270155 209.8 96.1585026 625.68 0
2063 3 9.614756 -0.009046637 301.6 224.8447515 626.66 0
2063 4 18.151302 6.935451 391.2 118.518462 628.12 0
2063 5 21.172684 10.1055 461.6 136.2568544 628.66 0
2063 6 28.763899 16.628117 512.7 19.2835485 628.11 0
2063 7 32.39671 19.464762 503.7 103.227303 626.59 0
2063 8 29.708954 18.356247 439.3 143.095907 624 0
2063 9 25.084692 15.234964 346.6 231.166548 623 0
2063 10 22.263899 10.425033 255.1 30.6622984 622.86 0
2063 11 12.860479 3.7316668 163.1 206.19801 624.29 0
2063 12 4.420176 -3.4630206 125 41.9951885 625.5 0
2064 1 6.9018974 -0.55260676 143.5 157.406127 631.99 0
2064 2 10.106704 0.74512017 209.8 155.65944925 632.91 0
2064 3 10.642491 0.7104834 301.6 97.2073634 633.89 0
2064 4 15.770799 4.1462727 391.2 55.622598 635.35 0
2064 5 22.125393 9.9558 461.6 42.5741693 635.89 0
2064 6 29.287962 16.38351 512.7 44.495862 635.34 0
2064 7 32.67229 20.282564 503.7 77.108315 633.82 0
2064 8 31.474377 19.160437 439.3 115.1522714 631.23 0
2064 9 26.617493 15.316019 346.6 156.563958 630.23 0
2064 10 19.513802 10.698138 255.1 248.656394 630.09 0
2064 11 16.557764 6.5118837 163.1 185.24496 631.52 0
2064 12 9.387353 0.6029663 125 172.5705086 632.73 0
2065 1 5.449834 -3.2262971 143.5 100.0552125 639.29 0
2065 2 5.0298576 -4.6764417 209.8 100.3203943 640.21 0
2065 3 11.804224 2.0198522 301.6 136.3796175 641.19 0
2065 4 16.162811 5.336742 391.2 133.42803 642.65 0
2065 5 25.334507 12.65087 461.6 111.6249333 643.19 0
2065 6 28.553175 16.519272 512.7 117.35298 642.64 0
2065 7 31.588234 20.435068 503.7 41.8154226 641.12 0
2065 8 31.358437 19.750528 439.3 75.4343987 638.53 0
2065 9 28.456415 15.355734 346.6 43.862379 637.53 0
2065 10 20.069675 9.367873 255.1 173.543952 637.39 0
2065 11 11.608345 2.6474993 163.1 79.410759 638.82 0
2065 12 11.825859 2.7361832 125 171.1766153 640.03 0
2066 1 4.7169676 -3.2158804 143.5 39.0229364 646.65 0
2066 2 4.842393 -4.916726 209.8 56.1545364 647.57 0
2066 3 12.089564 2.027687 301.6 71.8122595 648.55 0
2066 4 17.58872 6.6742125 391.2 79.900746 650.01 0
2066 5 22.580803 10.664677 461.6 78.477027 650.55 0
2066 6 28.588266 16.649143 512.7 75.905148 650 0
2066 7 31.170027 19.769758 503.7 92.0126779 648.48 0
2066 8 29.524988 19.464788 439.3 118.489719 645.89 0
2066 9 25.227081 15.045644 346.6 235.45416 644.89 0
2066 10 22.163218 10.633823 255.1 67.015056 644.75 0
2066 11 15.928575 5.3626 163.1 89.85492 646.18 0
2066 12 9.890789 1.9224491 125 67.4565208 647.39 0
2067 1 4.522501 -5.2601023 143.5 114.819598 654.1 0
2067 2 7.566284 -1.560334 209.8 128.422579 655.02 0
2067 3 10.455423 1.0523504 301.6 229.3268183 656 0
2067 4 20.13149 8.057613 391.2 102.395532 657.46 0
2067 5 26.844952 13.91882 461.6 196.221506 658 0
2067 6 29.365545 18.8077 512.7 95.284968 657.45 0
2067 7 32.18067 19.593792 503.7 162.0749688 655.93 0
2067 8 31.270443 19.28158 439.3 94.6985582 653.34 0
2067 9 24.935362 14.464947 346.6 131.1618 652.34 0
2067 10 22.043022 10.311603 255.1 78.288516 652.2 0
2067 11 15.897465 6.34601 163.1 139.45185 653.63 0
2067 12 13.166382 3.238306 125 292.25529 654.84 0
2068 1 4.615797 -4.8356414 143.5 97.013632 661.64 0
2068 2 5.6219587 -4.1942534 209.8 264.9474275 662.56 0
2068 3 10.032842 0.6125719 301.6 60.2868532 663.54 0
2068 4 20.521006 8.096362 391.2 51.069645 665 0
2068 5 26.027718 12.574709 461.6 98.089053 665.54 0
2068 6 29.262272 16.41165 512.7 64.589088 664.99 0
2068 7 33.993694 21.605639 503.7 133.767635 663.47 0
2068 8 31.46307 20.83776 439.3 87.345631 660.88 0
2068 9 27.656713 17.806162 346.6 132.197715 659.88 0
2068 10 20.088184 8.553237 255.1 86.402735 659.74 0
2068 11 14.625796 4.8133955 163.1 76.967076 661.17 0
2068 12 9.916858 1.6543033 125 63.3198746 662.38 0
2069 1 6.2943377 -2.2811499 143.5 174.768421 669.3 0
2069 2 4.256794 -5.5493197 209.8 97.553642975 670.22 0
2069 3 11.511839 1.5499699 301.6 178.596611 671.2 0
2069 4 17.87196 6.5524464 391.2 94.598259 672.66 0
2069 5 24.043888 11.164682 461.6 50.3821393 673.2 0
2069 6 29.216528 16.773197 512.7 62.876574 672.65 0
2069 7 30.807146 20.435848 503.7 151.237654 671.13 0
2069 8 32.14279 21.393667 439.3 176.159515 668.54 0
2069 9 25.663614 15.424595 346.6 180.60312 667.54 0
2069 10 20.484756 9.438995 255.1 134.0082694 667.4 0
2069 11 12.53762 3.9362602 163.1 81.925608 668.83 0
2069 12 8.035897 0.37032574 125 59.4290925 670.04 0
2070 1 6.3135285 -2.1045935 143.5 37.0743725 677.08 0
2070 2 7.258158 -0.9365383 209.8 144.644562375 678 0
2070 3 10.084019 0.43244764 301.6 113.5562178 678.98 0
2070 4 15.40489 4.322559 391.2 79.234887 680.44 0
2070 5 22.01571 10.582228 461.6 85.8464524 680.98 0
2070 6 29.446283 16.534462 512.7 53.555721 680.43 0
2070 7 31.67941 20.805876 503.7 168.7706743 678.91 0
2070 8 30.492548 18.89277 439.3 111.9889756 676.32 0
2070 9 25.063751 14.78192 346.6 49.453437 675.32 0
2070 10 19.484566 7.815641 255.1 50.8715301 675.18 0
2070 11 13.370297 4.6357093 163.1 133.353309 676.61 0
2070 12 9.066527 0.30868796 125 165.035134 677.82 0
2071 1 5.871611 -2.5745738 143.5 222.5004664 684.95 0
2071 2 4.291565 -5.435561 209.8 98.4685164 685.87 0
2071 3 10.474881 0.61020553 301.6 109.5030825 686.85 0
2071 4 16.759413 6.315946 391.2 107.60142 688.31 0
2071 5 24.61505 11.710257 461.6 50.7614026 688.85 0
2071 6 29.660873 17.814507 512.7 76.483032 688.3 0
2071 7 31.852108 18.99218 503.7 41.7461655 686.78 0
2071 8 31.707613 18.858934 439.3 95.4877004 684.19 0
2071 9 24.773155 14.621809 346.6 180.86856 683.19 0
2071 10 19.273996 8.5418415 255.1 115.4306669 683.05 0
2071 11 16.127333 7.297655 163.1 208.48797 684.48 0
2071 12 11.075098 2.5524487 125 153.6336316 685.69 0
2072 1 7.600249 -0.95581406 143.5 96.2984682 692.9 0
2072 2 5.5607595 -3.1991615 209.8 148.992915375 693.82 0
2072 3 10.63519 0.72882354 301.6 147.265965 694.8 0
2072 4 17.713438 6.058368 391.2 103.170756 696.26 0
2072 5 21.663498 10.461963 461.6 176.6151003 696.8 0
2072 6 27.178526 16.845829 512.7 139.137639 696.25 0
2072 7 30.76218 20.04744 503.7 116.334599 694.73 0
2072 8 30.689718 19.755714 439.3 103.57441 692.14 0
2072 9 25.29822 15.131289 346.6 112.18656 691.14 0
2072 10 22.677122 11.538665 255.1 78.246294 691 0
2072 11 19.590792 8.605472 163.1 68.237958 692.43 0
2072 12 10.75734 1.107482 125 88.4222083 693.64 0
2073 1 7.259251 -1.6478708 143.5 81.8296646 700.89 0
2073 2 5.2561965 -4.1318207 209.8 94.105589225 701.81 0
2073 3 10.079079 -0.11008436 301.6 87.5204927 702.79 0
2073 4 15.255488 4.4448037 391.2 95.48439 704.25 0
2073 5 21.542866 10.390955 461.6 208.74966 704.79 0
2073 6 29.741934 17.052994 512.7 34.608216 704.24 0
2073 7 33.53049 20.434435 503.7 49.3574064 702.72 0
2073 8 30.681105 19.642874 439.3 66.69309 700.13 0
2073 9 26.546999 15.896467 346.6 146.842032 699.13 0
2073 10 22.178156 10.585393 255.1 69.2679686 698.99 0
2073 11 14.761359 5.057224 163.1 241.31724 700.42 0
2073 12 8.939942 1.5267572 125 75.4174293 701.63 0
2074 1 6.8592706 -1.6284142 143.5 162.274305 708.93 0
2074 2 5.9456096 -3.182829 209.8 174.9721832 709.85 0
2074 3 9.803697 -0.65056914 301.6 129.7610896 710.83 0
2074 4 18.955154 7.984062 391.2 109.172409 712.29 0
2074 5 24.191463 13.279992 461.6 121.9275322 712.83 0
2074 6 29.668613 15.924462 512.7 37.569645 712.28 0
2074 7 33.454853 20.390753 503.7 105.2057013 710.76 0
2074 8 32.132065 21.446033 439.3 97.1978216 708.17 0
2074 9 28.750727 16.968704 346.6 84.911469 707.17 0
2074 10 21.734812 8.488824 255.1 71.0769674 707.03 0
2074 11 15.338102 5.9957547 163.1 150.0522 708.46 0
2074 12 11.572549 2.035572 125 199.551371 709.67 0
2075 1 7.2058764 -0.57491016 143.5 136.912864 717.02 0
2075 2 8.304326 0.42458156 209.8 85.5873413 717.94 0
2075 3 10.936047 0.89243186 301.6 131.991366 718.92 0
2075 4 17.996073 7.063906 391.2 81.054825 720.38 0
2075 5 24.671278 11.242917 461.6 51.8061181 720.92 0
2075 6 30.581913 18.743116 512.7 66.756 720.37 0
2075 7 32.06719 20.754034 503.7 70.426699 718.85 0
2075 8 32.5809 20.671179 439.3 92.7648867 716.26 0
2075 9 28.883554 16.694855 346.6 101.961843 715.26 0
2075 10 20.631342 9.692805 255.1 137.328357 715.12 0
2075 11 15.857648 6.1010265 163.1 194.05449 716.55 0
2075 12 9.317907 1.7262022 125 62.5917373 717.76 0
2076 1 8.4292145 -0.40441447 143.5 74.388065 725.14 0
2076 2 7.2151375 -1.9088188 209.8 139.401707025 726.06 0
2076 3 9.778399 -0.05687811 301.6 53.9718153 727.04 0
2076 4 18.690966 7.5388436 391.2 48.775011 728.5 0
2076 5 24.878422 12.02246 461.6 53.8703492 729.04 0
2076 6 29.749706 17.877182 512.7 91.35444 728.49 0
2076 7 33.44521 20.427193 503.7 54.995302 726.97 0
2076 8 30.528872 19.618622 439.3 152.3656634 724.38 0
2076 9 26.056099 15.5677805 346.6 122.662569 723.38 0
2076 10 20.869667 8.846655 255.1 69.7767406 723.24 0
2076 11 12.595538 2.8344567 163.1 108.459348 724.67 0
2076 12 8.852932 0.986664 125 161.3806153 725.88 0
2077 1 5.1755247 -3.0081205 143.5 105.352508 733.31 0
2077 2 8.378066 -0.33460128 209.8 261.6230805 734.23 0
2077 3 10.897798 0.39068687 301.6 181.4670994 735.21 0
2077 4 18.681581 7.67901 391.2 227.871909 736.67 0
2077 5 24.725569 11.60063 461.6 78.3872634 737.21 0
2077 6 28.952139 17.87408 512.7 82.08549 736.66 0
2077 7 32.081192 20.493877 503.7 111.5172765 735.14 0
2077 8 31.167238 21.045074 439.3 211.587183 732.55 0
2077 9 25.657217 14.055355 346.6 135.337428 731.55 0
2077 10 20.775806 8.703152 255.1 95.1510187 731.41 0
2077 11 11.402256 2.3302429 163.1 129.567891 732.84 0
2077 12 5.2226925 -3.7429738 125 142.1879356 734.05 0
2078 1 6.0164976 -3.505093 143.5 84.794889 741.52 0
2078 2 7.3457327 -2.4739108 209.8 74.12226525 742.44 0
2078 3 12.62035 2.4150608 301.6 129.8356353 743.42 0
2078 4 20.639051 9.471289 391.2 68.14299 744.88 0
2078 5 22.180218 11.222506 461.6 220.473767 745.42 0
2078 6 28.051676 16.97511 512.7 263.58024 744.87 0
2078 7 30.976225 19.753576 503.7 136.4518134 743.35 0
2078 8 30.356726 19.864471 439.3 357.402968 740.76 0
2078 9 27.10668 15.954739 346.6 85.269162 739.76 0
2078 10 18.960419 7.562122 255.1 124.4768513 739.62 0
2078 11 14.281035 3.604772 163.1 326.13381 741.05 0
2078 12 5.8375535 -1.9715983 125 168.2288284 742.26 0
2079 1 6.9787683 -0.7057986 143.5 263.835358 749.8 0
2079 2 9.476299 -0.22828503 209.8 100.7236235 750.72 0
2079 3 14.266879 4.052355 301.6 240.111647 751.7 0
2079 4 17.973719 7.3136725 391.2 239.11242 753.16 0
2079 5 28.031294 14.378776 461.6 68.3104964 753.7 0
2079 6 28.727438 16.731125 512.7 59.364123 753.15 0
2079 7 35.26562 22.129442 503.7 101.2463565 751.63 0
2079 8 31.042694 19.763475 439.3 97.1358216 749.04 0
2079 9 26.083344 14.740218 346.6 67.154031 748.04 0
2079 10 20.323652 8.346098 255.1 84.2348864 747.9 0
2079 11 17.306784 5.836309 163.1 146.375112 749.33 0
2079 12 8.770191 0.757471 125 36.9992564 750.54 0
2080 1 7.980892 -0.321114 143.5 164.757684 758.18 0
2080 2 6.6435766 -3.5976708 209.8 54.44433225 759.1 0
2080 3 11.644737 1.5592632 301.6 125.4322 760.08 0
2080 4 19.667723 8.761148 391.2 80.487621 761.54 0
2080 5 22.594027 11.466717 461.6 61.467916 762.08 0
2080 6 29.668049 17.197723 512.7 58.896879 761.53 0
2080 7 31.491777 21.161924 503.7 234.78749 760.01 0
2080 8 31.291748 19.952341 439.3 55.7385828 757.42 0
2080 9 27.08198 15.467153 346.6 147.07515 756.42 0
2080 10 22.021538 9.802306 255.1 95.5806911 756.28 0
2080 11 15.453482 5.5094604 163.1 152.814675 757.71 0
2080 12 9.857307 1.6067913 125 166.2166773 758.92 0
2081 1 4.573562 -5.5280747 143.5 236.360802 766.64 0
2081 2 7.1099386 -2.898903 209.8 148.1911832 767.56 0
2081 3 12.060391 1.8637784 301.6 130.5604525 768.54 0
2081 4 19.185606 8.295489 391.2 62.860959 770 0
2081 5 27.381605 13.972255 461.6 86.794854 770.54 0
2081 6 32.566418 18.466274 512.7 44.095032 769.99 0
2081 7 33.351196 20.913877 503.7 122.7654033 768.47 0
2081 8 30.654963 19.98317 439.3 153.043683 765.88 0
2081 9 27.65405 16.174345 346.6 86.352804 764.88 0
2081 10 22.187162 10.620084 255.1 101.7225475 764.74 0
2081 11 12.548617 2.9486263 163.1 140.38761 766.17 0
2081 12 9.438638 1.5527501 125 32.484032 767.38 0
2082 1 5.590843 -2.478187 143.5 76.3822113 775.17 0
2082 2 11.067032 1.3232082 209.8 179.922309225 776.09 0
2082 3 13.712262 3.7523704 301.6 173.2011075 777.07 0
2082 4 20.270075 9.137419 391.2 151.864299 778.53 0
2082 5 23.946684 12.934593 461.6 119.576579 779.07 0
2082 6 29.316025 17.69012 512.7 110.07441 778.52 0
2082 7 31.264751 20.836555 503.7 112.7404404 777 0
2082 8 32.494923 19.992317 439.3 55.1365008 774.41 0
2082 9 27.563662 16.078009 346.6 143.92566 773.41 0
2082 10 20.777431 9.364734 255.1 49.9535488 773.27 0
2082 11 13.515781 3.089993 163.1 52.336941 774.7 0
2082 12 6.7514186 -0.42749113 125 29.2599886 775.91 0
2083 1 6.785837 -1.673625 143.5 84.0968093 783.75 0
2083 2 5.3618455 -4.026897 209.8 141.5227142 784.67 0
2083 3 11.100212 1.2923758 301.6 105.4190867 785.65 0
2083 4 17.70971 6.564064 391.2 199.76604 787.11 0
2083 5 25.053606 13.239393 461.6 109.5447434 787.65 0
2083 6 28.947235 17.60244 512.7 87.55941 787.1 0
2083 7 31.36374 21.115946 503.7 143.4555752 785.58 0
2083 8 31.588394 21.236383 439.3 146.304314 782.99 0
2083 9 26.418621 15.396393 346.6 158.89443 781.99 0
2083 10 20.411108 9.644437 255.1 168.3185083 781.85 0
2083 11 12.410174 3.1799061 163.1 290.21781 783.28 0
2083 12 12.212277 2.4732757 125 186.383098 784.49 0
2084 1 5.9722023 -3.3010333 143.5 131.2820612 792.37 0
2084 2 6.561333 -2.6760206 209.8 38.625741925 793.29 0
2084 3 11.460177 1.6439558 301.6 143.6700766 794.27 0
2084 4 21.246025 9.460724 391.2 89.803635 795.73 0
2084 5 23.542183 11.635949 461.6 98.1243124 796.27 0
2084 6 30.125977 17.652164 512.7 85.357311 795.72 0
2084 7 34.154724 21.381958 503.7 68.6464465 794.2 0
2084 8 31.235506 19.975592 439.3 147.017965 791.61 0
2084 9 26.959513 15.725321 346.6 56.542548 790.61 0
2084 10 21.335375 10.025427 255.1 101.9743977 790.47 0
2084 11 13.181549 2.467984 163.1 49.476897 791.9 0
2084 12 11.699251 1.7777117 125 161.9143175 793.11 0
2085 1 8.526525 -1.9602634 143.5 105.4003503 801.02 0
2085 2 7.777613 -1.6680679 209.8 78.203986275 801.94 0
2085 3 14.2476635 4.7472105 301.6 167.806255 802.92 0
2085 4 19.686676 8.201486 391.2 181.358958 804.38 0
2085 5 25.716433 12.178105 461.6 40.6232804 804.92 0
2085 6 32.56918 18.9854 512.7 52.194855 804.37 0
2085 7 33.01593 20.942717 503.7 73.699927 802.85 0
2085 8 33.435875 21.657509 439.3 51.5162402 800.26 0
2085 9 25.908756 14.833025 346.6 176.27415 799.26 0
2085 10 21.275587 9.789021 255.1 40.2881239 799.12 0
2085 11 14.512883 6.087454 163.1 203.266425 800.55 0
2085 12 9.034733 -0.7709806 125 212.7240987 801.76 0
2086 1 5.729665 -3.6598551 143.5 154.1285745 809.71 0
2086 2 5.9021707 -3.439405 209.8 119.82053875 810.63 0
2086 3 11.872658 2.1548555 301.6 63.1971084 811.61 0
2086 4 17.159 6.5214295 391.2 176.170608 813.07 0
2086 5 27.327938 13.426231 461.6 35.8322087 813.61 0
2086 6 30.281128 17.325747 512.7 83.60976 813.06 0
2086 7 32.639915 21.834259 503.7 158.6677123 811.54 0
2086 8 31.610256 20.698591 439.3 204.75779 808.95 0
2086 9 27.175592 16.74938 346.6 206.430918 807.95 0
2086 10 21.892664 10.763741 255.1 103.7066033 807.81 0
2086 11 14.680887 4.6807733 163.1 73.388235 809.24 0
2086 12 8.167552 -0.63066614 125 67.5275914 810.45 0
2087 1 7.4914355 -0.30102387 143.5 245.803278 818.42 0
2087 2 6.283683 -3.1248538 209.8 166.25579825 819.34 0
2087 3 14.453086 4.7526636 301.6 150.428647 820.32 0
2087 4 17.28011 6.73822 391.2 127.72161 821.78 0
2087 5 25.345806 12.460872 461.6 25.8688118 822.32 0
2087 6 30.41072 17.986061 512.7 60.575229 821.77 0
2087 7 32.48429 20.823189 503.7 113.6192842 820.25 0
2087 8 31.800137 20.519588 439.3 201.627472 817.66 0
2087 9 29.668913 19.343143 346.6 181.422342 816.66 0
2087 10 22.663935 12.730011 255.1 98.9734892 816.52 0
2087 11 12.503497 3.62749 163.1 70.102815 817.95 0
2087 12 6.3998685 -3.6583142 125 107.0076724 819.16 0
2088 1 6.653003 -0.8678904 143.5 76.5926455 827.16 0
2088 2 7.1792073 -1.4713107 209.8 154.359921 828.08 0
2088 3 11.445757 1.9749856 301.6 199.078931 829.06 0
2088 4 17.613993 7.497246 391.2 107.82675 830.52 0
2088 5 26.758965 14.678123 461.6 88.2224722 831.06 0
2088 6 28.705505 16.685558 512.7 76.728816 830.51 0
2088 7 32.70369 21.12767 503.7 124.2074954 828.99 0
2088 8 30.670048 20.377 439.3 164.819374 826.4 0
2088 9 26.905758 16.813444 346.6 223.36188 825.4 0
2088 10 22.704725 11.051264 255.1 67.2373198 825.26 0
2088 11 13.103368 3.8113642 163.1 105.269709 826.69 0
2088 12 5.864587 -1.5397561 125 58.8585313 827.9 0
2089 1 6.868853 -1.5976144 143.5 144.2456567 835.96 0
2089 2 8.030951 -0.77178967 209.8 110.510279475 836.88 0
2089 3 12.115237 2.2025757 301.6 76.8711619 837.86 0
2089 4 18.719221 7.2657657 391.2 50.023224 839.32 0
2089 5 23.16425 12.119411 461.6 106.4009032 839.86 0
2089 6 27.407938 16.161064 512.7 109.663002 839.31 0
2089 7 33.956837 22.774363 503.7 82.9405868 837.79 0
2089 8 31.087988 20.613815 439.3 187.186029 835.2 0
2089 9 26.774437 16.685349 346.6 135.073458 834.2 0
2089 10 22.056316 10.925548 255.1 86.3802786 834.06 0
2089 11 16.381523 6.1905055 163.1 100.292379 835.49 0
2089 12 8.482762 0.801541 125 164.792652 836.7 0
2090 1 10.976675 3.222685 143.5 149.436306 844.8 0
2090 2 10.432863 1.8368831 209.8 98.8115392 845.72 0
2090 3 10.777897 1.4177369 301.6 134.976604 846.7 0
2090 4 16.99253 5.9420514 391.2 119.018427 848.16 0
2090 5 23.874815 11.536534 461.6 73.7966408 848.7 0
2090 6 31.229433 18.089205 512.7 52.422213 848.15 0
2090 7 32.628857 21.546764 503.7 78.9953191 846.63 0
2090 8 31.927597 19.950829 439.3 96.482602 844.04 0
2090 9 27.632753 16.269112 346.6 136.621758 843.04 0
2090 10 23.83862 12.675009 255.1 79.6076187 842.9 0
2090 11 17.432262 6.5759416 163.1 97.920678 844.33 0
2090 12 8.343376 0.8114529 125 33.9921975 845.54 0
2091 1 7.3745985 -1.0985674 143.5 353.061418 853.73 0
2091 2 10.205585 0.8093491 209.8 146.44588125 854.65 0
2091 3 11.23447 1.7729005 301.6 226.3973586 855.63 0
2091 4 19.976599 8.411257 391.2 81.918225 857.09 0
2091 5 27.659355 13.718461 461.6 54.4310338 857.63 0
2091 6 30.734224 18.419811 512.7 179.329119 857.08 0
2091 7 32.629486 21.493046 503.7 155.8591123 855.56 0
2091 8 32.033184 20.886074 439.3 104.3225392 852.97 0
2091 9 27.59759 16.485619 346.6 124.20603 851.97 0
2091 10 23.7281 11.84159 255.1 75.6443028 851.83 0
2091 11 14.688988 5.328309 163.1 153.925452 853.26 0
2091 12 10.935965 1.744947 125 262.52133 854.47 0
2092 1 6.357358 -3.0563462 143.5 135.5416286 862.73 0
2092 2 7.8092427 -1.5496868 209.8 165.191804375 863.65 0
2092 3 10.062922 0.40867788 301.6 88.8846384 864.63 0
2092 4 17.54359 6.891667 391.2 119.200158 866.09 0
2092 5 24.900505 13.429721 461.6 115.708833 866.63 0
2092 6 28.951342 16.374136 512.7 74.803548 866.08 0
2092 7 32.491783 22.449215 503.7 164.4890535 864.56 0
2092 8 32.536057 20.871372 439.3 76.9909924 861.97 0
2092 9 26.646584 15.955582 346.6 89.410137 860.97 0
2092 10 20.143791 9.136821 255.1 69.0903045 860.83 0
2092 11 12.768656 3.828539 163.1 103.27461 862.26 0
2092 12 10.588893 2.046856 125 38.055879 863.47 0
2093 1 6.5554953 -2.093126 143.5 72.2542978 871.78 0
2093 2 7.5584497 -1.866134 209.8 206.918594 872.7 0
2093 3 12.550931 1.9689902 301.6 132.488296 873.68 0
2093 4 19.54982 7.7764344 391.2 83.96682 875.14 0
2093 5 23.30431 11.197593 461.6 106.353219 875.68 0
2093 6 31.447231 18.538038 512.7 90.683955 875.13 0
2093 7 33.96147 22.893263 503.7 112.8064642 873.61 0
2093 8 32.593784 21.498318 439.3 74.8163951 871.02 0
2093 9 26.846619 16.638403 346.6 112.214376 870.02 0
2093 10 23.96373 12.927919 255.1 69.1553735 869.88 0
2093 11 17.870049 7.401664 163.1 149.206209 871.31 0
2093 12 8.617788 -0.30141464 125 64.5658948 872.52 0
2094 1 6.404922 -3.6520898 143.5 220.3387837 880.86 0
2094 2 7.898634 -1.8465728 209.8 152.45409125 881.78 0
2094 3 11.687159 0.9579333 301.6 114.6573347 882.76 0
2094 4 19.676416 8.076883 391.2 79.33395 884.22 0
2094 5 24.74083 14.146606 461.6 111.8693745 884.76 0
2094 6 30.603075 18.060925 512.7 68.490063 884.21 0
2094 7 35.938507 23.161793 503.7 96.5013477 882.69 0
2094 8 31.901525 21.299688 439.3 158.18153 880.1 0
2094 9 28.320168 16.96164 346.6 85.000533 879.1 0
2094 10 22.61845 11.822251 255.1 200.238083 878.96 0
2094 11 17.593035 7.775315 163.1 163.61769 880.39 0
2094 12 6.34439 -3.264815 125 171.905416 881.6 0
2095 1 6.776789 -1.918228 143.5 111.078146 889.98 0
2095 2 10.089376 0.71756375 209.8 91.838458925 890.9 0
2095 3 12.55152 2.332624 301.6 151.4376815 891.88 0
2095 4 19.689783 7.971662 391.2 55.593471 893.34 0
2095 5 27.978676 13.571831 461.6 65.5448438 893.88 0
2095 6 29.473478 17.701569 512.7 137.100705 893.33 0
2095 7 33.01241 22.224174 503.7 137.8851294 891.81 0
2095 8 32.52219 22.144012 439.3 201.7311763 889.22 0
2095 9 27.89261 16.785213 346.6 206.787528 888.22 0
2095 10 24.782087 13.620029 255.1 55.2054789 888.08 0
2095 11 13.945251 4.3748603 163.1 211.98927 889.51 0
2095 12 7.820988 0.21916229 125 150.7822795 890.72 0
2096 1 5.751074 -2.9327943 143.5 156.820196 899.12 0
2096 2 7.015163 -3.064689 209.8 157.334603625 900.04 0
2096 3 10.707632 1.446336 301.6 200.7489723 901.02 0
2096 4 17.910053 7.0819173 391.2 79.72566 902.48 0
2096 5 27.570467 15.069834 461.6 79.675456 903.02 0
2096 6 30.050219 17.431562 512.7 49.968777 902.47 0
2096 7 32.259956 22.353285 503.7 167.4408766 900.95 0
2096 8 33.367462 21.299255 439.3 142.0100204 898.36 0
2096 9 27.642786 17.06065 346.6 201.380625 897.36 0
2096 10 21.543617 10.043222 255.1 96.3110542 897.22 0
2096 11 16.074589 5.9024763 163.1 171.69477 898.65 0
2096 12 9.514906 1.5395627 125 41.470374 899.86 0
2097 1 7.3999186 -1.4899393 143.5 159.9041194 908.29 0
2097 2 9.7731695 -0.21377392 209.8 117.619476725 909.21 0
2097 3 10.607959 0.68679124 301.6 100.8970299 910.19 0
2097 4 18.173864 6.3179803 391.2 75.500751 911.65 0
2097 5 25.448542 13.237789 461.6 98.4075842 912.19 0
2097 6 30.509119 17.784311 512.7 51.703044 911.64 0
2097 7 33.609985 22.436975 503.7 113.180752 910.12 0
2097 8 32.678738 20.860125 439.3 57.1827178 907.53 0
2097 9 28.57093 16.96781 346.6 102.61146 906.53 0
2097 10 22.107307 11.710112 255.1 253.070546 906.39 0
2097 11 17.883879 8.492933 163.1 67.947765 907.82 0
2097 12 10.131852 1.2227325 125 152.195678 909.03 0
2098 1 2.4707727 -8.273658 143.5 90.6890275 917.47 0
2098 2 9.852925 1.0807464 209.8 131.73538305 918.39 0
2098 3 11.14332 1.1010456 301.6 109.341743 919.37 0
2098 4 16.778337 5.8168635 391.2 123.872379 920.83 0
2098 5 25.69086 13.814978 461.6 158.606199 921.37 0
2098 6 28.63967 16.112139 512.7 69.86259 920.82 0
2098 7 33.077198 21.799028 503.7 176.654213 919.3 0
2098 8 31.566996 21.298914 439.3 305.998675 916.71 0
2098 9 26.565763 16.001427 346.6 140.679288 915.71 0
2098 10 23.425894 13.473218 255.1 229.3736314 915.57 0
2098 11 17.490574 6.201801 163.1 45.949464 917 0
2098 12 9.4974985 0.59882087 125 140.0855125 918.21 0
2099 1 8.672634 0.17597711 143.5 114.7767343 926.67 0
2099 2 8.535922 -1.0819745 209.8 92.875765025 927.59 0
2099 3 12.457066 1.612659 301.6 50.1082047 928.57 0
2099 4 21.239735 8.817411 391.2 82.280988 930.03 0
2099 5 26.154408 12.984262 461.6 93.8668003 930.57 0
2099 6 30.01449 17.459324 512.7 75.30162 930.02 0
2099 7 34.699936 21.777435 503.7 69.885377 928.5 0
2099 8 33.214813 20.81972 439.3 105.4174003 925.91 0
2099 9 27.875666 17.716084 346.6 257.07018 924.91 0
2099 10 22.132687 11.919621 255.1 137.544148 924.77 0
2099 11 18.459982 7.9125724 163.1 114.771345 926.2 0
2099 12 10.492643 1.8855463 125 122.2597809 927.41 0
2100-2200 1 8.672634 0.17597711 143.5 114.7767343 926.67 0
2100-2200 2 8.535922 -1.0819745 209.8 92.875765025 927.59 0
2100-2200 3 12.457066 1.612659 301.6 50.1082047 928.57 0
2100-2200 4 21.239735 8.817411 391.2 82.280988 930.03 0
2100-2200 5 26.154408 12.984262 461.6 93.8668003 930.57 0
2100-2200 6 30.01449 17.459324 512.7 75.30162 930.02 0
2100-2200 7 34.699936 21.777435 503.7 69.885377 928.5 0
2100-2200 8 33.214813 20.81972 439.3 105.4174003 925.91 0
2100-2200 9 27.875666 17.716084 346.6 257.07018 924.91 0
2100-2200 10 22.132687 11.919621 255.1 137.544148 924.77 0
2100-2200 11 18.459982 7.9125724 163.1 114.771345 926.2 0
2100-2200 12 10.492643 1.8855463 125 122.2597809 927.41 0
