Year Month Tmax Tmin PAR Prec CO2 O3
1200-1980 1 2.68870465173008 -6.7066928821985 143.5 96.0773072298028 390 0
1200-1980 2 4.21245248873945 -5.38436220134457 209.8 88.0281201329717 390 0
1200-1980 3 8.18107814775644 -1.75313911680267 301.6 117.572100830131 390 0
1200-1980 4 14.1443654797844 3.4430609752323 391.2 113.232746389271 390 0
1200-1980 5 19.7577713421911 8.58848742263995 461.6 97.9728144193738 390 0
1200-1980 6 24.6425710395986 13.8861639794111 512.7 109.719259621387 390 0
1200-1980 7 27.689209706887 17.1975816148093 503.7 93.7438038001697 390 0
1200-1980 8 26.8303079746634 16.5638895633057 439.3 105.161957058747 390 0
1200-1980 9 23.0267864676578 12.4832788014876 346.6 103.489367727021 390 0
1200-1980 10 17.0124665897976 6.32794048653336 255.1 111.47323000473 390 0
1200-1980 11 11.3904497148665 1.6415047617871 163.1 110.871172413893 390 0
1200-1980 12 5.55944065818471 -3.39834398919907 125 110.295979235112 390 0
1981 1 -1.47428734565398 -12.3901886433128 143.5 26.2554324007085 390 0
1981 2 6.87207259527373 -3.81568825973258 209.8 174.413605089979 390 0
1981 3 7.77705375693288 -2.38262754593577 301.6 21.1498737322804 390 0
1981 4 15.3784236623475 4.24952754671739 391.2 96.8533952249398 390 0
1981 5 20.5507544932723 8.32770512737254 461.6 66.9913700289963 390 0
1981 6 25.486998643245 14.1500803668806 512.7 86.8295517722366 390 0
1981 7 28.3655409152527 17.1044660996821 503.7 93.579851692566 390 0
1981 8 27.043739443018 15.0477853391392 439.3 33.1321282652618 390 0
1981 9 22.0487079124662 11.4905962993833 346.6 95.7630614287673 390 0
1981 10 15.0037065132515 4.43201053099001 255.1 120.442137958965 390 0
1981 11 10.7836741690088 1.40800668302334 163.1 84.7996703227112 390 0
1981 12 3.58733097561748 -3.97055660859983 125 154.6819763158 390 0
1982 1 -0.881881108248943 -11.7359558858107 143.5 127.913857112476 390 0
1982 2 3.4975910433511 -5.25251514281641 209.8 83.9743304177231 390 0
1982 3 7.79240987825308 -2.77524684698868 301.6 66.3797894010667 390 0
1982 4 13.1974719300817 1.24522738392039 391.2 119.931455493332 390 0
1982 5 20.5835888521803 8.4032428848474 461.6 64.9959245394097 390 0
1982 6 21.7147737913713 12.0510239657204 512.7 282.702040248709 390 0
1982 7 28.1088648581005 16.0850843282223 503.7 76.7090467663894 390 0
1982 8 25.1846817346536 14.4766830574729 439.3 79.040566981871 390 0
1982 9 22.5006661237648 11.8464850606397 346.6 77.0664742453736 390 0
1982 10 16.9135310302801 5.33414271551023 255.1 75.319242198954 390 0
1982 11 13.1342912795263 3.08242411036833 163.1 99.7197237433214 390 0
1982 12 7.86520367163305 -1.22346033671228 125 50.7757551656589 390 0
1983 1 3.19266383875984 -5.79547042470994 143.5 118.159992656558 390 0
1983 2 4.4605027571285 -5.12621658901156 209.8 122.284063203731 390 0
1983 3 8.61624116950518 0.262185662992775 301.6 229.216647327214 390 0
1983 4 13.3188339354317 3.58195998821923 391.2 258.548532494489 390 0
1983 5 17.8450192580183 8.07091826335754 461.6 112.37409286064 390 0
1983 6 26.0316075492149 13.5494748682838 512.7 67.9518431219307 390 0
1983 7 29.0240072721027 16.6862488002037 503.7 43.6316079787121 390 0
1983 8 27.3883032454753 16.3795206069894 439.3 96.6448069001461 390 0
1983 9 25.6570864996527 12.8448603062005 346.6 49.0679143407074 390 0
1983 10 16.8365302562843 6.76897259126113 255.1 138.055889809789 390 0
1983 11 12.0468457172893 2.00790764396178 163.1 205.978311523841 390 0
1983 12 4.34868738495723 -4.86965077134222 125 158.438304327966 390 0
1984 1 1.06705769576325 -8.36398199202506 143.5 56.016557879325 390 0
1984 2 6.94053779903029 -2.2928235349458 209.8 157.747002741434 390 0
1984 3 4.55821530782272 -4.2266334330543 301.6 152.884044708724 390 0
1984 4 12.6908671137366 2.93064790790377 391.2 126.446572869589 390 0
1984 5 19.333049633431 7.8874622681838 461.6 173.722115008838 390 0
1984 6 25.820670969064 14.1403202296172 512.7 155.448651320955 390 0
1984 7 26.7246323344185 16.5837192269453 503.7 155.346356835219 390 0
1984 8 27.4523515495994 17.2523133719049 439.3 26.2264551961137 390 0
1984 9 22.1235279676479 10.1896246368892 346.6 48.9337900633613 390 0
1984 10 18.0199161251823 7.62137516583519 255.1 102.954453087718 390 0
1984 11 11.799227702615 1.09111592230058 163.1 61.8431684252251 390 0
1984 12 8.32701846226592 -1.52938678039146 125 80.9788950718753 390 0
1985 1 0.0227731546492771 -9.19091540144626 143.5 30.3682410165341 390 0
1985 2 4.40209627453852 -5.59321925507231 209.8 54.5113232510757 390 0
1985 3 10.14742559232 -1.49802424237157 301.6 66.8889950520451 390 0
1985 4 14.9172761696749 3.7914076271303 391.2 41.981511361954 390 0
1985 5 20.9162649553984 8.54062083835058 461.6 115.945040299753 390 0
1985 6 22.6111678560239 12.0821390285149 512.7 116.821179810304 390 0
1985 7 27.6537271539484 16.3162378997416 503.7 93.4342789932454 390 0
1985 8 26.2155555227803 16.1051255748211 439.3 188.756077273966 390 0
1985 9 23.1998205020039 12.4274520203348 346.6 84.7126841269539 390 0
1985 10 18.0942971154239 6.53526266607885 255.1 51.2407770849709 390 0
1985 11 11.6583457562882 3.36298435961576 163.1 175.872989706933 390 0
1985 12 3.43762047367455 -5.50285997371017 125 36.0016330310392 390 0
1986 1 4.31360102855052 -6.0896503558347 143.5 136.214973287991 390 0
1986 2 1.75320563024976 -6.1312781673135 209.8 87.253952906988 390 0
1986 3 9.3556276438649 -1.98430431488728 301.6 79.5615953015755 390 0
1986 4 14.7097828661666 4.18899646075448 391.2 54.9978492456679 390 0
1986 5 20.612306410714 8.96152546878716 461.6 41.3489873207817 390 0
1986 6 24.2598397985229 12.2525541080076 512.7 131.752522198618 390 0
1986 7 26.3924314815366 16.2965323888811 503.7 141.416026071294 390 0
1986 8 24.9835939022997 15.341587072943 439.3 110.25812040993 390 0
1986 9 21.4901318486855 11.0291033917636 346.6 28.2927632348259 390 0
1986 10 17.3055722412455 6.00433802680814 255.1 74.0826158291529 390 0
1986 11 10.2598448889416 -0.37403425831819 163.1 173.196513215486 390 0
1986 12 5.76037655209483 -2.69539547071418 125 175.182389191228 390 0
1987 1 2.37158468559069 -6.86704593241993 143.5 154.665766633949 390 0
1987 2 3.0904453585448 -7.70783842091051 209.8 20.6199781237976 390 0
1987 3 8.74514440695463 -1.63229199613278 301.6 95.6431216372842 390 0
1987 4 13.7283165692953 4.14144427594886 391.2 249.124944062699 390 0
1987 5 20.1202435256334 8.15851256106494 461.6 57.2756535398159 390 0
1987 6 25.2814661997743 14.2667512238031 512.7 55.9061981830893 390 0
1987 7 27.7797327114237 17.1566279160385 503.7 40.5487914566255 390 0
1987 8 26.2728180316807 14.8447003444645 439.3 96.0024078004167 390 0
1987 9 22.1085028926967 12.5612831938675 346.6 162.836124044693 390 0
1987 10 16.4324826372576 4.44385662240435 255.1 82.9613527056723 390 0
1987 11 11.4136481226923 0.503819709609711 163.1 80.7030847745063 390 0
1987 12 6.0202346442577 -2.6150614515396 125 82.8566017106182 390 0
1988 1 1.41678530935075 -9.08740758719715 143.5 78.4461460888363 390 0
1988 2 4.43152757794954 -5.49573603155286 209.8 122.349952067507 390 0
1988 3 8.87171693703388 -1.98878183509696 301.6 87.4927865207735 390 0
1988 4 12.5834107920168 3.37225088012183 391.2 58.7585146307009 390 0
1988 5 19.3296132194608 8.75073194697472 461.6 87.0888609610866 390 0
1988 6 25.4030295692071 12.7851199124805 512.7 34.8113795281767 390 0
1988 7 28.2559985140894 17.6647864427138 503.7 172.761411986595 390 0
1988 8 28.4979243656917 18.3404861441449 439.3 49.174542373387 390 0
1988 9 22.889636002368 10.9216378805382 346.6 55.9919914880725 390 0
1988 10 14.8495257304518 4.13709609494908 255.1 78.2506139294176 390 0
1988 11 12.2168583983627 1.45421740227764 163.1 215.486602456336 390 0
1988 12 4.76085980464213 -5.38903322766775 125 34.8555444142068 390 0
1989 1 5.14252864890792 -4.85393766084243 143.5 38.0576131267057 390 0
1989 2 3.18750319971535 -5.85519162773142 209.8 72.2285128040861 390 0
1989 3 7.80693993814978 -2.56378027696997 301.6 93.4401518439175 390 0
1989 4 12.9098478927 2.02115160066194 391.2 110.56086593956 390 0
1989 5 20.2724748078257 9.05805325022475 461.6 187.417785114756 390 0
1989 6 24.7532708287454 14.7450156896924 512.7 134.365378226129 390 0
1989 7 27.1426408110135 16.2751024041845 503.7 129.021177584303 390 0
1989 8 26.5356699740753 16.5785978542289 439.3 157.660666203392 390 0
1989 9 23.3769915459397 12.5208705768648 346.6 115.00409817924 390 0
1989 10 18.050174950792 6.0499153339078 255.1 170.00893799648 390 0
1989 11 10.8766280325695 0.85727940355951 163.1 135.467275566037 390 0
1989 12 -1.79632191187891 -11.5434110889623 125 25.9275231170353 390 0
1990 1 6.3732705008977 -2.41937840542911 143.5 135.243593837714 390 0
1990 2 6.50277306248042 -4.50148248311731 209.8 85.6153241367472 390 0
1990 3 9.94596601291178 -1.78479793575753 301.6 59.9656800822226 390 0
1990 4 13.6810283890991 3.28860270659484 391.2 126.293179511169 390 0
1990 5 17.8439485375643 7.63536156878242 461.6 176.86658948421 390 0
1990 6 24.8265548933326 13.5026932456991 512.7 45.5352071034074 390 0
1990 7 27.0079056589033 17.5536627708362 503.7 108.624459348734 390 0
1990 8 27.1255044951551 17.6254766002547 439.3 162.917301980861 390 0
1990 9 22.8230664332344 11.7138374380024 346.6 57.1054971048687 390 0
1990 10 19.5967141048445 8.90703701737973 255.1 162.731656524812 390 0
1990 11 13.1494330703342 2.10143649429452 163.1 63.684467814739 390 0
1990 12 8.31955376055519 -1.24666503567262 125 128.773629351695 390 0
1991 1 3.35765388908493 -6.74036951389687 143.5 80.4376082037071 390 0
1991 2 6.65839304941036 -3.99668419894577 209.8 54.9309761743096 390 0
1991 3 9.56157530714893 -0.141823391645069 301.6 139.141306154283 390 0
1991 4 16.0499958800267 4.17653913695688 391.2 88.2945742447587 390 0
1991 5 23.2796590316199 10.2885876749613 461.6 92.7131481041734 390 0
1991 6 26.323654350105 13.9173764285091 512.7 44.6608753142734 390 0
1991 7 28.2372941257731 16.6179543162794 503.7 71.5091479787805 390 0
1991 8 27.5083691608961 17.0500928140616 439.3 182.473321802711 390 0
1991 9 22.4472937960409 11.46079035312 346.6 162.078505267953 390 0
1991 10 18.029745055803 7.1498257844309 255.1 73.161509320724 390 0
1991 11 10.6468249699415 2.44449711992329 163.1 127.723123939797 390 0
1991 12 6.67132651164945 -2.93754481098739 125 86.1056816612234 390 0
1992 1 3.59666917712 -6.23651628638301 143.5 78.2998247421319 390 0
1992 2 4.43697241394457 -5.06317892747057 209.8 55.9719747180175 390 0
1992 3 6.22757881005885 -3.43613300667873 301.6 101.868444082639 390 0
1992 4 12.1544855326525 1.86719947452304 391.2 71.5602697497615 390 0
1992 5 19.7097043875928 7.02819370674267 461.6 32.8571498876248 390 0
1992 6 24.1873752031284 12.776572542413 512.7 155.901081946282 390 0
1992 7 25.9126979474721 15.2507811647679 503.7 91.9385841504036 390 0
1992 8 25.225380761875 15.2705757303066 439.3 165.790495082774 390 0
1992 9 22.324074872324 12.2967723320438 346.6 102.566082388423 390 0
1992 10 15.453879293598 4.63439106691336 255.1 53.256774900328 390 0
1992 11 9.27886075830787 1.30801435061543 163.1 138.494655061635 390 0
1992 12 4.73809819571054 -3.47023722482327 125 174.91323285727 390 0
1993 1 3.77891609928709 -4.65107559486497 143.5 66.6987434814476 390 0
1993 2 1.26102607256485 -9.10525276272547 209.8 98.8666629189251 390 0
1993 3 5.72812178299783 -3.4801846473916 301.6 177.046590908427 390 0
1993 4 13.6117417167997 3.62462617760378 391.2 130.984876292528 390 0
1993 5 21.2466553177192 9.00372932408719 461.6 25.8375980554487 390 0
1993 6 25.1892020979517 13.230806616336 512.7 56.7599310935915 390 0
1993 7 28.6633953738542 16.6864734738982 503.7 66.874719732081 390 0
1993 8 27.7988760678452 16.4723443546428 439.3 43.7327906511729 390 0
1993 9 22.4540147272044 12.8856074679212 346.6 123.411155928902 390 0
1993 10 15.7315443048765 4.88364513725223 255.1 97.5269598953756 390 0
1993 11 11.7633291544039 0.370321827492928 163.1 97.6773231829709 390 0
1993 12 4.75227381946651 -3.8771746195383 125 156.457466234654 390 0
1994 1 -0.455198048940607 -11.2164316430564 143.5 143.319663989651 390 0
1994 2 1.19744229762405 -8.87733392887976 209.8 78.0803512135456 390 0
1994 3 7.2046887932348 -2.36543025515192 301.6 179.464050246624 390 0
1994 4 15.6514683563324 3.70792246259912 391.2 63.0044977941905 390 0
1994 5 19.2335077601863 7.50291133688873 461.6 101.28055908569 390 0
1994 6 26.0412344690118 15.0469963984228 512.7 76.9655914177545 390 0
1994 7 29.1677840390108 19.3002956942399 503.7 72.0818492485938 390 0
1994 8 26.0867838969877 15.8227272626717 439.3 157.069343519568 390 0
1994 9 22.0019921948542 12.0535998307634 346.6 113.314077622426 390 0
1994 10 17.3297694387117 5.43530071974672 255.1 23.4796771987661 390 0
1994 11 14.0390359801188 3.11348213789326 163.1 120.555989884422 390 0
1994 12 7.61624655793532 -1.75552138626965 125 130.973965670975 390 0
1995 1 5.31866787835554 -2.63243081573023 143.5 96.3480766738415 390 0
1995 2 2.90741513282273 -7.55777575580886 209.8 63.8869685624962 390 0
1995 3 8.7722197301298 -0.682527870960477 301.6 68.7175100096663 390 0
1995 4 13.4992924684984 2.07838263840029 391.2 65.4753313041482 390 0
1995 5 18.4400522134546 7.63473216906634 461.6 77.7554068883397 390 0
1995 6 25.2104902507024 13.6020492538269 512.7 59.5994405593394 390 0
1995 7 28.693465196754 18.1414562224351 503.7 66.7984677590781 390 0
1995 8 28.0853879649197 15.7884867597719 439.3 49.1042646425022 390 0
1995 9 22.4408283401125 11.0591476700536 346.6 86.9534435990964 390 0
1995 10 19.5044156969382 7.71402404168213 255.1 183.125425631809 390 0
1995 11 9.13195689718119 0.0789795529890298 163.1 146.173346225902 390 0
1995 12 2.2035573603472 -6.15808966902899 125 66.2693325443263 390 0
1996 1 2.45187237928627 -7.23737613850733 143.5 162.634140441567 390 0
1996 2 2.90617949672326 -6.34749118839103 209.8 79.2482301200464 390 0
1996 3 6.68014623420182 -4.15682327586852 301.6 82.22299374581 390 0
1996 4 13.5265767186661 3.25779440234866 391.2 169.682699209758 390 0
1996 5 19.3871168276718 7.69565769968002 461.6 86.3192850367224 390 0
1996 6 24.7957161057646 14.2900287610987 512.7 63.365499147393 390 0
1996 7 25.9307781011965 16.4461567025696 503.7 141.958226664689 390 0
1996 8 25.9847463996942 16.4436005056248 439.3 74.1873476175304 390 0
1996 9 21.8759277030747 13.0236985084576 346.6 194.737523538497 390 0
1996 10 16.4396539994391 5.39867194794915 255.1 217.161935432405 390 0
1996 11 8.4700878442045 -0.685575475070868 163.1 78.4804277551813 390 0
1996 12 7.11504437607692 -0.352221049178631 125 183.423285207468 390 0
1997 1 2.81057100512117 -6.70006427948896 143.5 97.5549389751938 390 0
1997 2 6.24611157249293 -2.7805719288692 209.8 55.4376890616487 390 0
1997 3 7.41360131604785 -1.97900315205699 301.6 112.28915309548 390 0
1997 4 12.8053896634525 2.22949787618306 391.2 145.873543809682 390 0
1997 5 17.6713398057395 7.27009630131162 461.6 82.1308998472043 390 0
1997 6 24.7848999441873 13.064868631256 512.7 43.0723986660969 390 0
1997 7 27.9245646493253 16.3832493323193 503.7 75.2256365876495 390 0
1997 8 25.9696874106485 15.7249767611605 439.3 132.680594535768 390 0
1997 9 22.4608681864909 12.2822921452504 346.6 33.813424459611 390 0
1997 10 16.6578988443311 5.1257122442264 255.1 49.568330926092 390 0
1997 11 9.1612433733687 0.524332170865939 163.1 163.680425049037 390 0
1997 12 5.50594445423793 -3.30448795673436 125 90.7208914959292 390 0
1998 1 5.25162053927553 -2.63614547045828 143.5 152.197469170547 390 0
1998 2 6.33740343561947 -2.07737799149829 209.8 141.450680192142 390 0
1998 3 8.9513093222597 -0.278833066966503 301.6 150.732042507931 390 0
1998 4 14.7100939997229 3.94068765833508 391.2 121.835141760401 390 0
1998 5 21.3048161040449 10.1216235598443 461.6 131.373853072427 390 0
1998 6 23.035365084601 14.0722434436619 512.7 201.681952881751 390 0
1998 7 27.4012379949913 17.0302592688342 503.7 87.9435984773135 390 0
1998 8 27.4237944606222 16.953672139889 439.3 91.7805332875136 390 0
1998 9 24.0756671017675 13.079263027492 346.6 65.25180667348 390 0
1998 10 16.9926526282009 6.74282073000694 255.1 121.636352811995 390 0
1998 11 11.0127898757341 1.04588069090403 163.1 56.9346195317283 390 0
1998 12 8.66423451528828 -1.29090041404706 125 36.6443533307639 390 0
1999 1 4.04545208083391 -6.41246221966157 143.5 174.862346918772 390 0
1999 2 5.22953483273562 -4.32519164060399 209.8 104.473554579997 390 0
1999 3 8.32965499193924 -1.34383208686622 301.6 142.484110435948 390 0
1999 4 15.1100722455954 3.19375003950502 391.2 36.124861096872 390 0
1999 5 20.2892034121933 8.74611566977676 461.6 100.223703326582 390 0
1999 6 26.5880794738553 14.8623680634574 512.7 13.8648103356 390 0
1999 7 29.7089847803678 18.3418618822487 503.7 59.7771799733301 390 0
1999 8 26.7717348375675 16.6091687656318 439.3 70.639757779704 390 0
1999 9 24.0089107608449 13.882181075452 346.6 210.114764564281 390 0
1999 10 16.7099251761702 5.17759231206524 255.1 137.621193783653 390 0
1999 11 13.4458833228223 3.45483173563736 163.1 73.756048288114 390 0
1999 12 6.712384152668 -2.41622967238415 125 66.2526343320257 390 0
2000 1 2.19512927596469 -8.0032818533548 143.5 92.655467583577 390 0
2000 2 5.00407943626617 -3.99638617514894 209.8 84.0564594886408 390 0
2000 3 11.0995380296126 0.569056281720355 301.6 121.407981996098 390 0
2000 4 12.736243388234 3.74804436858513 391.2 145.927252763156 390 0
2000 5 19.6819002626672 8.80552992957964 461.6 98.7558889247541 390 0
2000 6 24.4452712187078 13.7832202486404 512.7 128.838554726334 390 0
2000 7 25.3961524638142 15.3869325172783 503.7 122.494796880045 390 0
2000 8 25.1265603052559 15.8900869846767 439.3 94.913196036435 390 0
2000 9 22.7409743133348 12.1351948234375 346.6 95.559958211635 390 0
2000 10 17.2675616588717 5.71086101286236 255.1 41.5014797429858 390 0
2000 11 9.93848034571647 1.60702109946639 163.1 100.161031806256 390 0
2000 12 2.72250218621828 -6.54301765304766 125 111.821339570083 390 0
2001 1 2.48058729969925 -7.23067457019796 143.5 72.0331870065189 390 0
2001 2 4.58681472150681 -5.23264021189236 209.8 65.5448432248418 390 0
2001 3 5.71219268645802 -2.07503726378 301.6 247.914668983386 390 0
2001 4 14.2480585744044 3.17826976023765 391.2 49.2246097215516 390 0
2001 5 21.0444316302846 9.1477550763495 461.6 94.8705547546311 390 0
2001 6 25.719760003252 15.0837220010893 512.7 144.21619856577 390 0
2001 7 26.0626938562995 15.0352548496247 503.7 73.6529489487388 390 0
2001 8 28.0709404300092 17.9373221281428 439.3 109.640592955884 390 0
2001 9 23.5465346134347 12.5804488683302 346.6 78.4431241045582 390 0
2001 10 18.2955574727644 6.65299349296421 255.1 34.7204275743269 390 0
2001 11 13.5965613373022 2.64069898505855 163.1 26.5512164341131 390 0
2001 12 8.7302934570503 -0.454360720833958 125 74.4996009358585 390 0
2002 1 6.02702532610753 -2.83552518538689 143.5 68.5921778965898 390 0
2002 2 7.21794965179091 -3.66251973426921 209.8 51.9798792140684 390 0
2002 3 9.1735545728774 -1.07659396594499 301.6 119.064376730583 390 0
2002 4 15.7577215136833 4.70618379368849 391.2 99.2524877382286 390 0
2002 5 18.6417861570795 7.6433190988421 461.6 131.131290863428 390 0
2002 6 24.0578496497151 13.1114886187763 512.7 118.1761764026 390 0
2002 7 28.2203992570739 17.2195594613156 503.7 44.1350921225555 390 0
2002 8 28.407491083222 17.4526405656818 439.3 68.9442710534751 390 0
2002 9 24.0853633381585 13.9279455320588 346.6 133.302059582256 390 0
2002 10 15.7515306524837 5.94528457847528 255.1 107.387012008356 390 0
2002 11 9.68081390918224 0.969594105751818 163.1 158.200838230381 390 0
2002 12 4.12109887255021 -4.41534571764486 125 145.472949458313 390 0
2003 1 -0.562865626533235 -8.7289102287703 143.5 70.0663752101492 390 0
2003 2 0.853251297675012 -8.15190104818038 209.8 117.615584648664 390 0
2003 3 8.38923384566808 -3.20665099866848 301.6 129.746450079404 390 0
2003 4 11.5496538783377 1.96126020290266 391.2 121.510161643796 390 0
2003 5 17.5932597473574 7.53473791507603 461.6 95.2794831475837 390 0
2003 6 22.5029925525825 13.4958420326354 512.7 169.267595399261 390 0
2003 7 27.3916725236762 17.4362325966579 503.7 74.8394186992182 390 0
2003 8 27.5231200187259 18.5186656682477 439.3 131.984514090764 390 0
2003 9 22.983261046436 13.6301413862488 346.6 133.355234173769 390 0
2003 10 15.7757625268663 5.37100686073592 255.1 151.070418214674 390 0
2003 11 12.1131310585759 2.69915481782538 163.1 75.9032602647118 390 0
2003 12 5.93044233506191 -3.09315723391312 125 149.425133270758 390 0
2004 1 -2.1163984148475 -10.5199730811176 143.5 48.4161825022956 390 0
2004 2 3.72716841460031 -5.93762928976984 209.8 55.2358196161666 390 0
2004 3 8.01030101259521 -1.09016010323857 301.6 65.3375912296426 390 0
2004 4 13.8406411278623 3.80522932927344 391.2 201.433688984269 390 0
2004 5 20.7032792024644 9.66645492292171 461.6 78.5491417609462 390 0
2004 6 23.7537593671353 13.0302369115384 512.7 48.6667012567334 390 0
2004 7 25.7882911111618 16.7674708510411 503.7 96.22939712478 390 0
2004 8 25.8345138737568 16.8353816854219 439.3 136.707780685315 390 0
2004 9 23.201053312114 13.1292919302781 346.6 192.558216782728 390 0
2004 10 15.7175264920565 6.60459746178664 255.1 55.9985687294983 390 0
2004 11 11.5011720099686 1.055552050106 163.1 107.371971094648 390 0
2004 12 5.59133916627162 -4.00755040062125 125 119.270235668273 390 0
2005 1 1.33087222731519 -7.53886398382458 143.5 137.081846133932 390 0
2005 2 4.14224521098946 -5.74032089500784 209.8 71.0772379369716 390 0
2005 3 5.46929518145634 -4.07914798107162 301.6 139.03055704999 390 0
2005 4 15.4458149500079 3.45893236066278 391.2 118.830103523882 390 0
2005 5 16.1170467865906 6.71169228902607 461.6 121.597423846785 390 0
2005 6 25.5156114444077 14.9148492462413 512.7 45.2780421047915 390 0
2005 7 27.4107432903952 17.5914903663858 503.7 69.9150223442274 390 0
2005 8 28.4248816487733 18.1020396810894 439.3 74.2970270276955 390 0
2005 9 25.3353383820234 13.9949525376413 346.6 79.0975593416923 390 0
2005 10 16.2577026329248 8.29955416559923 255.1 349.522799876746 390 0
2005 11 12.7231812704125 1.87123602881681 163.1 119.42133770356 390 0
2005 12 4.14736583406399 -4.58919461445973 125 111.185874548855 390 0
2006 1 6.42374230552743 -2.54399979796535 143.5 144.695025261645 390 0
2006 2 4.09366774575892 -5.1545946667947 209.8 66.5797857737678 390 0
2006 3 7.87577231187742 -2.30756909530073 301.6 16.5845150244314 390 0
2006 4 15.3564885573277 3.75232776539397 391.2 97.1002270309827 390 0
2006 5 18.7831318910487 9.10329110096415 461.6 199.199036857173 390 0
2006 6 23.7882843250529 15.3330751344896 512.7 252.720752337191 390 0
2006 7 28.2700167834115 18.909357857557 503.7 75.5465173617239 390 0
2006 8 26.5961327744051 16.4108892486694 439.3 118.164743935051 390 0
2006 9 22.0555490331314 11.9115855992444 346.6 71.7770629847861 390 0
2006 10 16.6516366678446 5.86554794123839 255.1 150.777155999362 390 0
2006 11 13.1360076358361 4.31883779743235 163.1 159.346135157366 390 0
2006 12 8.97667347298925 -0.267679020820749 125 57.1106761999664 390 0
2007 1 4.86004014637474 -3.79844132132202 143.5 88.0081007565382 390 0
2007 2 0.565627556611468 -8.13115059500514 209.8 54.7604691478934 390 0
2007 3 7.88331558593608 -3.00424090441518 301.6 147.877064181803 390 0
2007 4 11.9028982405466 2.48397232435673 391.2 216.429891506611 390 0
2007 5 21.3460854736778 8.87797502666147 461.6 61.8777835509457 390 0
2007 6 24.5546451185628 14.0976745526188 512.7 78.0619549303456 390 0
2007 7 27.1248194597688 17.0274298803783 503.7 101.685820595896 390 0
2007 8 27.0847955300383 16.4899192757491 439.3 43.4721040577025 390 0
2007 9 24.4807088053086 13.0176673942551 346.6 48.70419585125 390 0
2007 10 19.6482155212918 9.78963120983629 255.1 83.1173323304169 390 0
2007 11 10.3364792653763 0.288334678629499 163.1 89.3128376082189 390 0
2007 12 3.82399457875148 -4.19927939774838 125 132.7758348635 390 0
2008 1 4.38892577724834 -4.91327518467182 143.5 72.7913857905104 390 0
2008 2 4.6004967505029 -4.81213980747328 209.8 187.331400940316 390 0
2008 3 7.81530153336665 -1.98320244696036 301.6 137.160501068617 390 0
2008 4 15.4704942866435 3.69470374432995 391.2 102.978329279008 390 0
2008 5 18.3907542401111 7.39055401987131 461.6 63.3000232226022 390 0
2008 6 25.6591219383618 15.1601327823008 512.7 88.7371369331768 390 0
2008 7 28.2916686096445 18.5407240702441 503.7 129.882529818261 390 0
2008 8 25.6877879759279 15.2543208842197 439.3 91.2708588556903 390 0
2008 9 22.8089226331228 13.2184107375058 346.6 222.907446987081 390 0
2008 10 16.2396911668797 5.40372480976875 255.1 67.5213397995144 390 0
2008 11 10.1648102834105 1.02410642269028 163.1 100.317041440872 390 0
2008 12 6.30493907508314 -3.34468093499009 125 188.448832527796 390 0
2009 1 -0.216187894859199 -9.7167233426879 143.5 97.6637913408624 390 0
2009 2 4.66557064257577 -5.52181383650891 209.8 45.5459775808865 390 0
2009 3 7.6410500691996 -2.07566677837649 301.6 77.0444090308443 390 0
2009 4 15.1624069011547 4.21992954727177 391.2 119.76933042514 390 0
2009 5 19.2699826337677 9.33029484319726 461.6 87.4425995743361 390 0
2009 6 21.6847634126821 13.3490201223473 512.7 139.288370496219 390 0
2009 7 25.4186822698065 16.0030726527852 503.7 194.391072173646 390 0
2009 8 27.3125404547549 18.088998225798 439.3 114.923647474192 390 0
2009 9 22.0573141390035 11.3861434443462 346.6 67.3104155410174 390 0
2009 10 15.0503244591302 5.67315647987605 255.1 167.052550620529 390 0
2009 11 12.9738371528104 4.58225034012531 163.1 80.3432313832031 390 0
2009 12 4.53085547435544 -4.3382095933855 125 148.972855025822 390 0
2010 1 2.17060108734868 -6.2707869937719 143.5 89.4082244622112 390 0
2010 2 2.94473875947977 -4.16310958409067 209.8 123.52365406275 390 0
2010 3 10.8388216730294 1.5264574475438 301.6 339.421081951167 390 0
2010 4 16.7536370559974 5.31683838977939 391.2 48.6646891043278 390 0
2010 5 22.0884999099841 10.0912980267646 461.6 69.6391726756668 390 0
2010 6 25.8180405354594 15.5655257313918 512.7 79.7192629457846 390 0
2010 7 29.7176567631898 18.9010253273497 503.7 84.0830888737521 390 0
2010 8 27.1283155586567 16.8719017023892 439.3 100.792153365247 390 0
2010 9 24.472605665231 14.1177300557045 346.6 71.3104266469887 390 0
2010 10 17.3047721282616 7.48521533098651 255.1 132.964064416013 390 0
2010 11 11.0495137730654 1.69750991153325 163.1 96.1485846025379 390 0
2010 12 3.13595021624407 -4.8383933884316 125 111.797935072067 390 0
2011 1 1.20572280475809 -8.45781617027979 143.5 106.839310588779 390 0
2011 2 3.68144091626116 -7.50701863821774 209.8 103.951557232534 390 0
2011 3 8.15770931477373 -1.59515684407187 301.6 97.6641585553114 390 0
2011 4 14.1482437688656 4.71801724887268 391.2 149.100897174 390 0
2011 5 19.6056194225447 10.2735587394764 461.6 96.3296042316289 390 0
2011 6 24.2956142434739 14.2380490516205 512.7 132.721365047464 390 0
2011 7 28.7990811933743 18.1912028991304 503.7 68.1267468410092 390 0
2011 8 26.8885119348282 17.3562371693809 439.3 224.799460929309 390 0
2011 9 23.89661934944 14.8007275835183 346.6 167.670570322878 390 0
2011 10 17.6728198649487 8.22912446813563 255.1 187.791968651611 390 0
2011 11 13.8480502543141 3.23365055092703 163.1 100.576307008159 390 0
2011 12 8.6099251698911 -1.35916465292099 125 106.009858798224 390 0
2012 1 5.38392299964809 -4.04451599777169 143.5 86.0022081755775 390 0
2012 2 7.3333089061813 -2.90967923053042 209.8 28.8019728250663 390 0
2012 3 12.5847752160011 2.19252308300728 301.6 44.7029006379277 390 0
2012 4 15.9490325233579 4.43816212419787 391.2 77.5494894360423 390 0
2012 5 20.3740339172603 11.1971112400487 461.6 117.794311489713 390 0
2012 6 23.8994505473447 13.7907181704527 512.7 105.028817550351 390 0
2012 7 28.9408568772053 18.1787262549475 503.7 82.3437067627445 390 0
2012 8 27.7648216194641 17.6683130464368 439.3 115.416613530852 390 0
2012 9 23.1166113654995 12.7970697751232 346.6 118.118401942198 390 0
2012 10 17.6712432066964 8.4703076139637 255.1 110.77451730949 390 0
2012 11 9.69759727029934 0.715589909391622 163.1 38.6765525935933 390 0
2012 12 7.22576787546255 -0.807290019118971 125 150.176675931661 390 0
2013 1 3.45581478534967 -5.46127315035209 143.5 42.6028692366507 390 0
2013 2 3.27583851600195 -4.86020109608403 209.8 135.578190411302 390 0
2013 3 6.83908091134325 -1.20930776714306 301.6 90.3341840812055 390 0
2013 4 14.2083501641652 3.25152497868552 391.2 52.5768564187618 390 0
2013 5 20.3973244637479 8.56073109803468 461.6 102.818538476641 390 0
2013 6 25.1642828722062 14.9013739387408 512.7 262.019105934121 390 0
2013 7 28.8155019489153 20.4107573689701 503.7 87.0389475733997 390 0
2013 8 25.9948467305891 15.6037182630602 439.3 77.7460966364521 390 0
2013 9 22.7953820252963 11.7317875663618 346.6 68.0192802193233 390 0
2013 10 18.1551178692188 6.82503987997427 255.1 25.8311178554975 390 0
2013 11 10.8363957106124 0.316198859276481 163.1 106.190577862926 390 0
2013 12 5.00072024490278 -3.74014074732837 125 112.566417855755 390 0
2014 1 -0.7127892 -11.367243 143.5 110.723692 399 0
2014 2 2.4153898 -8.42034 209.8 121.383687525 399.92 0
2014 3 8.065582 -1.7863622 301.6 105.667933 400.9 0
2014 4 14.581855 3.9284866 391.2 166.616508 402.36 0
2014 5 19.997936 8.670949 461.6 130.9597573 402.9 0
2014 6 24.326897 14.184419 512.7 128.703975 402.35 0
2014 7 28.749743 17.951998 503.7 140.453312 400.83 0
2014 8 28.408224 16.921568 439.3 69.8274876 398.24 0
2014 9 22.976112 12.145285 346.6 108.23961 397.24 0
2014 10 18.102081 6.005656 255.1 146.536876 397.1 0
2014 11 9.841432 0.13629635 163.1 190.33668 398.53 0
2014 12 5.2793055 -2.358989 125 86.997501 399.74 0
2015 1 1.9768316 -6.731685 143.5 115.8191217 401.63 0
2015 2 7.6042066 -2.0045366 209.8 104.118349725 402.55 0
2015 3 9.748745 -0.40281397 301.6 225.956241 403.53 0
2015 4 13.620174 2.9091692 391.2 191.335788 404.99 0
2015 5 23.03459 11.02761 461.6 91.7446643 405.53 0
2015 6 26.926851 14.159022 512.7 40.160244 404.98 0
2015 7 29.053072 17.958303 503.7 146.842691 403.46 0
2015 8 27.890547 17.911058 439.3 165.3397524 400.87 0
2015 9 23.866627 12.94662 346.6 114.516135 399.87 0
2015 10 18.2235 6.2569804 255.1 128.251712 399.73 0
2015 11 12.744115 2.51036 163.1 82.105071 401.16 0
2015 12 3.5772388 -7.2057877 125 186.9680246 402.37 0
2016 1 2.104921 -7.262027 143.5 203.025107 404.33 0
2016 2 1.9562484 -7.822908 209.8 109.36856985 405.25 0
2016 3 10.148146 0.62896883 301.6 94.3632126 406.23 0
2016 4 13.146217 2.1479132 391.2 167.768811 407.69 0
2016 5 19.748114 8.654188 461.6 90.9406452 408.23 0
2016 6 27.199064 15.283999 512.7 105.54756 407.68 0
2016 7 29.202253 17.536684 503.7 79.4295113 406.16 0
2016 8 29.56868 17.365976 439.3 36.8167067 403.57 0
2016 9 24.227243 12.515652 346.6 72.121812 402.57 0
2016 10 16.89814 5.8300996 255.1 115.0474573 402.43 0
2016 11 11.186272 1.9638358 163.1 187.39575 403.86 0
2016 12 9.849683 0.51165223 125 109.108747 405.07 0
2017 1 6.5060434 -2.4831953 143.5 66.5356193 407.1 0
2017 2 4.411185 -5.527357 209.8 92.9063513 408.02 0
2017 3 11.148903 0.48199752 301.6 96.5729608 409 0
2017 4 16.388512 5.0799966 391.2 87.494181 410.46 0
2017 5 20.960484 8.374426 461.6 129.786894 411 0
2017 6 26.461246 14.034962 512.7 55.110912 410.45 0
2017 7 28.434208 16.718174 503.7 162.512571 408.93 0
2017 8 27.165352 16.584986 439.3 152.3964557 406.34 0
2017 9 23.468273 12.736103 346.6 66.739941 405.34 0
2017 10 17.01731 4.907644 255.1 91.2697133 405.2 0
2017 11 12.508805 2.7394493 163.1 109.846086 406.63 0
2017 12 4.9875097 -3.4103334 125 170.4721496 407.84 0
2018 1 1.7468505 -8.568359 143.5 90.0706023 409.93 0
2018 2 8.300359 -1.252275 209.8 36.576340025 410.85 0
2018 3 9.90827 -0.4973257 301.6 72.011388 411.83 0
2018 4 13.36492 2.2842772 391.2 102.802134 413.29 0
2018 5 18.054792 6.6390142 461.6 123.2810728 413.83 0
2018 6 25.468578 13.778534 512.7 225.893541 413.28 0
2018 7 28.727953 17.718475 503.7 128.3498704 411.76 0
2018 8 28.482048 17.7789 439.3 115.6176806 409.17 0
2018 9 22.85763 11.735324 346.6 89.969343 408.17 0
2018 10 18.937431 6.8364625 255.1 69.7691053 408.03 0
2018 11 13.33843 2.409686 163.1 130.60884 409.46 0
2018 12 5.559854 -2.4244828 125 95.9584013 410.67 0
2019 1 0.63927853 -8.481051 143.5 66.0421024 412.82 0
2019 2 8.02203 -1.520729 209.8 109.711793225 413.74 0
2019 3 12.251601 2.2167444 301.6 95.452317 414.72 0
2019 4 15.783727 2.956666 391.2 114.867582 416.18 0
2019 5 21.727394 9.108845 461.6 185.1138216 416.72 0
2019 6 25.968342 14.377981 512.7 129.25869 416.17 0
2019 7 28.01564 17.61683 503.7 171.0202947 414.65 0
2019 8 27.456057 16.902046 439.3 263.214304 412.06 0
2019 9 23.890516 13.7009115 346.6 62.375865 411.06 0
2019 10 21.773237 10.458446 255.1 65.2419707 410.92 0
2019 11 14.631621 4.01835 163.1 103.06032 412.35 0
2019 12 7.3257504 -2.084074 125 177.866065 413.56 0
2020 1 0.9715523 -8.209823 143.5 33.2653963 415.78 0
2020 2 2.8788903 -7.693923 209.8 108.5489526 416.7 0
2020 3 9.559744 -0.5518775 301.6 224.2603767 417.68 0
2020 4 15.036128 3.0598388 391.2 96.21987 419.14 0
2020 5 22.594677 9.296133 461.6 78.058527 419.68 0
2020 6 26.682909 14.944775 512.7 182.73126 419.13 0
2020 7 27.160234 18.16115 503.7 170.170191 417.61 0
2020 8 29.377934 17.57676 439.3 29.90117245 415.02 0
2020 9 24.294512 12.868281 346.6 98.42931 414.02 0
2020 10 19.835762 5.799586 255.1 15.6682525 413.88 0
2020 11 13.12842 3.6317208 163.1 146.3913 415.31 0
2020 12 8.946712 0.055936877 125 73.2502627 416.52 0
2021 1 3.5012898 -4.625868 143.5 81.372365 418.8 0
2021 2 5.8387184 -2.2061918 209.8 132.6355015 419.72 0
2021 3 10.106259 0.3486296 301.6 95.7315185 420.7 0
2021 4 17.127348 4.6585703 391.2 88.65024 422.16 0
2021 5 23.242792 10.88948 461.6 60.1027318 422.7 0
2021 6 27.047924 16.01546 512.7 80.942931 422.15 0
2021 7 29.5618 17.781532 503.7 69.4392994 420.63 0
2021 8 27.34444 17.388756 439.3 232.554126 418.04 0
2021 9 21.930092 11.315288 346.6 78.389634 417.04 0
2021 10 19.001894 8.010696 255.1 81.4478965 416.9 0
2021 11 14.625881 3.056273 163.1 173.367705 418.33 0
2021 12 9.540785 -0.602965 125 123.118112 419.54 0
2022 1 3.479122 -5.975665 143.5 121.0394938 421.86 0
2022 2 5.6754155 -4.788566 209.8 74.6659252 422.78 0
2022 3 11.404937 1.8752166 301.6 111.834732 423.76 0
2022 4 17.459372 5.456064 391.2 35.086524 425.22 0
2022 5 23.48642 10.014939 461.6 56.7342625 425.76 0
2022 6 27.262325 15.144207 512.7 128.701185 425.21 0
2022 7 30.92721 17.671623 503.7 42.1762533 423.69 0
2022 8 28.32482 17.390518 439.3 110.4991404 421.1 0
2022 9 24.350931 12.907981 346.6 91.353456 420.1 0
2022 10 18.66757 6.0820107 255.1 102.0804115 419.96 0
2022 11 12.546157 2.1077783 163.1 129.63147 421.39 0
2022 12 5.4015055 -1.4357446 125 212.204858 422.6 0
2023 1 5.0082226 -4.5950627 143.5 151.20932 424.99 0
2023 2 5.809433 -5.183026 209.8 45.225908075 425.91 0
2023 3 9.085229 -0.9854458 301.6 95.902313 426.89 0
2023 4 17.347555 5.909798 391.2 95.679117 428.35 0
2023 5 23.058004 11.298152 461.6 169.43205 428.89 0
2023 6 27.629114 15.11173 512.7 60.380316 428.34 0
2023 7 28.886091 17.775171 503.7 154.3662546 426.82 0
2023 8 28.103823 17.448526 439.3 88.938628 424.23 0
2023 9 25.658255 13.2471075 346.6 38.515566 423.23 0
2023 10 20.324816 9.078236 255.1 32.3587858 423.09 0
2023 11 14.242667 4.334719 163.1 123.839292 424.52 0
2023 12 5.3852315 -3.259996 125 59.4592214 425.73 0
2024 1 2.571741 -7.086095 143.5 64.674649 428.2 0
2024 2 6.439407 -2.9613085 209.8 80.474274925 429.12 0
2024 3 10.39583 0.56587243 301.6 193.2737687 430.1 0
2024 4 15.491866 4.5341015 391.2 110.44569 431.56 0
2024 5 19.902418 10.088321 461.6 120.8419463 432.1 0
2024 6 27.589312 15.211947 512.7 128.132028 431.55 0
2024 7 29.991728 19.450508 503.7 128.4006174 430.03 0
2024 8 30.330114 19.484324 439.3 47.6985468 427.44 0
2024 9 24.73897 13.003017 346.6 96.449562 426.44 0
2024 10 20.544752 8.147644 255.1 86.9278843 426.3 0
2024 11 13.886296 3.2217999 163.1 149.3931 427.73 0
2024 12 11.007367 1.6564242 125 38.3101937 428.94 0
2025 1 7.3016872 -1.4935205 143.5 61.1243306 431.47 0
2025 2 5.678936 -4.5207973 209.8 125.25561275 432.39 0
2025 3 10.938752 1.3834649 301.6 112.661967 433.37 0
2025 4 14.234718 3.0998554 391.2 286.91847 434.83 0
2025 5 22.12672 9.98857 461.6 60.9068315 435.37 0
2025 6 25.261684 12.780516 512.7 37.22433 434.82 0
2025 7 27.289145 15.929664 503.7 96.8636416 433.3 0
2025 8 28.812817 17.306732 439.3 147.6654775 430.71 0
2025 9 23.371569 13.612819 346.6 146.11935 429.71 0
2025 10 18.873463 6.454602 255.1 129.8238367 429.57 0
2025 11 12.021101 2.3469284 163.1 65.736567 431 0
2025 12 5.7910566 -3.2428296 125 148.3472047 432.21 0
2026 1 3.7317939 -6.031627 143.5 207.7969184 434.83 0
2026 2 5.1401978 -4.631795 209.8 71.53071195 435.75 0
2026 3 9.735309 0.075135514 301.6 142.747839 436.73 0
2026 4 16.533495 5.3155394 391.2 108.39213 438.19 0
2026 5 21.947256 10.73202 461.6 105.9979559 438.73 0
2026 6 26.34749 17.332619 512.7 212.757939 438.18 0
2026 7 28.329222 17.54317 503.7 51.5525598 436.66 0
2026 8 28.563272 19.568434 439.3 183.849716 434.07 0
2026 9 23.99088 13.660308 346.6 163.165899 433.07 0
2026 10 19.752209 8.395609 255.1 135.877526 432.93 0
2026 11 14.814209 3.7704213 163.1 82.54683 434.36 0
2026 12 8.399662 -0.9047053 125 124.836628 435.57 0
2027 1 1.9880408 -7.3996596 143.5 110.345244 438.24 0
2027 2 8.7709675 -1.3039143 209.8 76.6984449 439.16 0
2027 3 11.421715 0.48923007 301.6 55.9672822 440.14 0
2027 4 16.592127 3.9690726 391.2 176.773239 441.6 0
2027 5 21.686625 9.507457 461.6 129.390156 442.14 0
2027 6 26.54033 14.795221 512.7 88.79556 441.59 0
2027 7 29.455944 19.127361 503.7 139.002915 440.07 0
2027 8 30.091614 18.625595 439.3 49.2015322 437.48 0
2027 9 27.5436 15.4968815 346.6 74.897481 436.48 0
2027 10 19.613543 7.717592 255.1 101.3056316 436.34 0
2027 11 13.602246 3.7513802 163.1 130.172511 437.77 0
2027 12 10.134182 0.36081722 125 110.673751 438.98 0
2028 1 6.746069 -2.275014 143.5 160.3113044 441.72 0
2028 2 5.1335993 -4.69895 209.8 125.843927475 442.64 0
2028 3 8.9077 -1.2929515 301.6 139.847851 443.62 0
2028 4 16.885365 5.484416 391.2 74.313348 445.08 0
2028 5 22.172684 9.62628 461.6 45.312359 445.62 0
2028 6 28.029203 15.666704 512.7 47.673555 445.07 0
2028 7 28.53981 17.486942 503.7 154.0132886 443.55 0
2028 8 28.708128 17.8472 439.3 98.874841 440.96 0
2028 9 25.30148 13.815991 346.6 53.246205 439.96 0
2028 10 18.018652 6.7038136 255.1 102.9319784 439.82 0
2028 11 12.352115 2.7163126 163.1 176.905431 441.25 0
2028 12 6.30084 -2.9941826 125 205.1704465 442.46 0
2029 1 -1.021134 -12.245996 143.5 220.7948805 445.25 0
2029 2 1.0134805 -9.879278 209.8 76.771409 446.17 0
2029 3 9.8246565 0.5806714 301.6 108.3401113 447.15 0
2029 4 16.900787 6.0777097 391.2 114.64779 448.61 0
2029 5 20.502026 11.01843 461.6 210.5566655 449.15 0
2029 6 27.523348 15.113019 512.7 72.105645 448.6 0
2029 7 29.478098 18.939913 503.7 143.1058363 447.08 0
2029 8 28.155457 17.7487 439.3 166.1860958 444.49 0
2029 9 26.814766 15.554138 346.6 62.456538 443.49 0
2029 10 22.622858 13.210173 255.1 170.0784775 443.35 0
2029 11 11.90983 1.9401395 163.1 207.97032 444.78 0
2029 12 5.9449 -1.6795925 125 111.9244832 445.99 0
2030 1 1.1132717 -7.7502613 143.5 121.248595 448.83 0
2030 2 3.8201802 -5.84435 209.8 162.424716875 449.75 0
2030 3 8.445237 -1.1125653 301.6 143.1702264 450.73 0
2030 4 14.580104 3.6798935 391.2 58.835676 452.19 0
2030 5 23.655102 10.780418 461.6 65.8435598 452.73 0
2030 6 27.487202 15.555149 512.7 78.164913 452.18 0
2030 7 32.397182 19.694344 503.7 37.4989547 450.66 0
2030 8 28.185383 16.86941 439.3 99.2307768 448.07 0
2030 9 26.595356 14.616027 346.6 65.500344 447.07 0
2030 10 18.978218 7.0874104 255.1 117.6543434 446.93 0
2030 11 14.486313 3.4755163 163.1 155.1393 448.36 0
2030 12 5.156407 -2.2467048 125 83.8743688 449.57 0
2031 1 3.7723522 -6.048119 143.5 86.7341002 452.47 0
2031 2 6.62969 -3.2328866 209.8 74.371478275 453.39 0
2031 3 11.77331 2.028175 301.6 112.3332275 454.37 0
2031 4 14.355197 3.0249045 391.2 116.1288 455.83 0
2031 5 21.024582 8.725519 461.6 66.5652057 456.37 0
2031 6 27.36006 14.727743 512.7 43.615488 455.82 0
2031 7 29.428394 18.44236 503.7 146.5491427 454.3 0
2031 8 27.907679 17.00342 439.3 87.4352396 451.71 0
2031 9 25.399546 14.725928 346.6 182.95569 450.71 0
2031 10 18.398226 6.918832 255.1 45.093499 450.57 0
2031 11 13.220348 3.2276628 163.1 109.652208 452 0
2031 12 7.730373 -0.9668778 125 91.6145015 453.21 0
2032 1 -0.12174202 -11.360874 143.5 41.5060519 456.18 0
2032 2 4.9221096 -4.947403 209.8 128.4179008 457.1 0
2032 3 8.925825 -0.5290701 301.6 105.3243042 458.08 0
2032 4 16.01678 4.3922925 391.2 77.881881 459.54 0
2032 5 23.302011 10.789173 461.6 132.218782 460.08 0
2032 6 26.324814 15.088578 512.7 68.09565 459.53 0
2032 7 28.819073 18.82351 503.7 155.7294145 458.01 0
2032 8 29.336819 19.467663 439.3 230.166816 455.42 0
2032 9 24.302486 12.088963 346.6 29.435622 454.42 0
2032 10 18.809265 7.1761637 255.1 49.9765787 454.28 0
2032 11 10.324183 0.8996939 163.1 209.33946 455.71 0
2032 12 5.4772105 -2.9682002 125 165.1940183 456.92 0
2033 1 -0.657373 -11.822648 143.5 125.914064 459.96 0
2033 2 4.251884 -4.588056 209.8 90.268566875 460.88 0
2033 3 7.3322635 -2.2689176 301.6 73.1315327 461.86 0
2033 4 14.510346 3.741711 391.2 144.64605 463.32 0
2033 5 21.256613 11.1908455 461.6 112.2158491 463.86 0
2033 6 26.272734 14.110762 512.7 72.21564 463.31 0
2033 7 28.158882 16.356491 503.7 77.2695553 461.79 0
2033 8 28.93137 16.448553 439.3 46.31865 459.2 0
2033 9 24.5839 13.422364 346.6 128.2293 458.2 0
2033 10 19.356476 7.5457363 255.1 91.511473 458.06 0
2033 11 12.708437 2.6702678 163.1 191.492142 459.49 0
2033 12 5.1587873 -3.4880848 125 172.9664716 460.7 0
2034 1 3.4198692 -5.8474727 143.5 134.942845 463.85 0
2034 2 5.4628105 -4.143424 209.8 177.08498375 464.77 0
2034 3 9.830926 0.09311998 301.6 224.00476 465.75 0
2034 4 15.093347 4.182736 391.2 122.413431 467.21 0
2034 5 21.50844 10.954888 461.6 139.767065 467.75 0
2034 6 27.982477 15.478008 512.7 46.300635 467.2 0
2034 7 29.828152 18.855263 503.7 118.5422237 465.68 0
2034 8 27.558702 17.468153 439.3 322.508531 463.09 0
2034 9 23.547327 13.047409 346.6 91.637778 462.09 0
2034 10 20.700521 9.363643 255.1 126.049131 461.95 0
2034 11 14.225827 4.765067 163.1 183.569571 463.38 0
2034 12 8.172384 -0.7061553 125 69.7275095 464.59 0
2035 1 7.1301813 -1.0166069 143.5 74.395784 467.85 0
2035 2 9.721144 -0.013337052 209.8 78.541748925 468.77 0
2035 3 10.98179 1.4618493 301.6 109.5779599 469.75 0
2035 4 15.207705 3.651281 391.2 136.47195 471.21 0
2035 5 23.984911 9.961814 461.6 31.5784879 471.75 0
2035 6 28.706127 16.481901 512.7 67.441284 471.2 0
2035 7 34.878204 20.471584 503.7 31.0735444 469.68 0
2035 8 30.452868 17.791695 439.3 79.4601176 467.09 0
2035 9 28.376278 15.2497 346.6 132.30513 466.09 0
2035 10 18.359053 6.0812936 255.1 59.09654 465.95 0
2035 11 12.467223 2.9603477 163.1 212.37309 467.38 0
2035 12 10.548376 0.61658853 125 184.08947 468.59 0
2036 1 2.6005757 -7.2808247 143.5 150.0352167 471.96 0
2036 2 4.4719715 -4.367655 209.8 105.327172875 472.88 0
2036 3 7.3270454 -2.2977867 301.6 121.4241046 473.86 0
2036 4 16.502052 4.730707 391.2 88.231824 475.32 0
2036 5 22.172268 10.881598 461.6 144.2243845 475.86 0
2036 6 26.011866 15.171314 512.7 155.340501 475.31 0
2036 7 28.86526 17.502998 503.7 104.9368104 473.79 0
2036 8 28.855295 17.845621 439.3 55.240078 471.2 0
2036 9 24.186478 14.36317 346.6 232.168665 470.2 0
2036 10 21.197155 11.468961 255.1 247.127133 470.06 0
2036 11 12.654396 2.6095011 163.1 144.43611 471.49 0
2036 12 10.253544 0.4856756 125 112.3998031 472.7 0
2037 1 5.572042 -4.0566688 143.5 50.6211245 476.18 0
2037 2 7.162324 -2.1803021 209.8 140.97312175 477.1 0
2037 3 10.074363 -0.3298037 301.6 93.8520753 478.08 0
2037 4 17.26378 5.4265633 391.2 49.190874 479.54 0
2037 5 22.473026 11.5427685 461.6 206.6487466 480.08 0
2037 6 27.900898 15.22162 512.7 42.969543 479.53 0
2037 7 30.829342 20.38373 503.7 110.6039824 478.01 0
2037 8 30.784903 18.566753 439.3 89.0991615 475.42 0
2037 9 25.971199 15.301023 346.6 147.98241 474.42 0
2037 10 18.73436 7.208637 255.1 71.2287868 474.28 0
2037 11 11.576061 2.6526701 163.1 167.6946 475.71 0
2037 12 5.485649 -3.8455408 125 139.101123 476.92 0
2038 1 3.5683825 -5.68163 143.5 202.2854377 480.51 0
2038 2 6.3881497 -2.510489 209.8 27.06874885 481.43 0
2038 3 10.157583 0.4941513 301.6 202.571484 482.41 0
2038 4 16.928738 5.9005957 391.2 106.982397 483.87 0
2038 5 22.104095 10.444643 461.6 121.9081324 484.41 0
2038 6 26.886124 15.182322 512.7 51.864189 483.86 0
2038 7 31.439804 19.604088 503.7 79.0352254 482.34 0
2038 8 28.419088 17.8715 439.3 126.333928 479.75 0
2038 9 24.175756 13.942724 346.6 213.483495 478.75 0
2038 10 21.437044 9.950279 255.1 98.8186628 478.61 0
2038 11 13.27854 3.835618 163.1 137.255889 480.04 0
2038 12 6.245767 -2.0203016 125 154.650971 481.25 0
2039 1 0.59416467 -9.03931 143.5 76.9194227 484.93 0
2039 2 10.95417 1.41712 209.8 108.5410991 485.85 0
2039 3 10.5762615 -0.08596756 301.6 237.8826416 486.83 0
2039 4 18.542427 6.7183456 391.2 64.007436 488.29 0
2039 5 21.282358 9.18527 461.6 62.0023064 488.83 0
2039 6 27.468487 16.366768 512.7 111.346971 488.28 0
2039 7 30.430832 18.264685 503.7 86.3352108 486.76 0
2039 8 29.765654 19.219143 439.3 155.988745 484.17 0
2039 9 26.613544 15.287113 346.6 63.72738 483.17 0
2039 10 19.529633 8.013137 255.1 148.080025 483.03 0
2039 11 12.606791 2.5691292 163.1 93.439215 484.46 0
2039 12 4.741947 -6.6043644 125 121.8511761 485.67 0
2040 1 5.246667 -4.1956053 143.5 92.3540282 489.44 0
2040 2 8.957273 -1.4365853 209.8 69.383483125 490.36 0
2040 3 11.771415 0.7390691 301.6 70.5627177 491.34 0
2040 4 15.478165 5.004059 391.2 157.772898 492.8 0
2040 5 23.507092 9.419014 461.6 62.3828965 493.34 0
2040 6 28.030886 15.019461 512.7 45.602157 492.79 0
2040 7 29.729008 17.236603 503.7 70.5244327 491.27 0
2040 8 30.197157 17.998743 439.3 104.535348 488.68 0
2040 9 27.60063 15.927922 346.6 123.32808 487.68 0
2040 10 20.369001 9.007503 255.1 160.3385317 487.54 0
2040 11 13.240995 3.0224936 163.1 144.45582 488.97 0
2040 12 5.099312 -3.6509905 125 208.3559135 490.18 0
2041 1 2.221634 -6.218331 143.5 288.05882 494.03 0
2041 2 5.4213953 -4.1024375 209.8 95.9779286 494.95 0
2041 3 11.681636 2.1788533 301.6 221.876176 495.93 0
2041 4 15.065477 3.794341 391.2 101.2218 497.39 0
2041 5 20.337362 7.401829 461.6 51.6764885 497.93 0
2041 6 27.67722 15.170256 512.7 77.504454 497.38 0
2041 7 30.994192 19.54012 503.7 71.9910117 495.86 0
2041 8 28.868193 17.929588 439.3 160.102662 493.27 0
2041 9 23.810785 14.928819 346.6 185.68884 492.27 0
2041 10 18.256985 7.1184497 255.1 100.6586182 492.13 0
2041 11 13.517538 3.1632004 163.1 89.34735 493.56 0
2041 12 5.85299 -3.128784 125 132.22058 494.77 0
2042 1 1.8593963 -8.598611 143.5 133.470159 498.73 0
2042 2 8.357591 -0.97651875 209.8 101.6476358 499.65 0
2042 3 8.592944 -1.5097734 301.6 148.3188087 500.63 0
2042 4 18.839664 6.7191944 391.2 48.019617 502.09 0
2042 5 22.618298 10.492658 461.6 103.7001088 502.63 0
2042 6 28.534056 15.814537 512.7 129.18834 502.08 0
2042 7 29.062237 19.1105 503.7 107.6486563 500.56 0
2042 8 29.393568 18.33481 439.3 90.973282 497.97 0
2042 9 25.161777 13.838159 346.6 48.368466 496.97 0
2042 10 21.95616 10.679513 255.1 96.185033 496.83 0
2042 11 12.813674 3.0832474 163.1 140.22234 498.26 0
2042 12 5.273286 -1.3341064 125 42.7279758 499.47 0
2043 1 8.015019 1.0197678 143.5 154.084322 503.53 0
2043 2 9.114733 -0.29648963 209.8 79.0508789 504.45 0
2043 3 11.174958 0.96320987 301.6 52.1388721 505.43 0
2043 4 15.215637 4.4557695 391.2 275.86098 506.89 0
2043 5 23.236227 10.728334 461.6 95.4172994 507.43 0
2043 6 28.746347 16.049139 512.7 48.383424 506.88 0
2043 7 30.559221 18.209515 503.7 102.0473314 505.36 0
2043 8 28.675 16.349781 439.3 51.3949651 502.77 0
2043 9 26.975323 14.217016 346.6 47.24616 501.77 0
2043 10 19.220839 7.5508766 255.1 123.5629713 501.63 0
2043 11 11.543972 2.2289236 163.1 218.032881 503.06 0
2043 12 7.059272 -1.3783227 125 38.0906858 504.27 0
2044 1 7.2717376 -2.9435227 143.5 79.666032 508.43 0
2044 2 8.972513 0.59037155 209.8 154.96739205 509.35 0
2044 3 9.087809 -1.4202003 301.6 87.9012626 510.33 0
2044 4 15.122298 4.2985377 391.2 165.462399 511.79 0
2044 5 23.744152 11.930407 461.6 132.491489 512.33 0
2044 6 27.948551 15.318861 512.7 44.17518 511.78 0
2044 7 31.17084 19.184988 503.7 128.5966118 510.26 0
2044 8 28.920792 17.529762 439.3 99.677648 507.67 0
2044 9 24.723211 13.58424 346.6 172.31571 506.67 0
2044 10 19.65058 7.9992514 255.1 110.7384015 506.53 0
2044 11 12.784582 2.4035652 163.1 88.228983 507.96 0
2044 12 11.037225 1.2945516 125 142.873637 509.17 0
2045 1 11.017675 1.7352266 143.5 178.6620024 513.46 0
2045 2 4.9286165 -6.27199 209.8 124.955739 514.38 0
2045 3 7.601932 -1.8396794 301.6 196.8295245 515.36 0
2045 4 15.209605 3.7565296 391.2 109.3116 516.82 0
2045 5 23.536783 11.226444 461.6 76.619259 517.36 0
2045 6 28.094057 15.640614 512.7 103.637724 516.81 0
2045 7 30.125845 18.774187 503.7 86.8728159 515.29 0
2045 8 28.968445 16.814007 439.3 108.5046717 512.7 0
2045 9 27.975573 15.651596 346.6 38.121285 511.7 0
2045 10 21.570065 7.7385216 255.1 21.4016343 511.56 0
2045 11 13.04579 2.633525 163.1 46.639095 512.99 0
2045 12 8.890107 1.0143887 125 53.0909069 514.2 0
2046 1 5.5469275 -4.0528655 143.5 131.418083 518.61 0
2046 2 10.709341 0.37247714 209.8 110.0250151 519.53 0
2046 3 12.289365 2.02408 301.6 94.618603 520.51 0
2046 4 18.203903 5.4907346 391.2 34.780779 521.97 0
2046 5 23.12612 10.305582 461.6 44.1845697 522.51 0
2046 6 28.224894 15.390402 512.7 46.325097 521.96 0
2046 7 30.4579 20.075056 503.7 235.955725 520.44 0
2046 8 28.741392 18.29832 439.3 107.1749236 517.85 0
2046 9 25.097822 13.528338 346.6 109.805181 516.85 0
2046 10 19.034237 7.3658547 255.1 51.1404644 516.71 0
2046 11 11.5542755 1.7106942 163.1 126.157092 518.14 0
2046 12 11.945017 3.0141819 125 224.160845 519.35 0
2047 1 8.557683 0.22881079 143.5 73.0090424 523.9 0
2047 2 9.449233 0.53030115 209.8 156.011125025 524.82 0
2047 3 11.646299 1.7401191 301.6 211.94142 525.8 0
2047 4 15.849216 5.09485 391.2 160.31373 527.26 0
2047 5 22.444517 10.242578 461.6 112.2484735 527.8 0
2047 6 28.103046 17.66695 512.7 189.783009 527.25 0
2047 7 29.844454 19.63405 503.7 152.940205 525.73 0
2047 8 30.469196 19.990646 439.3 195.5881946 523.14 0
2047 9 25.820375 15.730705 346.6 161.581851 522.14 0
2047 10 22.354185 10.362744 255.1 61.0112829 522 0
2047 11 14.142635 4.0085287 163.1 213.108615 523.43 0
2047 12 6.976175 -0.9566903 125 218.183301 524.64 0
2048 1 -0.5063229 -9.1779375 143.5 45.3822671 529.32 0
2048 2 6.031256 -3.8074036 209.8 92.791088475 530.24 0
2048 3 8.4282 -1.4658828 301.6 82.74117 531.22 0
2048 4 15.633267 5.11285 391.2 171.663765 532.68 0
2048 5 23.202854 11.218448 461.6 38.4548459 533.22 0
2048 6 27.163816 15.532237 512.7 53.854605 532.67 0
2048 7 30.03961 18.920069 503.7 102.6225922 531.15 0
2048 8 31.021688 20.384577 439.3 113.2772612 528.56 0
2048 9 25.35853 14.348504 346.6 136.69941 527.56 0
2048 10 20.106121 8.173469 255.1 89.397614 527.42 0
2048 11 13.432615 3.7102897 163.1 193.886961 528.85 0
2048 12 10.988466 1.2116059 125 70.3306362 530.06 0
2049 1 4.7159257 -3.9667578 143.5 147.718348 534.88 0
2049 2 7.5245657 -2.8929632 209.8 129.8909575 535.8 0
2049 3 9.8277645 -1.1315092 301.6 84.1193494 536.78 0
2049 4 16.710428 5.8961215 391.2 104.592261 538.24 0
2049 5 20.166231 8.137062 461.6 99.496143 538.78 0
2049 6 26.979366 15.403754 512.7 70.208988 538.23 0
2049 7 28.71711 17.845642 503.7 197.732787 536.71 0
2049 8 28.45895 18.386232 439.3 196.168186 534.12 0
2049 9 25.480766 14.718282 346.6 178.173795 533.12 0
2049 10 19.866447 9.428629 255.1 62.9423783 532.98 0
2049 11 15.101627 5.022239 163.1 125.30559 534.41 0
2049 12 12.01147 2.2412302 125 236.322951 535.62 0
2050 1 3.882838 -6.010658 143.5 106.7468012 540.54 0
2050 2 7.7395635 -1.7322116 209.8 92.387508975 541.46 0
2050 3 11.522914 1.3128489 301.6 139.175864 542.44 0
2050 4 17.858778 6.2620506 391.2 87.31059 543.9 0
2050 5 25.326302 12.603103 461.6 105.6459881 544.44 0
2050 6 28.235819 16.006336 512.7 149.05452 543.89 0
2050 7 30.94091 19.511421 503.7 145.43092 542.37 0
2050 8 30.852009 19.290781 439.3 227.1379796 539.78 0
2050 9 24.636673 13.104368 346.6 51.962868 538.78 0
2050 10 21.250874 10.626627 255.1 113.490287 538.64 0
2050 11 15.746472 5.21686 163.1 208.217682 540.07 0
2050 12 7.226501 -1.0238296 125 49.3506918 541.28 0
2051 1 3.8079777 -4.5684547 143.5 48.636768 546.32 0
2051 2 4.801185 -3.853954 209.8 110.31155485 547.24 0
2051 3 11.406023 1.6226516 301.6 165.036281 548.22 0
2051 4 15.324394 4.3014526 391.2 102.788316 549.68 0
2051 5 23.792603 12.500413 461.6 135.1979936 550.22 0
2051 6 26.128399 14.615237 512.7 140.261079 549.67 0
2051 7 29.405966 18.124926 503.7 170.723975 548.15 0
2051 8 28.164207 16.462818 439.3 95.6127017 545.56 0
2051 9 26.129787 15.406265 346.6 108.433614 544.56 0
2051 10 20.73732 8.244967 255.1 45.0584876 544.42 0
2051 11 14.96912 3.8366535 163.1 145.96062 545.85 0
2051 12 6.5696297 -4.842729 125 75.0323814 547.06 0
2052 1 7.179332 -3.4233022 143.5 43.393025 552.21 0
2052 2 6.00959 -4.1094813 209.8 128.6624215 553.13 0
2052 3 12.727391 2.285872 301.6 62.4307605 554.11 0
2052 4 14.737127 3.4186563 391.2 238.343925 555.57 0
2052 5 23.197144 11.264717 461.6 114.293714 556.11 0
2052 6 28.942783 16.489464 512.7 60.095379 555.56 0
2052 7 30.470932 19.606152 503.7 152.467672 554.04 0
2052 8 30.654654 20.285244 439.3 109.678186 551.45 0
2052 9 25.992569 14.877211 346.6 52.525641 550.45 0
2052 10 21.324898 8.734621 255.1 108.5697996 550.31 0
2052 11 15.390455 4.65555 163.1 153.660408 551.74 0
2052 12 6.2030034 -2.531533 125 35.014128 552.95 0
2053 1 4.299824 -5.47645 143.5 82.2435363 558.21 0
2053 2 11.182344 0.7598119 209.8 67.159829575 559.13 0
2053 3 11.111483 0.60904 301.6 123.9985957 560.11 0
2053 4 17.999514 5.460622 391.2 101.537241 561.57 0
2053 5 21.012537 10.2618685 461.6 142.14957 562.11 0
2053 6 27.994856 15.861981 512.7 87.278838 561.56 0
2053 7 30.436852 19.363075 503.7 75.040522 560.04 0
2053 8 30.093264 17.639944 439.3 69.3155815 557.45 0
2053 9 25.522205 15.292444 346.6 162.43848 556.45 0
2053 10 20.387148 8.587614 255.1 78.2989134 556.31 0
2053 11 12.970841 2.7689693 163.1 58.356438 557.74 0
2053 12 8.1939 -0.20189752 125 115.1967998 558.95 0
2054 1 8.872614 0.33810902 143.5 162.001226 564.31 0
2054 2 6.401529 -3.006579 209.8 152.1796425 565.23 0
2054 3 9.62945 -0.9547495 301.6 78.6973967 566.21 0
2054 4 16.343187 5.4253197 391.2 99.906801 567.67 0
2054 5 22.689955 10.408941 461.6 39.4727991 568.21 0
2054 6 29.41044 17.338955 512.7 130.37688 567.66 0
2054 7 30.39628 19.987549 503.7 172.2533476 566.14 0
2054 8 29.54024 18.51208 439.3 80.6587698 563.55 0
2054 9 25.12682 13.913294 346.6 112.698525 562.55 0
2054 10 21.20876 8.612171 255.1 61.2712861 562.41 0
2054 11 15.438924 4.47138 163.1 109.43607 563.84 0
2054 12 11.220569 1.8517766 125 112.4883112 565.05 0
2055 1 8.037357 0.27221227 143.5 128.4987975 570.52 0
2055 2 4.9695816 -3.4667265 209.8 56.029911525 571.44 0
2055 3 10.425801 -0.367387 301.6 68.9243305 572.42 0
2055 4 17.585804 6.1608467 391.2 92.27388 573.88 0
2055 5 25.765285 11.8077135 461.6 35.2466559 574.42 0
2055 6 29.435186 17.927074 512.7 110.344962 573.87 0
2055 7 33.83399 20.789663 503.7 89.386516 572.35 0
2055 8 32.578182 21.52104 439.3 60.0759075 569.76 0
2055 9 28.99637 15.450272 346.6 53.399739 568.76 0
2055 10 20.501799 9.281899 255.1 71.3492962 568.62 0
2055 11 15.919937 5.438679 163.1 109.939578 570.05 0
2055 12 9.894015 0.6480411 125 107.800826 571.26 0
2056 1 6.3383675 -2.865934 143.5 166.051717 576.84 0
2056 2 7.5722322 -1.896384 209.8 85.647906475 577.76 0
2056 3 10.37566 0.09437527 301.6 152.4426333 578.74 0
2056 4 16.73983 4.519797 391.2 60.279459 580.2 0
2056 5 24.238668 11.430025 461.6 78.2567162 580.74 0
2056 6 28.404474 15.48684 512.7 59.955006 580.19 0
2056 7 31.306725 20.746513 503.7 140.9900057 578.67 0
2056 8 30.491558 19.65069 439.3 209.1448573 576.08 0
2056 9 26.14628 15.829665 346.6 129.15165 575.08 0
2056 10 22.054495 9.343645 255.1 24.3745622 574.94 0
2056 11 14.885245 5.0591187 163.1 221.872374 576.37 0
2056 12 10.656867 0.5895811 125 110.4279365 577.58 0
2057 1 4.534626 -5.6462107 143.5 122.619229 583.3 0
2057 2 5.3708916 -3.8383713 209.8 150.698721 584.22 0
2057 3 8.69795 -1.694402 301.6 128.6225247 585.2 0
2057 4 17.494112 5.0578675 391.2 60.753702 586.66 0
2057 5 21.691895 10.402815 461.6 145.196529 587.2 0
2057 6 28.747671 16.488777 512.7 74.956986 586.65 0
2057 7 31.599548 21.690252 503.7 146.973573 585.13 0
2057 8 30.749874 19.206732 439.3 117.8149296 582.54 0
2057 9 26.156847 15.263484 346.6 154.387122 581.54 0
2057 10 19.661188 8.53883 255.1 158.546741 581.4 0
2057 11 15.104304 5.4275694 163.1 183.98418 582.83 0
2057 12 7.3717623 0.51747084 125 81.1686733 584.04 0
2058 1 7.032539 -0.6863416 143.5 165.063809 589.91 0
2058 2 12.239101 3.4478137 209.8 104.1935145 590.83 0
2058 3 10.197108 -0.25158748 301.6 63.1819959 591.81 0
2058 4 17.161106 5.166918 391.2 153.099132 593.27 0
2058 5 25.696882 13.636559 461.6 91.8753014 593.81 0
2058 6 29.052313 17.389202 512.7 214.626759 593.26 0
2058 7 30.72928 19.88066 503.7 37.7609016 591.74 0
2058 8 31.84748 20.811163 439.3 96.376334 589.15 0
2058 9 26.109734 15.046016 346.6 92.45754 588.15 0
2058 10 18.921307 6.1792417 255.1 67.8784866 588.01 0
2058 11 15.474822 4.739334 163.1 92.490936 589.44 0
2058 12 7.8546515 -0.30199507 125 76.1270224 590.65 0
2059 1 2.956776 -6.521962 143.5 31.0994914 596.65 0
2059 2 4.6441255 -6.18554 209.8 134.781973225 597.57 0
2059 3 10.200719 -0.40519148 301.6 75.2301707 598.55 0
2059 4 17.836237 7.4203916 391.2 233.563098 600.01 0
2059 5 21.43212 10.694902 461.6 215.21533 600.55 0
2059 6 28.386915 16.794117 512.7 142.53543 600 0
2059 7 31.932447 20.096027 503.7 148.905214 598.48 0
2059 8 30.124237 19.634905 439.3 205.539889 595.89 0
2059 9 25.522873 16.0147 346.6 185.13084 594.89 0
2059 10 18.288898 6.805639 255.1 96.1695547 594.75 0
2059 11 13.5656395 4.320364 163.1 152.992872 596.18 0
2059 12 10.293156 1.9509702 125 79.6982906 597.39 0
2060 1 6.0676036 -2.8707733 143.5 79.7423044 603.52 0
2060 2 8.118429 -1.2112614 209.8 155.960489725 604.44 0
2060 3 12.345749 2.133743 301.6 142.358541 605.42 0
2060 4 18.191463 5.789943 391.2 69.99162 606.88 0
2060 5 24.208195 11.946354 461.6 97.882159 607.42 0
2060 6 28.8732 17.075994 512.7 158.58216 606.87 0
2060 7 34.360718 20.547457 503.7 25.9388377 605.35 0
2060 8 31.73919 20.222672 439.3 201.075083 602.76 0
2060 9 26.840326 16.471987 346.6 139.135752 601.76 0
2060 10 21.486996 8.626579 255.1 72.3998335 601.62 0
2060 11 11.216088 1.8990483 163.1 120.321435 603.05 0
2060 12 6.697324 -0.8274826 125 148.9004803 604.26 0
2061 1 4.770614 -4.802745 143.5 116.5814551 610.52 0
2061 2 3.9526687 -6.9974704 209.8 67.17877685 611.44 0
2061 3 8.083988 -1.253596 301.6 211.107396 612.42 0
2061 4 15.717611 4.3445444 391.2 114.377781 613.88 0
2061 5 21.072788 10.154907 461.6 83.511582 614.42 0
2061 6 27.796679 16.36918 512.7 59.535069 613.87 0
2061 7 31.371782 19.545465 503.7 141.9110994 612.35 0
2061 8 30.761824 19.917727 439.3 260.82129 609.76 0
2061 9 25.587788 14.534623 346.6 136.034589 608.76 0
2061 10 20.188684 9.185569 255.1 222.8079926 608.62 0
2061 11 12.322087 2.5257277 163.1 133.521279 610.05 0
2061 12 6.89702 -1.122143 125 126.3405744 611.26 0
2062 1 7.007377 -1.9095118 143.5 148.5364597 617.61 0
2062 2 6.1313696 -4.138082 209.8 98.1089165 618.53 0
2062 3 8.961984 -1.8738554 301.6 158.9529464 619.51 0
2062 4 16.269009 6.7666373 391.2 280.73649 620.97 0
2062 5 24.504475 12.317698 461.6 75.2862187 621.51 0
2062 6 29.407202 16.961468 512.7 109.692813 620.96 0
2062 7 31.046488 19.20455 503.7 125.3546783 619.44 0
2062 8 30.52893 19.812954 439.3 156.208752 616.85 0
2062 9 28.871489 17.258581 346.6 136.80213 615.85 0
2062 10 20.267225 8.518691 255.1 60.9411702 615.71 0
2062 11 14.378151 4.7659 163.1 239.19396 617.14 0
2062 12 9.450604 0.32276118 125 215.1524186 618.35 0
2063 1 11.559076 4.505794 143.5 173.182368 624.76 0
2063 2 8.088974 0.085728645 209.8 197.7648595 625.68 0
2063 3 10.6683 0.9822463 301.6 184.14031 626.66 0
2063 4 17.23405 5.6916065 391.2 81.994506 628.12 0
2063 5 26.535814 14.888252 461.6 79.5105515 628.66 0
2063 6 29.394619 17.733929 512.7 119.046165 628.11 0
2063 7 30.883589 21.661655 503.7 152.928611 626.59 0
2063 8 30.182938 20.288023 439.3 263.499876 624 0
2063 9 29.328352 17.976313 346.6 60.997731 623 0
2063 10 21.781925 10.430256 255.1 120.6470927 622.86 0
2063 11 14.949135 5.1838045 163.1 126.74559 624.29 0
2063 12 11.58075 2.082007 125 118.7960796 625.5 0
2064 1 5.5448956 -3.0100472 143.5 61.9697812 631.99 0
2064 2 5.1743317 -6.4119043 209.8 121.915171725 632.91 0
2064 3 10.097099 -0.082045905 301.6 177.433522 633.89 0
2064 4 16.782238 4.858572 391.2 108.588324 635.35 0
2064 5 25.049456 13.102953 461.6 64.0312905 635.89 0
2064 6 30.13243 17.615114 512.7 62.271417 635.34 0
2064 7 31.044834 19.929499 503.7 149.289614 633.82 0
2064 8 31.106129 20.816027 439.3 168.9328477 631.23 0
2064 9 25.637436 15.819476 346.6 131.451501 630.23 0
2064 10 22.59875 12.848421 255.1 116.109942 630.09 0
2064 11 12.727111 2.8656929 163.1 165.592089 631.52 0
2064 12 11.671666 2.7786777 125 196.894454 632.73 0
2065 1 6.380968 -1.9075208 143.5 152.4416134 639.29 0
2065 2 9.8506975 0.00421997 209.8 66.8383587 640.21 0
2065 3 10.092872 0.38878843 301.6 109.6115794 641.19 0
2065 4 18.164215 6.8888636 391.2 141.745848 642.65 0
2065 5 25.553522 12.546282 461.6 48.5169065 643.19 0
2065 6 31.074274 19.159716 512.7 91.053759 642.64 0
2065 7 31.686884 20.07977 503.7 122.4660611 641.12 0
2065 8 30.254255 19.869598 439.3 268.463317 638.53 0
2065 9 25.498796 13.8898 346.6 137.245215 637.53 0
2065 10 19.48672 8.191565 255.1 38.2116571 637.39 0
2065 11 14.455282 4.0582285 163.1 125.20833 638.82 0
2065 12 7.045334 -0.47171655 125 162.6455796 640.03 0
2066 1 5.138744 -2.6244836 143.5 179.0664377 646.65 0
2066 2 8.3357935 -1.891215 209.8 22.9197044025 647.57 0
2066 3 12.331449 1.4997581 301.6 71.8495339 648.55 0
2066 4 15.512838 5.1729183 391.2 223.13187 650.01 0
2066 5 24.674482 12.174299 461.6 33.1208743 650.55 0
2066 6 27.08995 15.306264 512.7 96.300732 650 0
2066 7 31.511757 20.12703 503.7 138.837468 648.48 0
2066 8 30.266151 20.1925 439.3 187.2035626 645.89 0
2066 9 26.401257 15.747137 346.6 42.564057 644.89 0
2066 10 20.779247 9.716822 255.1 126.1975156 644.75 0
2066 11 12.319671 3.601193 163.1 207.3153 646.18 0
2066 12 5.7329288 -3.8309567 125 170.354703 647.39 0
2067 1 2.4086516 -6.6864996 143.5 178.5491717 654.1 0
2067 2 7.2660656 -1.7066569 209.8 52.6993806 655.02 0
2067 3 9.872979 0.086870864 301.6 231.351171 656 0
2067 4 16.395378 7.0345817 391.2 184.970655 657.46 0
2067 5 23.046783 12.074621 461.6 138.7451314 658 0
2067 6 29.848783 17.238539 512.7 56.159172 657.45 0
2067 7 34.094067 22.085226 503.7 142.2559775 655.93 0
2067 8 30.603714 19.65327 439.3 145.8120278 653.34 0
2067 9 26.17609 15.263507 346.6 65.05125 652.34 0
2067 10 22.50846 11.820006 255.1 104.4913342 652.2 0
2067 11 13.423067 3.5767796 163.1 105.40122 653.63 0
2067 12 7.8653336 -0.84503454 125 189.271244 654.84 0
2068 1 4.1787186 -6.259432 143.5 116.6784696 661.64 0
2068 2 4.56455 -5.788672 209.8 23.1632485 662.56 0
2068 3 10.566982 0.30519083 301.6 217.76353 663.54 0
2068 4 15.887581 5.5575438 391.2 227.862225 665 0
2068 5 26.662363 14.768453 461.6 77.4968225 665.54 0
2068 6 29.278889 16.596033 512.7 160.1625 664.99 0
2068 7 31.010366 20.210745 503.7 149.873313 663.47 0
2068 8 32.156544 20.02339 439.3 79.7659853 660.88 0
2068 9 27.920244 16.913439 346.6 198.5607 659.88 0
2068 10 23.591093 12.7636795 255.1 74.6188879 659.74 0
2068 11 14.84188 4.5744824 163.1 180.65712 661.17 0
2068 12 10.143745 2.2546904 125 136.2054874 662.38 0
2069 1 6.6750274 -1.6983137 143.5 76.78762 669.3 0
2069 2 7.68878 -1.7054658 209.8 153.29515025 670.22 0
2069 3 11.764601 1.4887345 301.6 147.365258 671.2 0
2069 4 16.033775 5.2552013 391.2 177.83037 672.66 0
2069 5 24.585833 12.209264 461.6 63.984868 673.2 0
2069 6 28.950148 17.170918 512.7 149.64609 672.65 0
2069 7 31.729486 20.2326 503.7 144.414988 671.13 0
2069 8 30.523846 19.41493 439.3 177.0384425 668.54 0
2069 9 27.12268 16.20494 346.6 80.07126 667.54 0
2069 10 21.72732 10.69068 255.1 119.473318 667.4 0
2069 11 14.218377 3.800055 163.1 128.877111 668.83 0
2069 12 12.1659 3.0898833 125 152.331985 670.04 0
2070 1 8.600009 1.784068 143.5 146.824091 677.08 0
2070 2 8.451726 -0.3633036 209.8 109.639659675 678 0
2070 3 12.051081 2.351274 301.6 105.9509103 678.98 0
2070 4 20.364624 7.5216026 391.2 78.418938 680.44 0
2070 5 25.825972 14.990413 461.6 98.195445 680.98 0
2070 6 29.871723 18.625723 512.7 271.14723 680.43 0
2070 7 30.906239 19.874819 503.7 99.6675017 678.91 0
2070 8 31.646154 21.48076 439.3 200.628621 676.32 0
2070 9 28.824226 17.1222 346.6 66.326466 675.32 0
2070 10 22.262428 11.703105 255.1 163.6938725 675.18 0
2070 11 14.2036705 4.062342 163.1 123.09588 676.61 0
2070 12 12.273738 2.9205427 125 208.5287726 677.82 0
2071 1 7.4789257 -1.4978436 143.5 267.179669 684.95 0
2071 2 6.5570483 -2.734533 209.8 114.8370975 685.87 0
2071 3 14.029404 3.929501 301.6 74.839704 686.85 0
2071 4 17.47842 5.8876595 391.2 121.322679 688.31 0
2071 5 25.967867 13.238632 461.6 108.4825067 688.85 0
2071 6 28.3118 16.33697 512.7 53.127978 688.3 0
2071 7 30.938845 19.870573 503.7 151.064457 686.78 0
2071 8 32.037888 22.803154 439.3 270.925926 684.19 0
2071 9 27.105722 16.217577 346.6 185.68716 683.19 0
2071 10 21.375515 9.027018 255.1 80.5055244 683.05 0
2071 11 14.986508 4.5685253 163.1 188.23902 684.48 0
2071 12 13.305641 3.8998878 125 247.1086322 685.69 0
2072 1 5.878663 -1.7258453 143.5 125.162221 692.9 0
2072 2 10.831879 1.3089381 209.8 78.2803093 693.82 0
2072 3 11.884965 1.8905799 301.6 116.8193429 694.8 0
2072 4 17.388594 6.552704 391.2 92.09247 696.26 0
2072 5 25.017178 12.404776 461.6 58.4020997 696.8 0
2072 6 30.606531 19.572496 512.7 86.943282 696.25 0
2072 7 34.722176 23.273869 503.7 164.966903 694.73 0
2072 8 29.695171 19.963324 439.3 298.645568 692.14 0
2072 9 28.2388 17.303316 346.6 137.49636 691.14 0
2072 10 21.760847 10.013554 255.1 64.386132 691 0
2072 11 15.349126 5.6243706 163.1 212.49789 692.43 0
2072 12 7.1112156 -3.5212579 125 139.363104 693.64 0
2073 1 8.328263 -0.6906541 143.5 34.4275367 700.89 0
2073 2 6.621023 -3.336052 209.8 154.39661775 701.81 0
2073 3 12.085727 0.7011573 301.6 88.5869516 702.79 0
2073 4 18.807524 5.8777246 391.2 133.064619 704.25 0
2073 5 23.650093 11.529852 461.6 155.1028394 704.79 0
2073 6 29.125572 18.540047 512.7 155.528685 704.24 0
2073 7 32.964294 21.23097 503.7 69.8120992 702.72 0
2073 8 31.429153 18.823084 439.3 80.5008837 700.13 0
2073 9 27.678965 15.664789 346.6 96.799251 699.13 0
2073 10 22.437456 9.1732235 255.1 16.99682415 698.99 0
2073 11 15.431263 4.2985225 163.1 120.90099 700.42 0
2073 12 4.5302744 -3.975064 125 120.263787 701.63 0
2074 1 9.208166 -1.8185852 143.5 166.3656943 708.93 0
2074 2 11.108589 1.136672 209.8 89.24120195 709.85 0
2074 3 10.7140465 0.51165193 301.6 154.0214044 710.83 0
2074 4 17.336813 5.877079 391.2 119.919849 712.29 0
2074 5 24.547073 11.30607 461.6 36.6458564 712.83 0
2074 6 30.267923 17.797237 512.7 65.72121 712.28 0
2074 7 32.588078 21.135206 503.7 165.957632 710.76 0
2074 8 32.13172 21.086128 439.3 157.656545 708.17 0
2074 9 27.279125 15.543042 346.6 74.253744 707.17 0
2074 10 19.996792 9.199699 255.1 204.8233953 707.03 0
2074 11 16.980877 7.109133 163.1 228.64773 708.46 0
2074 12 8.275999 0.22436811 125 27.264624 709.67 0
2075 1 6.0237503 -1.5782707 143.5 263.242886 717.02 0
2075 2 7.5118055 -1.426799 209.8 120.13699525 717.94 0
2075 3 12.613735 2.4943311 301.6 82.652014 718.92 0
2075 4 19.351805 7.6467276 391.2 165.664329 720.38 0
2075 5 21.25383 11.483014 461.6 263.060792 720.92 0
2075 6 30.147787 17.842527 512.7 90.277011 720.37 0
2075 7 32.43413 21.442827 503.7 154.529978 718.85 0
2075 8 33.91509 22.214668 439.3 95.5882675 716.26 0
2075 9 27.373398 17.23652 346.6 123.082281 715.26 0
2075 10 22.614138 10.329594 255.1 88.548245 715.12 0
2075 11 17.352526 6.9675484 163.1 64.988844 716.55 0
2075 12 12.930175 3.3217473 125 103.8815642 717.76 0
2076 1 11.332336 3.0014172 143.5 174.707599 725.14 0
2076 2 2.9017735 -6.5593934 209.8 93.885114925 726.06 0
2076 3 11.4086075 0.80502605 301.6 186.7539076 727.04 0
2076 4 17.877699 6.6955957 391.2 144.82119 728.5 0
2076 5 24.281813 11.93751 461.6 81.2065088 729.04 0
2076 6 29.638853 17.21697 512.7 48.673572 728.49 0
2076 7 32.89482 21.72065 503.7 147.2035837 726.97 0
2076 8 30.491276 21.30057 439.3 345.38309 724.38 0
2076 9 29.32643 17.464718 346.6 73.473636 723.38 0
2076 10 21.189665 10.308184 255.1 88.3272243 723.24 0
2076 11 14.450334 4.876344 163.1 128.27007 724.67 0
2076 12 6.796122 -2.2638316 125 36.8248566 725.88 0
2077 1 1.3538551 -7.167611 143.5 85.6505386 733.31 0
2077 2 9.839593 -0.56585914 209.8 101.04882055 734.23 0
2077 3 12.139553 1.4020896 301.6 167.525023 735.21 0
2077 4 16.61939 5.2448716 391.2 119.172021 736.67 0
2077 5 24.501953 11.707061 461.6 90.1645199 737.21 0
2077 6 30.668556 18.776258 512.7 94.174191 736.66 0
2077 7 33.180336 21.486963 503.7 87.4133753 735.14 0
2077 8 32.196747 21.764277 439.3 203.551456 732.55 0
2077 9 25.849686 15.150779 346.6 122.045145 731.55 0
2077 10 19.631699 7.5976295 255.1 77.0582872 731.41 0
2077 11 15.308089 5.5084605 163.1 47.700603 732.84 0
2077 12 12.614719 3.1520596 125 176.821706 734.05 0
2078 1 7.213342 -1.4907602 143.5 150.4021048 741.52 0
2078 2 6.6454854 -3.5143435 209.8 92.913778225 742.44 0
2078 3 11.718904 1.3495649 301.6 260.119946 743.42 0
2078 4 20.109219 8.722018 391.2 91.72383 744.88 0
2078 5 26.99134 14.243797 461.6 74.6720498 745.42 0
2078 6 31.129873 17.808601 512.7 39.537585 744.87 0
2078 7 32.896732 21.700926 503.7 175.031921 743.35 0
2078 8 31.459154 20.42188 439.3 119.8030402 740.76 0
2078 9 26.02928 15.165911 346.6 150.301152 739.76 0
2078 10 21.514519 9.66108 255.1 140.893946 739.62 0
2078 11 15.083844 5.602254 163.1 134.96193 741.05 0
2078 12 10.720966 2.1970294 125 149.7248106 742.26 0
2079 1 9.600495 1.224899 143.5 175.7580154 749.8 0
2079 2 10.506081 1.294859 209.8 81.07565245 750.72 0
2079 3 13.784186 3.8884509 301.6 189.6311137 751.7 0
2079 4 20.687551 8.894033 391.2 126.16014 753.16 0
2079 5 24.74477 11.5043545 461.6 72.3130273 753.7 0
2079 6 30.053196 17.588076 512.7 75.289944 753.15 0
2079 7 33.166817 21.339008 503.7 140.5263263 751.63 0
2079 8 30.983828 18.905842 439.3 256.372232 749.04 0
2079 9 27.876919 16.331562 346.6 75.110994 748.04 0
2079 10 21.72358 10.823775 255.1 165.5993557 747.9 0
2079 11 17.063025 7.3021927 163.1 140.419779 749.33 0
2079 12 8.7445135 0.47808334 125 99.509163 750.54 0
2080 1 6.38827 -2.977301 143.5 68.6619899 758.18 0
2080 2 11.963419 2.0719912 209.8 80.4460334 759.1 0
2080 3 10.870678 0.84321266 301.6 95.4229383 760.08 0
2080 4 17.386896 6.248348 391.2 93.75534 761.54 0
2080 5 25.7101 12.914873 461.6 79.997143 762.08 0
2080 6 30.654667 17.593782 512.7 36.596829 761.53 0
2080 7 33.394238 22.605043 503.7 161.8166675 760.01 0
2080 8 31.718454 21.190868 439.3 273.1488895 757.42 0
2080 9 28.926962 17.550797 346.6 108.44766 756.42 0
2080 10 21.994596 9.671272 255.1 91.8626038 756.28 0
2080 11 14.405983 4.5560417 163.1 142.53972 757.71 0
2080 12 10.719683 1.5612499 125 110.7035885 758.92 0
2081 1 8.371047 -0.9732944 143.5 87.4862935 766.64 0
2081 2 7.971738 -2.1791506 209.8 50.814950225 767.56 0
2081 3 12.053605 1.9415634 301.6 139.26967 768.54 0
2081 4 16.582195 5.731208 391.2 251.73042 770 0
2081 5 25.04643 12.912221 461.6 100.8222827 770.54 0
2081 6 30.94301 17.91812 512.7 136.462941 769.99 0
2081 7 30.98653 19.68554 503.7 179.948366 768.47 0
2081 8 31.830019 21.303467 439.3 197.711738 765.88 0
2081 9 27.323086 15.999577 346.6 83.992095 764.88 0
2081 10 21.829666 10.823004 255.1 85.9266587 764.74 0
2081 11 17.381329 6.247643 163.1 73.440528 766.17 0
2081 12 9.306129 -0.003246831 125 255.2200085 767.38 0
2082 1 9.294084 -0.9384305 143.5 39.1358353 775.17 0
2082 2 6.5815063 -2.7886086 209.8 132.56761675 776.09 0
2082 3 11.839213 0.6169573 301.6 85.6205554 777.07 0
2082 4 21.473375 8.961666 391.2 33.809367 778.53 0
2082 5 25.675407 12.979363 461.6 75.0935878 779.07 0
2082 6 30.018196 17.856165 512.7 82.683405 778.52 0
2082 7 32.41901 22.615662 503.7 170.349061 777 0
2082 8 31.298813 20.881573 439.3 173.095754 774.41 0
2082 9 27.733103 14.946816 346.6 50.125425 773.41 0
2082 10 21.801985 11.578177 255.1 250.943667 773.27 0
2082 11 14.817157 4.455344 163.1 64.294389 774.7 0
2082 12 11.095979 2.1666815 125 124.6128018 775.91 0
2083 1 6.2521358 -1.1526324 143.5 218.4399686 783.75 0
2083 2 11.40558 2.4269714 209.8 83.7354521 784.67 0
2083 3 10.192131 0.8649064 301.6 134.7631814 785.65 0
2083 4 18.921469 7.879868 391.2 137.90817 787.11 0
2083 5 25.275091 13.393967 461.6 178.385408 787.65 0
2083 6 28.661598 17.761124 512.7 157.435155 787.1 0
2083 7 33.04284 21.818317 503.7 139.2665917 785.58 0
2083 8 33.22067 22.362183 439.3 113.7347406 782.99 0
2083 9 28.769188 18.301231 346.6 231.803025 781.99 0
2083 10 22.395227 11.114386 255.1 114.7637267 781.85 0
2083 11 16.391392 6.258642 163.1 93.038106 783.28 0
2083 12 8.157991 0.11432546 125 35.2043781 784.49 0
2084 1 1.2409908 -8.280491 143.5 123.1786333 792.37 0
2084 2 7.850782 -1.735361 209.8 61.9731324 793.29 0
2084 3 12.424733 1.551738 301.6 102.9828494 794.27 0
2084 4 16.6556 5.7340035 391.2 117.673581 795.73 0
2084 5 21.260555 9.779492 461.6 175.510809 796.27 0
2084 6 28.645344 17.075125 512.7 58.185078 795.72 0
2084 7 33.563385 21.87166 503.7 148.5398573 794.2 0
2084 8 31.06807 19.216883 439.3 190.6753673 791.61 0
2084 9 27.56455 17.008734 346.6 140.66877 790.61 0
2084 10 20.470695 9.262191 255.1 98.6680865 790.47 0
2084 11 18.261137 7.587114 163.1 37.472904 791.9 0
2084 12 12.261071 3.197031 125 82.8950943 793.11 0
2085 1 2.891764 -7.3393655 143.5 94.1028002 801.02 0
2085 2 7.403934 -3.037782 209.8 98.254158225 801.94 0
2085 3 12.39344 3.3582206 301.6 167.9798984 802.92 0
2085 4 16.89723 5.7879467 391.2 118.719978 804.38 0
2085 5 26.253036 13.512986 461.6 75.3959804 804.92 0
2085 6 30.546267 17.3746 512.7 64.607829 804.37 0
2085 7 31.635319 20.445456 503.7 198.063278 802.85 0
2085 8 32.19463 22.95888 439.3 391.576562 800.26 0
2085 9 29.316605 18.669834 346.6 127.994772 799.26 0
2085 10 20.323017 8.756371 255.1 88.7147553 799.12 0
2085 11 15.262073 5.113576 163.1 110.818728 800.55 0
2085 12 13.456806 4.171502 125 41.0258619 801.76 0
2086 1 10.077444 -0.89026237 143.5 157.536513 809.71 0
2086 2 8.3162 -1.7004621 209.8 88.7317358 810.63 0
2086 3 12.741051 2.6906927 301.6 93.9525928 811.61 0
2086 4 18.159178 6.322726 391.2 132.458409 813.07 0
2086 5 27.107399 12.510416 461.6 65.237919 813.61 0
2086 6 30.031399 16.68778 512.7 55.463841 813.06 0
2086 7 32.067455 20.091507 503.7 109.3992759 811.54 0
2086 8 31.497114 21.63094 439.3 193.9728094 808.95 0
2086 9 30.036293 18.755178 346.6 83.796078 807.95 0
2086 10 24.758163 13.041451 255.1 74.6851256 807.81 0
2086 11 14.809596 5.3785434 163.1 163.49508 809.24 0
2086 12 8.993597 2.1200128 125 235.7528424 810.45 0
2087 1 4.3891873 -3.3724298 143.5 265.432757 818.42 0
2087 2 7.459645 -1.1945485 209.8 74.038557675 819.34 0
2087 3 10.771204 0.30984056 301.6 95.214485 820.32 0
2087 4 18.236412 7.791346 391.2 165.84882 821.78 0
2087 5 25.339209 13.956891 461.6 95.5858743 822.32 0
2087 6 30.591373 19.306318 512.7 98.417244 821.77 0
2087 7 32.752243 20.614885 503.7 133.614526 820.25 0
2087 8 33.39177 22.463331 439.3 133.10904 817.66 0
2087 9 31.31483 19.097103 346.6 73.04814 816.66 0
2087 10 23.841366 12.406738 255.1 100.4775751 816.52 0
2087 11 16.765047 6.354601 163.1 106.494168 817.95 0
2087 12 9.312494 0.8857479 125 244.9272025 819.16 0
2088 1 8.463617 -0.60954505 143.5 60.9123402 827.16 0
2088 2 8.386389 -0.82431483 209.8 59.887047875 828.08 0
2088 3 12.716829 1.7116159 301.6 150.9118874 829.06 0
2088 4 16.722063 5.782863 391.2 125.226375 830.52 0
2088 5 24.84974 12.736646 461.6 84.942077 831.06 0
2088 6 31.11158 17.90933 512.7 52.102179 830.51 0
2088 7 32.21348 20.87817 503.7 155.4178273 828.99 0
2088 8 32.411358 22.231983 439.3 454.456807 826.4 0
2088 9 28.803469 17.254347 346.6 51.765564 825.4 0
2088 10 22.738983 10.863685 255.1 92.7332512 825.26 0
2088 11 15.257459 4.647925 163.1 127.920441 826.69 0
2088 12 12.967904 3.438001 125 136.1571057 827.9 0
2089 1 9.422856 0.10099419 143.5 164.936864 835.96 0
2089 2 10.763955 0.6020295 209.8 95.0084451 836.88 0
2089 3 12.189737 1.9204884 301.6 135.899257 837.86 0
2089 4 19.59164 8.385948 391.2 104.623803 839.32 0
2089 5 24.28622 12.301887 461.6 144.8448743 839.86 0
2089 6 29.949245 17.74305 512.7 144.02013 839.31 0
2089 7 33.231533 22.050056 503.7 174.8525147 837.79 0
2089 8 32.786987 22.807983 439.3 170.2775006 835.2 0
2089 9 27.782585 17.24902 346.6 147.754068 834.2 0
2089 10 23.422676 11.765868 255.1 57.4621425 834.06 0
2089 11 15.979993 6.3562636 163.1 130.738851 835.49 0
2089 12 8.06556 -0.9237256 125 94.3828945 836.7 0
2090 1 6.1456437 -2.1828516 143.5 170.7522687 844.8 0
2090 2 5.0093045 -3.8264058 209.8 146.94353325 845.72 0
2090 3 13.285698 2.2879775 301.6 86.4611886 846.7 0
2090 4 17.738388 7.866487 391.2 181.187625 848.16 0
2090 5 23.64206 12.82496 461.6 62.7952926 848.7 0
2090 6 31.208763 19.626318 512.7 87.49566 848.15 0
2090 7 35.848667 21.986214 503.7 41.3344297 846.63 0
2090 8 31.921661 20.972534 439.3 268.344215 844.04 0
2090 9 26.46374 16.9941 346.6 152.6256 843.04 0
2090 10 21.526785 10.169469 255.1 81.019089 842.9 0
2090 11 17.779045 7.1895795 163.1 158.098911 844.33 0
2090 12 10.4536 1.3943976 125 161.6531363 845.54 0
2091 1 7.7538004 -1.0767825 143.5 40.0711363 853.73 0
2091 2 10.485377 0.10955593 209.8 81.56955285 854.65 0
2091 3 14.718277 4.2233486 301.6 93.0850392 855.63 0
2091 4 16.761095 5.15892 391.2 67.64118 857.09 0
2091 5 26.851715 13.016197 461.6 57.2085997 857.63 0
2091 6 31.252144 17.327894 512.7 45.718881 857.08 0
2091 7 34.447895 23.494259 503.7 100.056499 855.56 0
2091 8 34.18996 23.142881 439.3 111.8754505 852.97 0
2091 9 28.45261 18.016943 346.6 128.113989 851.97 0
2091 10 24.259466 11.888242 255.1 55.4947182 851.83 0
2091 11 18.013197 7.657598 163.1 94.115904 853.26 0
2091 12 8.169429 -1.9955792 125 113.221796 854.47 0
2092 1 4.3439655 -4.9586267 143.5 148.5952326 862.73 0
2092 2 9.160683 -0.006616538 209.8 117.4585845 863.65 0
2092 3 13.175566 2.3321235 301.6 197.7531757 864.63 0
2092 4 19.393835 8.205113 391.2 136.41765 866.09 0
2092 5 24.046112 12.850959 461.6 111.6404395 866.63 0
2092 6 30.444489 17.948273 512.7 37.548384 866.08 0
2092 7 33.087074 22.127789 503.7 166.64515 864.56 0
2092 8 34.173183 23.034601 439.3 206.330575 861.97 0
2092 9 26.699575 16.031485 346.6 93.69837 860.97 0
2092 10 23.885853 12.673449 255.1 115.4984918 860.83 0
2092 11 16.808353 6.4380145 163.1 114.05211 862.26 0
2092 12 11.810296 3.4391873 125 98.9079707 863.47 0
2093 1 7.862371 -0.7254412 143.5 304.0480465 871.78 0
2093 2 12.752628 3.4409003 209.8 89.34070975 872.7 0
2093 3 12.844309 2.583747 301.6 255.457267 873.68 0
2093 4 20.08371 8.563781 391.2 151.225662 875.14 0
2093 5 28.363836 15.097821 461.6 81.5169149 875.68 0
2093 6 28.632864 18.280796 512.7 169.092135 875.13 0
2093 7 33.86953 21.75416 503.7 124.086025 873.61 0
2093 8 33.62505 22.777412 439.3 388.277356 871.02 0
2093 9 29.873951 18.371119 346.6 194.32095 870.02 0
2093 10 23.739754 11.201027 255.1 40.7883864 869.88 0
2093 11 17.148718 6.923578 163.1 78.929208 871.31 0
2093 12 12.118581 2.9815617 125 245.615077 872.52 0
2094 1 7.5118237 -1.0442038 143.5 209.186884 880.86 0
2094 2 8.950045 -0.13197055 209.8 122.5169165 881.78 0
2094 3 13.269119 2.702505 301.6 119.2290132 882.76 0
2094 4 18.276073 5.8084354 391.2 41.016726 884.22 0
2094 5 25.737463 12.894747 461.6 89.7179122 884.76 0
2094 6 30.311897 18.56419 512.7 110.245992 884.21 0
2094 7 33.043438 22.123365 503.7 198.846493 882.69 0
2094 8 33.546654 23.367353 439.3 213.2944615 880.1 0
2094 9 26.90135 15.475287 346.6 86.703702 879.1 0
2094 10 22.297989 9.955308 255.1 104.7906826 878.96 0
2094 11 15.334744 5.3027368 163.1 116.16612 880.39 0
2094 12 11.677858 3.231452 125 173.9311575 881.6 0
2095 1 8.301823 -1.2041385 143.5 79.5702947 889.98 0
2095 2 11.224676 0.93888617 209.8 95.35819705 890.9 0
2095 3 11.516306 1.3987478 301.6 144.4182957 891.88 0
2095 4 16.864363 5.4148006 391.2 127.93506 893.34 0
2095 5 25.506899 12.0696535 461.6 70.8761184 893.88 0
2095 6 28.400244 17.171253 512.7 208.95543 893.33 0
2095 7 31.563505 22.47844 503.7 180.7089913 891.81 0
2095 8 32.29652 22.42032 439.3 269.35931 889.22 0
2095 9 30.326088 18.294565 346.6 107.553741 888.22 0
2095 10 21.485533 10.0997505 255.1 119.6817868 888.08 0
2095 11 16.957829 6.3622212 163.1 29.313267 889.51 0
2095 12 12.698984 2.8786101 125 185.693875 890.72 0
2096 1 8.880615 -0.66875595 143.5 192.372856 899.12 0
2096 2 6.819422 -3.9960084 209.8 135.26663305 900.04 0
2096 3 13.563965 2.9677973 301.6 134.358092 901.02 0
2096 4 18.910576 6.562553 391.2 103.027389 902.48 0
2096 5 25.459787 13.018476 461.6 120.3433578 903.02 0
2096 6 31.466644 18.5343 512.7 120.189729 902.47 0
2096 7 34.67984 23.22698 503.7 152.0469803 900.95 0
2096 8 33.331448 21.894217 439.3 253.080156 898.36 0
2096 9 26.951777 17.31982 346.6 205.686879 897.36 0
2096 10 20.950157 9.913935 255.1 204.6769947 897.22 0
2096 11 16.728529 6.1892395 163.1 169.028679 898.65 0
2096 12 10.542259 2.3463402 125 97.096836 899.86 0
2097 1 7.4329495 -1.6547333 143.5 72.2956673 908.29 0
2097 2 8.61414 0.02203711 209.8 95.5857395 909.21 0
2097 3 12.835889 2.751865 301.6 151.1805954 910.19 0
2097 4 17.624521 6.13661 391.2 53.625462 911.65 0
2097 5 27.738705 13.695862 461.6 51.3130724 912.19 0
2097 6 32.208946 18.610119 512.7 51.669594 911.64 0
2097 7 33.291668 22.351213 503.7 144.7934763 910.12 0
2097 8 33.11121 22.269857 439.3 168.0507334 907.53 0
2097 9 28.586197 17.188946 346.6 260.8845 906.53 0
2097 10 21.651999 11.087804 255.1 146.845884 906.39 0
2097 11 16.738705 6.0904455 163.1 106.027566 907.82 0
2097 12 10.549184 2.5000532 125 371.908643 909.03 0
2098 1 9.0061865 0.31262162 143.5 68.039792 917.47 0
2098 2 11.967903 3.3839033 209.8 229.98163975 918.39 0
2098 3 14.729116 4.802917 301.6 97.6897296 919.37 0
2098 4 20.380417 9.055539 391.2 90.478707 920.83 0
2098 5 26.745296 14.079915 461.6 97.315789 921.37 0
2098 6 31.449976 18.480858 512.7 82.167249 920.82 0
2098 7 34.29662 22.96112 503.7 137.6646574 919.3 0
2098 8 33.609997 23.90644 439.3 162.179507 916.71 0
2098 9 29.958584 18.552372 346.6 103.418649 915.71 0
2098 10 22.165613 10.815952 255.1 126.3726966 915.57 0
2098 11 15.809591 5.951285 163.1 146.715231 917 0
2098 12 10.083904 2.5838015 125 40.8024232 918.21 0
2099 1 4.414657 -4.6461334 143.5 311.539305 926.67 0
2099 2 11.39072 2.7734594 209.8 139.5550678 927.59 0
2099 3 13.023813 2.8639407 301.6 79.7987647 928.57 0
2099 4 19.92391 8.766737 391.2 95.219499 930.03 0
2099 5 23.856344 12.205823 461.6 105.6085308 930.57 0
2099 6 30.52905 19.422466 512.7 130.53831 930.02 0
2099 7 35.22763 23.047604 503.7 184.6648207 928.5 0
2099 8 34.74289 22.770615 439.3 88.1500934 925.91 0
2099 9 28.716421 18.105282 346.6 131.805768 924.91 0
2099 10 26.034725 14.840877 255.1 85.154861 924.77 0
2099 11 18.08348 7.406016 163.1 31.725987 926.2 0
2099 12 10.092323 1.3749887 125 148.4597843 927.41 0
2100-2200 1 4.414657 -4.6461334 143.5 311.539305 926.67 0
2100-2200 2 11.39072 2.7734594 209.8 139.5550678 927.59 0
2100-2200 3 13.023813 2.8639407 301.6 79.7987647 928.57 0
2100-2200 4 19.92391 8.766737 391.2 95.219499 930.03 0
2100-2200 5 23.856344 12.205823 461.6 105.6085308 930.57 0
2100-2200 6 30.52905 19.422466 512.7 130.53831 930.02 0
2100-2200 7 35.22763 23.047604 503.7 184.6648207 928.5 0
2100-2200 8 34.74289 22.770615 439.3 88.1500934 925.91 0
2100-2200 9 28.716421 18.105282 346.6 131.805768 924.91 0
2100-2200 10 26.034725 14.840877 255.1 85.154861 924.77 0
2100-2200 11 18.08348 7.406016 163.1 31.725987 926.2 0
2100-2200 12 10.092323 1.3749887 125 148.4597843 927.41 0
