Year Month Tmax Tmin PAR Prec CO2 O3
1200-1980 1 2.68870465173008 -6.7066928821985 143.5 96.0773072298028 390 0
1200-1980 2 4.21245248873945 -5.38436220134457 209.8 88.0281201329717 390 0
1200-1980 3 8.18107814775644 -1.75313911680267 301.6 117.572100830131 390 0
1200-1980 4 14.1443654797844 3.4430609752323 391.2 113.232746389271 390 0
1200-1980 5 19.7577713421911 8.58848742263995 461.6 97.9728144193738 390 0
1200-1980 6 24.6425710395986 13.8861639794111 512.7 109.719259621387 390 0
1200-1980 7 27.689209706887 17.1975816148093 503.7 93.7438038001697 390 0
1200-1980 8 26.8303079746634 16.5638895633057 439.3 105.161957058747 390 0
1200-1980 9 23.0267864676578 12.4832788014876 346.6 103.489367727021 390 0
1200-1980 10 17.0124665897976 6.32794048653336 255.1 111.47323000473 390 0
1200-1980 11 11.3904497148665 1.6415047617871 163.1 110.871172413893 390 0
1200-1980 12 5.55944065818471 -3.39834398919907 125 110.295979235112 390 0
1981 1 -1.47428734565398 -12.3901886433128 143.5 26.2554324007085 390 0
1981 2 6.87207259527373 -3.81568825973258 209.8 174.413605089979 390 0
1981 3 7.77705375693288 -2.38262754593577 301.6 21.1498737322804 390 0
1981 4 15.3784236623475 4.24952754671739 391.2 96.8533952249398 390 0
1981 5 20.5507544932723 8.32770512737254 461.6 66.9913700289963 390 0
1981 6 25.486998643245 14.1500803668806 512.7 86.8295517722366 390 0
1981 7 28.3655409152527 17.1044660996821 503.7 93.579851692566 390 0
1981 8 27.043739443018 15.0477853391392 439.3 33.1321282652618 390 0
1981 9 22.0487079124662 11.4905962993833 346.6 95.7630614287673 390 0
1981 10 15.0037065132515 4.43201053099001 255.1 120.442137958965 390 0
1981 11 10.7836741690088 1.40800668302334 163.1 84.7996703227112 390 0
1981 12 3.58733097561748 -3.97055660859983 125 154.6819763158 390 0
1982 1 -0.881881108248943 -11.7359558858107 143.5 127.913857112476 390 0
1982 2 3.4975910433511 -5.25251514281641 209.8 83.9743304177231 390 0
1982 3 7.79240987825308 -2.77524684698868 301.6 66.3797894010667 390 0
1982 4 13.1974719300817 1.24522738392039 391.2 119.931455493332 390 0
1982 5 20.5835888521803 8.4032428848474 461.6 64.9959245394097 390 0
1982 6 21.7147737913713 12.0510239657204 512.7 282.702040248709 390 0
1982 7 28.1088648581005 16.0850843282223 503.7 76.7090467663894 390 0
1982 8 25.1846817346536 14.4766830574729 439.3 79.040566981871 390 0
1982 9 22.5006661237648 11.8464850606397 346.6 77.0664742453736 390 0
1982 10 16.9135310302801 5.33414271551023 255.1 75.319242198954 390 0
1982 11 13.1342912795263 3.08242411036833 163.1 99.7197237433214 390 0
1982 12 7.86520367163305 -1.22346033671228 125 50.7757551656589 390 0
1983 1 3.19266383875984 -5.79547042470994 143.5 118.159992656558 390 0
1983 2 4.4605027571285 -5.12621658901156 209.8 122.284063203731 390 0
1983 3 8.61624116950518 0.262185662992775 301.6 229.216647327214 390 0
1983 4 13.3188339354317 3.58195998821923 391.2 258.548532494489 390 0
1983 5 17.8450192580183 8.07091826335754 461.6 112.37409286064 390 0
1983 6 26.0316075492149 13.5494748682838 512.7 67.9518431219307 390 0
1983 7 29.0240072721027 16.6862488002037 503.7 43.6316079787121 390 0
1983 8 27.3883032454753 16.3795206069894 439.3 96.6448069001461 390 0
1983 9 25.6570864996527 12.8448603062005 346.6 49.0679143407074 390 0
1983 10 16.8365302562843 6.76897259126113 255.1 138.055889809789 390 0
1983 11 12.0468457172893 2.00790764396178 163.1 205.978311523841 390 0
1983 12 4.34868738495723 -4.86965077134222 125 158.438304327966 390 0
1984 1 1.06705769576325 -8.36398199202506 143.5 56.016557879325 390 0
1984 2 6.94053779903029 -2.2928235349458 209.8 157.747002741434 390 0
1984 3 4.55821530782272 -4.2266334330543 301.6 152.884044708724 390 0
1984 4 12.6908671137366 2.93064790790377 391.2 126.446572869589 390 0
1984 5 19.333049633431 7.8874622681838 461.6 173.722115008838 390 0
1984 6 25.820670969064 14.1403202296172 512.7 155.448651320955 390 0
1984 7 26.7246323344185 16.5837192269453 503.7 155.346356835219 390 0
1984 8 27.4523515495994 17.2523133719049 439.3 26.2264551961137 390 0
1984 9 22.1235279676479 10.1896246368892 346.6 48.9337900633613 390 0
1984 10 18.0199161251823 7.62137516583519 255.1 102.954453087718 390 0
1984 11 11.799227702615 1.09111592230058 163.1 61.8431684252251 390 0
1984 12 8.32701846226592 -1.52938678039146 125 80.9788950718753 390 0
1985 1 0.0227731546492771 -9.19091540144626 143.5 30.3682410165341 390 0
1985 2 4.40209627453852 -5.59321925507231 209.8 54.5113232510757 390 0
1985 3 10.14742559232 -1.49802424237157 301.6 66.8889950520451 390 0
1985 4 14.9172761696749 3.7914076271303 391.2 41.981511361954 390 0
1985 5 20.9162649553984 8.54062083835058 461.6 115.945040299753 390 0
1985 6 22.6111678560239 12.0821390285149 512.7 116.821179810304 390 0
1985 7 27.6537271539484 16.3162378997416 503.7 93.4342789932454 390 0
1985 8 26.2155555227803 16.1051255748211 439.3 188.756077273966 390 0
1985 9 23.1998205020039 12.4274520203348 346.6 84.7126841269539 390 0
1985 10 18.0942971154239 6.53526266607885 255.1 51.2407770849709 390 0
1985 11 11.6583457562882 3.36298435961576 163.1 175.872989706933 390 0
1985 12 3.43762047367455 -5.50285997371017 125 36.0016330310392 390 0
1986 1 4.31360102855052 -6.0896503558347 143.5 136.214973287991 390 0
1986 2 1.75320563024976 -6.1312781673135 209.8 87.253952906988 390 0
1986 3 9.3556276438649 -1.98430431488728 301.6 79.5615953015755 390 0
1986 4 14.7097828661666 4.18899646075448 391.2 54.9978492456679 390 0
1986 5 20.612306410714 8.96152546878716 461.6 41.3489873207817 390 0
1986 6 24.2598397985229 12.2525541080076 512.7 131.752522198618 390 0
1986 7 26.3924314815366 16.2965323888811 503.7 141.416026071294 390 0
1986 8 24.9835939022997 15.341587072943 439.3 110.25812040993 390 0
1986 9 21.4901318486855 11.0291033917636 346.6 28.2927632348259 390 0
1986 10 17.3055722412455 6.00433802680814 255.1 74.0826158291529 390 0
1986 11 10.2598448889416 -0.37403425831819 163.1 173.196513215486 390 0
1986 12 5.76037655209483 -2.69539547071418 125 175.182389191228 390 0
1987 1 2.37158468559069 -6.86704593241993 143.5 154.665766633949 390 0
1987 2 3.0904453585448 -7.70783842091051 209.8 20.6199781237976 390 0
1987 3 8.74514440695463 -1.63229199613278 301.6 95.6431216372842 390 0
1987 4 13.7283165692953 4.14144427594886 391.2 249.124944062699 390 0
1987 5 20.1202435256334 8.15851256106494 461.6 57.2756535398159 390 0
1987 6 25.2814661997743 14.2667512238031 512.7 55.9061981830893 390 0
1987 7 27.7797327114237 17.1566279160385 503.7 40.5487914566255 390 0
1987 8 26.2728180316807 14.8447003444645 439.3 96.0024078004167 390 0
1987 9 22.1085028926967 12.5612831938675 346.6 162.836124044693 390 0
1987 10 16.4324826372576 4.44385662240435 255.1 82.9613527056723 390 0
1987 11 11.4136481226923 0.503819709609711 163.1 80.7030847745063 390 0
1987 12 6.0202346442577 -2.6150614515396 125 82.8566017106182 390 0
1988 1 1.41678530935075 -9.08740758719715 143.5 78.4461460888363 390 0
1988 2 4.43152757794954 -5.49573603155286 209.8 122.349952067507 390 0
1988 3 8.87171693703388 -1.98878183509696 301.6 87.4927865207735 390 0
1988 4 12.5834107920168 3.37225088012183 391.2 58.7585146307009 390 0
1988 5 19.3296132194608 8.75073194697472 461.6 87.0888609610866 390 0
1988 6 25.4030295692071 12.7851199124805 512.7 34.8113795281767 390 0
1988 7 28.2559985140894 17.6647864427138 503.7 172.761411986595 390 0
1988 8 28.4979243656917 18.3404861441449 439.3 49.174542373387 390 0
1988 9 22.889636002368 10.9216378805382 346.6 55.9919914880725 390 0
1988 10 14.8495257304518 4.13709609494908 255.1 78.2506139294176 390 0
1988 11 12.2168583983627 1.45421740227764 163.1 215.486602456336 390 0
1988 12 4.76085980464213 -5.38903322766775 125 34.8555444142068 390 0
1989 1 5.14252864890792 -4.85393766084243 143.5 38.0576131267057 390 0
1989 2 3.18750319971535 -5.85519162773142 209.8 72.2285128040861 390 0
1989 3 7.80693993814978 -2.56378027696997 301.6 93.4401518439175 390 0
1989 4 12.9098478927 2.02115160066194 391.2 110.56086593956 390 0
1989 5 20.2724748078257 9.05805325022475 461.6 187.417785114756 390 0
1989 6 24.7532708287454 14.7450156896924 512.7 134.365378226129 390 0
1989 7 27.1426408110135 16.2751024041845 503.7 129.021177584303 390 0
1989 8 26.5356699740753 16.5785978542289 439.3 157.660666203392 390 0
1989 9 23.3769915459397 12.5208705768648 346.6 115.00409817924 390 0
1989 10 18.050174950792 6.0499153339078 255.1 170.00893799648 390 0
1989 11 10.8766280325695 0.85727940355951 163.1 135.467275566037 390 0
1989 12 -1.79632191187891 -11.5434110889623 125 25.9275231170353 390 0
1990 1 6.3732705008977 -2.41937840542911 143.5 135.243593837714 390 0
1990 2 6.50277306248042 -4.50148248311731 209.8 85.6153241367472 390 0
1990 3 9.94596601291178 -1.78479793575753 301.6 59.9656800822226 390 0
1990 4 13.6810283890991 3.28860270659484 391.2 126.293179511169 390 0
1990 5 17.8439485375643 7.63536156878242 461.6 176.86658948421 390 0
1990 6 24.8265548933326 13.5026932456991 512.7 45.5352071034074 390 0
1990 7 27.0079056589033 17.5536627708362 503.7 108.624459348734 390 0
1990 8 27.1255044951551 17.6254766002547 439.3 162.917301980861 390 0
1990 9 22.8230664332344 11.7138374380024 346.6 57.1054971048687 390 0
1990 10 19.5967141048445 8.90703701737973 255.1 162.731656524812 390 0
1990 11 13.1494330703342 2.10143649429452 163.1 63.684467814739 390 0
1990 12 8.31955376055519 -1.24666503567262 125 128.773629351695 390 0
1991 1 3.35765388908493 -6.74036951389687 143.5 80.4376082037071 390 0
1991 2 6.65839304941036 -3.99668419894577 209.8 54.9309761743096 390 0
1991 3 9.56157530714893 -0.141823391645069 301.6 139.141306154283 390 0
1991 4 16.0499958800267 4.17653913695688 391.2 88.2945742447587 390 0
1991 5 23.2796590316199 10.2885876749613 461.6 92.7131481041734 390 0
1991 6 26.323654350105 13.9173764285091 512.7 44.6608753142734 390 0
1991 7 28.2372941257731 16.6179543162794 503.7 71.5091479787805 390 0
1991 8 27.5083691608961 17.0500928140616 439.3 182.473321802711 390 0
1991 9 22.4472937960409 11.46079035312 346.6 162.078505267953 390 0
1991 10 18.029745055803 7.1498257844309 255.1 73.161509320724 390 0
1991 11 10.6468249699415 2.44449711992329 163.1 127.723123939797 390 0
1991 12 6.67132651164945 -2.93754481098739 125 86.1056816612234 390 0
1992 1 3.59666917712 -6.23651628638301 143.5 78.2998247421319 390 0
1992 2 4.43697241394457 -5.06317892747057 209.8 55.9719747180175 390 0
1992 3 6.22757881005885 -3.43613300667873 301.6 101.868444082639 390 0
1992 4 12.1544855326525 1.86719947452304 391.2 71.5602697497615 390 0
1992 5 19.7097043875928 7.02819370674267 461.6 32.8571498876248 390 0
1992 6 24.1873752031284 12.776572542413 512.7 155.901081946282 390 0
1992 7 25.9126979474721 15.2507811647679 503.7 91.9385841504036 390 0
1992 8 25.225380761875 15.2705757303066 439.3 165.790495082774 390 0
1992 9 22.324074872324 12.2967723320438 346.6 102.566082388423 390 0
1992 10 15.453879293598 4.63439106691336 255.1 53.256774900328 390 0
1992 11 9.27886075830787 1.30801435061543 163.1 138.494655061635 390 0
1992 12 4.73809819571054 -3.47023722482327 125 174.91323285727 390 0
1993 1 3.77891609928709 -4.65107559486497 143.5 66.6987434814476 390 0
1993 2 1.26102607256485 -9.10525276272547 209.8 98.8666629189251 390 0
1993 3 5.72812178299783 -3.4801846473916 301.6 177.046590908427 390 0
1993 4 13.6117417167997 3.62462617760378 391.2 130.984876292528 390 0
1993 5 21.2466553177192 9.00372932408719 461.6 25.8375980554487 390 0
1993 6 25.1892020979517 13.230806616336 512.7 56.7599310935915 390 0
1993 7 28.6633953738542 16.6864734738982 503.7 66.874719732081 390 0
1993 8 27.7988760678452 16.4723443546428 439.3 43.7327906511729 390 0
1993 9 22.4540147272044 12.8856074679212 346.6 123.411155928902 390 0
1993 10 15.7315443048765 4.88364513725223 255.1 97.5269598953756 390 0
1993 11 11.7633291544039 0.370321827492928 163.1 97.6773231829709 390 0
1993 12 4.75227381946651 -3.8771746195383 125 156.457466234654 390 0
1994 1 -0.455198048940607 -11.2164316430564 143.5 143.319663989651 390 0
1994 2 1.19744229762405 -8.87733392887976 209.8 78.0803512135456 390 0
1994 3 7.2046887932348 -2.36543025515192 301.6 179.464050246624 390 0
1994 4 15.6514683563324 3.70792246259912 391.2 63.0044977941905 390 0
1994 5 19.2335077601863 7.50291133688873 461.6 101.28055908569 390 0
1994 6 26.0412344690118 15.0469963984228 512.7 76.9655914177545 390 0
1994 7 29.1677840390108 19.3002956942399 503.7 72.0818492485938 390 0
1994 8 26.0867838969877 15.8227272626717 439.3 157.069343519568 390 0
1994 9 22.0019921948542 12.0535998307634 346.6 113.314077622426 390 0
1994 10 17.3297694387117 5.43530071974672 255.1 23.4796771987661 390 0
1994 11 14.0390359801188 3.11348213789326 163.1 120.555989884422 390 0
1994 12 7.61624655793532 -1.75552138626965 125 130.973965670975 390 0
1995 1 5.31866787835554 -2.63243081573023 143.5 96.3480766738415 390 0
1995 2 2.90741513282273 -7.55777575580886 209.8 63.8869685624962 390 0
1995 3 8.7722197301298 -0.682527870960477 301.6 68.7175100096663 390 0
1995 4 13.4992924684984 2.07838263840029 391.2 65.4753313041482 390 0
1995 5 18.4400522134546 7.63473216906634 461.6 77.7554068883397 390 0
1995 6 25.2104902507024 13.6020492538269 512.7 59.5994405593394 390 0
1995 7 28.693465196754 18.1414562224351 503.7 66.7984677590781 390 0
1995 8 28.0853879649197 15.7884867597719 439.3 49.1042646425022 390 0
1995 9 22.4408283401125 11.0591476700536 346.6 86.9534435990964 390 0
1995 10 19.5044156969382 7.71402404168213 255.1 183.125425631809 390 0
1995 11 9.13195689718119 0.0789795529890298 163.1 146.173346225902 390 0
1995 12 2.2035573603472 -6.15808966902899 125 66.2693325443263 390 0
1996 1 2.45187237928627 -7.23737613850733 143.5 162.634140441567 390 0
1996 2 2.90617949672326 -6.34749118839103 209.8 79.2482301200464 390 0
1996 3 6.68014623420182 -4.15682327586852 301.6 82.22299374581 390 0
1996 4 13.5265767186661 3.25779440234866 391.2 169.682699209758 390 0
1996 5 19.3871168276718 7.69565769968002 461.6 86.3192850367224 390 0
1996 6 24.7957161057646 14.2900287610987 512.7 63.365499147393 390 0
1996 7 25.9307781011965 16.4461567025696 503.7 141.958226664689 390 0
1996 8 25.9847463996942 16.4436005056248 439.3 74.1873476175304 390 0
1996 9 21.8759277030747 13.0236985084576 346.6 194.737523538497 390 0
1996 10 16.4396539994391 5.39867194794915 255.1 217.161935432405 390 0
1996 11 8.4700878442045 -0.685575475070868 163.1 78.4804277551813 390 0
1996 12 7.11504437607692 -0.352221049178631 125 183.423285207468 390 0
1997 1 2.81057100512117 -6.70006427948896 143.5 97.5549389751938 390 0
1997 2 6.24611157249293 -2.7805719288692 209.8 55.4376890616487 390 0
1997 3 7.41360131604785 -1.97900315205699 301.6 112.28915309548 390 0
1997 4 12.8053896634525 2.22949787618306 391.2 145.873543809682 390 0
1997 5 17.6713398057395 7.27009630131162 461.6 82.1308998472043 390 0
1997 6 24.7848999441873 13.064868631256 512.7 43.0723986660969 390 0
1997 7 27.9245646493253 16.3832493323193 503.7 75.2256365876495 390 0
1997 8 25.9696874106485 15.7249767611605 439.3 132.680594535768 390 0
1997 9 22.4608681864909 12.2822921452504 346.6 33.813424459611 390 0
1997 10 16.6578988443311 5.1257122442264 255.1 49.568330926092 390 0
1997 11 9.1612433733687 0.524332170865939 163.1 163.680425049037 390 0
1997 12 5.50594445423793 -3.30448795673436 125 90.7208914959292 390 0
1998 1 5.25162053927553 -2.63614547045828 143.5 152.197469170547 390 0
1998 2 6.33740343561947 -2.07737799149829 209.8 141.450680192142 390 0
1998 3 8.9513093222597 -0.278833066966503 301.6 150.732042507931 390 0
1998 4 14.7100939997229 3.94068765833508 391.2 121.835141760401 390 0
1998 5 21.3048161040449 10.1216235598443 461.6 131.373853072427 390 0
1998 6 23.035365084601 14.0722434436619 512.7 201.681952881751 390 0
1998 7 27.4012379949913 17.0302592688342 503.7 87.9435984773135 390 0
1998 8 27.4237944606222 16.953672139889 439.3 91.7805332875136 390 0
1998 9 24.0756671017675 13.079263027492 346.6 65.25180667348 390 0
1998 10 16.9926526282009 6.74282073000694 255.1 121.636352811995 390 0
1998 11 11.0127898757341 1.04588069090403 163.1 56.9346195317283 390 0
1998 12 8.66423451528828 -1.29090041404706 125 36.6443533307639 390 0
1999 1 4.04545208083391 -6.41246221966157 143.5 174.862346918772 390 0
1999 2 5.22953483273562 -4.32519164060399 209.8 104.473554579997 390 0
1999 3 8.32965499193924 -1.34383208686622 301.6 142.484110435948 390 0
1999 4 15.1100722455954 3.19375003950502 391.2 36.124861096872 390 0
1999 5 20.2892034121933 8.74611566977676 461.6 100.223703326582 390 0
1999 6 26.5880794738553 14.8623680634574 512.7 13.8648103356 390 0
1999 7 29.7089847803678 18.3418618822487 503.7 59.7771799733301 390 0
1999 8 26.7717348375675 16.6091687656318 439.3 70.639757779704 390 0
1999 9 24.0089107608449 13.882181075452 346.6 210.114764564281 390 0
1999 10 16.7099251761702 5.17759231206524 255.1 137.621193783653 390 0
1999 11 13.4458833228223 3.45483173563736 163.1 73.756048288114 390 0
1999 12 6.712384152668 -2.41622967238415 125 66.2526343320257 390 0
2000 1 2.19512927596469 -8.0032818533548 143.5 92.655467583577 390 0
2000 2 5.00407943626617 -3.99638617514894 209.8 84.0564594886408 390 0
2000 3 11.0995380296126 0.569056281720355 301.6 121.407981996098 390 0
2000 4 12.736243388234 3.74804436858513 391.2 145.927252763156 390 0
2000 5 19.6819002626672 8.80552992957964 461.6 98.7558889247541 390 0
2000 6 24.4452712187078 13.7832202486404 512.7 128.838554726334 390 0
2000 7 25.3961524638142 15.3869325172783 503.7 122.494796880045 390 0
2000 8 25.1265603052559 15.8900869846767 439.3 94.913196036435 390 0
2000 9 22.7409743133348 12.1351948234375 346.6 95.559958211635 390 0
2000 10 17.2675616588717 5.71086101286236 255.1 41.5014797429858 390 0
2000 11 9.93848034571647 1.60702109946639 163.1 100.161031806256 390 0
2000 12 2.72250218621828 -6.54301765304766 125 111.821339570083 390 0
2001 1 2.48058729969925 -7.23067457019796 143.5 72.0331870065189 390 0
2001 2 4.58681472150681 -5.23264021189236 209.8 65.5448432248418 390 0
2001 3 5.71219268645802 -2.07503726378 301.6 247.914668983386 390 0
2001 4 14.2480585744044 3.17826976023765 391.2 49.2246097215516 390 0
2001 5 21.0444316302846 9.1477550763495 461.6 94.8705547546311 390 0
2001 6 25.719760003252 15.0837220010893 512.7 144.21619856577 390 0
2001 7 26.0626938562995 15.0352548496247 503.7 73.6529489487388 390 0
2001 8 28.0709404300092 17.9373221281428 439.3 109.640592955884 390 0
2001 9 23.5465346134347 12.5804488683302 346.6 78.4431241045582 390 0
2001 10 18.2955574727644 6.65299349296421 255.1 34.7204275743269 390 0
2001 11 13.5965613373022 2.64069898505855 163.1 26.5512164341131 390 0
2001 12 8.7302934570503 -0.454360720833958 125 74.4996009358585 390 0
2002 1 6.02702532610753 -2.83552518538689 143.5 68.5921778965898 390 0
2002 2 7.21794965179091 -3.66251973426921 209.8 51.9798792140684 390 0
2002 3 9.1735545728774 -1.07659396594499 301.6 119.064376730583 390 0
2002 4 15.7577215136833 4.70618379368849 391.2 99.2524877382286 390 0
2002 5 18.6417861570795 7.6433190988421 461.6 131.131290863428 390 0
2002 6 24.0578496497151 13.1114886187763 512.7 118.1761764026 390 0
2002 7 28.2203992570739 17.2195594613156 503.7 44.1350921225555 390 0
2002 8 28.407491083222 17.4526405656818 439.3 68.9442710534751 390 0
2002 9 24.0853633381585 13.9279455320588 346.6 133.302059582256 390 0
2002 10 15.7515306524837 5.94528457847528 255.1 107.387012008356 390 0
2002 11 9.68081390918224 0.969594105751818 163.1 158.200838230381 390 0
2002 12 4.12109887255021 -4.41534571764486 125 145.472949458313 390 0
2003 1 -0.562865626533235 -8.7289102287703 143.5 70.0663752101492 390 0
2003 2 0.853251297675012 -8.15190104818038 209.8 117.615584648664 390 0
2003 3 8.38923384566808 -3.20665099866848 301.6 129.746450079404 390 0
2003 4 11.5496538783377 1.96126020290266 391.2 121.510161643796 390 0
2003 5 17.5932597473574 7.53473791507603 461.6 95.2794831475837 390 0
2003 6 22.5029925525825 13.4958420326354 512.7 169.267595399261 390 0
2003 7 27.3916725236762 17.4362325966579 503.7 74.8394186992182 390 0
2003 8 27.5231200187259 18.5186656682477 439.3 131.984514090764 390 0
2003 9 22.983261046436 13.6301413862488 346.6 133.355234173769 390 0
2003 10 15.7757625268663 5.37100686073592 255.1 151.070418214674 390 0
2003 11 12.1131310585759 2.69915481782538 163.1 75.9032602647118 390 0
2003 12 5.93044233506191 -3.09315723391312 125 149.425133270758 390 0
2004 1 -2.1163984148475 -10.5199730811176 143.5 48.4161825022956 390 0
2004 2 3.72716841460031 -5.93762928976984 209.8 55.2358196161666 390 0
2004 3 8.01030101259521 -1.09016010323857 301.6 65.3375912296426 390 0
2004 4 13.8406411278623 3.80522932927344 391.2 201.433688984269 390 0
2004 5 20.7032792024644 9.66645492292171 461.6 78.5491417609462 390 0
2004 6 23.7537593671353 13.0302369115384 512.7 48.6667012567334 390 0
2004 7 25.7882911111618 16.7674708510411 503.7 96.22939712478 390 0
2004 8 25.8345138737568 16.8353816854219 439.3 136.707780685315 390 0
2004 9 23.201053312114 13.1292919302781 346.6 192.558216782728 390 0
2004 10 15.7175264920565 6.60459746178664 255.1 55.9985687294983 390 0
2004 11 11.5011720099686 1.055552050106 163.1 107.371971094648 390 0
2004 12 5.59133916627162 -4.00755040062125 125 119.270235668273 390 0
2005 1 1.33087222731519 -7.53886398382458 143.5 137.081846133932 390 0
2005 2 4.14224521098946 -5.74032089500784 209.8 71.0772379369716 390 0
2005 3 5.46929518145634 -4.07914798107162 301.6 139.03055704999 390 0
2005 4 15.4458149500079 3.45893236066278 391.2 118.830103523882 390 0
2005 5 16.1170467865906 6.71169228902607 461.6 121.597423846785 390 0
2005 6 25.5156114444077 14.9148492462413 512.7 45.2780421047915 390 0
2005 7 27.4107432903952 17.5914903663858 503.7 69.9150223442274 390 0
2005 8 28.4248816487733 18.1020396810894 439.3 74.2970270276955 390 0
2005 9 25.3353383820234 13.9949525376413 346.6 79.0975593416923 390 0
2005 10 16.2577026329248 8.29955416559923 255.1 349.522799876746 390 0
2005 11 12.7231812704125 1.87123602881681 163.1 119.42133770356 390 0
2005 12 4.14736583406399 -4.58919461445973 125 111.185874548855 390 0
2006 1 6.42374230552743 -2.54399979796535 143.5 144.695025261645 390 0
2006 2 4.09366774575892 -5.1545946667947 209.8 66.5797857737678 390 0
2006 3 7.87577231187742 -2.30756909530073 301.6 16.5845150244314 390 0
2006 4 15.3564885573277 3.75232776539397 391.2 97.1002270309827 390 0
2006 5 18.7831318910487 9.10329110096415 461.6 199.199036857173 390 0
2006 6 23.7882843250529 15.3330751344896 512.7 252.720752337191 390 0
2006 7 28.2700167834115 18.909357857557 503.7 75.5465173617239 390 0
2006 8 26.5961327744051 16.4108892486694 439.3 118.164743935051 390 0
2006 9 22.0555490331314 11.9115855992444 346.6 71.7770629847861 390 0
2006 10 16.6516366678446 5.86554794123839 255.1 150.777155999362 390 0
2006 11 13.1360076358361 4.31883779743235 163.1 159.346135157366 390 0
2006 12 8.97667347298925 -0.267679020820749 125 57.1106761999664 390 0
2007 1 4.86004014637474 -3.79844132132202 143.5 88.0081007565382 390 0
2007 2 0.565627556611468 -8.13115059500514 209.8 54.7604691478934 390 0
2007 3 7.88331558593608 -3.00424090441518 301.6 147.877064181803 390 0
2007 4 11.9028982405466 2.48397232435673 391.2 216.429891506611 390 0
2007 5 21.3460854736778 8.87797502666147 461.6 61.8777835509457 390 0
2007 6 24.5546451185628 14.0976745526188 512.7 78.0619549303456 390 0
2007 7 27.1248194597688 17.0274298803783 503.7 101.685820595896 390 0
2007 8 27.0847955300383 16.4899192757491 439.3 43.4721040577025 390 0
2007 9 24.4807088053086 13.0176673942551 346.6 48.70419585125 390 0
2007 10 19.6482155212918 9.78963120983629 255.1 83.1173323304169 390 0
2007 11 10.3364792653763 0.288334678629499 163.1 89.3128376082189 390 0
2007 12 3.82399457875148 -4.19927939774838 125 132.7758348635 390 0
2008 1 4.38892577724834 -4.91327518467182 143.5 72.7913857905104 390 0
2008 2 4.6004967505029 -4.81213980747328 209.8 187.331400940316 390 0
2008 3 7.81530153336665 -1.98320244696036 301.6 137.160501068617 390 0
2008 4 15.4704942866435 3.69470374432995 391.2 102.978329279008 390 0
2008 5 18.3907542401111 7.39055401987131 461.6 63.3000232226022 390 0
2008 6 25.6591219383618 15.1601327823008 512.7 88.7371369331768 390 0
2008 7 28.2916686096445 18.5407240702441 503.7 129.882529818261 390 0
2008 8 25.6877879759279 15.2543208842197 439.3 91.2708588556903 390 0
2008 9 22.8089226331228 13.2184107375058 346.6 222.907446987081 390 0
2008 10 16.2396911668797 5.40372480976875 255.1 67.5213397995144 390 0
2008 11 10.1648102834105 1.02410642269028 163.1 100.317041440872 390 0
2008 12 6.30493907508314 -3.34468093499009 125 188.448832527796 390 0
2009 1 -0.216187894859199 -9.7167233426879 143.5 97.6637913408624 390 0
2009 2 4.66557064257577 -5.52181383650891 209.8 45.5459775808865 390 0
2009 3 7.6410500691996 -2.07566677837649 301.6 77.0444090308443 390 0
2009 4 15.1624069011547 4.21992954727177 391.2 119.76933042514 390 0
2009 5 19.2699826337677 9.33029484319726 461.6 87.4425995743361 390 0
2009 6 21.6847634126821 13.3490201223473 512.7 139.288370496219 390 0
2009 7 25.4186822698065 16.0030726527852 503.7 194.391072173646 390 0
2009 8 27.3125404547549 18.088998225798 439.3 114.923647474192 390 0
2009 9 22.0573141390035 11.3861434443462 346.6 67.3104155410174 390 0
2009 10 15.0503244591302 5.67315647987605 255.1 167.052550620529 390 0
2009 11 12.9738371528104 4.58225034012531 163.1 80.3432313832031 390 0
2009 12 4.53085547435544 -4.3382095933855 125 148.972855025822 390 0
2010 1 2.17060108734868 -6.2707869937719 143.5 89.4082244622112 390 0
2010 2 2.94473875947977 -4.16310958409067 209.8 123.52365406275 390 0
2010 3 10.8388216730294 1.5264574475438 301.6 339.421081951167 390 0
2010 4 16.7536370559974 5.31683838977939 391.2 48.6646891043278 390 0
2010 5 22.0884999099841 10.0912980267646 461.6 69.6391726756668 390 0
2010 6 25.8180405354594 15.5655257313918 512.7 79.7192629457846 390 0
2010 7 29.7176567631898 18.9010253273497 503.7 84.0830888737521 390 0
2010 8 27.1283155586567 16.8719017023892 439.3 100.792153365247 390 0
2010 9 24.472605665231 14.1177300557045 346.6 71.3104266469887 390 0
2010 10 17.3047721282616 7.48521533098651 255.1 132.964064416013 390 0
2010 11 11.0495137730654 1.69750991153325 163.1 96.1485846025379 390 0
2010 12 3.13595021624407 -4.8383933884316 125 111.797935072067 390 0
2011 1 1.20572280475809 -8.45781617027979 143.5 106.839310588779 390 0
2011 2 3.68144091626116 -7.50701863821774 209.8 103.951557232534 390 0
2011 3 8.15770931477373 -1.59515684407187 301.6 97.6641585553114 390 0
2011 4 14.1482437688656 4.71801724887268 391.2 149.100897174 390 0
2011 5 19.6056194225447 10.2735587394764 461.6 96.3296042316289 390 0
2011 6 24.2956142434739 14.2380490516205 512.7 132.721365047464 390 0
2011 7 28.7990811933743 18.1912028991304 503.7 68.1267468410092 390 0
2011 8 26.8885119348282 17.3562371693809 439.3 224.799460929309 390 0
2011 9 23.89661934944 14.8007275835183 346.6 167.670570322878 390 0
2011 10 17.6728198649487 8.22912446813563 255.1 187.791968651611 390 0
2011 11 13.8480502543141 3.23365055092703 163.1 100.576307008159 390 0
2011 12 8.6099251698911 -1.35916465292099 125 106.009858798224 390 0
2012 1 5.38392299964809 -4.04451599777169 143.5 86.0022081755775 390 0
2012 2 7.3333089061813 -2.90967923053042 209.8 28.8019728250663 390 0
2012 3 12.5847752160011 2.19252308300728 301.6 44.7029006379277 390 0
2012 4 15.9490325233579 4.43816212419787 391.2 77.5494894360423 390 0
2012 5 20.3740339172603 11.1971112400487 461.6 117.794311489713 390 0
2012 6 23.8994505473447 13.7907181704527 512.7 105.028817550351 390 0
2012 7 28.9408568772053 18.1787262549475 503.7 82.3437067627445 390 0
2012 8 27.7648216194641 17.6683130464368 439.3 115.416613530852 390 0
2012 9 23.1166113654995 12.7970697751232 346.6 118.118401942198 390 0
2012 10 17.6712432066964 8.4703076139637 255.1 110.77451730949 390 0
2012 11 9.69759727029934 0.715589909391622 163.1 38.6765525935933 390 0
2012 12 7.22576787546255 -0.807290019118971 125 150.176675931661 390 0
2013 1 3.45581478534967 -5.46127315035209 143.5 42.6028692366507 390 0
2013 2 3.27583851600195 -4.86020109608403 209.8 135.578190411302 390 0
2013 3 6.83908091134325 -1.20930776714306 301.6 90.3341840812055 390 0
2013 4 14.2083501641652 3.25152497868552 391.2 52.5768564187618 390 0
2013 5 20.3973244637479 8.56073109803468 461.6 102.818538476641 390 0
2013 6 25.1642828722062 14.9013739387408 512.7 262.019105934121 390 0
2013 7 28.8155019489153 20.4107573689701 503.7 87.0389475733997 390 0
2013 8 25.9948467305891 15.6037182630602 439.3 77.7460966364521 390 0
2013 9 22.7953820252963 11.7317875663618 346.6 68.0192802193233 390 0
2013 10 18.1551178692188 6.82503987997427 255.1 25.8311178554975 390 0
2013 11 10.8363957106124 0.316198859276481 163.1 106.190577862926 390 0
2013 12 5.00072024490278 -3.74014074732837 125 112.566417855755 390 0
2014 1 2.626604 -5.5237856 143.5 52.5015287 390 0
2014 2 7.1675797 -0.81377506 209.8 56.903480625 390 0
2014 3 7.5467067 -2.696751 301.6 63.072383 390 0
2014 4 16.05178 5.674272 391.2 349.44855 390 0
2014 5 20.572252 8.405828 461.6 87.6164191 390 0
2014 6 24.928171 14.224058 512.7 285.25857 390 0
2014 7 30.683521 18.554996 503.7 40.2142602 390 0
2014 8 28.110802 16.309422 439.3 98.1199724 390 0
2014 9 25.555285 13.755271 346.6 93.974298 390 0
2014 10 19.468243 8.496387 255.1 178.4276207 390 0
2014 11 13.1946125 3.1879683 163.1 60.352515 390 0
2014 12 9.166531 0.43338197 125 167.659005 390 0
2015 1 2.7921476 -4.8128552 143.5 96.3562708 390 0
2015 2 3.6503098 -6.2699943 209.8 198.88157635 390 0
2015 3 7.144302 -2.4506612 301.6 193.7287433 390 0
2015 4 16.08815 5.216359 391.2 94.974939 390 0
2015 5 18.210373 7.675455 461.6 216.1167046 390 0
2015 6 25.256296 13.121045 512.7 20.254659 390 0
2015 7 27.905064 16.679867 503.7 84.3057803 390 0
2015 8 28.16382 17.232874 439.3 108.0735857 390 0
2015 9 23.776533 13.136658 346.6 62.517306 390 0
2015 10 20.054634 8.731593 255.1 192.1803336 390 0
2015 11 14.320307 4.2913795 163.1 135.61659 390 0
2015 12 7.7644076 -0.9164538 125 129.836525 390 0
2016 1 1.4961313 -8.515013 143.5 99.621631 390 0
2016 2 5.4662843 -5.5624824 209.8 147.21185175 390 0
2016 3 5.5982475 -4.025929 301.6 137.526323 390 0
2016 4 14.975595 4.175929 391.2 237.440301 390 0
2016 5 18.399775 7.6868634 461.6 120.0037435 390 0
2016 6 25.914688 14.227615 512.7 61.384449 390 0
2016 7 28.712519 16.949223 503.7 43.4286285 390 0
2016 8 29.109476 18.351126 439.3 94.7120463 390 0
2016 9 23.395346 12.232932 346.6 199.134279 390 0
2016 10 17.979986 5.979516 255.1 285.294705 390 0
2016 11 10.856759 1.4013667 163.1 109.860564 390 0
2016 12 2.1058414 -6.0343733 125 32.6875036 390 0
2017 1 5.575635 -3.2841432 143.5 296.782127 390 0
2017 2 5.082515 -4.0590787 209.8 55.43253985 390 0
2017 3 5.9227386 -3.3987048 301.6 205.1278897 390 0
2017 4 13.807984 3.0961804 391.2 147.703185 390 0
2017 5 19.479805 8.187765 461.6 116.8239836 390 0
2017 6 24.110287 12.697415 512.7 44.888187 390 0
2017 7 27.528524 16.578648 503.7 145.433958 390 0
2017 8 26.677639 15.008639 439.3 69.466908 390 0
2017 9 22.367939 11.028394 346.6 129.459759 390 0
2017 10 18.038185 6.490931 255.1 49.900762 390 0
2017 11 12.884914 3.523637 163.1 147.848295 390 0
2017 12 4.5929513 -3.0285056 125 30.4206193 390 0
2018 1 5.9947314 -2.4271924 143.5 82.5435574 390 0
2018 2 6.427888 -1.8500113 209.8 67.331917275 390 0
2018 3 9.683206 -0.7653028 301.6 59.6269686 390 0
2018 4 15.437271 4.4112773 391.2 86.116476 390 0
2018 5 22.17307 9.762888 461.6 78.6145089 390 0
2018 6 26.247154 15.039529 512.7 90.12411 390 0
2018 7 28.18705 16.920313 503.7 113.2107135 390 0
2018 8 26.393124 15.744929 439.3 143.1332713 390 0
2018 9 23.08115 13.124113 346.6 130.426512 390 0
2018 10 18.85976 6.9955473 255.1 44.8719637 390 0
2018 11 14.998628 5.1668077 163.1 245.70771 390 0
2018 12 10.266119 0.47735763 125 241.421087 390 0
2019 1 7.803899 -2.1692936 143.5 100.7501023 390 0
2019 2 4.898988 -5.819204 209.8 99.4898669 390 0
2019 3 10.508807 -0.102225736 301.6 85.9087655 390 0
2019 4 16.099297 4.9231696 391.2 88.925301 390 0
2019 5 21.397701 9.572953 461.6 125.6945003 390 0
2019 6 28.167992 16.487848 512.7 59.919438 390 0
2019 7 31.200602 19.224545 503.7 58.8646135 390 0
2019 8 29.871206 19.230846 439.3 99.1288705 390 0
2019 9 24.62629 13.682129 346.6 75.894855 390 0
2019 10 18.983261 7.6334033 255.1 74.1309262 390 0
2019 11 13.722032 3.4222414 163.1 253.36713 390 0
2019 12 8.186856 -0.30359033 125 94.0227272 390 0
2020 1 4.988229 -3.9320617 143.5 55.880383 390 0
2020 2 6.427169 -4.0232882 209.8 82.84106275 390 0
2020 3 9.3346405 -0.28910214 301.6 102.4006725 390 0
2020 4 16.0202 4.8220167 391.2 76.992438 390 0
2020 5 19.243822 7.9954515 461.6 65.5521908 390 0
2020 6 25.402206 13.808441 512.7 81.247896 390 0
2020 7 28.276379 17.251974 503.7 76.6335996 390 0
2020 8 27.18736 16.759882 439.3 176.8221524 390 0
2020 9 24.648212 13.019521 346.6 72.978294 390 0
2020 10 19.52377 7.772837 255.1 66.6722208 390 0
2020 11 12.478288 3.3935776 163.1 152.3391 390 0
2020 12 5.648473 -2.0981145 125 50.5761218 390 0
2021 1 1.8611342 -6.6807594 143.5 160.770092 390 0
2021 2 4.6210093 -5.3520885 209.8 125.64411805 390 0
2021 3 9.229314 -1.5052861 301.6 130.1465715 390 0
2021 4 15.249165 3.5996997 391.2 72.80994 390 0
2021 5 21.350412 9.148104 461.6 86.2631017 390 0
2021 6 27.453978 15.711139 512.7 71.547525 390 0
2021 7 30.709087 18.513298 503.7 47.9735757 390 0
2021 8 28.342943 17.525763 439.3 95.91121 390 0
2021 9 26.08265 13.889545 346.6 42.625005 390 0
2021 10 19.314512 8.479464 255.1 120.86652 390 0
2021 11 13.176612 3.4088652 163.1 128.364645 390 0
2021 12 7.3585906 -0.8845657 125 108.3050782 390 0
2022 1 3.8033912 -4.0482244 143.5 59.6600053 390 0
2022 2 4.6016464 -5.2841573 209.8 55.3299754 390 0
2022 3 8.200946 -0.8925516 301.6 125.815329 390 0
2022 4 16.232128 4.943353 391.2 78.340236 390 0
2022 5 21.884565 9.659126 461.6 58.0816434 390 0
2022 6 27.329824 15.152635 512.7 123.310662 390 0
2022 7 28.578947 17.350893 503.7 104.2326144 390 0
2022 8 25.724527 15.683662 439.3 240.378588 390 0
2022 9 23.35674 12.425647 346.6 45.31098 390 0
2022 10 16.219585 4.8384843 255.1 44.9321998 390 0
2022 11 12.444582 2.96276 163.1 158.73789 390 0
2022 12 8.229131 -0.15539514 125 170.8224527 390 0
2023 1 4.021312 -4.332799 143.5 143.427948 390 0
2023 2 2.8238847 -6.8914957 209.8 58.400453775 390 0
2023 3 4.548572 -4.9504285 301.6 109.285974 390 0
2023 4 17.564426 6.0390067 391.2 84.31683 390 0
2023 5 21.766378 9.621366 461.6 129.7553236 390 0
2023 6 25.446104 13.840282 512.7 132.23469 390 0
2023 7 29.882511 19.385565 503.7 151.374612 390 0
2023 8 28.030542 16.898571 439.3 80.7846236 390 0
2023 9 23.928513 13.036584 346.6 157.59012 390 0
2023 10 17.94979 6.6061077 255.1 45.5784258 390 0
2023 11 14.735737 5.159189 163.1 58.351401 390 0
2023 12 7.446006 -0.65438974 125 170.685566 390 0
2024 1 3.2600133 -5.969125 143.5 139.2324452 390 0
2024 2 6.8306975 -2.9998226 209.8 56.222480475 390 0
2024 3 10.221545 0.08580636 301.6 73.6185489 390 0
2024 4 17.099771 4.9136186 391.2 137.135511 390 0
2024 5 22.251043 9.31498 461.6 114.900756 390 0
2024 6 24.579851 13.562948 512.7 87.014178 390 0
2024 7 31.218967 18.932201 503.7 36.7625466 390 0
2024 8 29.323652 18.403236 439.3 80.7074398 390 0
2024 9 23.979536 12.847941 346.6 121.952448 390 0
2024 10 19.83518 8.944401 255.1 128.3446376 390 0
2024 11 13.120144 3.7731788 163.1 157.38684 390 0
2024 12 6.3217335 -5.531493 125 201.8107006 390 0
2025 1 4.0780363 -4.870538 143.5 157.1158585 390 0
2025 2 3.8741338 -6.133468 209.8 83.878205 390 0
2025 3 7.9245234 -2.3061905 301.6 217.753052 390 0
2025 4 13.509273 2.677134 391.2 148.37157 390 0
2025 5 20.403528 8.768809 461.6 129.10911 390 0
2025 6 25.690119 14.408594 512.7 89.798106 390 0
2025 7 29.088654 17.525148 503.7 106.9441255 390 0
2025 8 27.655745 16.380306 439.3 149.004507 390 0
2025 9 24.689121 14.115882 346.6 89.654001 390 0
2025 10 18.40389 6.3855023 255.1 133.345973 390 0
2025 11 15.353031 5.989345 163.1 103.392192 390 0
2025 12 12.137433 2.3138678 125 151.498984 390 0
2026 1 3.4573998 -5.3855743 143.5 37.9717512 390 0
2026 2 4.142294 -6.0236664 209.8 68.36277955 390 0
2026 3 6.1437945 -2.9497209 301.6 77.2998516 390 0
2026 4 13.235333 2.408881 391.2 172.914291 390 0
2026 5 19.158743 8.702594 461.6 126.0675233 390 0
2026 6 26.112976 14.030086 512.7 45.211851 390 0
2026 7 29.077375 18.04286 503.7 136.015042 390 0
2026 8 29.002045 18.09627 439.3 90.4522185 390 0
2026 9 23.813679 12.767473 346.6 89.544354 390 0
2026 10 16.367628 5.4347715 255.1 93.088908 390 0
2026 11 12.108269 3.351139 163.1 116.489754 390 0
2026 12 8.825631 0.43476483 125 173.8700627 390 0
2027 1 1.142815 -6.739307 143.5 18.7067857 390 0
2027 2 4.0328174 -5.476511 209.8 68.47950855 390 0
2027 3 6.609741 -2.1328833 301.6 173.2810038 390 0
2027 4 16.726933 5.3143535 391.2 90.227517 390 0
2027 5 19.425589 8.236736 461.6 70.321206 390 0
2027 6 25.504427 14.869585 512.7 176.866779 390 0
2027 7 28.994667 18.172165 503.7 107.6855742 390 0
2027 8 29.237204 17.362734 439.3 50.0150187 390 0
2027 9 23.988094 13.05556 346.6 94.557009 390 0
2027 10 19.413048 8.925362 255.1 100.5006887 390 0
2027 11 11.307963 2.1152294 163.1 120.49659 390 0
2027 12 5.8295465 -3.8156588 125 37.8556686 390 0
2028 1 -1.2574587 -11.70822 143.5 105.7848278 390 0
2028 2 2.3034282 -7.614866 209.8 111.522256625 390 0
2028 3 7.9013295 -1.3587273 301.6 99.5611903 390 0
2028 4 12.999501 2.153098 391.2 96.78942 390 0
2028 5 19.823929 8.15223 461.6 63.2490985 390 0
2028 6 25.958002 13.968588 512.7 31.256991 390 0
2028 7 28.75341 17.894861 503.7 145.9060694 390 0
2028 8 30.543407 19.128494 439.3 37.8396013 390 0
2028 9 29.389484 18.19316 346.6 80.92665 390 0
2028 10 22.681036 11.571402 255.1 70.771791 390 0
2028 11 16.764362 6.2710543 163.1 106.283355 390 0
2028 12 8.575867 -0.23257586 125 80.0988881 390 0
2029 1 3.5407257 -4.694525 143.5 40.4703078 390 0
2029 2 5.7032747 -3.9559414 209.8 82.656203225 390 0
2029 3 8.6978035 -0.029956039 301.6 111.9271523 390 0
2029 4 17.026691 5.751774 391.2 81.0645 390 0
2029 5 20.467102 8.685273 461.6 195.5163397 390 0
2029 6 25.613838 14.175997 512.7 87.492498 390 0
2029 7 28.44899 17.363705 503.7 107.272679 390 0
2029 8 28.062004 17.129854 439.3 115.9296367 390 0
2029 9 25.882925 14.249739 346.6 32.536515 390 0
2029 10 18.427137 5.4789014 255.1 70.7393867 390 0
2029 11 14.103054 4.353936 163.1 65.604294 390 0
2029 12 9.632955 1.0527184 125 128.8605117 390 0
2030 1 2.1205497 -6.3639936 143.5 224.8433937 390 0
2030 2 4.7924213 -4.1593328 209.8 51.273922325 390 0
2030 3 7.7701163 -1.8019001 301.6 114.2374366 390 0
2030 4 16.046066 4.5886707 391.2 60.488799 390 0
2030 5 22.142523 9.829792 461.6 191.15406 390 0
2030 6 23.131744 12.736474 512.7 142.71609 390 0
2030 7 27.788473 17.019987 503.7 108.2870889 390 0
2030 8 27.25257 15.739778 439.3 69.8516552 390 0
2030 9 22.89906 12.503412 346.6 75.262557 390 0
2030 10 17.869522 7.7275767 255.1 268.654184 390 0
2030 11 13.394185 3.7086952 163.1 53.66976 390 0
2030 12 5.2718697 -2.8047655 125 294.934806 390 0
2031 1 0.6965873 -9.234078 143.5 128.4354273 390 0
2031 2 6.0677648 -3.9186895 209.8 99.25917175 390 0
2031 3 8.057904 -0.8205314 301.6 183.8368975 390 0
2031 4 14.218334 3.9034848 391.2 168.10968 390 0
2031 5 18.62763 7.9160533 461.6 43.9222043 390 0
2031 6 25.270784 13.798142 512.7 62.25078 390 0
2031 7 27.933336 16.918865 503.7 63.6692012 390 0
2031 8 27.952576 17.122013 439.3 159.6841186 390 0
2031 9 24.258402 13.539794 346.6 123.75762 390 0
2031 10 18.549286 6.0891595 255.1 54.0110427 390 0
2031 11 11.343484 1.8076633 163.1 171.700359 390 0
2031 12 6.6084824 -2.2975118 125 299.381446 390 0
2032 1 3.6321197 -5.3758883 143.5 97.894032 390 0
2032 2 5.058737 -4.048622 209.8 78.788846025 390 0
2032 3 5.4165516 -4.1587715 301.6 67.6875266 390 0
2032 4 17.934975 6.5457406 391.2 51.819507 390 0
2032 5 22.661312 9.972869 461.6 58.0590134 390 0
2032 6 26.390543 14.791806 512.7 123.407292 390 0
2032 7 29.476524 18.688463 503.7 109.5704424 390 0
2032 8 29.822554 19.354328 439.3 123.900676 390 0
2032 9 24.7333 13.091009 346.6 32.50692 390 0
2032 10 19.063416 7.0279694 255.1 129.4877564 390 0
2032 11 13.673951 3.737733 163.1 129.355302 390 0
2032 12 8.894402 -0.3464291 125 153.2454992 390 0
2033 1 4.988228 -3.8780084 143.5 27.9275125 390 0
2033 2 4.57251 -4.965574 209.8 93.5418407 390 0
2033 3 9.383768 -0.5412635 301.6 117.402053 390 0
2033 4 15.551826 6.342133 391.2 127.51116 390 0
2033 5 19.748209 9.738722 461.6 258.198752 390 0
2033 6 25.43115 14.189359 512.7 77.523216 390 0
2033 7 30.199476 17.905365 503.7 63.3300426 390 0
2033 8 28.73145 17.982426 439.3 191.669125 390 0
2033 9 22.868843 11.294748 346.6 199.702005 390 0
2033 10 17.176548 5.483005 255.1 34.632239 390 0
2033 11 12.449765 3.2328053 163.1 107.723166 390 0
2033 12 9.903977 1.2032614 125 334.587898 390 0
2034 1 5.592224 -2.7003973 143.5 192.3508584 390 0
2034 2 8.052187 -3.0245311 209.8 216.846398275 390 0
2034 3 11.011775 0.7657159 301.6 61.6718712 390 0
2034 4 18.00658 6.8099465 391.2 87.732276 390 0
2034 5 21.708704 10.611628 461.6 192.520106 390 0
2034 6 29.833544 17.377174 512.7 108.104268 390 0
2034 7 31.178408 20.20502 503.7 168.1716644 390 0
2034 8 30.151115 19.381714 439.3 51.4149353 390 0
2034 9 24.657385 13.320797 346.6 37.834908 390 0
2034 10 20.275225 9.435967 255.1 114.5962554 390 0
2034 11 12.663458 2.5926793 163.1 112.70676 390 0
2034 12 3.1488461 -5.410815 125 189.202331 390 0
2035 1 5.935043 -2.8349342 143.5 182.7977124 390 0
2035 2 4.8924465 -4.287152 209.8 42.264308025 390 0
2035 3 10.010947 0.48339218 301.6 174.0955164 390 0
2035 4 17.218243 6.1225605 391.2 65.697891 390 0
2035 5 22.39148 10.544505 461.6 165.9431395 390 0
2035 6 27.238075 15.952028 512.7 55.602687 390 0
2035 7 29.708733 18.493267 503.7 107.0753361 390 0
2035 8 28.845144 17.365702 439.3 41.9533261 390 0
2035 9 23.573769 12.668881 346.6 128.35107 390 0
2035 10 19.881853 7.475513 255.1 77.0093134 390 0
2035 11 15.238416 4.823413 163.1 131.786271 390 0
2035 12 11.528039 1.7872821 125 52.6551523 390 0
2036 1 9.453439 1.9898175 143.5 115.5661958 390 0
2036 2 4.3601456 -4.3292413 209.8 63.981794975 390 0
2036 3 9.874082 1.3588617 301.6 65.4663146 390 0
2036 4 14.913093 3.9457831 391.2 101.869305 390 0
2036 5 19.911177 10.460041 461.6 214.5947534 390 0
2036 6 26.302395 15.1121025 512.7 152.63739 390 0
2036 7 28.90557 18.40272 503.7 106.407903 390 0
2036 8 28.519545 18.550098 439.3 71.686477 390 0
2036 9 24.033789 13.212171 346.6 141.28971 390 0
2036 10 20.709911 9.89501 255.1 117.606653 390 0
2036 11 14.570946 5.009832 163.1 77.146068 390 0
2036 12 9.176632 0.831922 125 156.948009 390 0
2037 1 6.3671365 -1.6169709 143.5 104.2796197 390 0
2037 2 7.8135633 -1.2108601 209.8 78.20435635 390 0
2037 3 9.396475 -0.060720824 301.6 99.6473393 390 0
2037 4 18.425348 6.9823813 391.2 79.70508 390 0
2037 5 23.799477 11.323208 461.6 36.4454755 390 0
2037 6 28.801575 16.701328 512.7 224.70834 390 0
2037 7 30.370363 18.791838 503.7 41.3590778 390 0
2037 8 29.906548 18.808907 439.3 81.6656498 390 0
2037 9 25.688736 13.850985 346.6 45.199851 390 0
2037 10 21.310686 10.296908 255.1 81.3993164 390 0
2037 11 12.89794 3.3372076 163.1 142.507338 390 0
2037 12 7.4379067 -0.4177831 125 80.7476034 390 0
2038 1 5.6467347 -5.687174 143.5 233.795335 390 0
2038 2 4.688816 -4.8635325 209.8 83.77587785 390 0
2038 3 7.7365847 -2.1312304 301.6 67.7803127 390 0
2038 4 15.868332 4.981814 391.2 61.503459 390 0
2038 5 21.155794 10.630853 461.6 93.3427484 390 0
2038 6 27.603056 15.729265 512.7 90.811881 390 0
2038 7 30.17592 18.880672 503.7 180.137621 390 0
2038 8 28.647196 18.603683 439.3 153.549262 390 0
2038 9 24.02708 13.575338 346.6 89.481996 390 0
2038 10 17.907913 7.03459 255.1 141.77168 390 0
2038 11 12.489202 2.7430787 163.1 63.462246 390 0
2038 12 8.974952 0.618259 125 139.4587886 390 0
2039 1 6.3967285 -1.74931 143.5 324.416178 390 0
2039 2 5.4695325 -3.3341532 209.8 24.188505975 390 0
2039 3 10.437718 2.2083201 301.6 260.427063 390 0
2039 4 17.337095 6.474141 391.2 81.78363 390 0
2039 5 23.706064 11.993376 461.6 63.7524827 390 0
2039 6 25.540874 14.457319 512.7 95.029035 390 0
2039 7 29.605598 18.308647 503.7 84.368391 390 0
2039 8 28.651438 18.137653 439.3 213.6939864 390 0
2039 9 24.088202 14.063092 346.6 197.013888 390 0
2039 10 18.403135 7.121051 255.1 44.9970642 390 0
2039 11 15.266167 5.3096356 163.1 207.01413 390 0
2039 12 8.676614 0.34816167 125 187.8972186 390 0
2040 1 3.4527056 -5.208586 143.5 129.1223315 390 0
2040 2 5.555371 -3.5903926 209.8 56.50407365 390 0
2040 3 7.0685425 -1.7855892 301.6 153.2065663 390 0
2040 4 15.414364 4.5817566 391.2 84.46251 390 0
2040 5 20.558683 10.003691 461.6 127.7855836 390 0
2040 6 26.454988 15.087608 512.7 32.927559 390 0
2040 7 29.02647 18.013594 503.7 82.4204688 390 0
2040 8 28.73426 18.104416 439.3 75.9240964 390 0
2040 9 25.595955 14.64996 346.6 76.291443 390 0
2040 10 20.302032 8.466115 255.1 61.536023 390 0
2040 11 14.423828 3.4817939 163.1 136.39668 390 0
2040 12 7.254604 -0.47241428 125 42.7178078 390 0
2041 1 6.3305035 -2.2990692 143.5 233.8800425 390 0
2041 2 5.6834025 -3.9667716 209.8 65.7187095 390 0
2041 3 11.814991 2.4462953 301.6 75.394852 390 0
2041 4 18.367634 7.1964164 391.2 85.10154 390 0
2041 5 25.04573 12.681735 461.6 213.2298637 390 0
2041 6 27.742373 15.741866 512.7 61.816185 390 0
2041 7 30.127249 18.763668 503.7 81.0991465 390 0
2041 8 30.062878 19.254702 439.3 47.6961009 390 0
2041 9 26.206585 14.8461685 346.6 59.971128 390 0
2041 10 21.590508 10.817896 255.1 51.0120996 390 0
2041 11 10.005188 0.65648496 163.1 21.9279045 390 0
2041 12 8.149685 -0.51729727 125 145.3473843 390 0
2042 1 7.613199 -0.47134194 143.5 69.633719 390 0
2042 2 7.2139277 -2.5423381 209.8 107.2822565 390 0
2042 3 12.410089 3.0686502 301.6 179.795691 390 0
2042 4 18.481276 7.2607985 391.2 273.08847 390 0
2042 5 23.211588 11.544893 461.6 93.500588 390 0
2042 6 27.838835 16.65095 512.7 103.781649 390 0
2042 7 33.31303 21.319347 503.7 41.6399967 390 0
2042 8 29.634655 18.506811 439.3 97.4439957 390 0
2042 9 26.1472 15.00352 346.6 194.237052 390 0
2042 10 22.486805 11.342188 255.1 226.9872204 390 0
2042 11 13.511397 4.074609 163.1 51.445008 390 0
2042 12 7.2379947 -1.3568832 125 56.2274776 390 0
2043 1 2.3855562 -8.414217 143.5 44.9019903 390 0
2043 2 5.7987967 -3.8355725 209.8 130.04856425 390 0
2043 3 11.23945 1.2991045 301.6 88.8931882 390 0
2043 4 17.873434 6.907093 391.2 80.165892 390 0
2043 5 24.646011 11.944825 461.6 77.8083446 390 0
2043 6 28.306736 16.434618 512.7 78.918192 390 0
2043 7 30.167519 19.351793 503.7 120.431838 390 0
2043 8 29.27235 18.315464 439.3 63.916017 390 0
2043 9 25.917416 14.27932 346.6 42.973971 390 0
2043 10 20.924929 10.090794 255.1 43.5466052 390 0
2043 11 14.145944 4.823382 163.1 248.334 390 0
2043 12 10.93765 1.9009528 125 170.1036805 390 0
2044 1 5.115514 -2.6540449 143.5 44.8255443 390 0
2044 2 7.9602056 -0.77565086 209.8 149.153324525 390 0
2044 3 9.590306 -0.08652217 301.6 188.498259 390 0
2044 4 15.948952 4.9545174 391.2 65.603649 390 0
2044 5 22.987066 11.144384 461.6 64.3848548 390 0
2044 6 28.083454 16.32474 512.7 100.570929 390 0
2044 7 30.552916 19.85501 503.7 114.1545488 390 0
2044 8 29.980762 18.599194 439.3 98.4911695 390 0
2044 9 25.682348 15.12798 346.6 114.939858 390 0
2044 10 21.061102 9.745345 255.1 66.6131813 390 0
2044 11 14.671847 3.976241 163.1 74.1306 390 0
2044 12 7.5382457 -0.18330114 125 234.780918 390 0
2045 1 4.7530475 -3.6138816 143.5 53.9825692 390 0
2045 2 3.770691 -6.870395 209.8 60.587082875 390 0
2045 3 12.243398 2.2663593 301.6 176.743338 390 0
2045 4 17.694624 6.6509314 391.2 88.094565 390 0
2045 5 24.558447 12.376486 461.6 78.9465313 390 0
2045 6 26.648998 15.289655 512.7 264.4002 390 0
2045 7 30.575624 19.34405 503.7 51.8504574 390 0
2045 8 29.41035 18.138296 439.3 196.509961 390 0
2045 9 25.368027 14.9279175 346.6 255.52461 390 0
2045 10 22.301529 11.487972 255.1 75.4254862 390 0
2045 11 12.043859 2.4256682 163.1 115.746468 390 0
2045 12 7.307327 -0.85221976 125 98.5988852 390 0
2046 1 4.8107204 -3.4486642 143.5 30.2003426 390 0
2046 2 3.5667303 -6.4065394 209.8 57.9107824 390 0
2046 3 9.677491 -0.12942326 301.6 150.092979 390 0
2046 4 17.215517 6.4517126 391.2 123.884511 390 0
2046 5 21.430819 10.469285 461.6 83.1715182 390 0
2046 6 27.178848 16.195799 512.7 66.87795 390 0
2046 7 30.595057 18.857914 503.7 55.640443 390 0
2046 8 30.547428 19.99514 439.3 195.2405234 390 0
2046 9 26.524967 15.472642 346.6 80.452215 390 0
2046 10 21.389584 11.260069 255.1 117.2183501 390 0
2046 11 13.58875 3.5125833 163.1 110.03748 390 0
2046 12 6.3467665 -2.5335486 125 173.29775 390 0
2047 1 2.310295 -5.7393184 143.5 18.1283846 390 0
2047 2 6.058018 -2.794615 209.8 86.471399625 390 0
2047 3 12.2571335 3.2008553 301.6 62.69533 390 0
2047 4 18.401012 7.3378787 391.2 112.909548 390 0
2047 5 20.990274 9.948418 461.6 61.9402196 390 0
2047 6 27.532896 16.040049 512.7 230.148582 390 0
2047 7 30.10641 19.70875 503.7 115.5203778 390 0
2047 8 28.486084 17.924164 439.3 53.1677063 390 0
2047 9 28.45832 17.531893 346.6 56.503197 390 0
2047 10 20.669847 8.915296 255.1 43.8778929 390 0
2047 11 12.813393 2.8110015 163.1 90.096501 390 0
2047 12 6.7160883 -2.237039 125 140.9951486 390 0
2048 1 3.6519701 -5.813684 143.5 54.7357266 390 0
2048 2 4.323368 -4.5378246 209.8 76.5217581 390 0
2048 3 10.168248 0.24374309 301.6 164.593229 390 0
2048 4 14.927216 4.818723 391.2 207.791505 390 0
2048 5 23.589668 11.541376 461.6 74.915468 390 0
2048 6 28.087532 16.143808 512.7 32.205906 390 0
2048 7 31.243315 19.624329 503.7 60.1821414 390 0
2048 8 29.846806 19.336319 439.3 183.051807 390 0
2048 9 26.085178 15.549692 346.6 73.556541 390 0
2048 10 19.861645 8.6815815 255.1 172.5450824 390 0
2048 11 13.8815365 3.2343512 163.1 83.661276 390 0
2048 12 9.563552 2.1903453 125 203.13153 390 0
2049 1 7.1649365 -2.2186058 143.5 79.4909874 390 0
2049 2 4.9797354 -3.0722604 209.8 89.02654715 390 0
2049 3 12.57367 3.3428998 301.6 137.1913835 390 0
2049 4 19.377314 7.9128933 391.2 83.74425 390 0
2049 5 23.818556 11.513279 461.6 75.4888626 390 0
2049 6 29.634573 17.871223 512.7 22.5002145 390 0
2049 7 30.73294 20.210917 503.7 148.017684 390 0
2049 8 30.884897 19.651783 439.3 42.2441836 390 0
2049 9 25.952053 14.3146305 346.6 50.283021 390 0
2049 10 21.871069 10.59685 255.1 177.3003336 390 0
2049 11 12.621266 2.9331212 163.1 197.08158 390 0
2049 12 10.383456 0.97468597 125 230.964353 390 0
2050 1 5.270566 -2.4959524 143.5 293.141084 390 0
2050 2 2.4471614 -6.6658816 209.8 111.920355625 390 0
2050 3 8.095847 -1.1968983 301.6 200.903436 390 0
2050 4 15.971606 5.3707547 391.2 102.14991 390 0
2050 5 20.701025 9.221272 461.6 115.3599869 390 0
2050 6 25.380966 14.332479 512.7 54.09297 390 0
2050 7 29.047167 18.589174 503.7 67.849607 390 0
2050 8 30.071575 19.02112 439.3 62.8837232 390 0
2050 9 26.450111 15.666647 346.6 102.23403 390 0
2050 10 21.226408 8.817801 255.1 82.9513252 390 0
2050 11 12.606156 3.3335338 163.1 226.905828 390 0
2050 12 9.649945 0.65397835 125 144.5988707 390 0
2051 1 7.9009767 -0.033174664 143.5 158.631278 390 0
2051 2 5.89363 -3.3906546 209.8 67.88011135 390 0
2051 3 7.837215 -1.4837003 301.6 78.1266805 390 0
2051 4 17.738186 7.2472935 391.2 49.307289 390 0
2051 5 23.343044 11.480607 461.6 47.2152475 390 0
2051 6 26.620304 15.665521 512.7 144.45207 390 0
2051 7 30.224222 19.176876 503.7 114.7561348 390 0
2051 8 29.464506 19.464977 439.3 110.9301303 390 0
2051 9 26.04701 15.392968 346.6 136.677216 390 0
2051 10 20.68159 9.83059 255.1 88.912991 390 0
2051 11 11.5268545 1.8746237 163.1 194.08005 390 0
2051 12 10.610401 2.3145943 125 81.8277054 390 0
2052 1 5.7300215 -2.575382 143.5 25.9778109 390 0
2052 2 7.1923695 -1.4228402 209.8 95.40373605 390 0
2052 3 8.4191885 -0.8802128 301.6 182.5149614 390 0
2052 4 15.653868 4.908576 391.2 156.29004 390 0
2052 5 21.835882 10.124978 461.6 35.8535584 390 0
2052 6 26.99263 15.517736 512.7 52.962084 390 0
2052 7 30.438559 19.98417 503.7 149.217415 390 0
2052 8 28.792269 18.150314 439.3 118.897493 390 0
2052 9 25.565525 14.251118 346.6 47.428101 390 0
2052 10 21.692907 10.851656 255.1 34.1720192 390 0
2052 11 15.056674 4.7232614 163.1 142.666539 390 0
2052 12 8.697043 0.73951983 125 211.1381294 390 0
2053 1 2.3357568 -7.3731976 143.5 34.0285078 390 0
2053 2 5.145447 -4.6425157 209.8 74.48587665 390 0
2053 3 10.831519 1.1132146 301.6 211.265124 390 0
2053 4 18.843534 8.479109 391.2 61.504212 390 0
2053 5 22.494211 10.871716 461.6 64.5672557 390 0
2053 6 29.7069 17.826952 512.7 155.18433 390 0
2053 7 30.615902 20.129534 503.7 175.5193154 390 0
2053 8 30.15102 19.38715 439.3 88.1916985 390 0
2053 9 26.105135 15.964373 346.6 187.12134 390 0
2053 10 20.186419 9.807865 255.1 77.0609377 390 0
2053 11 13.943547 4.065842 163.1 96.164931 390 0
2053 12 8.969021 0.9772657 125 124.6466507 390 0
2054 1 5.6215587 -2.1276586 143.5 109.1898895 390 0
2054 2 10.2790985 0.5453849 209.8 118.921575725 390 0
2054 3 13.6359415 5.471204 301.6 346.903888 390 0
2054 4 19.054504 8.172121 391.2 102.201684 390 0
2054 5 25.764395 13.731528 461.6 84.3389286 390 0
2054 6 29.043116 18.235008 512.7 217.11501 390 0
2054 7 31.738092 21.35384 503.7 146.087035 390 0
2054 8 31.128527 20.017412 439.3 175.1611476 390 0
2054 9 29.939884 18.80948 346.6 86.930844 390 0
2054 10 20.456097 9.239107 255.1 58.517429 390 0
2054 11 16.978403 6.3819866 163.1 52.288461 390 0
2054 12 11.239745 1.5517726 125 159.4845623 390 0
2055 1 5.3249617 -2.375884 143.5 118.0786528 390 0
2055 2 5.5378776 -4.053643 209.8 126.893561875 390 0
2055 3 10.153381 0.034308907 301.6 177.2886404 390 0
2055 4 20.332218 8.759522 391.2 74.724969 390 0
2055 5 24.977097 12.280437 461.6 45.0434681 390 0
2055 6 29.525614 18.096672 512.7 57.221619 390 0
2055 7 32.619293 21.621164 503.7 99.5952128 390 0
2055 8 30.37702 19.753962 439.3 171.084722 390 0
2055 9 26.23129 14.8109865 346.6 60.949065 390 0
2055 10 21.66375 10.259312 255.1 66.6879347 390 0
2055 11 16.864508 6.080096 163.1 156.90786 390 0
2055 12 13.408757 3.8337412 125 152.3687975 390 0
2056 1 6.4943037 -2.0917737 143.5 119.6627993 390 0
2056 2 5.9926224 -2.6794794 209.8 35.168676425 390 0
2056 3 11.17884 1.7222202 301.6 211.8151136 390 0
2056 4 17.76134 7.1686206 391.2 108.757359 390 0
2056 5 23.094103 11.176538 461.6 76.5261443 390 0
2056 6 29.607779 17.651642 512.7 26.9935335 390 0
2056 7 32.149403 20.651453 503.7 46.5468441 390 0
2056 8 32.616436 21.675385 439.3 59.3311635 390 0
2056 9 27.905159 16.829927 346.6 73.203528 390 0
2056 10 18.546638 7.8868036 255.1 177.262743 390 0
2056 11 15.988256 5.4593062 163.1 113.34216 390 0
2056 12 11.801281 2.6501617 125 113.0527902 390 0
2057 1 6.808113 -1.2016298 143.5 24.59402856 390 0
2057 2 8.159288 -1.4103261 209.8 127.712148 390 0
2057 3 12.771498 3.571992 301.6 119.763478 390 0
2057 4 19.58676 8.653769 391.2 136.48116 390 0
2057 5 23.56535 12.497203 461.6 96.5674614 390 0
2057 6 30.463554 18.71833 512.7 40.736322 390 0
2057 7 35.42036 23.515808 503.7 73.6168842 390 0
2057 8 32.62692 22.088495 439.3 179.392939 390 0
2057 9 27.28634 16.97793 346.6 134.64966 390 0
2057 10 21.083612 11.49166 255.1 138.196295 390 0
2057 11 17.084026 6.974131 163.1 137.174505 390 0
2057 12 9.529119 -0.07496803 125 135.0129546 390 0
2058 1 7.324682 -1.114121 143.5 105.4786563 390 0
2058 2 8.233386 -0.9383321 209.8 414.95416475 390 0
2058 3 13.4426 2.9094608 301.6 52.5799494 390 0
2058 4 19.332884 8.3103695 391.2 159.98961 390 0
2058 5 25.910873 13.779261 461.6 233.4140877 390 0
2058 6 29.433693 18.060678 512.7 55.976766 390 0
2058 7 32.607086 21.12303 503.7 67.057805 390 0
2058 8 30.33599 19.397007 439.3 181.6614074 390 0
2058 9 27.521563 17.067528 346.6 134.14287 390 0
2058 10 21.081486 9.191436 255.1 165.320334 390 0
2058 11 16.396746 6.217185 163.1 105.382389 390 0
2058 12 7.7187862 -1.5737852 125 141.3429097 390 0
2059 1 8.291911 -0.24399026 143.5 152.4312377 390 0
2059 2 7.847898 -1.0180945 209.8 24.1068889 390 0
2059 3 9.802169 0.51342404 301.6 345.588496 390 0
2059 4 18.039574 6.797873 391.2 111.434562 390 0
2059 5 21.258162 10.65843 461.6 110.7157715 390 0
2059 6 27.19295 16.21109 512.7 206.67201 390 0
2059 7 32.12403 20.806791 503.7 85.6254317 390 0
2059 8 30.845083 20.390722 439.3 183.302566 390 0
2059 9 27.819199 17.019985 346.6 45.859047 390 0
2059 10 22.479862 10.857488 255.1 78.3238219 390 0
2059 11 16.344088 5.8345013 163.1 153.399552 390 0
2059 12 11.825481 2.8883948 125 200.9618183 390 0
2060 1 8.3537245 -0.40324312 143.5 57.3848502 390 0
2060 2 9.719428 1.309358 209.8 160.640017475 390 0
2060 3 12.448652 1.9943862 301.6 101.5362437 390 0
2060 4 21.83277 9.929487 391.2 42.003315 390 0
2060 5 25.052498 13.047717 461.6 88.2559553 390 0
2060 6 29.716501 17.6402 512.7 48.899343 390 0
2060 7 33.46624 21.667341 503.7 80.5197472 390 0
2060 8 32.824734 21.005663 439.3 47.1473916 390 0
2060 9 28.20152 17.187845 346.6 121.692981 390 0
2060 10 22.53549 11.694406 255.1 78.3435038 390 0
2060 11 13.8082485 3.6590252 163.1 212.13924 390 0
2060 12 10.046093 1.3226564 125 178.142244 390 0
2061 1 7.4623504 -0.5187019 143.5 128.5720567 390 0
2061 2 9.714407 0.566213 209.8 64.51218025 390 0
2061 3 11.379416 1.7541975 301.6 177.8506363 390 0
2061 4 19.503717 8.904356 391.2 97.396518 390 0
2061 5 26.167944 14.193009 461.6 129.21823 390 0
2061 6 30.738928 18.854145 512.7 172.207488 390 0
2061 7 34.693443 22.431242 503.7 57.5529756 390 0
2061 8 33.573723 22.341404 439.3 120.0362129 390 0
2061 9 27.829914 16.851648 346.6 139.38714 390 0
2061 10 23.16494 12.2191 255.1 85.6336715 390 0
2061 11 18.184515 7.9280005 163.1 73.770312 390 0
2061 12 6.4810624 -1.8138003 125 107.0652704 390 0
2062 1 3.9190142 -5.5329857 143.5 91.5723384 390 0
2062 2 7.623434 -1.8814718 209.8 96.1383095 390 0
2062 3 12.186936 2.1223912 301.6 87.9912246 390 0
2062 4 18.84387 8.176992 391.2 211.920018 390 0
2062 5 24.103458 13.296159 461.6 169.6935846 390 0
2062 6 29.30693 17.862745 512.7 197.982501 390 0
2062 7 32.902214 21.706432 503.7 142.6839294 390 0
2062 8 32.345764 21.495049 439.3 134.071714 390 0
2062 9 26.35225 15.864809 346.6 119.051136 390 0
2062 10 22.596092 11.418972 255.1 67.6483023 390 0
2062 11 15.260029 5.567604 163.1 69.439116 390 0
2062 12 10.428879 1.7467316 125 210.5699397 390 0
2063 1 7.7804303 -0.44591695 143.5 86.6425789 390 0
2063 2 6.5446296 -2.2839828 209.8 179.957265775 390 0
2063 3 13.252291 3.8139265 301.6 157.6516904 390 0
2063 4 20.001976 9.069087 391.2 87.735279 390 0
2063 5 24.962002 13.195144 461.6 129.131492 390 0
2063 6 29.979517 18.432575 512.7 43.055235 390 0
2063 7 34.42676 22.311543 503.7 61.4789799 390 0
2063 8 33.057823 22.331978 439.3 115.061615 390 0
2063 9 29.068024 17.515244 346.6 70.829994 390 0
2063 10 21.961706 10.799287 255.1 198.6520207 390 0
2063 11 16.695684 6.2943697 163.1 225.16872 390 0
2063 12 13.103022 3.7366083 125 82.1036767 390 0
2064 1 7.4628067 -0.6115146 143.5 28.5856084 390 0
2064 2 6.099054 -3.5572267 209.8 20.4047306375 390 0
2064 3 11.596812 1.7263342 301.6 80.3208264 390 0
2064 4 18.779594 7.583482 391.2 68.347806 390 0
2064 5 22.491373 12.035975 461.6 150.2703517 390 0
2064 6 29.895191 18.05486 512.7 64.371699 390 0
2064 7 32.914005 21.809 503.7 87.3340928 390 0
2064 8 31.196953 20.126324 439.3 40.9675881 390 0
2064 9 26.065943 14.709531 346.6 147.57504 390 0
2064 10 19.776802 8.906102 255.1 143.6324705 390 0
2064 11 13.361369 3.4978967 163.1 144.051075 390 0
2064 12 10.698271 1.7215132 125 146.7143603 390 0
2065 1 7.8031387 -0.76865554 143.5 34.5067665 390 0
2065 2 9.532253 0.48104072 209.8 109.18503525 390 0
2065 3 13.266612 3.433651 301.6 171.8748097 390 0
2065 4 20.17436 9.364392 391.2 249.17928 390 0
2065 5 27.212267 14.792606 461.6 35.8005484 390 0
2065 6 30.924465 19.000992 512.7 61.550316 390 0
2065 7 34.502205 23.03122 503.7 58.7856069 390 0
2065 8 32.252434 20.44861 439.3 57.7921778 390 0
2065 9 27.503647 16.346323 346.6 131.36745 390 0
2065 10 23.668047 12.89685 255.1 62.4805093 390 0
2065 11 16.097887 6.5791492 163.1 77.782575 390 0
2065 12 11.164882 2.2408803 125 221.962945 390 0
2066 1 7.94649 -0.911461 143.5 127.1881423 390 0
2066 2 6.750088 -2.2877004 209.8 145.1523533 390 0
2066 3 10.659774 1.3714457 301.6 79.9864728 390 0
2066 4 18.899578 7.6278014 391.2 63.634716 390 0
2066 5 24.711737 12.832431 461.6 128.030465 390 0
2066 6 30.228846 18.587711 512.7 105.597159 390 0
2066 7 33.9754 22.637491 503.7 67.1510158 390 0
2066 8 33.32285 22.201822 439.3 169.3983003 390 0
2066 9 28.911171 17.560392 346.6 101.202921 390 0
2066 10 23.748865 12.647495 255.1 101.659137 390 0
2066 11 14.818956 4.836377 163.1 219.94422 390 0
2066 12 10.265875 2.0820386 125 63.945312 390 0
2067 1 5.646615 -4.380317 143.5 107.6797276 390 0
2067 2 10.561026 0.69992983 209.8 175.55976625 390 0
2067 3 14.855931 5.003983 301.6 209.313922 390 0
2067 4 20.323322 9.308229 391.2 153.873738 390 0
2067 5 24.575361 13.111173 461.6 99.3623656 390 0
2067 6 31.179516 20.009003 512.7 153.148512 390 0
2067 7 33.40114 22.39969 503.7 122.112813 390 0
2067 8 32.1532 21.646292 439.3 65.216963 390 0
2067 9 26.491705 16.157549 346.6 150.033831 390 0
2067 10 22.022806 11.225014 255.1 108.1710125 390 0
2067 11 13.838398 4.5737915 163.1 90.85026 390 0
2067 12 10.165733 1.6616 125 96.6476615 390 0
2068 1 8.421553 0.26612392 143.5 19.5623392 390 0
2068 2 9.508484 -0.08084111 209.8 129.54998 390 0
2068 3 11.14938 1.7177489 301.6 171.7864008 390 0
2068 4 20.469788 9.606797 391.2 232.863792 390 0
2068 5 26.354715 14.540957 461.6 77.8272794 390 0
2068 6 30.500061 18.826134 512.7 62.716455 390 0
2068 7 34.446487 22.957542 503.7 52.7296763 390 0
2068 8 31.405064 21.17336 439.3 262.271129 390 0
2068 9 27.470575 17.102686 346.6 78.306006 390 0
2068 10 22.41631 10.697741 255.1 64.5766115 390 0
2068 11 14.178528 4.3817935 163.1 102.05547 390 0
2068 12 9.41319 0.49321267 125 36.4073827 390 0
2069 1 3.4861915 -5.061769 143.5 18.42573443 390 0
2069 2 7.2399845 -2.3075151 209.8 64.6284177 390 0
2069 3 11.197569 2.1121697 301.6 106.292366 390 0
2069 4 20.31682 9.466638 391.2 93.243891 390 0
2069 5 25.76906 14.165534 461.6 193.424748 390 0
2069 6 29.265835 18.545444 512.7 66.46887 390 0
2069 7 33.765778 22.573618 503.7 38.605943 390 0
2069 8 32.78584 21.502333 439.3 38.6221219 390 0
2069 9 28.728256 17.182137 346.6 53.82744 390 0
2069 10 24.18368 13.29639 255.1 73.253713 390 0
2069 11 15.45529 5.385596 163.1 82.32408 390 0
2069 12 10.989886 3.091013 125 203.6814917 390 0
2070 1 6.630211 -0.86355853 143.5 57.0647132 390 0
2070 2 8.431083 -0.40472984 209.8 129.17241875 390 0
2070 3 12.761834 2.2450898 301.6 267.715969 390 0
2070 4 18.687773 8.221317 391.2 102.050751 390 0
2070 5 23.419266 12.874276 461.6 207.7629796 390 0
2070 6 30.028986 18.4132 512.7 52.195629 390 0
2070 7 34.12276 22.819122 503.7 56.3056782 390 0
2070 8 33.54015 22.567125 439.3 105.8086513 390 0
2070 9 28.488379 17.459412 346.6 103.573701 390 0
2070 10 21.454914 10.701399 255.1 199.032586 390 0
2070 11 17.027382 6.921953 163.1 144.64119 390 0
2070 12 9.928379 1.1301124 125 153.55974 390 0
2071 1 7.1388373 -0.7480672 143.5 106.5107765 390 0
2071 2 10.715352 1.1773016 209.8 132.898155875 390 0
2071 3 15.593 5.8790855 301.6 91.8550925 390 0
2071 4 18.647083 7.262553 391.2 88.46613 390 0
2071 5 26.285994 14.040499 461.6 60.9137879 390 0
2071 6 28.752178 18.7107 512.7 427.41267 390 0
2071 7 35.054783 22.955471 503.7 60.9999121 390 0
2071 8 34.068817 23.023787 439.3 168.9383905 390 0
2071 9 28.482111 17.81309 346.6 85.804116 390 0
2071 10 25.069971 13.991099 255.1 68.3221958 390 0
2071 11 14.395836 4.2926207 163.1 123.44169 390 0
2071 12 8.785271 0.51330096 125 105.4992868 390 0
2072 1 7.4817557 -0.740302 143.5 118.4698294 390 0
2072 2 9.875306 0.108987726 209.8 99.339291575 390 0
2072 3 9.970057 0.38671568 301.6 109.5962964 390 0
2072 4 19.942553 9.011389 391.2 107.056374 390 0
2072 5 26.566185 14.432356 461.6 73.726897 390 0
2072 6 32.205055 19.859417 512.7 125.831451 390 0
2072 7 33.664165 23.074865 503.7 235.3033827 390 0
2072 8 33.727562 22.811914 439.3 124.8576336 390 0
2072 9 28.02226 17.27193 346.6 115.990683 390 0
2072 10 22.192583 11.99361 255.1 212.002366 390 0
2072 11 17.792093 7.932386 163.1 86.980992 390 0
2072 12 12.248866 4.3253555 125 165.3336795 390 0
2073 1 6.6644506 -1.1484059 143.5 35.0507576 390 0
2073 2 8.6961155 -0.80086887 209.8 23.0794251 390 0
2073 3 10.435548 0.95615906 301.6 245.6545462 390 0
2073 4 21.176275 10.025118 391.2 73.96572 390 0
2073 5 23.48026 12.870939 461.6 146.293092 390 0
2073 6 30.760473 18.539112 512.7 52.995543 390 0
2073 7 33.065117 22.095806 503.7 124.350517 390 0
2073 8 33.752552 22.972946 439.3 83.2656776 390 0
2073 9 29.177961 18.880598 346.6 79.467672 390 0
2073 10 23.28025 11.537234 255.1 99.9779977 390 0
2073 11 16.887623 7.6887455 163.1 188.790522 390 0
2073 12 11.089894 1.7653098 125 270.319721 390 0
2074 1 8.152869 -0.22701764 143.5 92.2925428 390 0
2074 2 8.952388 0.09049244 209.8 61.33224725 390 0
2074 3 12.503026 2.2828298 301.6 258.58371 390 0
2074 4 18.934168 7.5357327 391.2 74.716896 390 0
2074 5 26.453764 14.41265 461.6 96.775087 390 0
2074 6 30.788061 19.417171 512.7 143.56038 390 0
2074 7 33.967163 22.709276 503.7 89.0488578 390 0
2074 8 32.542618 21.367079 439.3 51.7053743 390 0
2074 9 31.214094 19.398232 346.6 62.62995 390 0
2074 10 24.662746 13.61667 255.1 103.952083 390 0
2074 11 18.968103 9.319635 163.1 134.79315 390 0
2074 12 14.912142 5.240872 125 93.1901044 390 0
2075 1 7.567062 -0.622806 143.5 195.0565477 390 0
2075 2 9.120389 -0.090776905 209.8 216.42791125 390 0
2075 3 11.3741045 2.0219915 301.6 94.0658296 390 0
2075 4 20.73544 10.167285 391.2 110.767788 390 0
2075 5 25.26189 14.077127 461.6 136.7499373 390 0
2075 6 29.638342 18.251715 512.7 70.654071 390 0
2075 7 34.220448 22.492233 503.7 50.5793644 390 0
2075 8 33.626503 22.651726 439.3 130.4563576 390 0
2075 9 29.131388 18.417059 346.6 92.416662 390 0
2075 10 23.249956 11.264238 255.1 51.3456193 390 0
2075 11 16.432135 6.3265896 163.1 52.186905 390 0
2075 12 12.751251 4.8393507 125 129.7571123 390 0
2076 1 5.3134723 -2.5319335 143.5 117.5852103 390 0
2076 2 11.948597 2.9890969 209.8 77.419464 390 0
2076 3 13.952168 4.892795 301.6 152.762358 390 0
2076 4 20.595766 9.608458 391.2 101.707851 390 0
2076 5 26.877026 14.526135 461.6 97.174832 390 0
2076 6 30.931833 19.232199 512.7 176.727849 390 0
2076 7 33.937412 22.51646 503.7 89.583738 390 0
2076 8 35.095047 23.700739 439.3 38.3161054 390 0
2076 9 30.519873 18.928768 346.6 57.144309 390 0
2076 10 24.911404 13.925111 255.1 29.6588377 390 0
2076 11 16.095118 5.8140044 163.1 68.020971 390 0
2076 12 11.992273 3.4426696 125 239.10765 390 0
2077 1 4.6964827 -3.388251 143.5 50.4150272 390 0
2077 2 9.27597 0.5117825 209.8 90.3029782 390 0
2077 3 10.548071 1.0314584 301.6 44.8469901 390 0
2077 4 20.04219 10.373991 391.2 145.622994 390 0
2077 5 23.454409 12.125721 461.6 86.8929535 390 0
2077 6 30.540981 18.743134 512.7 36.941463 390 0
2077 7 33.272568 22.648132 503.7 96.6922798 390 0
2077 8 33.145905 22.068012 439.3 33.3546732 390 0
2077 9 28.978167 18.38942 346.6 103.807476 390 0
2077 10 25.880507 14.75712 255.1 22.1382377 390 0
2077 11 17.78559 7.6911077 163.1 74.679795 390 0
2077 12 12.29903 3.4578633 125 149.850156 390 0
2078 1 8.237196 0.14251384 143.5 115.191381 390 0
2078 2 12.579464 3.4755485 209.8 133.269920225 390 0
2078 3 13.468603 3.558132 301.6 61.9206803 390 0
2078 4 19.97518 9.067801 391.2 57.576834 390 0
2078 5 23.022139 12.633023 461.6 77.474146 390 0
2078 6 30.168676 19.103792 512.7 121.274358 390 0
2078 7 36.474514 24.161064 503.7 43.5581062 390 0
2078 8 33.50482 22.62409 439.3 115.3128917 390 0
2078 9 29.302055 19.27667 346.6 147.33699 390 0
2078 10 20.700426 10.837441 255.1 95.4138925 390 0
2078 11 18.241413 8.009865 163.1 51.956688 390 0
2078 12 12.981233 4.0030956 125 133.7331475 390 0
2079 1 8.674522 0.36960357 143.5 151.3779786 390 0
2079 2 10.913491 1.7875731 209.8 76.8796856 390 0
2079 3 15.50949 5.9408984 301.6 178.317208 390 0
2079 4 20.860239 10.385251 391.2 117.399108 390 0
2079 5 24.252398 13.563937 461.6 187.653478 390 0
2079 6 30.833324 19.807047 512.7 35.82009 390 0
2079 7 34.37114 23.068403 503.7 63.7346484 390 0
2079 8 32.607544 21.716925 439.3 108.8726758 390 0
2079 9 30.933056 19.724232 346.6 66.355284 390 0
2079 10 26.433386 16.14033 255.1 211.0076938 390 0
2079 11 18.83118 8.874912 163.1 72.381312 390 0
2079 12 10.450589 1.6530311 125 230.926161 390 0
2080 1 8.693971 0.48817566 143.5 52.0328025 390 0
2080 2 10.153593 1.730872 209.8 118.55910845 390 0
2080 3 13.732396 3.8494103 301.6 170.2806936 390 0
2080 4 21.860237 11.168758 391.2 230.99193 390 0
2080 5 26.728804 14.303121 461.6 56.2458327 390 0
2080 6 31.476797 20.364042 512.7 127.082505 390 0
2080 7 36.617092 24.225876 503.7 56.5373939 390 0
2080 8 34.683838 23.489687 439.3 52.5990237 390 0
2080 9 29.185198 18.710459 346.6 193.98525 390 0
2080 10 23.701948 12.02529 255.1 51.3476591 390 0
2080 11 17.75812 7.3564005 163.1 132.71844 390 0
2080 12 12.273733 3.8089225 125 74.8311697 390 0
2081 1 7.571258 0.095022805 143.5 193.075657 390 0
2081 2 8.177304 0.09538788 209.8 133.64625825 390 0
2081 3 11.767412 2.207908 301.6 119.7194952 390 0
2081 4 21.570679 11.004199 391.2 50.911302 390 0
2081 5 24.574188 13.542366 461.6 165.1089047 390 0
2081 6 30.545656 18.275614 512.7 38.786619 390 0
2081 7 35.51246 24.29672 503.7 77.469248 390 0
2081 8 34.912422 24.001648 439.3 171.115009 390 0
2081 9 29.070232 18.187088 346.6 33.29454 390 0
2081 10 24.921118 14.322011 255.1 50.0188286 390 0
2081 11 17.14735 6.9575014 163.1 117.55032 390 0
2081 12 13.053016 4.5219855 125 160.347314 390 0
2082 1 9.0449915 1.0367038 143.5 22.9033983 390 0
2082 2 9.545248 1.3718113 209.8 87.4944875 390 0
2082 3 11.654381 1.5169134 301.6 221.721207 390 0
2082 4 21.55949 10.801224 391.2 188.632608 390 0
2082 5 25.228035 13.706661 461.6 131.0829482 390 0
2082 6 31.882532 19.60293 512.7 41.615334 390 0
2082 7 35.973232 24.596163 503.7 73.7566477 390 0
2082 8 34.71097 23.19087 439.3 65.4627465 390 0
2082 9 31.132727 19.666079 346.6 46.347498 390 0
2082 10 24.681765 13.210319 255.1 50.5032098 390 0
2082 11 19.26781 9.080322 163.1 178.8063 390 0
2082 12 10.927509 2.4365153 125 32.658841 390 0
2083 1 8.1586895 0.2102324 143.5 256.607553 390 0
2083 2 8.63481 0.103221 209.8 88.713737725 390 0
2083 3 12.77672 2.715937 301.6 212.892996 390 0
2083 4 20.72729 10.619713 391.2 146.173755 390 0
2083 5 24.017056 12.958974 461.6 112.2694481 390 0
2083 6 28.871614 18.049229 512.7 274.2318 390 0
2083 7 33.94126 22.182032 503.7 53.1915887 390 0
2083 8 33.723743 23.105236 439.3 192.0898694 390 0
2083 9 27.144392 16.409346 346.6 50.847732 390 0
2083 10 21.798435 11.0135355 255.1 59.3735157 390 0
2083 11 15.615412 5.692073 163.1 131.493174 390 0
2083 12 13.899312 4.996154 125 186.556636 390 0
2084 1 7.924922 -0.15578605 143.5 96.3754815 390 0
2084 2 10.964231 0.65206814 209.8 107.9192827 390 0
2084 3 13.921429 4.713288 301.6 109.5449666 390 0
2084 4 19.25962 8.175829 391.2 90.781566 390 0
2084 5 24.959913 13.140046 461.6 185.2849075 390 0
2084 6 31.832005 20.052414 512.7 76.64259 390 0
2084 7 37.87191 24.742758 503.7 46.6611535 390 0
2084 8 34.94864 23.686232 439.3 75.988812 390 0
2084 9 28.747204 18.119896 346.6 70.840602 390 0
2084 10 24.684658 13.854047 255.1 155.3945153 390 0
2084 11 17.61838 7.273297 163.1 147.334872 390 0
2084 12 14.186998 5.2376294 125 134.4259913 390 0
2085 1 10.629881 2.0542326 143.5 188.4457915 390 0
2085 2 7.8856444 -0.056815416 209.8 129.6460865 390 0
2085 3 12.8088255 4.4039316 301.6 166.503263 390 0
2085 4 19.389278 9.934076 391.2 117.13536 390 0
2085 5 24.9908 12.972387 461.6 64.5610247 390 0
2085 6 30.389479 19.00497 512.7 52.068552 390 0
2085 7 35.376442 23.54795 503.7 64.5192522 390 0
2085 8 35.01686 23.708986 439.3 70.603647 390 0
2085 9 28.876078 18.065887 346.6 106.296567 390 0
2085 10 22.045511 11.410971 255.1 142.7425535 390 0
2085 11 17.556532 7.675847 163.1 89.298357 390 0
2085 12 9.071317 -1.1826196 125 161.5447696 390 0
2086 1 6.165303 -1.5655134 143.5 135.6838752 390 0
2086 2 9.973099 2.3696816 209.8 102.034819 390 0
2086 3 10.875951 2.1844943 301.6 176.933244 390 0
2086 4 20.154335 9.633082 391.2 49.387413 390 0
2086 5 21.96432 11.924399 461.6 195.2409667 390 0
2086 6 30.547247 18.85591 512.7 54.761388 390 0
2086 7 34.128635 22.778614 503.7 42.8587307 390 0
2086 8 34.755665 23.47488 439.3 53.2723437 390 0
2086 9 30.299719 19.933191 346.6 88.29264 390 0
2086 10 24.023817 13.26649 255.1 136.1306317 390 0
2086 11 14.92419 5.407807 163.1 66.238152 390 0
2086 12 12.2744055 3.497968 125 251.114353 390 0
2087 1 7.416852 -0.6913704 143.5 155.858638 390 0
2087 2 8.773759 0.5772508 209.8 74.8476518 390 0
2087 3 11.158951 1.9215418 301.6 96.9620356 390 0
2087 4 21.261425 10.151944 391.2 73.71672 390 0
2087 5 22.415333 11.844462 461.6 117.125874 390 0
2087 6 30.4174 18.89152 512.7 300.72543 390 0
2087 7 34.604786 23.393583 503.7 79.5815508 390 0
2087 8 33.923782 23.330717 439.3 94.8020393 390 0
2087 9 31.792482 20.524857 346.6 48.246693 390 0
2087 10 27.698214 16.504145 255.1 87.6080987 390 0
2087 11 18.89128 8.716764 163.1 136.473399 390 0
2087 12 9.699374 1.4747121 125 126.2815504 390 0
2088 1 6.494232 -0.7936904 143.5 83.3101936 390 0
2088 2 7.6088743 -0.9487122 209.8 98.065939775 390 0
2088 3 12.940002 3.2703383 301.6 86.713913 390 0
2088 4 18.032219 7.5440474 391.2 201.467085 390 0
2088 5 23.609837 12.775805 461.6 94.0395416 390 0
2088 6 30.870457 19.279106 512.7 112.712802 390 0
2088 7 34.670624 23.106838 503.7 41.751482 390 0
2088 8 35.71486 24.600327 439.3 46.8346047 390 0
2088 9 29.938593 19.441729 346.6 134.37084 390 0
2088 10 24.244389 13.183903 255.1 22.97924073 390 0
2088 11 18.045452 8.118189 163.1 171.164589 390 0
2088 12 12.598638 3.2451928 125 103.0230564 390 0
2089 1 8.049821 0.20326598 143.5 26.7477052 390 0
2089 2 7.320127 -1.3297318 209.8 21.764356525 390 0
2089 3 11.51277 2.2685013 301.6 240.2063334 390 0
2089 4 17.80633 7.383108 391.2 108.379305 390 0
2089 5 24.2146 12.998252 461.6 121.0624059 390 0
2089 6 31.11291 19.617405 512.7 38.603115 390 0
2089 7 34.967068 23.863136 503.7 82.158742 390 0
2089 8 33.594723 23.269577 439.3 189.2591974 390 0
2089 9 30.310896 19.645924 346.6 54.653301 390 0
2089 10 25.681093 15.177338 255.1 58.5703181 390 0
2089 11 18.044748 8.429505 163.1 79.160886 390 0
2089 12 12.705685 5.0887556 125 179.166329 390 0
2090 1 6.837373 -1.4795063 143.5 51.6522868 390 0
2090 2 9.065005 1.0479556 209.8 87.14597855 390 0
2090 3 13.418217 3.16063 301.6 91.4248497 390 0
2090 4 19.636326 9.506839 391.2 136.28865 390 0
2090 5 25.913208 14.724011 461.6 383.126675 390 0
2090 6 31.280712 19.383457 512.7 45.017484 390 0
2090 7 35.950283 24.211369 503.7 88.4291678 390 0
2090 8 34.978794 23.32295 439.3 45.7571563 390 0
2090 9 30.727753 20.121141 346.6 123.25986 390 0
2090 10 24.192493 13.600951 255.1 86.4804582 390 0
2090 11 16.474895 7.652079 163.1 172.274208 390 0
2090 12 12.424242 3.619093 125 210.448801 390 0
2091 1 6.3159184 -1.403065 143.5 20.2785694 390 0
2091 2 11.739068 4.2181983 209.8 116.622460775 390 0
2091 3 13.505456 4.216385 301.6 146.10021 390 0
2091 4 20.72099 10.443794 391.2 103.748559 390 0
2091 5 25.58003 14.112342 461.6 214.607916 390 0
2091 6 29.532785 18.895803 512.7 102.368631 390 0
2091 7 35.590508 24.495815 503.7 81.2589546 390 0
2091 8 35.337578 24.874254 439.3 82.4101644 390 0
2091 9 29.60539 19.591022 346.6 228.44202 390 0
2091 10 25.478989 13.799918 255.1 27.6426845 390 0
2091 11 19.047411 7.730247 163.1 215.321661 390 0
2091 12 12.7657385 4.395698 125 279.09176 390 0
2092 1 9.500624 0.6043324 143.5 150.003048 390 0
2092 2 10.030825 0.9876796 209.8 139.32823725 390 0
2092 3 14.557818 5.131863 301.6 200.2809777 390 0
2092 4 20.097132 10.126571 391.2 241.9026 390 0
2092 5 26.777443 15.29328 461.6 110.3184538 390 0
2092 6 32.271645 20.849318 512.7 228.56682 390 0
2092 7 36.52298 24.855743 503.7 51.0110456 390 0
2092 8 35.94136 24.712297 439.3 67.7780218 390 0
2092 9 32.71864 20.735312 346.6 66.484995 390 0
2092 10 26.831213 15.423669 255.1 22.3675261 390 0
2092 11 21.21916 10.98248 163.1 80.319399 390 0
2092 12 12.863383 3.970712 125 151.8203145 390 0
2093 1 7.211471 -0.915765 143.5 160.365604 390 0
2093 2 9.603487 1.4629195 209.8 90.4587939 390 0
2093 3 15.001402 5.5479426 301.6 107.914503 390 0
2093 4 22.274143 11.432303 391.2 95.700246 390 0
2093 5 27.529552 15.223079 461.6 58.1041432 390 0
2093 6 32.313145 20.819166 512.7 43.178733 390 0
2093 7 35.144943 23.894783 503.7 104.5198263 390 0
2093 8 33.62691 21.655943 439.3 65.9729662 390 0
2093 9 30.754305 19.844824 346.6 34.987524 390 0
2093 10 26.572369 15.792683 255.1 73.7042763 390 0
2093 11 15.952404 6.552755 163.1 164.686719 390 0
2093 12 11.176407 3.6361284 125 149.852698 390 0
2094 1 9.069766 0.7534058 143.5 79.5952528 390 0
2094 2 10.729545 1.5301217 209.8 145.5175693 390 0
2094 3 12.586835 3.3362415 301.6 202.013918 390 0
2094 4 19.793972 8.771078 391.2 101.91921 390 0
2094 5 26.755966 15.225257 461.6 49.2541702 390 0
2094 6 30.069427 19.002235 512.7 124.66806 390 0
2094 7 39.394707 26.099516 503.7 33.9843018 390 0
2094 8 36.854977 25.381674 439.3 28.6168626 390 0
2094 9 30.813139 20.127613 346.6 114.213267 390 0
2094 10 23.005566 12.642735 255.1 122.7789007 390 0
2094 11 20.065332 9.8271265 163.1 273.58944 390 0
2094 12 11.583004 2.754358 125 158.326424 390 0
2095 1 8.828271 1.2950464 143.5 61.7203211 390 0
2095 2 13.186627 4.9770546 209.8 33.025122925 390 0
2095 3 16.994625 6.9320946 301.6 167.6813777 390 0
2095 4 22.910103 11.526968 391.2 128.58483 390 0
2095 5 27.68126 15.913722 461.6 112.9257305 390 0
2095 6 33.23009 21.095455 512.7 50.193708 390 0
2095 7 36.650234 25.35541 503.7 92.894538 390 0
2095 8 36.733673 24.932941 439.3 26.4978731 390 0
2095 9 29.883633 19.52979 346.6 236.361651 390 0
2095 10 24.481821 13.954897 255.1 206.5677994 390 0
2095 11 18.481686 9.655729 163.1 242.06814 390 0
2095 12 12.629742 4.73208 125 271.303599 390 0
2096 1 8.645871 0.9068066 143.5 122.2529516 390 0
2096 2 11.142044 2.1500118 209.8 92.8520774 390 0
2096 3 13.316222 4.2404375 301.6 76.564792 390 0
2096 4 20.035374 9.402032 391.2 141.854325 390 0
2096 5 24.444221 14.311633 461.6 143.748209 390 0
2096 6 31.354645 20.063686 512.7 178.27074 390 0
2096 7 35.083332 23.908443 503.7 105.409424 390 0
2096 8 35.917747 24.238503 439.3 75.132127 390 0
2096 9 28.961931 18.347713 346.6 165.600672 390 0
2096 10 23.671425 13.208863 255.1 63.5067023 390 0
2096 11 17.640732 8.163671 163.1 204.788562 390 0
2096 12 8.076382 -0.37931025 125 34.5901441 390 0
2097 1 8.538909 1.0155631 143.5 61.7005214 390 0
2097 2 8.548766 0.14412653 209.8 72.9206515 390 0
2097 3 13.48542 4.701842 301.6 130.395517 390 0
2097 4 21.406654 10.890839 391.2 53.366973 390 0
2097 5 26.732655 15.983984 461.6 236.514097 390 0
2097 6 31.97301 20.722464 512.7 198.92646 390 0
2097 7 35.80094 24.780157 503.7 42.9179872 390 0
2097 8 34.1773 23.244951 439.3 38.666982 390 0
2097 9 31.44381 20.493317 346.6 110.39106 390 0
2097 10 26.13939 15.921215 255.1 214.7915476 390 0
2097 11 18.779078 8.786131 163.1 222.963738 390 0
2097 12 13.62251 4.9127192 125 474.367456 390 0
2098 1 9.2920885 0.99166983 143.5 201.883129 390 0
2098 2 11.094671 1.7476071 209.8 175.036624275 390 0
2098 3 14.161194 4.9032054 301.6 217.794716 390 0
2098 4 21.584452 10.840299 391.2 73.055979 390 0
2098 5 26.57676 14.349278 461.6 83.984611 390 0
2098 6 31.669662 20.21854 512.7 131.45628 390 0
2098 7 35.905556 24.878294 503.7 170.610174 390 0
2098 8 34.89674 24.163015 439.3 181.6242756 390 0
2098 9 30.035948 20.083084 346.6 258.72861 390 0
2098 10 24.914776 14.238836 255.1 78.9846706 390 0
2098 11 18.341522 8.6742 163.1 46.553799 390 0
2098 12 9.332276 -0.87999326 125 180.352761 390 0
2099 1 8.737736 1.1550047 143.5 131.134867 390 0
2099 2 10.180536 1.5075281 209.8 208.1103033 390 0
2099 3 12.617833 2.9134312 301.6 138.7474967 390 0
2099 4 19.06377 8.386096 391.2 92.04192 390 0
2099 5 23.93249 13.644546 461.6 140.293011 390 0
2099 6 28.92845 18.418491 512.7 211.175079 390 0
2099 7 35.080242 23.78055 503.7 47.9596629 390 0
2099 8 34.667294 23.883566 439.3 118.8701448 390 0
2099 9 30.82191 20.3167 346.6 39.09111 390 0
2099 10 26.270193 15.282802 255.1 169.9045675 390 0
2099 11 19.166334 8.828093 163.1 214.88106 390 0
2099 12 12.827887 4.1231117 125 183.093161 390 0
2100-2200 1 8.737736 1.1550047 143.5 131.134867 390 0
2100-2200 2 10.180536 1.5075281 209.8 208.1103033 390 0
2100-2200 3 12.617833 2.9134312 301.6 138.7474967 390 0
2100-2200 4 19.06377 8.386096 391.2 92.04192 390 0
2100-2200 5 23.93249 13.644546 461.6 140.293011 390 0
2100-2200 6 28.92845 18.418491 512.7 211.175079 390 0
2100-2200 7 35.080242 23.78055 503.7 47.9596629 390 0
2100-2200 8 34.667294 23.883566 439.3 118.8701448 390 0
2100-2200 9 30.82191 20.3167 346.6 39.09111 390 0
2100-2200 10 26.270193 15.282802 255.1 169.9045675 390 0
2100-2200 11 19.166334 8.828093 163.1 214.88106 390 0
2100-2200 12 12.827887 4.1231117 125 183.093161 390 0
