Year Month Tmax Tmin PAR Prec CO2 O3
1200-1980 1 2.68870465173008 -6.7066928821985 143.5 96.0773072298028 390 0
1200-1980 2 4.21245248873945 -5.38436220134457 209.8 88.0281201329717 390 0
1200-1980 3 8.18107814775644 -1.75313911680267 301.6 117.572100830131 390 0
1200-1980 4 14.1443654797844 3.4430609752323 391.2 113.232746389271 390 0
1200-1980 5 19.7577713421911 8.58848742263995 461.6 97.9728144193738 390 0
1200-1980 6 24.6425710395986 13.8861639794111 512.7 109.719259621387 390 0
1200-1980 7 27.689209706887 17.1975816148093 503.7 93.7438038001697 390 0
1200-1980 8 26.8303079746634 16.5638895633057 439.3 105.161957058747 390 0
1200-1980 9 23.0267864676578 12.4832788014876 346.6 103.489367727021 390 0
1200-1980 10 17.0124665897976 6.32794048653336 255.1 111.47323000473 390 0
1200-1980 11 11.3904497148665 1.6415047617871 163.1 110.871172413893 390 0
1200-1980 12 5.55944065818471 -3.39834398919907 125 110.295979235112 390 0
1981 1 -1.47428734565398 -12.3901886433128 143.5 26.2554324007085 390 0
1981 2 6.87207259527373 -3.81568825973258 209.8 174.413605089979 390 0
1981 3 7.77705375693288 -2.38262754593577 301.6 21.1498737322804 390 0
1981 4 15.3784236623475 4.24952754671739 391.2 96.8533952249398 390 0
1981 5 20.5507544932723 8.32770512737254 461.6 66.9913700289963 390 0
1981 6 25.486998643245 14.1500803668806 512.7 86.8295517722366 390 0
1981 7 28.3655409152527 17.1044660996821 503.7 93.579851692566 390 0
1981 8 27.043739443018 15.0477853391392 439.3 33.1321282652618 390 0
1981 9 22.0487079124662 11.4905962993833 346.6 95.7630614287673 390 0
1981 10 15.0037065132515 4.43201053099001 255.1 120.442137958965 390 0
1981 11 10.7836741690088 1.40800668302334 163.1 84.7996703227112 390 0
1981 12 3.58733097561748 -3.97055660859983 125 154.6819763158 390 0
1982 1 -0.881881108248943 -11.7359558858107 143.5 127.913857112476 390 0
1982 2 3.4975910433511 -5.25251514281641 209.8 83.9743304177231 390 0
1982 3 7.79240987825308 -2.77524684698868 301.6 66.3797894010667 390 0
1982 4 13.1974719300817 1.24522738392039 391.2 119.931455493332 390 0
1982 5 20.5835888521803 8.4032428848474 461.6 64.9959245394097 390 0
1982 6 21.7147737913713 12.0510239657204 512.7 282.702040248709 390 0
1982 7 28.1088648581005 16.0850843282223 503.7 76.7090467663894 390 0
1982 8 25.1846817346536 14.4766830574729 439.3 79.040566981871 390 0
1982 9 22.5006661237648 11.8464850606397 346.6 77.0664742453736 390 0
1982 10 16.9135310302801 5.33414271551023 255.1 75.319242198954 390 0
1982 11 13.1342912795263 3.08242411036833 163.1 99.7197237433214 390 0
1982 12 7.86520367163305 -1.22346033671228 125 50.7757551656589 390 0
1983 1 3.19266383875984 -5.79547042470994 143.5 118.159992656558 390 0
1983 2 4.4605027571285 -5.12621658901156 209.8 122.284063203731 390 0
1983 3 8.61624116950518 0.262185662992775 301.6 229.216647327214 390 0
1983 4 13.3188339354317 3.58195998821923 391.2 258.548532494489 390 0
1983 5 17.8450192580183 8.07091826335754 461.6 112.37409286064 390 0
1983 6 26.0316075492149 13.5494748682838 512.7 67.9518431219307 390 0
1983 7 29.0240072721027 16.6862488002037 503.7 43.6316079787121 390 0
1983 8 27.3883032454753 16.3795206069894 439.3 96.6448069001461 390 0
1983 9 25.6570864996527 12.8448603062005 346.6 49.0679143407074 390 0
1983 10 16.8365302562843 6.76897259126113 255.1 138.055889809789 390 0
1983 11 12.0468457172893 2.00790764396178 163.1 205.978311523841 390 0
1983 12 4.34868738495723 -4.86965077134222 125 158.438304327966 390 0
1984 1 1.06705769576325 -8.36398199202506 143.5 56.016557879325 390 0
1984 2 6.94053779903029 -2.2928235349458 209.8 157.747002741434 390 0
1984 3 4.55821530782272 -4.2266334330543 301.6 152.884044708724 390 0
1984 4 12.6908671137366 2.93064790790377 391.2 126.446572869589 390 0
1984 5 19.333049633431 7.8874622681838 461.6 173.722115008838 390 0
1984 6 25.820670969064 14.1403202296172 512.7 155.448651320955 390 0
1984 7 26.7246323344185 16.5837192269453 503.7 155.346356835219 390 0
1984 8 27.4523515495994 17.2523133719049 439.3 26.2264551961137 390 0
1984 9 22.1235279676479 10.1896246368892 346.6 48.9337900633613 390 0
1984 10 18.0199161251823 7.62137516583519 255.1 102.954453087718 390 0
1984 11 11.799227702615 1.09111592230058 163.1 61.8431684252251 390 0
1984 12 8.32701846226592 -1.52938678039146 125 80.9788950718753 390 0
1985 1 0.0227731546492771 -9.19091540144626 143.5 30.3682410165341 390 0
1985 2 4.40209627453852 -5.59321925507231 209.8 54.5113232510757 390 0
1985 3 10.14742559232 -1.49802424237157 301.6 66.8889950520451 390 0
1985 4 14.9172761696749 3.7914076271303 391.2 41.981511361954 390 0
1985 5 20.9162649553984 8.54062083835058 461.6 115.945040299753 390 0
1985 6 22.6111678560239 12.0821390285149 512.7 116.821179810304 390 0
1985 7 27.6537271539484 16.3162378997416 503.7 93.4342789932454 390 0
1985 8 26.2155555227803 16.1051255748211 439.3 188.756077273966 390 0
1985 9 23.1998205020039 12.4274520203348 346.6 84.7126841269539 390 0
1985 10 18.0942971154239 6.53526266607885 255.1 51.2407770849709 390 0
1985 11 11.6583457562882 3.36298435961576 163.1 175.872989706933 390 0
1985 12 3.43762047367455 -5.50285997371017 125 36.0016330310392 390 0
1986 1 4.31360102855052 -6.0896503558347 143.5 136.214973287991 390 0
1986 2 1.75320563024976 -6.1312781673135 209.8 87.253952906988 390 0
1986 3 9.3556276438649 -1.98430431488728 301.6 79.5615953015755 390 0
1986 4 14.7097828661666 4.18899646075448 391.2 54.9978492456679 390 0
1986 5 20.612306410714 8.96152546878716 461.6 41.3489873207817 390 0
1986 6 24.2598397985229 12.2525541080076 512.7 131.752522198618 390 0
1986 7 26.3924314815366 16.2965323888811 503.7 141.416026071294 390 0
1986 8 24.9835939022997 15.341587072943 439.3 110.25812040993 390 0
1986 9 21.4901318486855 11.0291033917636 346.6 28.2927632348259 390 0
1986 10 17.3055722412455 6.00433802680814 255.1 74.0826158291529 390 0
1986 11 10.2598448889416 -0.37403425831819 163.1 173.196513215486 390 0
1986 12 5.76037655209483 -2.69539547071418 125 175.182389191228 390 0
1987 1 2.37158468559069 -6.86704593241993 143.5 154.665766633949 390 0
1987 2 3.0904453585448 -7.70783842091051 209.8 20.6199781237976 390 0
1987 3 8.74514440695463 -1.63229199613278 301.6 95.6431216372842 390 0
1987 4 13.7283165692953 4.14144427594886 391.2 249.124944062699 390 0
1987 5 20.1202435256334 8.15851256106494 461.6 57.2756535398159 390 0
1987 6 25.2814661997743 14.2667512238031 512.7 55.9061981830893 390 0
1987 7 27.7797327114237 17.1566279160385 503.7 40.5487914566255 390 0
1987 8 26.2728180316807 14.8447003444645 439.3 96.0024078004167 390 0
1987 9 22.1085028926967 12.5612831938675 346.6 162.836124044693 390 0
1987 10 16.4324826372576 4.44385662240435 255.1 82.9613527056723 390 0
1987 11 11.4136481226923 0.503819709609711 163.1 80.7030847745063 390 0
1987 12 6.0202346442577 -2.6150614515396 125 82.8566017106182 390 0
1988 1 1.41678530935075 -9.08740758719715 143.5 78.4461460888363 390 0
1988 2 4.43152757794954 -5.49573603155286 209.8 122.349952067507 390 0
1988 3 8.87171693703388 -1.98878183509696 301.6 87.4927865207735 390 0
1988 4 12.5834107920168 3.37225088012183 391.2 58.7585146307009 390 0
1988 5 19.3296132194608 8.75073194697472 461.6 87.0888609610866 390 0
1988 6 25.4030295692071 12.7851199124805 512.7 34.8113795281767 390 0
1988 7 28.2559985140894 17.6647864427138 503.7 172.761411986595 390 0
1988 8 28.4979243656917 18.3404861441449 439.3 49.174542373387 390 0
1988 9 22.889636002368 10.9216378805382 346.6 55.9919914880725 390 0
1988 10 14.8495257304518 4.13709609494908 255.1 78.2506139294176 390 0
1988 11 12.2168583983627 1.45421740227764 163.1 215.486602456336 390 0
1988 12 4.76085980464213 -5.38903322766775 125 34.8555444142068 390 0
1989 1 5.14252864890792 -4.85393766084243 143.5 38.0576131267057 390 0
1989 2 3.18750319971535 -5.85519162773142 209.8 72.2285128040861 390 0
1989 3 7.80693993814978 -2.56378027696997 301.6 93.4401518439175 390 0
1989 4 12.9098478927 2.02115160066194 391.2 110.56086593956 390 0
1989 5 20.2724748078257 9.05805325022475 461.6 187.417785114756 390 0
1989 6 24.7532708287454 14.7450156896924 512.7 134.365378226129 390 0
1989 7 27.1426408110135 16.2751024041845 503.7 129.021177584303 390 0
1989 8 26.5356699740753 16.5785978542289 439.3 157.660666203392 390 0
1989 9 23.3769915459397 12.5208705768648 346.6 115.00409817924 390 0
1989 10 18.050174950792 6.0499153339078 255.1 170.00893799648 390 0
1989 11 10.8766280325695 0.85727940355951 163.1 135.467275566037 390 0
1989 12 -1.79632191187891 -11.5434110889623 125 25.9275231170353 390 0
1990 1 6.3732705008977 -2.41937840542911 143.5 135.243593837714 390 0
1990 2 6.50277306248042 -4.50148248311731 209.8 85.6153241367472 390 0
1990 3 9.94596601291178 -1.78479793575753 301.6 59.9656800822226 390 0
1990 4 13.6810283890991 3.28860270659484 391.2 126.293179511169 390 0
1990 5 17.8439485375643 7.63536156878242 461.6 176.86658948421 390 0
1990 6 24.8265548933326 13.5026932456991 512.7 45.5352071034074 390 0
1990 7 27.0079056589033 17.5536627708362 503.7 108.624459348734 390 0
1990 8 27.1255044951551 17.6254766002547 439.3 162.917301980861 390 0
1990 9 22.8230664332344 11.7138374380024 346.6 57.1054971048687 390 0
1990 10 19.5967141048445 8.90703701737973 255.1 162.731656524812 390 0
1990 11 13.1494330703342 2.10143649429452 163.1 63.684467814739 390 0
1990 12 8.31955376055519 -1.24666503567262 125 128.773629351695 390 0
1991 1 3.35765388908493 -6.74036951389687 143.5 80.4376082037071 390 0
1991 2 6.65839304941036 -3.99668419894577 209.8 54.9309761743096 390 0
1991 3 9.56157530714893 -0.141823391645069 301.6 139.141306154283 390 0
1991 4 16.0499958800267 4.17653913695688 391.2 88.2945742447587 390 0
1991 5 23.2796590316199 10.2885876749613 461.6 92.7131481041734 390 0
1991 6 26.323654350105 13.9173764285091 512.7 44.6608753142734 390 0
1991 7 28.2372941257731 16.6179543162794 503.7 71.5091479787805 390 0
1991 8 27.5083691608961 17.0500928140616 439.3 182.473321802711 390 0
1991 9 22.4472937960409 11.46079035312 346.6 162.078505267953 390 0
1991 10 18.029745055803 7.1498257844309 255.1 73.161509320724 390 0
1991 11 10.6468249699415 2.44449711992329 163.1 127.723123939797 390 0
1991 12 6.67132651164945 -2.93754481098739 125 86.1056816612234 390 0
1992 1 3.59666917712 -6.23651628638301 143.5 78.2998247421319 390 0
1992 2 4.43697241394457 -5.06317892747057 209.8 55.9719747180175 390 0
1992 3 6.22757881005885 -3.43613300667873 301.6 101.868444082639 390 0
1992 4 12.1544855326525 1.86719947452304 391.2 71.5602697497615 390 0
1992 5 19.7097043875928 7.02819370674267 461.6 32.8571498876248 390 0
1992 6 24.1873752031284 12.776572542413 512.7 155.901081946282 390 0
1992 7 25.9126979474721 15.2507811647679 503.7 91.9385841504036 390 0
1992 8 25.225380761875 15.2705757303066 439.3 165.790495082774 390 0
1992 9 22.324074872324 12.2967723320438 346.6 102.566082388423 390 0
1992 10 15.453879293598 4.63439106691336 255.1 53.256774900328 390 0
1992 11 9.27886075830787 1.30801435061543 163.1 138.494655061635 390 0
1992 12 4.73809819571054 -3.47023722482327 125 174.91323285727 390 0
1993 1 3.77891609928709 -4.65107559486497 143.5 66.6987434814476 390 0
1993 2 1.26102607256485 -9.10525276272547 209.8 98.8666629189251 390 0
1993 3 5.72812178299783 -3.4801846473916 301.6 177.046590908427 390 0
1993 4 13.6117417167997 3.62462617760378 391.2 130.984876292528 390 0
1993 5 21.2466553177192 9.00372932408719 461.6 25.8375980554487 390 0
1993 6 25.1892020979517 13.230806616336 512.7 56.7599310935915 390 0
1993 7 28.6633953738542 16.6864734738982 503.7 66.874719732081 390 0
1993 8 27.7988760678452 16.4723443546428 439.3 43.7327906511729 390 0
1993 9 22.4540147272044 12.8856074679212 346.6 123.411155928902 390 0
1993 10 15.7315443048765 4.88364513725223 255.1 97.5269598953756 390 0
1993 11 11.7633291544039 0.370321827492928 163.1 97.6773231829709 390 0
1993 12 4.75227381946651 -3.8771746195383 125 156.457466234654 390 0
1994 1 -0.455198048940607 -11.2164316430564 143.5 143.319663989651 390 0
1994 2 1.19744229762405 -8.87733392887976 209.8 78.0803512135456 390 0
1994 3 7.2046887932348 -2.36543025515192 301.6 179.464050246624 390 0
1994 4 15.6514683563324 3.70792246259912 391.2 63.0044977941905 390 0
1994 5 19.2335077601863 7.50291133688873 461.6 101.28055908569 390 0
1994 6 26.0412344690118 15.0469963984228 512.7 76.9655914177545 390 0
1994 7 29.1677840390108 19.3002956942399 503.7 72.0818492485938 390 0
1994 8 26.0867838969877 15.8227272626717 439.3 157.069343519568 390 0
1994 9 22.0019921948542 12.0535998307634 346.6 113.314077622426 390 0
1994 10 17.3297694387117 5.43530071974672 255.1 23.4796771987661 390 0
1994 11 14.0390359801188 3.11348213789326 163.1 120.555989884422 390 0
1994 12 7.61624655793532 -1.75552138626965 125 130.973965670975 390 0
1995 1 5.31866787835554 -2.63243081573023 143.5 96.3480766738415 390 0
1995 2 2.90741513282273 -7.55777575580886 209.8 63.8869685624962 390 0
1995 3 8.7722197301298 -0.682527870960477 301.6 68.7175100096663 390 0
1995 4 13.4992924684984 2.07838263840029 391.2 65.4753313041482 390 0
1995 5 18.4400522134546 7.63473216906634 461.6 77.7554068883397 390 0
1995 6 25.2104902507024 13.6020492538269 512.7 59.5994405593394 390 0
1995 7 28.693465196754 18.1414562224351 503.7 66.7984677590781 390 0
1995 8 28.0853879649197 15.7884867597719 439.3 49.1042646425022 390 0
1995 9 22.4408283401125 11.0591476700536 346.6 86.9534435990964 390 0
1995 10 19.5044156969382 7.71402404168213 255.1 183.125425631809 390 0
1995 11 9.13195689718119 0.0789795529890298 163.1 146.173346225902 390 0
1995 12 2.2035573603472 -6.15808966902899 125 66.2693325443263 390 0
1996 1 2.45187237928627 -7.23737613850733 143.5 162.634140441567 390 0
1996 2 2.90617949672326 -6.34749118839103 209.8 79.2482301200464 390 0
1996 3 6.68014623420182 -4.15682327586852 301.6 82.22299374581 390 0
1996 4 13.5265767186661 3.25779440234866 391.2 169.682699209758 390 0
1996 5 19.3871168276718 7.69565769968002 461.6 86.3192850367224 390 0
1996 6 24.7957161057646 14.2900287610987 512.7 63.365499147393 390 0
1996 7 25.9307781011965 16.4461567025696 503.7 141.958226664689 390 0
1996 8 25.9847463996942 16.4436005056248 439.3 74.1873476175304 390 0
1996 9 21.8759277030747 13.0236985084576 346.6 194.737523538497 390 0
1996 10 16.4396539994391 5.39867194794915 255.1 217.161935432405 390 0
1996 11 8.4700878442045 -0.685575475070868 163.1 78.4804277551813 390 0
1996 12 7.11504437607692 -0.352221049178631 125 183.423285207468 390 0
1997 1 2.81057100512117 -6.70006427948896 143.5 97.5549389751938 390 0
1997 2 6.24611157249293 -2.7805719288692 209.8 55.4376890616487 390 0
1997 3 7.41360131604785 -1.97900315205699 301.6 112.28915309548 390 0
1997 4 12.8053896634525 2.22949787618306 391.2 145.873543809682 390 0
1997 5 17.6713398057395 7.27009630131162 461.6 82.1308998472043 390 0
1997 6 24.7848999441873 13.064868631256 512.7 43.0723986660969 390 0
1997 7 27.9245646493253 16.3832493323193 503.7 75.2256365876495 390 0
1997 8 25.9696874106485 15.7249767611605 439.3 132.680594535768 390 0
1997 9 22.4608681864909 12.2822921452504 346.6 33.813424459611 390 0
1997 10 16.6578988443311 5.1257122442264 255.1 49.568330926092 390 0
1997 11 9.1612433733687 0.524332170865939 163.1 163.680425049037 390 0
1997 12 5.50594445423793 -3.30448795673436 125 90.7208914959292 390 0
1998 1 5.25162053927553 -2.63614547045828 143.5 152.197469170547 390 0
1998 2 6.33740343561947 -2.07737799149829 209.8 141.450680192142 390 0
1998 3 8.9513093222597 -0.278833066966503 301.6 150.732042507931 390 0
1998 4 14.7100939997229 3.94068765833508 391.2 121.835141760401 390 0
1998 5 21.3048161040449 10.1216235598443 461.6 131.373853072427 390 0
1998 6 23.035365084601 14.0722434436619 512.7 201.681952881751 390 0
1998 7 27.4012379949913 17.0302592688342 503.7 87.9435984773135 390 0
1998 8 27.4237944606222 16.953672139889 439.3 91.7805332875136 390 0
1998 9 24.0756671017675 13.079263027492 346.6 65.25180667348 390 0
1998 10 16.9926526282009 6.74282073000694 255.1 121.636352811995 390 0
1998 11 11.0127898757341 1.04588069090403 163.1 56.9346195317283 390 0
1998 12 8.66423451528828 -1.29090041404706 125 36.6443533307639 390 0
1999 1 4.04545208083391 -6.41246221966157 143.5 174.862346918772 390 0
1999 2 5.22953483273562 -4.32519164060399 209.8 104.473554579997 390 0
1999 3 8.32965499193924 -1.34383208686622 301.6 142.484110435948 390 0
1999 4 15.1100722455954 3.19375003950502 391.2 36.124861096872 390 0
1999 5 20.2892034121933 8.74611566977676 461.6 100.223703326582 390 0
1999 6 26.5880794738553 14.8623680634574 512.7 13.8648103356 390 0
1999 7 29.7089847803678 18.3418618822487 503.7 59.7771799733301 390 0
1999 8 26.7717348375675 16.6091687656318 439.3 70.639757779704 390 0
1999 9 24.0089107608449 13.882181075452 346.6 210.114764564281 390 0
1999 10 16.7099251761702 5.17759231206524 255.1 137.621193783653 390 0
1999 11 13.4458833228223 3.45483173563736 163.1 73.756048288114 390 0
1999 12 6.712384152668 -2.41622967238415 125 66.2526343320257 390 0
2000 1 2.19512927596469 -8.0032818533548 143.5 92.655467583577 390 0
2000 2 5.00407943626617 -3.99638617514894 209.8 84.0564594886408 390 0
2000 3 11.0995380296126 0.569056281720355 301.6 121.407981996098 390 0
2000 4 12.736243388234 3.74804436858513 391.2 145.927252763156 390 0
2000 5 19.6819002626672 8.80552992957964 461.6 98.7558889247541 390 0
2000 6 24.4452712187078 13.7832202486404 512.7 128.838554726334 390 0
2000 7 25.3961524638142 15.3869325172783 503.7 122.494796880045 390 0
2000 8 25.1265603052559 15.8900869846767 439.3 94.913196036435 390 0
2000 9 22.7409743133348 12.1351948234375 346.6 95.559958211635 390 0
2000 10 17.2675616588717 5.71086101286236 255.1 41.5014797429858 390 0
2000 11 9.93848034571647 1.60702109946639 163.1 100.161031806256 390 0
2000 12 2.72250218621828 -6.54301765304766 125 111.821339570083 390 0
2001 1 2.48058729969925 -7.23067457019796 143.5 72.0331870065189 390 0
2001 2 4.58681472150681 -5.23264021189236 209.8 65.5448432248418 390 0
2001 3 5.71219268645802 -2.07503726378 301.6 247.914668983386 390 0
2001 4 14.2480585744044 3.17826976023765 391.2 49.2246097215516 390 0
2001 5 21.0444316302846 9.1477550763495 461.6 94.8705547546311 390 0
2001 6 25.719760003252 15.0837220010893 512.7 144.21619856577 390 0
2001 7 26.0626938562995 15.0352548496247 503.7 73.6529489487388 390 0
2001 8 28.0709404300092 17.9373221281428 439.3 109.640592955884 390 0
2001 9 23.5465346134347 12.5804488683302 346.6 78.4431241045582 390 0
2001 10 18.2955574727644 6.65299349296421 255.1 34.7204275743269 390 0
2001 11 13.5965613373022 2.64069898505855 163.1 26.5512164341131 390 0
2001 12 8.7302934570503 -0.454360720833958 125 74.4996009358585 390 0
2002 1 6.02702532610753 -2.83552518538689 143.5 68.5921778965898 390 0
2002 2 7.21794965179091 -3.66251973426921 209.8 51.9798792140684 390 0
2002 3 9.1735545728774 -1.07659396594499 301.6 119.064376730583 390 0
2002 4 15.7577215136833 4.70618379368849 391.2 99.2524877382286 390 0
2002 5 18.6417861570795 7.6433190988421 461.6 131.131290863428 390 0
2002 6 24.0578496497151 13.1114886187763 512.7 118.1761764026 390 0
2002 7 28.2203992570739 17.2195594613156 503.7 44.1350921225555 390 0
2002 8 28.407491083222 17.4526405656818 439.3 68.9442710534751 390 0
2002 9 24.0853633381585 13.9279455320588 346.6 133.302059582256 390 0
2002 10 15.7515306524837 5.94528457847528 255.1 107.387012008356 390 0
2002 11 9.68081390918224 0.969594105751818 163.1 158.200838230381 390 0
2002 12 4.12109887255021 -4.41534571764486 125 145.472949458313 390 0
2003 1 -0.562865626533235 -8.7289102287703 143.5 70.0663752101492 390 0
2003 2 0.853251297675012 -8.15190104818038 209.8 117.615584648664 390 0
2003 3 8.38923384566808 -3.20665099866848 301.6 129.746450079404 390 0
2003 4 11.5496538783377 1.96126020290266 391.2 121.510161643796 390 0
2003 5 17.5932597473574 7.53473791507603 461.6 95.2794831475837 390 0
2003 6 22.5029925525825 13.4958420326354 512.7 169.267595399261 390 0
2003 7 27.3916725236762 17.4362325966579 503.7 74.8394186992182 390 0
2003 8 27.5231200187259 18.5186656682477 439.3 131.984514090764 390 0
2003 9 22.983261046436 13.6301413862488 346.6 133.355234173769 390 0
2003 10 15.7757625268663 5.37100686073592 255.1 151.070418214674 390 0
2003 11 12.1131310585759 2.69915481782538 163.1 75.9032602647118 390 0
2003 12 5.93044233506191 -3.09315723391312 125 149.425133270758 390 0
2004 1 -2.1163984148475 -10.5199730811176 143.5 48.4161825022956 390 0
2004 2 3.72716841460031 -5.93762928976984 209.8 55.2358196161666 390 0
2004 3 8.01030101259521 -1.09016010323857 301.6 65.3375912296426 390 0
2004 4 13.8406411278623 3.80522932927344 391.2 201.433688984269 390 0
2004 5 20.7032792024644 9.66645492292171 461.6 78.5491417609462 390 0
2004 6 23.7537593671353 13.0302369115384 512.7 48.6667012567334 390 0
2004 7 25.7882911111618 16.7674708510411 503.7 96.22939712478 390 0
2004 8 25.8345138737568 16.8353816854219 439.3 136.707780685315 390 0
2004 9 23.201053312114 13.1292919302781 346.6 192.558216782728 390 0
2004 10 15.7175264920565 6.60459746178664 255.1 55.9985687294983 390 0
2004 11 11.5011720099686 1.055552050106 163.1 107.371971094648 390 0
2004 12 5.59133916627162 -4.00755040062125 125 119.270235668273 390 0
2005 1 1.33087222731519 -7.53886398382458 143.5 137.081846133932 390 0
2005 2 4.14224521098946 -5.74032089500784 209.8 71.0772379369716 390 0
2005 3 5.46929518145634 -4.07914798107162 301.6 139.03055704999 390 0
2005 4 15.4458149500079 3.45893236066278 391.2 118.830103523882 390 0
2005 5 16.1170467865906 6.71169228902607 461.6 121.597423846785 390 0
2005 6 25.5156114444077 14.9148492462413 512.7 45.2780421047915 390 0
2005 7 27.4107432903952 17.5914903663858 503.7 69.9150223442274 390 0
2005 8 28.4248816487733 18.1020396810894 439.3 74.2970270276955 390 0
2005 9 25.3353383820234 13.9949525376413 346.6 79.0975593416923 390 0
2005 10 16.2577026329248 8.29955416559923 255.1 349.522799876746 390 0
2005 11 12.7231812704125 1.87123602881681 163.1 119.42133770356 390 0
2005 12 4.14736583406399 -4.58919461445973 125 111.185874548855 390 0
2006 1 6.42374230552743 -2.54399979796535 143.5 144.695025261645 390 0
2006 2 4.09366774575892 -5.1545946667947 209.8 66.5797857737678 390 0
2006 3 7.87577231187742 -2.30756909530073 301.6 16.5845150244314 390 0
2006 4 15.3564885573277 3.75232776539397 391.2 97.1002270309827 390 0
2006 5 18.7831318910487 9.10329110096415 461.6 199.199036857173 390 0
2006 6 23.7882843250529 15.3330751344896 512.7 252.720752337191 390 0
2006 7 28.2700167834115 18.909357857557 503.7 75.5465173617239 390 0
2006 8 26.5961327744051 16.4108892486694 439.3 118.164743935051 390 0
2006 9 22.0555490331314 11.9115855992444 346.6 71.7770629847861 390 0
2006 10 16.6516366678446 5.86554794123839 255.1 150.777155999362 390 0
2006 11 13.1360076358361 4.31883779743235 163.1 159.346135157366 390 0
2006 12 8.97667347298925 -0.267679020820749 125 57.1106761999664 390 0
2007 1 4.86004014637474 -3.79844132132202 143.5 88.0081007565382 390 0
2007 2 0.565627556611468 -8.13115059500514 209.8 54.7604691478934 390 0
2007 3 7.88331558593608 -3.00424090441518 301.6 147.877064181803 390 0
2007 4 11.9028982405466 2.48397232435673 391.2 216.429891506611 390 0
2007 5 21.3460854736778 8.87797502666147 461.6 61.8777835509457 390 0
2007 6 24.5546451185628 14.0976745526188 512.7 78.0619549303456 390 0
2007 7 27.1248194597688 17.0274298803783 503.7 101.685820595896 390 0
2007 8 27.0847955300383 16.4899192757491 439.3 43.4721040577025 390 0
2007 9 24.4807088053086 13.0176673942551 346.6 48.70419585125 390 0
2007 10 19.6482155212918 9.78963120983629 255.1 83.1173323304169 390 0
2007 11 10.3364792653763 0.288334678629499 163.1 89.3128376082189 390 0
2007 12 3.82399457875148 -4.19927939774838 125 132.7758348635 390 0
2008 1 4.38892577724834 -4.91327518467182 143.5 72.7913857905104 390 0
2008 2 4.6004967505029 -4.81213980747328 209.8 187.331400940316 390 0
2008 3 7.81530153336665 -1.98320244696036 301.6 137.160501068617 390 0
2008 4 15.4704942866435 3.69470374432995 391.2 102.978329279008 390 0
2008 5 18.3907542401111 7.39055401987131 461.6 63.3000232226022 390 0
2008 6 25.6591219383618 15.1601327823008 512.7 88.7371369331768 390 0
2008 7 28.2916686096445 18.5407240702441 503.7 129.882529818261 390 0
2008 8 25.6877879759279 15.2543208842197 439.3 91.2708588556903 390 0
2008 9 22.8089226331228 13.2184107375058 346.6 222.907446987081 390 0
2008 10 16.2396911668797 5.40372480976875 255.1 67.5213397995144 390 0
2008 11 10.1648102834105 1.02410642269028 163.1 100.317041440872 390 0
2008 12 6.30493907508314 -3.34468093499009 125 188.448832527796 390 0
2009 1 -0.216187894859199 -9.7167233426879 143.5 97.6637913408624 390 0
2009 2 4.66557064257577 -5.52181383650891 209.8 45.5459775808865 390 0
2009 3 7.6410500691996 -2.07566677837649 301.6 77.0444090308443 390 0
2009 4 15.1624069011547 4.21992954727177 391.2 119.76933042514 390 0
2009 5 19.2699826337677 9.33029484319726 461.6 87.4425995743361 390 0
2009 6 21.6847634126821 13.3490201223473 512.7 139.288370496219 390 0
2009 7 25.4186822698065 16.0030726527852 503.7 194.391072173646 390 0
2009 8 27.3125404547549 18.088998225798 439.3 114.923647474192 390 0
2009 9 22.0573141390035 11.3861434443462 346.6 67.3104155410174 390 0
2009 10 15.0503244591302 5.67315647987605 255.1 167.052550620529 390 0
2009 11 12.9738371528104 4.58225034012531 163.1 80.3432313832031 390 0
2009 12 4.53085547435544 -4.3382095933855 125 148.972855025822 390 0
2010 1 2.17060108734868 -6.2707869937719 143.5 89.4082244622112 390 0
2010 2 2.94473875947977 -4.16310958409067 209.8 123.52365406275 390 0
2010 3 10.8388216730294 1.5264574475438 301.6 339.421081951167 390 0
2010 4 16.7536370559974 5.31683838977939 391.2 48.6646891043278 390 0
2010 5 22.0884999099841 10.0912980267646 461.6 69.6391726756668 390 0
2010 6 25.8180405354594 15.5655257313918 512.7 79.7192629457846 390 0
2010 7 29.7176567631898 18.9010253273497 503.7 84.0830888737521 390 0
2010 8 27.1283155586567 16.8719017023892 439.3 100.792153365247 390 0
2010 9 24.472605665231 14.1177300557045 346.6 71.3104266469887 390 0
2010 10 17.3047721282616 7.48521533098651 255.1 132.964064416013 390 0
2010 11 11.0495137730654 1.69750991153325 163.1 96.1485846025379 390 0
2010 12 3.13595021624407 -4.8383933884316 125 111.797935072067 390 0
2011 1 1.20572280475809 -8.45781617027979 143.5 106.839310588779 390 0
2011 2 3.68144091626116 -7.50701863821774 209.8 103.951557232534 390 0
2011 3 8.15770931477373 -1.59515684407187 301.6 97.6641585553114 390 0
2011 4 14.1482437688656 4.71801724887268 391.2 149.100897174 390 0
2011 5 19.6056194225447 10.2735587394764 461.6 96.3296042316289 390 0
2011 6 24.2956142434739 14.2380490516205 512.7 132.721365047464 390 0
2011 7 28.7990811933743 18.1912028991304 503.7 68.1267468410092 390 0
2011 8 26.8885119348282 17.3562371693809 439.3 224.799460929309 390 0
2011 9 23.89661934944 14.8007275835183 346.6 167.670570322878 390 0
2011 10 17.6728198649487 8.22912446813563 255.1 187.791968651611 390 0
2011 11 13.8480502543141 3.23365055092703 163.1 100.576307008159 390 0
2011 12 8.6099251698911 -1.35916465292099 125 106.009858798224 390 0
2012 1 5.38392299964809 -4.04451599777169 143.5 86.0022081755775 390 0
2012 2 7.3333089061813 -2.90967923053042 209.8 28.8019728250663 390 0
2012 3 12.5847752160011 2.19252308300728 301.6 44.7029006379277 390 0
2012 4 15.9490325233579 4.43816212419787 391.2 77.5494894360423 390 0
2012 5 20.3740339172603 11.1971112400487 461.6 117.794311489713 390 0
2012 6 23.8994505473447 13.7907181704527 512.7 105.028817550351 390 0
2012 7 28.9408568772053 18.1787262549475 503.7 82.3437067627445 390 0
2012 8 27.7648216194641 17.6683130464368 439.3 115.416613530852 390 0
2012 9 23.1166113654995 12.7970697751232 346.6 118.118401942198 390 0
2012 10 17.6712432066964 8.4703076139637 255.1 110.77451730949 390 0
2012 11 9.69759727029934 0.715589909391622 163.1 38.6765525935933 390 0
2012 12 7.22576787546255 -0.807290019118971 125 150.176675931661 390 0
2013 1 3.45581478534967 -5.46127315035209 143.5 42.6028692366507 390 0
2013 2 3.27583851600195 -4.86020109608403 209.8 135.578190411302 390 0
2013 3 6.83908091134325 -1.20930776714306 301.6 90.3341840812055 390 0
2013 4 14.2083501641652 3.25152497868552 391.2 52.5768564187618 390 0
2013 5 20.3973244637479 8.56073109803468 461.6 102.818538476641 390 0
2013 6 25.1642828722062 14.9013739387408 512.7 262.019105934121 390 0
2013 7 28.8155019489153 20.4107573689701 503.7 87.0389475733997 390 0
2013 8 25.9948467305891 15.6037182630602 439.3 77.7460966364521 390 0
2013 9 22.7953820252963 11.7317875663618 346.6 68.0192802193233 390 0
2013 10 18.1551178692188 6.82503987997427 255.1 25.8311178554975 390 0
2013 11 10.8363957106124 0.316198859276481 163.1 106.190577862926 390 0
2013 12 5.00072024490278 -3.74014074732837 125 112.566417855755 390 0
2014 1 0.841342 -8.610101 143.5 20.89790507 399 0
2014 2 8.480838 -0.05570757 209.8 89.8330225 399.92 0
2014 3 9.912581 -0.24049838 301.6 173.35665 400.9 0
2014 4 16.809309 5.193757 391.2 77.66019 402.36 0
2014 5 23.196228 10.613693 461.6 39.580862 402.9 0
2014 6 27.12808 14.868862 512.7 20.911086 402.35 0
2014 7 29.273726 17.71665 503.7 56.1187389 400.83 0
2014 8 28.258497 17.212265 439.3 99.3695142 398.24 0
2014 9 23.210243 10.219786 346.6 44.755794 397.24 0
2014 10 20.814045 9.145166 255.1 65.7193893 397.1 0
2014 11 12.987666 2.400879 163.1 101.381208 398.53 0
2014 12 8.481886 -0.37064633 125 27.29902594 399.74 0
2015 1 5.602676 -3.9088275 143.5 188.4398643 401.63 0
2015 2 9.836655 -0.9371376 209.8 99.11328875 402.55 0
2015 3 13.305115 3.1858542 301.6 122.5597958 403.53 0
2015 4 16.279858 5.244849 391.2 149.015535 404.99 0
2015 5 19.813381 9.271878 461.6 243.04403 405.53 0
2015 6 26.37648 14.338333 512.7 26.8614828 404.98 0
2015 7 30.837572 19.43865 503.7 87.1482323 403.46 0
2015 8 28.436089 17.003075 439.3 98.0701058 400.87 0
2015 9 23.823448 13.565133 346.6 133.83795 399.87 0
2015 10 19.199984 7.4410553 255.1 115.8468357 399.73 0
2015 11 12.922028 2.4412138 163.1 61.632213 401.16 0
2015 12 6.396751 -2.9989269 125 91.782816 402.37 0
2016 1 1.5539299 -8.119211 143.5 99.7865355 404.33 0
2016 2 2.4534354 -5.7739 209.8 64.1048548 405.25 0
2016 3 10.011384 0.16100833 301.6 84.8724913 406.23 0
2016 4 19.239346 6.745769 391.2 42.582471 407.69 0
2016 5 21.321749 9.676438 461.6 80.1275941 408.23 0
2016 6 27.718573 15.774164 512.7 43.358028 407.68 0
2016 7 30.016518 18.494967 503.7 81.2487184 406.16 0
2016 8 28.281029 16.912355 439.3 128.722106 403.57 0
2016 9 23.717873 13.071317 346.6 68.424912 402.57 0
2016 10 16.72216 5.3652587 255.1 45.7806977 402.43 0
2016 11 13.683929 3.6582696 163.1 105.527865 403.86 0
2016 12 8.079631 -0.12177445 125 54.4704472 405.07 0
2017 1 6.0906157 -2.7998834 143.5 147.908905 407.1 0
2017 2 7.9122705 -2.5615706 209.8 70.570101775 408.02 0
2017 3 13.362172 2.0555298 301.6 39.3582851 409 0
2017 4 20.212896 9.090909 391.2 64.176786 410.46 0
2017 5 21.451487 9.736449 461.6 161.9884323 411 0
2017 6 26.571535 14.876238 512.7 41.885583 410.45 0
2017 7 29.944414 18.470482 503.7 114.508978 408.93 0
2017 8 29.412888 18.99931 439.3 107.0350485 406.34 0
2017 9 24.241684 13.337249 346.6 38.390199 405.34 0
2017 10 20.662418 7.8346233 255.1 84.5997347 405.2 0
2017 11 13.648568 3.4497046 163.1 30.250914 406.63 0
2017 12 7.991096 -0.41163728 125 49.1149709 407.84 0
2018 1 5.796403 -3.8968396 143.5 53.7602496 409.93 0
2018 2 12.021609 1.3646283 209.8 87.5185339 410.85 0
2018 3 10.979676 0.72319597 301.6 134.7688296 411.83 0
2018 4 16.45162 5.287677 391.2 95.586942 413.29 0
2018 5 21.769089 10.436237 461.6 108.3060392 413.83 0
2018 6 27.04289 14.951168 512.7 20.771865 413.28 0
2018 7 30.295986 18.410759 503.7 48.0756835 411.76 0
2018 8 29.620867 17.405037 439.3 29.08536777 409.17 0
2018 9 27.468931 16.170015 346.6 76.545948 408.17 0
2018 10 19.02382 6.608173 255.1 93.1569685 408.03 0
2018 11 13.012419 2.7098355 163.1 50.735472 409.46 0
2018 12 9.674858 0.4741769 125 103.8448757 410.67 0
2019 1 6.508674 -2.434174 143.5 74.603081 412.82 0
2019 2 12.609122 2.4409184 209.8 108.787882625 413.74 0
2019 3 9.472558 -0.7107227 301.6 96.9927318 414.72 0
2019 4 19.091936 7.1512227 391.2 113.058222 416.18 0
2019 5 23.337278 11.433977 461.6 194.3416195 416.72 0
2019 6 27.21882 15.594706 512.7 42.551361 416.17 0
2019 7 28.282438 16.998316 503.7 67.5231646 414.65 0
2019 8 28.426699 16.890024 439.3 68.1584786 412.06 0
2019 9 25.898539 14.2972355 346.6 90.993132 411.06 0
2019 10 20.030058 8.861571 255.1 126.5435903 410.92 0
2019 11 13.030768 2.8548002 163.1 41.452953 412.35 0
2019 12 9.072981 -0.17736429 125 120.2310913 413.56 0
2020 1 2.6749053 -7.104784 143.5 77.8905008 415.78 0
2020 2 6.8940125 -3.225274 209.8 105.5441357 416.7 0
2020 3 10.025834 0.15370123 301.6 158.8782674 417.68 0
2020 4 16.54144 4.0615826 391.2 77.786385 419.14 0
2020 5 24.203964 11.624964 461.6 72.4127977 419.68 0
2020 6 28.826883 17.469912 512.7 88.625172 419.13 0
2020 7 30.014116 18.750227 503.7 85.9904722 417.61 0
2020 8 28.654167 17.27766 439.3 66.1674168 415.02 0
2020 9 26.310501 14.745805 346.6 134.229369 414.02 0
2020 10 18.740564 6.998741 255.1 80.8541814 413.88 0
2020 11 12.831337 2.6892533 163.1 142.73637 415.31 0
2020 12 4.1367354 -5.7473764 125 136.6591166 416.52 0
2021 1 -0.2831899 -11.128947 143.5 51.2942058 418.8 0
2021 2 3.0798562 -6.60058 209.8 130.5087285 419.72 0
2021 3 8.813424 -1.8467964 301.6 35.0319685 420.7 0
2021 4 16.308054 5.5324597 391.2 234.871059 422.16 0
2021 5 22.590008 11.000807 461.6 72.1623177 422.7 0
2021 6 26.714554 15.04591 512.7 58.612155 422.15 0
2021 7 28.788012 17.45403 503.7 80.0961012 420.63 0
2021 8 27.322521 17.29045 439.3 160.846135 418.04 0
2021 9 24.017197 13.94929 346.6 128.871516 417.04 0
2021 10 16.249037 5.352857 255.1 135.897738 416.9 0
2021 11 11.863064 2.2918305 163.1 157.36152 418.33 0
2021 12 5.154707 -6.4996715 125 85.7652975 419.54 0
2022 1 -1.5709376 -11.386381 143.5 52.073707 421.86 0
2022 2 4.277877 -4.9014053 209.8 63.46534825 422.78 0
2022 3 10.264138 -0.030344462 301.6 89.2890861 423.76 0
2022 4 18.35125 6.174635 391.2 40.708887 425.22 0
2022 5 21.338034 9.841465 461.6 112.1492797 425.76 0
2022 6 25.376305 14.214817 512.7 248.82822 425.21 0
2022 7 28.241901 17.437984 503.7 92.3399852 423.69 0
2022 8 27.687807 16.662354 439.3 77.2052768 421.1 0
2022 9 24.624369 13.417793 346.6 66.7656 420.1 0
2022 10 16.993093 5.0460405 255.1 115.7567497 419.96 0
2022 11 12.643901 2.6150253 163.1 99.59406 421.39 0
2022 12 9.603101 -0.41436395 125 179.4771226 422.6 0
2023 1 5.102734 -3.4194894 143.5 220.489639 424.99 0
2023 2 0.4259892 -9.701049 209.8 69.1313208 425.91 0
2023 3 9.381231 0.07156549 301.6 98.8743636 426.89 0
2023 4 18.333578 6.598603 391.2 109.47585 428.35 0
2023 5 22.779911 10.754611 461.6 34.9677086 428.89 0
2023 6 27.41818 15.761567 512.7 105.24708 428.34 0
2023 7 28.852564 17.220104 503.7 36.5506709 426.82 0
2023 8 29.326908 18.214918 439.3 56.9007418 424.23 0
2023 9 25.13717 14.273918 346.6 311.67663 423.23 0
2023 10 18.727125 9.088743 255.1 124.7730067 423.09 0
2023 11 10.086843 1.7092052 163.1 168.93918 424.52 0
2023 12 6.3136845 -2.1169682 125 93.0122109 425.73 0
2024 1 5.067606 -5.518445 143.5 113.024202 428.2 0
2024 2 7.04241 -2.5969896 209.8 104.4074235 429.12 0
2024 3 8.500894 -0.7603226 301.6 54.4900826 430.1 0
2024 4 14.486238 3.1770704 391.2 133.21692 431.56 0
2024 5 20.407722 9.224996 461.6 119.5460564 432.1 0
2024 6 24.16909 12.881082 512.7 96.311931 431.55 0
2024 7 28.996529 17.725214 503.7 54.7347904 430.03 0
2024 8 29.40542 19.35045 439.3 89.147909 427.44 0
2024 9 24.307625 13.71566 346.6 134.854101 426.44 0
2024 10 18.015831 6.066439 255.1 64.649415 426.3 0
2024 11 14.624257 4.8594956 163.1 112.87635 427.73 0
2024 12 5.550901 -3.0613337 125 175.109731 428.94 0
2025 1 4.0315723 -4.3237543 143.5 89.6246735 431.47 0
2025 2 7.85027 -2.271017 209.8 88.78876125 432.39 0
2025 3 9.850442 -0.15218343 301.6 76.3487158 433.37 0
2025 4 14.582398 3.2123163 391.2 195.49356 434.83 0
2025 5 22.712896 10.047999 461.6 37.0603109 435.37 0
2025 6 26.722486 14.780675 512.7 53.11647 434.82 0
2025 7 29.692797 18.280972 503.7 129.092029 433.3 0
2025 8 27.763681 17.294209 439.3 227.2442755 430.71 0
2025 9 23.976418 12.485509 346.6 96.06306 429.71 0
2025 10 17.96865 6.4929852 255.1 256.171941 429.57 0
2025 11 13.182073 2.6969635 163.1 175.551582 431 0
2025 12 5.0053835 -3.6975944 125 131.2098095 432.21 0
2026 1 4.228192 -5.677451 143.5 106.5843612 434.83 0
2026 2 7.0508895 -2.1439872 209.8 133.405124725 435.75 0
2026 3 10.107783 -0.022152048 301.6 83.8854482 436.73 0
2026 4 17.7563 6.454558 391.2 97.205886 438.19 0
2026 5 22.556095 10.587707 461.6 38.9914187 438.73 0
2026 6 26.536505 14.653174 512.7 110.291661 438.18 0
2026 7 28.666115 17.537498 503.7 49.2161952 436.66 0
2026 8 28.915884 17.715113 439.3 26.41703316 434.07 0
2026 9 26.189096 14.075479 346.6 119.546178 433.07 0
2026 10 18.040882 6.405965 255.1 89.845068 432.93 0
2026 11 11.655956 1.9840119 163.1 56.802711 434.36 0
2026 12 6.184782 -1.6505752 125 201.1781983 435.57 0
2027 1 1.9795634 -5.9892063 143.5 24.3944115 438.24 0
2027 2 3.9484859 -5.9179077 209.8 98.46750505 439.16 0
2027 3 9.226712 -0.33149448 301.6 140.117954 440.14 0
2027 4 19.042297 6.7600956 391.2 47.859549 441.6 0
2027 5 20.73193 8.99532 461.6 71.3635686 442.14 0
2027 6 24.201807 12.882526 512.7 231.995229 441.59 0
2027 7 28.88922 17.90785 503.7 78.7762514 440.07 0
2027 8 29.554146 18.222113 439.3 85.3219944 437.48 0
2027 9 24.68684 14.007691 346.6 265.23666 436.48 0
2027 10 19.005495 8.67843 255.1 56.9268407 436.34 0
2027 11 12.875874 2.8630545 163.1 108.98655 437.77 0
2027 12 2.9298081 -7.0200486 125 166.862956 438.98 0
2028 1 3.6563056 -6.1991034 143.5 151.2683843 441.72 0
2028 2 7.7450647 -3.2310061 209.8 136.7792115 442.64 0
2028 3 9.231392 -0.3075736 301.6 135.8176526 443.62 0
2028 4 17.401117 6.469827 391.2 226.93782 445.08 0
2028 5 22.961283 10.758177 461.6 86.5874547 445.62 0
2028 6 29.132347 16.64812 512.7 37.543773 445.07 0
2028 7 30.508213 18.86271 503.7 85.5733176 443.55 0
2028 8 29.517715 17.623594 439.3 42.1947386 440.96 0
2028 9 26.422112 13.726523 346.6 58.182411 439.96 0
2028 10 22.072544 8.980135 255.1 54.6279179 439.82 0
2028 11 15.10272 5.5057206 163.1 56.272809 441.25 0
2028 12 7.660944 -1.8429495 125 132.430016 442.46 0
2029 1 1.028467 -10.895313 143.5 141.7749133 445.25 0
2029 2 3.8286166 -5.5298553 209.8 186.872733 446.17 0
2029 3 9.256602 -0.07003242 301.6 137.511567 447.15 0
2029 4 18.036385 6.42347 391.2 67.372128 448.61 0
2029 5 22.054653 10.298862 461.6 70.4305895 449.15 0
2029 6 27.085608 15.246755 512.7 49.264221 448.6 0
2029 7 30.635483 20.263723 503.7 100.6835112 447.08 0
2029 8 29.573053 18.661829 439.3 184.801478 444.49 0
2029 9 24.64977 13.033302 346.6 63.406878 443.49 0
2029 10 20.383163 8.960165 255.1 61.3100454 443.35 0
2029 11 14.04392 5.2011414 163.1 83.10522 444.78 0
2029 12 9.357436 -0.019648634 125 75.300519 445.99 0
2030 1 4.7640142 -4.2568164 143.5 67.1074298 448.83 0
2030 2 7.6400304 -3.4159267 209.8 108.335707475 449.75 0
2030 3 8.440868 -2.0909898 301.6 86.4529612 450.73 0
2030 4 18.907713 7.209185 391.2 89.909721 452.19 0
2030 5 21.85763 10.061727 461.6 89.7921386 452.73 0
2030 6 27.989288 16.761154 512.7 57.404466 452.18 0
2030 7 30.23213 18.6511 503.7 94.8933622 450.66 0
2030 8 29.467155 18.498873 439.3 80.0362495 448.07 0
2030 9 28.822603 17.356644 346.6 33.706635 447.07 0
2030 10 19.457422 7.475281 255.1 50.8514638 446.93 0
2030 11 14.239543 4.010152 163.1 130.262589 448.36 0
2030 12 6.05109 -2.120959 125 102.8652075 449.57 0
2031 1 5.1770697 -3.6862872 143.5 148.083032 452.47 0
2031 2 4.891286 -4.8011355 209.8 71.352016575 453.39 0
2031 3 10.890904 0.6478213 301.6 50.4933115 454.37 0
2031 4 16.878931 6.518528 391.2 176.81058 455.83 0
2031 5 20.388792 9.152813 461.6 104.737778 456.37 0
2031 6 26.800808 14.847927 512.7 75.473535 455.82 0
2031 7 28.879372 17.759176 503.7 67.8290788 454.3 0
2031 8 29.171453 19.064667 439.3 170.1044214 451.71 0
2031 9 23.927553 13.183911 346.6 129.584469 450.71 0
2031 10 17.267761 6.4550433 255.1 90.6612794 450.57 0
2031 11 12.270937 2.4052608 163.1 210.330849 452 0
2031 12 6.2070503 -2.4468017 125 219.0157254 453.21 0
2032 1 2.7202263 -6.075304 143.5 158.303732 456.18 0
2032 2 4.1910543 -5.6320696 209.8 124.86638425 457.1 0
2032 3 9.940593 -0.16412054 301.6 118.4541217 458.08 0
2032 4 16.720041 5.4680557 391.2 78.640767 459.54 0
2032 5 22.174116 9.955255 461.6 151.1605074 460.08 0
2032 6 24.386362 13.295644 512.7 116.60964 459.53 0
2032 7 27.636967 16.03067 503.7 68.9299632 458.01 0
2032 8 27.977827 16.921522 439.3 89.372752 455.42 0
2032 9 23.547962 12.487417 346.6 241.89315 454.42 0
2032 10 20.290867 9.278252 255.1 68.3285384 454.28 0
2032 11 12.478373 3.0150616 163.1 132.32124 455.71 0
2032 12 9.516794 0.5162587 125 129.5282145 456.92 0
2033 1 2.8979495 -7.925646 143.5 69.579562 459.96 0
2033 2 3.4817622 -6.4236927 209.8 64.118332875 460.88 0
2033 3 9.429984 0.16983673 301.6 151.7715174 461.86 0
2033 4 17.610594 6.691498 391.2 57.461292 463.32 0
2033 5 22.32645 10.297548 461.6 109.2496978 463.86 0
2033 6 26.743511 15.0200615 512.7 112.398411 463.31 0
2033 7 29.004478 18.184181 503.7 93.7524909 461.79 0
2033 8 28.453882 17.793058 439.3 140.558495 459.2 0
2033 9 24.295301 13.804214 346.6 211.99431 458.2 0
2033 10 17.998161 7.955802 255.1 310.375999 458.06 0
2033 11 13.590608 3.6350124 163.1 205.404438 459.49 0
2033 12 6.9986587 -1.5989002 125 139.5546034 460.7 0
2034 1 2.2110875 -9.004589 143.5 59.6031327 463.85 0
2034 2 7.2665133 -2.4756916 209.8 90.63563325 464.77 0
2034 3 10.164944 0.39719552 301.6 71.4933098 465.75 0
2034 4 16.727373 5.990556 391.2 92.719911 467.21 0
2034 5 21.554367 9.536772 461.6 98.615185 467.75 0
2034 6 27.452871 16.388868 512.7 74.672091 467.2 0
2034 7 30.223803 18.48804 503.7 83.7248558 465.68 0
2034 8 28.710789 17.785948 439.3 75.880591 463.09 0
2034 9 23.579294 11.184596 346.6 25.182861 462.09 0
2034 10 19.696766 7.6132083 255.1 130.2977926 461.95 0
2034 11 14.159442 4.9054575 163.1 165.366525 463.38 0
2034 12 6.680012 -1.9866532 125 82.5182149 464.59 0
2035 1 3.500055 -5.2888727 143.5 151.991915 467.85 0
2035 2 9.74743 -0.7960185 209.8 132.5913185 468.77 0
2035 3 10.127412 0.21242197 301.6 81.4514212 469.75 0
2035 4 16.812841 6.032622 391.2 89.305401 471.21 0
2035 5 22.76257 10.401872 461.6 73.1417844 471.75 0
2035 6 27.055693 14.945191 512.7 41.043891 471.2 0
2035 7 30.03078 18.441584 503.7 51.8408443 469.68 0
2035 8 29.649227 18.321907 439.3 53.6681207 467.09 0
2035 9 25.671545 13.965768 346.6 73.14876 466.09 0
2035 10 20.865444 8.189812 255.1 63.7110326 465.95 0
2035 11 14.791932 3.8345692 163.1 138.526812 467.38 0
2035 12 4.469326 -6.0263495 125 50.5726095 468.59 0
2036 1 8.014224 -0.88945436 143.5 126.4582225 471.96 0
2036 2 4.51209 -5.384215 209.8 131.91018275 472.88 0
2036 3 9.074607 -0.017151682 301.6 154.189443 473.86 0
2036 4 16.209778 3.6500485 391.2 210.241785 475.32 0
2036 5 22.529758 9.867628 461.6 148.2205077 475.86 0
2036 6 27.669836 15.579131 512.7 40.15305 475.31 0
2036 7 30.389994 19.119629 503.7 111.4505583 473.79 0
2036 8 29.545033 17.899864 439.3 41.0169773 471.2 0
2036 9 24.450504 12.59434 346.6 53.107062 470.2 0
2036 10 20.129328 7.8252025 255.1 62.296143 470.06 0
2036 11 14.178924 4.009131 163.1 118.85772 471.49 0
2036 12 9.38153 -0.17044313 125 101.1436132 472.7 0
2037 1 7.5717854 -0.9644803 143.5 102.017001 476.18 0
2037 2 5.4827075 -3.7425127 209.8 53.497304675 477.1 0
2037 3 10.695437 0.55288833 301.6 66.9052788 478.08 0
2037 4 14.311809 4.5106626 391.2 87.429522 479.54 0
2037 5 20.032091 9.425484 461.6 217.4366877 480.08 0
2037 6 26.20394 14.656033 512.7 39.847251 479.53 0
2037 7 30.12718 18.768406 503.7 50.1138002 478.01 0
2037 8 29.00044 16.297909 439.3 67.2794395 475.42 0
2037 9 26.809822 15.072022 346.6 206.488008 474.42 0
2037 10 21.346142 10.504548 255.1 52.1419566 474.28 0
2037 11 12.300799 2.4976506 163.1 129.443565 475.71 0
2037 12 8.247606 -0.5892676 125 156.7538343 476.92 0
2038 1 5.39369 -4.2057147 143.5 235.2919716 480.51 0
2038 2 8.250452 -2.0934484 209.8 104.936509275 481.43 0
2038 3 13.699101 3.611636 301.6 65.4681932 482.41 0
2038 4 18.009771 6.220902 391.2 86.489724 483.87 0
2038 5 24.962393 12.442363 461.6 85.55194 484.41 0
2038 6 28.241943 16.129091 512.7 41.154777 483.86 0
2038 7 30.222286 18.519142 503.7 50.0903363 482.34 0
2038 8 31.62687 20.922142 439.3 181.4639064 479.75 0
2038 9 27.89144 15.892241 346.6 36.70473 478.75 0
2038 10 20.485493 9.598993 255.1 110.141946 478.61 0
2038 11 14.598038 4.3814273 163.1 152.13588 480.04 0
2038 12 6.709622 -3.3517976 125 189.38055 481.25 0
2039 1 3.7017243 -5.5672927 143.5 24.12065887 484.93 0
2039 2 5.7498875 -2.3956442 209.8 87.67287495 485.85 0
2039 3 11.866483 0.5951323 301.6 51.6305248 486.83 0
2039 4 17.224348 6.40769 391.2 260.69919 488.29 0
2039 5 23.53852 11.056007 461.6 28.07747686 488.83 0
2039 6 27.914959 15.714631 512.7 39.348003 488.28 0
2039 7 31.218338 19.133053 503.7 74.6014442 486.76 0
2039 8 31.549616 20.731134 439.3 152.453629 484.17 0
2039 9 27.55089 15.137425 346.6 32.365056 483.17 0
2039 10 19.640373 7.2338967 255.1 95.9038785 483.03 0
2039 11 15.092364 5.7702074 163.1 225.929619 484.46 0
2039 12 8.084319 0.04928537 125 137.8497863 485.67 0
2040 1 3.0105593 -5.8203063 143.5 96.6197956 489.44 0
2040 2 5.4557223 -4.3616147 209.8 40.60712065 490.36 0
2040 3 11.033464 -0.13615267 301.6 214.908244 491.34 0
2040 4 14.743238 4.218265 391.2 64.548648 492.8 0
2040 5 24.504135 11.197882 461.6 48.6738316 493.34 0
2040 6 29.219345 17.146976 512.7 33.344553 492.79 0
2040 7 31.596222 20.3377 503.7 102.6331973 491.27 0
2040 8 30.41607 19.657452 439.3 167.7925964 488.68 0
2040 9 28.07314 15.72854 346.6 35.110566 487.68 0
2040 10 21.914791 11.358423 255.1 97.8176604 487.54 0
2040 11 12.103785 1.7721846 163.1 71.226732 488.97 0
2040 12 5.853349 -2.8392572 125 111.1485253 490.18 0
2041 1 6.7767034 -3.3610766 143.5 141.7999985 494.03 0
2041 2 6.54208 -3.5948315 209.8 82.590844025 494.95 0
2041 3 10.818647 0.85960025 301.6 120.006115 495.93 0
2041 4 16.755964 5.4679894 391.2 81.761328 497.39 0
2041 5 22.626 10.989015 461.6 112.4953606 497.93 0
2041 6 27.488352 15.798574 512.7 79.683951 497.38 0
2041 7 30.656162 18.99649 503.7 82.4743778 495.86 0
2041 8 30.641056 20.289555 439.3 174.0870906 493.27 0
2041 9 26.982418 15.008074 346.6 56.257359 492.27 0
2041 10 19.185394 7.682263 255.1 193.3581755 492.13 0
2041 11 13.804439 3.676508 163.1 146.68107 493.56 0
2041 12 7.412579 -0.78624284 125 73.0633978 494.77 0
2042 1 7.148563 -2.4987803 143.5 71.4072786 498.73 0
2042 2 5.8304915 -2.4340265 209.8 131.70062425 499.65 0
2042 3 9.3713 -1.3567075 301.6 234.918527 500.63 0
2042 4 18.26102 4.4027147 391.2 94.691469 502.09 0
2042 5 22.952232 10.846719 461.6 121.23821 502.63 0
2042 6 27.300676 15.983578 512.7 120.036408 502.08 0
2042 7 29.31717 17.593641 503.7 91.2447397 500.56 0
2042 8 30.138523 18.75485 439.3 23.0976784 497.97 0
2042 9 28.312382 17.375832 346.6 90.4161 496.97 0
2042 10 18.67773 7.1568265 255.1 116.2605307 496.83 0
2042 11 15.132313 5.3735633 163.1 55.211298 498.26 0
2042 12 7.409522 -0.35107383 125 183.1156112 499.47 0
2043 1 5.6928797 -1.750882 143.5 169.6002374 503.53 0
2043 2 5.609878 -3.0193474 209.8 133.100538875 504.45 0
2043 3 8.617541 0.14070539 301.6 252.911919 505.43 0
2043 4 16.810099 7.0282736 391.2 189.991878 506.89 0
2043 5 20.853012 10.027997 461.6 103.85837 507.43 0
2043 6 28.51752 16.7798 512.7 83.890149 506.88 0
2043 7 31.378225 20.278696 503.7 82.8247119 505.36 0
2043 8 30.513065 19.20719 439.3 68.7565802 502.77 0
2043 9 26.371254 14.427105 346.6 35.100135 501.77 0
2043 10 18.07237 6.561185 255.1 122.414939 501.63 0
2043 11 13.260761 2.6044207 163.1 95.882169 503.06 0
2043 12 5.45945 -3.1784806 125 27.0785124 504.27 0
2044 1 5.060923 -3.0989096 143.5 97.5960848 508.43 0
2044 2 8.403998 -2.7006955 209.8 124.12996325 509.35 0
2044 3 11.234461 2.2608583 301.6 118.1770995 510.33 0
2044 4 19.276857 7.8141055 391.2 84.86778 511.79 0
2044 5 21.01038 9.909048 461.6 109.4358528 512.33 0
2044 6 27.492517 16.262568 512.7 82.164651 511.78 0
2044 7 31.471184 19.94499 503.7 52.4835983 510.26 0
2044 8 30.018377 19.019085 439.3 174.3169525 507.67 0
2044 9 27.138672 15.327748 346.6 58.024443 506.67 0
2044 10 19.223774 7.732516 255.1 93.0612033 506.53 0
2044 11 15.049983 5.9623995 163.1 201.591525 507.96 0
2044 12 5.9033704 -5.1174936 125 189.0698277 509.17 0
2045 1 3.720217 -5.6287937 143.5 88.3723541 513.46 0
2045 2 9.381863 -1.3633947 209.8 75.68310035 514.38 0
2045 3 12.757826 3.04489 301.6 89.7526415 515.36 0
2045 4 18.645643 7.142149 391.2 112.799376 516.82 0
2045 5 22.49323 11.154718 461.6 106.9919895 517.36 0
2045 6 29.114439 17.546028 512.7 40.962675 516.81 0
2045 7 31.581205 20.092485 503.7 70.364327 515.29 0
2045 8 29.728449 19.060326 439.3 307.874671 512.7 0
2045 9 26.378511 14.446555 346.6 25.665093 511.7 0
2045 10 20.44969 9.455297 255.1 169.500002 511.56 0
2045 11 13.343318 3.8024197 163.1 201.374445 512.99 0
2045 12 6.4711275 -1.8220567 125 191.199382 514.2 0
2046 1 0.5113273 -9.513598 143.5 35.4557354 518.61 0
2046 2 1.8606486 -8.173917 209.8 105.4514644 519.53 0
2046 3 8.385994 -1.4410133 301.6 170.2678937 520.51 0
2046 4 17.299677 6.044366 391.2 94.423134 521.97 0
2046 5 24.198185 11.373034 461.6 38.9618478 522.51 0
2046 6 28.405956 16.477152 512.7 96.799449 521.96 0
2046 7 30.302177 19.308403 503.7 101.3159205 520.44 0
2046 8 29.231382 17.250202 439.3 137.963144 517.85 0
2046 9 24.031324 13.358933 346.6 202.158021 516.85 0
2046 10 17.76666 6.3042803 255.1 140.8173667 516.71 0
2046 11 12.583753 4.395316 163.1 118.052601 518.14 0
2046 12 6.4147077 -2.3305821 125 59.7370186 519.35 0
2047 1 5.0759144 -2.8382368 143.5 116.8930516 523.9 0
2047 2 2.6204526 -6.973858 209.8 122.2822155 524.82 0
2047 3 10.835896 0.51027936 301.6 70.2877973 525.8 0
2047 4 15.07667 4.0696235 391.2 85.443555 527.26 0
2047 5 21.36391 9.672745 461.6 62.828103 527.8 0
2047 6 29.353727 17.80666 512.7 89.795901 527.25 0
2047 7 30.34076 19.163126 503.7 53.3426765 525.73 0
2047 8 31.777933 20.571674 439.3 45.2527491 523.14 0
2047 9 27.848043 15.276713 346.6 27.5786931 522.14 0
2047 10 21.259436 9.746293 255.1 86.6776771 522 0
2047 11 13.717846 3.6889412 163.1 79.904352 523.43 0
2047 12 9.940357 0.24735126 125 87.9629402 524.64 0
2048 1 7.3704996 0.18259422 143.5 93.1133918 529.32 0
2048 2 3.3596663 -7.4676332 209.8 30.370317875 530.24 0
2048 3 11.515021 2.3745544 301.6 242.62274 531.22 0
2048 4 18.148817 6.6594687 391.2 156.931515 532.68 0
2048 5 21.503332 10.370242 461.6 210.677054 533.22 0
2048 6 28.096088 16.276894 512.7 86.59104 532.67 0
2048 7 30.366365 19.256874 503.7 63.7648176 531.15 0
2048 8 29.645279 18.85185 439.3 107.863415 528.56 0
2048 9 26.854113 16.050495 346.6 162.331611 527.56 0
2048 10 21.066374 10.025316 255.1 93.178715 527.42 0
2048 11 14.196052 3.8306837 163.1 55.954275 528.85 0
2048 12 7.5295787 -1.65737 125 100.8144118 530.06 0
2049 1 3.7975314 -6.6458426 143.5 121.4161872 534.88 0
2049 2 6.12329 -3.8327234 209.8 128.344255875 535.8 0
2049 3 13.252418 2.819016 301.6 119.2191025 536.78 0
2049 4 18.032297 6.5089684 391.2 71.296542 538.24 0
2049 5 23.705332 11.785411 461.6 67.901098 538.78 0
2049 6 30.127764 18.6996 512.7 37.851612 538.23 0
2049 7 32.15743 20.334171 503.7 40.085852 536.71 0
2049 8 31.488667 21.38195 439.3 148.4954095 534.12 0
2049 9 26.874556 17.303661 346.6 279.4905 533.12 0
2049 10 18.342558 6.6964097 255.1 42.5588677 532.98 0
2049 11 13.964827 3.994123 163.1 131.70603 534.41 0
2049 12 6.4926567 -2.1809204 125 185.0854566 535.62 0
2050 1 2.939399 -5.2881413 143.5 131.6708415 540.54 0
2050 2 4.7203035 -5.562206 209.8 102.08055575 541.46 0
2050 3 9.560271 0.13269751 301.6 108.834273 542.44 0
2050 4 16.15455 5.7744613 391.2 194.88597 543.9 0
2050 5 23.195335 11.423801 461.6 79.5682673 544.44 0
2050 6 29.08116 17.03822 512.7 47.30955 543.89 0
2050 7 31.041683 19.433676 503.7 78.8644247 542.37 0
2050 8 30.411598 19.183136 439.3 52.2095769 539.78 0
2050 9 26.42678 15.072543 346.6 54.3798 538.78 0
2050 10 20.233316 8.320995 255.1 95.1263179 538.64 0
2050 11 15.124189 4.8080726 163.1 224.561778 540.07 0
2050 12 4.6488876 -5.903178 125 151.6851173 541.28 0
2051 1 2.612951 -5.834542 143.5 120.1559318 546.32 0
2051 2 7.6115313 -2.5719185 209.8 133.263857775 547.24 0
2051 3 9.899105 0.32850844 301.6 178.3028457 548.22 0
2051 4 16.963953 6.152935 391.2 97.960023 549.68 0
2051 5 22.528112 10.483357 461.6 69.4620255 550.22 0
2051 6 27.26202 15.712158 512.7 109.325823 549.67 0
2051 7 30.043728 18.852158 503.7 66.0464858 548.15 0
2051 8 29.919584 19.097113 439.3 104.8313701 545.56 0
2051 9 25.423792 13.002366 346.6 34.651569 544.56 0
2051 10 19.425432 7.85719 255.1 102.2322898 544.42 0
2051 11 12.06448 2.1371129 163.1 153.879075 545.85 0
2051 12 8.145444 -0.1716612 125 90.085256 547.06 0
2052 1 3.1503026 -4.974341 143.5 53.9796676 552.21 0
2052 2 3.5395684 -6.9678082 209.8 126.727197625 553.13 0
2052 3 8.91164 -1.0739918 301.6 102.912281 554.11 0
2052 4 15.298158 3.749029 391.2 90.246078 555.57 0
2052 5 23.37924 11.21171 461.6 85.7603034 556.11 0
2052 6 28.159765 16.05867 512.7 37.555188 555.56 0
2052 7 31.471441 20.137016 503.7 79.382103 554.04 0
2052 8 29.906733 18.922506 439.3 47.8546783 551.45 0
2052 9 25.846033 14.328542 346.6 52.33965 550.45 0
2052 10 21.005686 9.845865 255.1 133.936926 550.31 0
2052 11 16.0922 5.8488193 163.1 54.754569 551.74 0
2052 12 7.074736 -1.6896952 125 134.4941076 552.95 0
2053 1 2.924781 -4.4454284 143.5 25.76154963 558.21 0
2053 2 7.7871704 -2.6163218 209.8 116.249216125 559.13 0
2053 3 11.196935 1.4708664 301.6 133.514954 560.11 0
2053 4 17.453537 7.081205 391.2 180.68016 561.57 0
2053 5 21.673983 10.043943 461.6 198.243698 562.11 0
2053 6 28.412443 16.53729 512.7 142.453179 561.56 0
2053 7 31.329165 20.099632 503.7 69.0699933 560.04 0
2053 8 30.33158 19.180138 439.3 74.1673946 557.45 0
2053 9 25.871555 14.63249 346.6 42.494544 556.45 0
2053 10 21.668556 10.774168 255.1 181.644345 556.31 0
2053 11 12.856246 3.3836176 163.1 114.774033 557.74 0
2053 12 8.167879 0.3437216 125 173.350574 558.95 0
2054 1 2.528939 -7.031985 143.5 66.2671934 564.31 0
2054 2 5.6039715 -4.014585 209.8 91.3213342 565.23 0
2054 3 8.72187 -0.6976721 301.6 171.6301236 566.21 0
2054 4 15.760732 5.008322 391.2 255.72495 567.67 0
2054 5 21.92456 10.632798 461.6 132.3736363 568.21 0
2054 6 27.509485 16.47837 512.7 209.16144 567.66 0
2054 7 31.194805 20.176905 503.7 93.387066 566.14 0
2054 8 30.903782 20.74398 439.3 51.3103258 563.55 0
2054 9 26.117752 15.49294 346.6 176.45829 562.55 0
2054 10 18.334023 6.3883557 255.1 57.6823262 562.41 0
2054 11 14.946094 5.4530106 163.1 193.976025 563.84 0
2054 12 7.176457 -0.48702225 125 77.8634502 565.05 0
2055 1 1.8419688 -7.6471496 143.5 56.2365978 570.52 0
2055 2 6.679625 -2.435672 209.8 58.0770958 571.44 0
2055 3 8.9135275 -1.0296854 301.6 131.5294536 572.42 0
2055 4 18.826462 6.861296 391.2 53.826957 573.88 0
2055 5 24.82035 11.822264 461.6 37.0387194 574.42 0
2055 6 27.368336 16.065348 512.7 98.058915 573.87 0
2055 7 31.74335 20.760538 503.7 67.1308906 572.35 0
2055 8 30.814543 19.53643 439.3 52.4268125 569.76 0
2055 9 25.715075 13.254022 346.6 100.385964 568.76 0
2055 10 19.990545 8.120768 255.1 98.0995899 568.62 0
2055 11 14.181578 4.6536345 163.1 204.890169 570.05 0
2055 12 9.326239 1.6883215 125 194.807565 571.26 0
2056 1 5.330609 -2.024782 143.5 26.82835573 576.84 0
2056 2 4.7217283 -5.433109 209.8 96.7749854 577.76 0
2056 3 10.752722 0.7211292 301.6 98.7215026 578.74 0
2056 4 19.287231 7.6282606 391.2 108.457761 580.2 0
2056 5 24.433538 12.095654 461.6 49.4176084 580.74 0
2056 6 28.990732 17.386198 512.7 126.74952 580.19 0
2056 7 31.420628 20.038862 503.7 60.4811767 578.67 0
2056 8 31.504965 20.517694 439.3 98.2075195 576.08 0
2056 9 28.089334 15.547958 346.6 72.729498 575.08 0
2056 10 24.081032 12.507413 255.1 55.7923151 574.94 0
2056 11 14.461127 3.2766635 163.1 78.897729 576.37 0
2056 12 6.820642 -3.6924217 125 40.2820851 577.58 0
2057 1 6.77934 -0.708567 143.5 113.531424 583.3 0
2057 2 6.2112722 -3.594144 209.8 80.17331355 584.22 0
2057 3 14.043339 4.046962 301.6 165.3695527 585.2 0
2057 4 19.0629 7.7484875 391.2 128.7093 586.66 0
2057 5 21.97853 9.941951 461.6 98.358722 587.2 0
2057 6 28.942162 17.402044 512.7 165.03501 586.65 0
2057 7 30.279222 18.94853 503.7 74.0024932 585.13 0
2057 8 32.273376 20.788982 439.3 72.3038792 582.54 0
2057 9 27.679466 16.110212 346.6 62.407335 581.54 0
2057 10 22.384214 10.442287 255.1 64.2633968 581.4 0
2057 11 14.524224 3.8972838 163.1 103.29288 582.83 0
2057 12 8.614373 -0.038928147 125 94.2231174 584.04 0
2058 1 3.4951334 -4.096213 143.5 43.6110108 589.91 0
2058 2 10.02055 -0.6539706 209.8 71.204178675 590.83 0
2058 3 11.065756 0.38867617 301.6 77.4851293 591.81 0
2058 4 18.503954 7.204805 391.2 84.826398 593.27 0
2058 5 24.527063 11.931287 461.6 30.99406505 593.81 0
2058 6 29.690144 17.451595 512.7 46.596105 593.26 0
2058 7 31.648008 20.059109 503.7 67.7032405 591.74 0
2058 8 32.314682 21.498236 439.3 246.811491 589.15 0
2058 9 27.747005 16.485252 346.6 54.374373 588.15 0
2058 10 21.743965 9.79809 255.1 74.2300611 588.01 0
2058 11 13.148455 2.4824564 163.1 95.220801 589.44 0
2058 12 8.256591 -0.6880531 125 219.067142 590.65 0
2059 1 5.1109915 -4.1951113 143.5 270.828462 596.65 0
2059 2 8.261165 -1.9570757 209.8 125.2694835 597.57 0
2059 3 13.957359 2.8116245 301.6 122.9223377 598.55 0
2059 4 17.18841 7.600106 391.2 279.21921 600.01 0
2059 5 23.700743 11.563622 461.6 127.9720424 600.55 0
2059 6 30.397846 18.71899 512.7 50.017869 600 0
2059 7 29.976908 18.835123 503.7 119.99046 598.48 0
2059 8 30.915613 20.325813 439.3 84.911542 595.89 0
2059 9 29.153414 18.50366 346.6 77.137176 594.89 0
2059 10 22.8373 10.650557 255.1 67.439632 594.75 0
2059 11 14.675549 4.7471156 163.1 202.90569 596.18 0
2059 12 8.082365 0.6971928 125 96.943076 597.39 0
2060 1 4.175147 -3.0817955 143.5 138.2629884 603.52 0
2060 2 7.857792 -0.80967253 209.8 85.5776911 604.44 0
2060 3 9.205625 -0.49469122 301.6 182.7884744 605.42 0
2060 4 16.825521 6.270491 391.2 108.82008 606.88 0
2060 5 23.73242 11.363057 461.6 110.6551417 607.42 0
2060 6 29.620821 17.255299 512.7 27.6517815 606.87 0
2060 7 31.136967 19.493357 503.7 104.5830942 605.35 0
2060 8 30.177738 19.143345 439.3 198.934502 602.76 0
2060 9 26.817533 16.332775 346.6 95.836944 601.76 0
2060 10 20.865423 9.009076 255.1 54.2943083 601.62 0
2060 11 15.096559 4.9592633 163.1 96.927309 603.05 0
2060 12 9.70178 0.74902624 125 205.8297235 604.26 0
2061 1 4.2540073 -3.3233492 143.5 107.520152 610.52 0
2061 2 6.1993775 -3.3942463 209.8 55.6130743 611.44 0
2061 3 12.324133 1.8586032 301.6 80.5055616 612.42 0
2061 4 16.448336 6.5540185 391.2 225.810999 613.88 0
2061 5 22.314922 10.444368 461.6 49.3212573 614.42 0
2061 6 27.816145 15.985989 512.7 87.75837 613.87 0
2061 7 30.90582 19.159538 503.7 61.7298629 612.35 0
2061 8 31.444302 20.288216 439.3 71.2358145 609.76 0
2061 9 28.316025 16.915024 346.6 136.05654 608.76 0
2061 10 20.87718 9.436521 255.1 44.2905587 608.62 0
2061 11 15.21305 5.222416 163.1 63.385764 610.05 0
2061 12 8.153271 0.24459936 125 245.7656347 611.26 0
2062 1 4.7240644 -3.5498133 143.5 61.6591085 617.61 0
2062 2 6.1642613 -3.4489465 209.8 32.722314 618.53 0
2062 3 10.149231 0.2420486 301.6 277.371818 619.51 0
2062 4 17.914186 6.983038 391.2 78.574719 620.97 0
2062 5 25.34208 12.3034 461.6 36.3029685 621.51 0
2062 6 29.05229 16.800255 512.7 42.746802 620.96 0
2062 7 30.153397 18.430466 503.7 119.8820964 619.44 0
2062 8 30.222069 18.42683 439.3 94.1520964 616.85 0
2062 9 26.840828 15.036508 346.6 29.749914 615.85 0
2062 10 21.2355 9.437676 255.1 61.4390178 615.71 0
2062 11 14.329045 3.9281662 163.1 63.212436 617.14 0
2062 12 9.340752 0.3657781 125 86.652688 618.35 0
2063 1 4.148787 -3.9096346 143.5 132.1270437 624.76 0
2063 2 4.450259 -3.1203976 209.8 130.38253575 625.68 0
2063 3 8.8415575 0.19945821 301.6 183.5636976 626.66 0
2063 4 18.18175 7.1850276 391.2 59.222007 628.12 0
2063 5 23.450584 11.273663 461.6 40.1563646 628.66 0
2063 6 28.394287 16.560223 512.7 122.10258 628.11 0
2063 7 32.753807 21.350193 503.7 46.8498009 626.59 0
2063 8 31.121363 20.107811 439.3 79.9178388 624 0
2063 9 26.455816 13.766993 346.6 128.61621 623 0
2063 10 21.706364 10.177711 255.1 100.964489 622.86 0
2063 11 13.727245 4.6401253 163.1 192.9528 624.29 0
2063 12 6.2000465 -1.0515317 125 89.0349698 625.5 0
2064 1 6.294892 -2.7565608 143.5 152.7880725 631.99 0
2064 2 4.7138596 -3.3125951 209.8 27.287519675 632.91 0
2064 3 13.662765 3.1595953 301.6 50.301096 633.89 0
2064 4 15.530733 5.4553337 391.2 103.53405 635.35 0
2064 5 24.987162 12.202229 461.6 86.21565 635.89 0
2064 6 28.458733 16.352856 512.7 117.929979 635.34 0
2064 7 32.386555 21.369968 503.7 83.7017081 633.82 0
2064 8 32.09086 21.135351 439.3 108.313845 631.23 0
2064 9 28.452715 17.55816 346.6 145.599 630.23 0
2064 10 21.482153 9.268599 255.1 43.7714699 630.09 0
2064 11 16.38795 5.8036046 163.1 56.12787 631.52 0
2064 12 8.169154 -0.33790347 125 169.0441563 632.73 0
2065 1 5.5884356 -4.018556 143.5 159.863497 639.29 0
2065 2 6.050333 -3.5908153 209.8 87.19991345 640.21 0
2065 3 15.142959 3.349428 301.6 44.256375 641.19 0
2065 4 16.592838 5.7276077 391.2 157.46121 642.65 0
2065 5 24.169712 12.158071 461.6 70.1078702 643.19 0
2065 6 29.105864 16.917027 512.7 84.256182 642.64 0
2065 7 32.810314 20.710651 503.7 34.9437766 641.12 0
2065 8 32.65962 21.947792 439.3 89.1209638 638.53 0
2065 9 27.83398 16.1506 346.6 69.184686 637.53 0
2065 10 21.690067 10.158006 255.1 113.4691884 637.39 0
2065 11 15.387205 5.4179087 163.1 138.93279 638.82 0
2065 12 9.988752 1.6183627 125 152.736814 640.03 0
2066 1 5.422296 -3.6725636 143.5 60.979108 646.65 0
2066 2 8.048358 -1.517217 209.8 89.5485676 647.57 0
2066 3 12.5472145 2.1672103 301.6 179.5874113 648.55 0
2066 4 16.847599 5.2286067 391.2 188.63013 650.01 0
2066 5 21.821877 9.901989 461.6 106.9019903 650.55 0
2066 6 28.28624 16.753843 512.7 99.734775 650 0
2066 7 30.90983 19.635069 503.7 86.4071308 648.48 0
2066 8 30.122084 18.76581 439.3 146.3778646 645.89 0
2066 9 26.58894 15.253718 346.6 31.436856 644.89 0
2066 10 21.043064 9.740127 255.1 150.4176823 644.75 0
2066 11 15.024696 3.7905915 163.1 76.459686 646.18 0
2066 12 9.012996 0.8018218 125 151.795561 647.39 0
2067 1 7.7835026 -1.4282849 143.5 67.1788352 654.1 0
2067 2 5.9372835 -2.600814 209.8 87.851672025 655.02 0
2067 3 12.773587 2.1799889 301.6 104.2931078 656 0
2067 4 16.399176 5.881804 391.2 152.49963 657.46 0
2067 5 20.608704 9.107229 461.6 172.8838256 658 0
2067 6 28.69174 16.832651 512.7 43.643742 657.45 0
2067 7 31.99359 20.714766 503.7 87.2583784 655.93 0
2067 8 31.155949 20.029768 439.3 124.523528 653.34 0
2067 9 27.616606 16.678339 346.6 123.404961 652.34 0
2067 10 21.568846 10.524968 255.1 244.699151 652.2 0
2067 11 15.915969 5.6993003 163.1 112.141842 653.63 0
2067 12 8.964775 1.1952176 125 167.2141333 654.84 0
2068 1 1.4044223 -6.3726726 143.5 42.9980943 661.64 0
2068 2 5.8046603 -3.0944328 209.8 78.0464445 662.56 0
2068 3 11.4337845 1.0667348 301.6 116.196742 663.54 0
2068 4 20.807178 8.853843 391.2 112.044705 665 0
2068 5 25.073856 12.92394 461.6 45.1555455 665.54 0
2068 6 28.962116 16.953678 512.7 52.014582 664.99 0
2068 7 32.558895 21.082775 503.7 100.6311243 663.47 0
2068 8 31.143526 19.976435 439.3 80.269757 660.88 0
2068 9 26.523685 14.059222 346.6 150.639 659.88 0
2068 10 21.798481 10.822205 255.1 152.578807 659.74 0
2068 11 13.192584 3.6469886 163.1 86.0106 661.17 0
2068 12 6.622289 -1.3480973 125 160.117294 662.38 0
2069 1 6.588657 -0.39616674 143.5 52.2686722 669.3 0
2069 2 9.046887 0.48247105 209.8 134.003762 670.22 0
2069 3 10.841382 2.0978608 301.6 116.2642631 671.2 0
2069 4 20.007286 8.947375 391.2 191.83827 672.66 0
2069 5 24.53884 12.496608 461.6 35.5265983 673.2 0
2069 6 26.337149 15.196595 512.7 114.747504 672.65 0
2069 7 31.397745 19.766386 503.7 88.659442 671.13 0
2069 8 31.70188 21.001446 439.3 109.1224986 668.54 0
2069 9 27.238165 16.346624 346.6 69.35724 667.54 0
2069 10 20.925426 9.063248 255.1 17.78645026 667.4 0
2069 11 16.470827 6.724521 163.1 139.3818 668.83 0
2069 12 10.02207 2.0654774 125 33.9616098 670.04 0
2070 1 5.244847 -2.628445 143.5 99.4736308 677.08 0
2070 2 8.4252205 -1.5773534 209.8 132.411380125 678 0
2070 3 11.279513 1.8105146 301.6 121.8003268 678.98 0
2070 4 17.29245 6.627592 391.2 108.943641 680.44 0
2070 5 24.689817 12.219271 461.6 71.6087724 680.98 0
2070 6 28.710579 17.02167 512.7 56.724747 680.43 0
2070 7 32.592274 20.730099 503.7 41.8376 678.91 0
2070 8 32.405914 20.757334 439.3 69.2921889 676.32 0
2070 9 26.666935 14.133132 346.6 72.885039 675.32 0
2070 10 23.934938 12.294056 255.1 66.30156 675.18 0
2070 11 14.446075 4.174002 163.1 218.755389 676.61 0
2070 12 5.4553556 -4.2920895 125 130.646803 677.82 0
2071 1 3.2639906 -8.547031 143.5 129.0492645 684.95 0
2071 2 8.875876 -0.57353103 209.8 65.90540245 685.87 0
2071 3 12.569467 2.6877239 301.6 127.7403205 686.85 0
2071 4 19.220348 9.14187 391.2 202.692231 688.31 0
2071 5 22.112526 11.011757 461.6 221.938486 688.85 0
2071 6 28.85541 16.768126 512.7 47.205585 688.3 0
2071 7 32.200966 21.618814 503.7 142.1871978 686.78 0
2071 8 31.696005 20.793259 439.3 165.5956884 684.19 0
2071 9 26.727474 15.474462 346.6 141.946908 683.19 0
2071 10 18.99032 7.9967995 255.1 78.6385494 683.05 0
2071 11 13.103275 3.733647 163.1 200.048589 684.48 0
2071 12 10.371874 2.1348917 125 184.1408308 685.69 0
2072 1 7.3809605 -1.7447444 143.5 196.4515353 692.9 0
2072 2 6.268182 -4.8890114 209.8 109.02075585 693.82 0
2072 3 12.537828 1.7082916 301.6 162.6467483 694.8 0
2072 4 22.09492 9.671467 391.2 36.260787 696.26 0
2072 5 26.214779 13.645428 461.6 78.1469824 696.8 0
2072 6 30.463818 18.6278 512.7 59.062431 696.25 0
2072 7 32.46161 21.817127 503.7 142.8458517 694.73 0
2072 8 31.985899 20.998938 439.3 77.9420476 692.14 0
2072 9 31.549873 20.02382 346.6 25.0786275 691.14 0
2072 10 21.668962 9.764178 255.1 87.7912684 691 0
2072 11 15.939709 6.6763864 163.1 132.918078 692.43 0
2072 12 8.739373 0.69865704 125 119.9174333 693.64 0
2073 1 4.559429 -2.5025403 143.5 21.1915163 700.89 0
2073 2 8.068066 -0.24612452 209.8 116.2632705 701.81 0
2073 3 9.852915 0.061597545 301.6 183.107545 702.79 0
2073 4 18.83248 7.2111616 391.2 103.608285 704.25 0
2073 5 26.53474 13.4409685 461.6 70.3542923 704.79 0
2073 6 29.076536 17.204954 512.7 106.972302 704.24 0
2073 7 33.713882 22.068125 503.7 81.0363684 702.72 0
2073 8 33.462097 22.56149 439.3 82.6787453 700.13 0
2073 9 29.257767 17.356684 346.6 25.2749418 699.13 0
2073 10 23.73493 12.13743 255.1 165.2867765 698.99 0
2073 11 15.281762 5.210149 163.1 209.985009 700.42 0
2073 12 11.744538 2.6689658 125 125.0741004 701.63 0
2074 1 5.179073 -3.681611 143.5 222.782368 708.93 0
2074 2 5.1833663 -3.7446268 209.8 60.15228995 709.85 0
2074 3 11.948242 2.0824025 301.6 215.3315614 710.83 0
2074 4 19.039827 6.7493277 391.2 217.780251 712.29 0
2074 5 23.86726 11.802561 461.6 29.90978487 712.83 0
2074 6 29.456818 17.746035 512.7 121.422972 712.28 0
2074 7 32.03981 20.722757 503.7 106.9522847 710.76 0
2074 8 30.108637 18.798954 439.3 153.2695366 708.17 0
2074 9 27.428183 16.438211 346.6 83.308254 707.17 0
2074 10 21.93731 9.672419 255.1 81.903767 707.03 0
2074 11 14.138833 3.9487908 163.1 137.330862 708.46 0
2074 12 5.742432 -4.044403 125 82.7755025 709.67 0
2075 1 4.225912 -5.229981 143.5 55.6869709 717.02 0
2075 2 6.528137 -2.529923 209.8 48.153218275 717.94 0
2075 3 10.398074 1.3291949 301.6 190.28017 718.92 0
2075 4 17.786942 6.8721056 391.2 159.429789 720.38 0
2075 5 23.95014 12.161238 461.6 56.9835893 720.92 0
2075 6 29.661854 17.676315 512.7 54.113142 720.37 0
2075 7 33.668385 21.811256 503.7 74.7388579 718.85 0
2075 8 33.400234 21.460386 439.3 38.9871779 716.26 0
2075 9 30.128384 18.78311 346.6 67.514655 715.26 0
2075 10 22.865828 11.192283 255.1 132.5517003 715.12 0
2075 11 14.074715 3.8841267 163.1 161.498595 716.55 0
2075 12 8.635555 1.3339872 125 120.4987763 717.76 0
2076 1 6.963525 -0.6844036 143.5 53.8842651 725.14 0
2076 2 5.3361244 -3.4314296 209.8 58.23203575 726.06 0
2076 3 11.617247 2.239725 301.6 115.207036 727.04 0
2076 4 21.070255 9.165389 391.2 40.259418 728.5 0
2076 5 26.871986 14.479528 461.6 85.1011318 729.04 0
2076 6 30.156202 18.769169 512.7 48.292692 728.49 0
2076 7 34.516884 23.175774 503.7 49.0379173 726.97 0
2076 8 33.33375 22.103024 439.3 102.9750684 724.38 0
2076 9 29.309752 17.41229 346.6 38.593938 723.38 0
2076 10 21.82842 10.261749 255.1 120.383478 723.24 0
2076 11 16.199846 7.035569 163.1 118.303542 724.67 0
2076 12 9.959215 1.3460668 125 183.5071133 725.88 0
2077 1 3.8372247 -5.3897038 143.5 58.5340791 733.31 0
2077 2 6.540037 -2.1969283 209.8 117.0104265 734.23 0
2077 3 12.414549 2.1714427 301.6 93.3487345 735.21 0
2077 4 16.09235 5.2101398 391.2 252.77394 736.67 0
2077 5 24.784296 12.987285 461.6 46.4888276 737.21 0
2077 6 30.560951 19.388105 512.7 63.390648 736.66 0
2077 7 33.75137 21.956577 503.7 79.9527975 735.14 0
2077 8 33.061386 22.046972 439.3 186.338954 732.55 0
2077 9 29.074232 17.170124 346.6 28.056351 731.55 0
2077 10 22.549627 11.217403 255.1 78.84757 731.41 0
2077 11 12.476708 2.8749614 163.1 57.458739 732.84 0
2077 12 9.398083 0.68318194 125 165.6726273 734.05 0
2078 1 6.436612 -1.3737942 143.5 85.3612032 741.52 0
2078 2 6.858505 -1.5355548 209.8 243.7082865 742.44 0
2078 3 10.759733 1.833509 301.6 153.865772 743.42 0
2078 4 18.317236 8.574598 391.2 240.11187 744.88 0
2078 5 23.793545 11.042045 461.6 44.547775 745.42 0
2078 6 30.06526 18.255272 512.7 49.505211 744.87 0
2078 7 32.550266 20.711128 503.7 42.0849924 743.35 0
2078 8 32.537243 21.47149 439.3 90.0094331 740.76 0
2078 9 27.11239 14.781468 346.6 132.15762 739.76 0
2078 10 21.701654 9.249064 255.1 205.624426 739.62 0
2078 11 15.076146 4.7699814 163.1 191.00268 741.05 0
2078 12 8.694828 0.6228817 125 188.7831614 742.26 0
2079 1 5.118183 -3.0248194 143.5 139.4287496 749.8 0
2079 2 9.611378 0.010183672 209.8 128.734162375 750.72 0
2079 3 11.921897 1.5009186 301.6 81.7190132 751.7 0
2079 4 20.00333 8.696002 391.2 191.541 753.16 0
2079 5 23.271875 11.571514 461.6 260.951707 753.7 0
2079 6 28.538473 17.151062 512.7 67.91271 753.15 0
2079 7 31.415676 20.60947 503.7 105.9787762 751.63 0
2079 8 32.280712 21.952984 439.3 171.172204 749.04 0
2079 9 28.097162 16.77127 346.6 68.935848 748.04 0
2079 10 22.490978 10.947895 255.1 86.779199 747.9 0
2079 11 16.771814 7.114889 163.1 166.612659 749.33 0
2079 12 10.386026 1.7596714 125 66.006936 750.54 0
2080 1 8.95549 1.4233702 143.5 147.6113143 758.18 0
2080 2 8.320482 -0.42579237 209.8 65.7210712 759.1 0
2080 3 11.901193 2.486336 301.6 155.8505687 760.08 0
2080 4 18.327515 8.148767 391.2 202.03197 761.54 0
2080 5 24.062296 12.261441 461.6 109.976003 762.08 0
2080 6 29.728054 17.810804 512.7 29.288052 761.53 0
2080 7 33.031963 21.528364 503.7 104.6832118 760.01 0
2080 8 31.799532 21.441801 439.3 388.64576 757.42 0
2080 9 27.359411 15.825354 346.6 50.733153 756.42 0
2080 10 22.30458 11.26552 255.1 45.4910802 756.28 0
2080 11 15.162636 4.926998 163.1 142.931385 757.71 0
2080 12 5.9970913 -3.4534724 125 27.6355607 758.92 0
2081 1 6.438861 -2.0563202 143.5 169.998854 766.64 0
2081 2 11.014158 1.7264507 209.8 108.22307755 767.56 0
2081 3 11.293112 1.9192302 301.6 63.2280774 768.54 0
2081 4 19.728983 8.033182 391.2 96.892749 770 0
2081 5 25.699154 13.314467 461.6 117.3695185 770.54 0
2081 6 30.300282 18.658592 512.7 72.692934 769.99 0
2081 7 32.432102 21.061413 503.7 61.1539294 768.47 0
2081 8 31.90181 20.776836 439.3 101.0809157 765.88 0
2081 9 28.387806 16.955814 346.6 24.972648 764.88 0
2081 10 22.204033 9.332912 255.1 42.6427165 764.74 0
2081 11 17.88665 8.004472 163.1 62.547612 766.17 0
2081 12 8.379765 -0.55588096 125 100.3655814 767.38 0
2082 1 8.109869 0.45983648 143.5 142.4445505 775.17 0
2082 2 8.173548 0.03601035 209.8 123.84797175 776.09 0
2082 3 8.359446 -0.56095827 301.6 144.047421 777.07 0
2082 4 20.591036 8.845243 391.2 77.668389 778.53 0
2082 5 26.005718 12.942482 461.6 83.139799 779.07 0
2082 6 29.879887 18.120026 512.7 95.025624 778.52 0
2082 7 34.5542 23.184698 503.7 37.5982198 777 0
2082 8 34.243557 24.723541 439.3 285.462477 774.41 0
2082 9 28.472965 17.048594 346.6 79.589052 773.41 0
2082 10 20.407557 8.759201 255.1 100.9218485 773.27 0
2082 11 16.280079 5.857797 163.1 93.201729 774.7 0
2082 12 9.674765 1.9225361 125 195.964733 775.91 0
2083 1 5.4332995 -2.443591 143.5 105.4000186 783.75 0
2083 2 6.312323 -3.475392 209.8 78.74839485 784.67 0
2083 3 9.821622 -0.012672425 301.6 95.3247365 785.65 0
2083 4 19.569601 9.074762 391.2 84.766482 787.11 0
2083 5 21.047415 10.676075 461.6 95.5966716 787.65 0
2083 6 29.495047 17.477661 512.7 110.645742 787.1 0
2083 7 33.801167 22.32048 503.7 62.9762954 785.58 0
2083 8 32.824764 21.998589 439.3 98.9292925 782.99 0
2083 9 29.125254 17.396902 346.6 33.221505 781.99 0
2083 10 22.19285 11.300357 255.1 221.2851858 781.85 0
2083 11 16.464136 7.059751 163.1 197.488488 783.28 0
2083 12 7.6922693 -0.49382463 125 29.34329986 784.49 0
2084 1 3.480208 -3.828803 143.5 104.801979 792.37 0
2084 2 5.743531 -3.2684407 209.8 37.0056355 793.29 0
2084 3 11.865033 1.7824477 301.6 89.332111 794.27 0
2084 4 18.958622 8.340795 391.2 240.03048 795.73 0
2084 5 23.933147 12.3841 461.6 202.279092 796.27 0
2084 6 28.899122 17.24153 512.7 80.791191 795.72 0
2084 7 33.079666 21.928112 503.7 109.294902 794.2 0
2084 8 31.163134 19.499237 439.3 159.682705 791.61 0
2084 9 27.923342 15.824043 346.6 146.954598 790.61 0
2084 10 19.889154 8.537879 255.1 53.8455585 790.47 0
2084 11 15.013748 4.651329 163.1 184.02258 791.9 0
2084 12 10.470633 1.5294366 125 242.9168866 793.11 0
2085 1 6.4373856 -1.9324512 143.5 89.5731515 801.02 0
2085 2 8.52664 -0.13239004 209.8 92.56368445 801.94 0
2085 3 14.51744 4.0677543 301.6 146.471776 802.92 0
2085 4 18.737873 7.4313097 391.2 216.077658 804.38 0
2085 5 25.87247 13.295545 461.6 88.191218 804.92 0
2085 6 30.516005 18.738556 512.7 77.004591 804.37 0
2085 7 34.42207 22.744488 503.7 49.7159617 802.85 0
2085 8 34.439957 23.05764 439.3 83.5948418 800.26 0
2085 9 30.860916 19.69973 346.6 57.841122 799.26 0
2085 10 23.512802 11.73171 255.1 94.0876195 799.12 0
2085 11 18.403816 8.747894 163.1 179.1048 800.55 0
2085 12 12.902306 3.53315 125 210.25378 801.76 0
2086 1 7.8459835 -1.0056438 143.5 171.6424244 809.71 0
2086 2 8.9871025 -1.5911657 209.8 191.59089545 810.63 0
2086 3 9.879503 -0.35657704 301.6 89.5312674 811.61 0
2086 4 17.330378 6.2144995 391.2 223.738245 813.07 0
2086 5 24.669107 12.395316 461.6 95.2601232 813.61 0
2086 6 30.313807 18.513813 512.7 61.019046 813.06 0
2086 7 34.57092 22.9766 503.7 75.264001 811.54 0
2086 8 33.674152 22.06474 439.3 63.2620596 808.95 0
2086 9 28.535711 16.14937 346.6 111.041385 807.95 0
2086 10 25.356432 13.789232 255.1 49.80088 807.81 0
2086 11 15.0194645 5.856926 163.1 109.317219 809.24 0
2086 12 10.711352 2.1135013 125 131.207035 810.45 0
2087 1 3.328397 -4.782635 143.5 28.7038858 818.42 0
2087 2 9.117476 -1.2846698 209.8 123.669225525 819.34 0
2087 3 12.378502 2.6362042 301.6 182.8287527 820.32 0
2087 4 21.356377 10.974929 391.2 71.7987 821.78 0
2087 5 24.741884 12.799444 461.6 89.8632464 822.32 0
2087 6 30.146654 18.383598 512.7 60.688089 821.77 0
2087 7 33.426964 21.924358 503.7 49.3853808 820.25 0
2087 8 34.05762 22.367458 439.3 143.878533 817.66 0
2087 9 31.107384 20.50784 346.6 54.499428 816.66 0
2087 10 21.523664 9.747216 255.1 77.2894914 816.52 0
2087 11 15.427582 5.722262 163.1 148.54185 817.95 0
2087 12 9.882125 1.9358622 125 26.3826399 819.16 0
2088 1 7.154653 -0.62461466 143.5 172.626445 827.16 0
2088 2 6.3732033 -2.0037508 209.8 186.4158627 828.08 0
2088 3 11.807839 2.3821704 301.6 169.9127856 829.06 0
2088 4 18.330755 8.497601 391.2 190.2954 830.52 0
2088 5 26.323063 14.150954 461.6 57.8127432 831.06 0
2088 6 31.130842 19.843256 512.7 106.47984 830.51 0
2088 7 34.40129 23.7117 503.7 59.588727 828.99 0
2088 8 33.229794 21.917923 439.3 60.8914524 826.4 0
2088 9 29.303253 17.72856 346.6 44.091729 825.4 0
2088 10 22.429277 10.457461 255.1 51.2077034 825.26 0
2088 11 18.498251 9.145679 163.1 332.18028 826.69 0
2088 12 12.56183 3.9641132 125 304.318723 827.9 0
2089 1 6.052287 -0.99283695 143.5 94.750229 835.96 0
2089 2 9.952806 1.8264146 209.8 124.65339055 836.88 0
2089 3 11.03052 2.607729 301.6 86.6539962 837.86 0
2089 4 19.875912 8.989279 391.2 114.293955 839.32 0
2089 5 27.931316 14.795156 461.6 35.4187834 839.86 0
2089 6 31.468925 19.552605 512.7 149.395152 839.31 0
2089 7 32.808853 21.983812 503.7 146.9259663 837.79 0
2089 8 32.901962 22.149557 439.3 52.7016306 835.2 0
2089 9 29.107601 18.193542 346.6 111.96894 834.2 0
2089 10 22.81598 10.611135 255.1 111.0054076 834.06 0
2089 11 16.633999 7.409818 163.1 178.95126 835.49 0
2089 12 10.711404 2.5676503 125 179.7261983 836.7 0
2090 1 7.853678 -0.4484316 143.5 157.704812 844.8 0
2090 2 6.1646185 -1.8189942 209.8 109.767603925 845.72 0
2090 3 10.738242 1.1999828 301.6 111.3023101 846.7 0
2090 4 16.491482 5.9239216 391.2 108.790635 848.16 0
2090 5 25.147842 13.314509 461.6 115.4452028 848.7 0
2090 6 29.538063 17.167107 512.7 46.723398 848.15 0
2090 7 34.089603 22.821392 503.7 66.8673038 846.63 0
2090 8 32.529728 21.830923 439.3 130.502002 844.04 0
2090 9 28.50729 17.690565 346.6 123.07299 843.04 0
2090 10 21.52069 10.559145 255.1 176.560345 842.9 0
2090 11 16.204582 6.686425 163.1 53.132103 844.33 0
2090 12 10.93883 2.8917494 125 157.009048 845.54 0
2091 1 8.312583 -0.10329472 143.5 150.859826 853.73 0
2091 2 7.0663753 -1.5781449 209.8 46.6564909 854.65 0
2091 3 11.566601 2.808245 301.6 78.9444915 855.63 0
2091 4 19.399097 7.946869 391.2 66.291054 857.09 0
2091 5 25.85702 13.617048 461.6 122.834028 857.63 0
2091 6 29.94102 18.516138 512.7 54.751818 857.08 0
2091 7 34.67446 23.741554 503.7 96.3988586 855.56 0
2091 8 32.991962 22.78149 439.3 159.154093 852.97 0
2091 9 28.573648 16.896152 346.6 25.2733719 851.97 0
2091 10 23.951653 12.1355915 255.1 92.6993868 851.83 0
2091 11 17.570374 8.839853 163.1 202.196475 853.26 0
2091 12 11.699998 3.7742844 125 126.441188 854.47 0
2092 1 10.381859 3.4782395 143.5 102.35642 862.73 0
2092 2 7.3945384 -0.6076067 209.8 128.69182975 863.65 0
2092 3 15.360563 5.65129 301.6 84.0494971 864.63 0
2092 4 20.107681 9.004986 391.2 220.931925 866.09 0
2092 5 28.631071 16.188002 461.6 45.825595 866.63 0
2092 6 33.515934 21.524414 512.7 50.106777 866.08 0
2092 7 33.863308 21.687346 503.7 77.204663 864.56 0
2092 8 34.613594 22.942446 439.3 76.5436593 861.97 0
2092 9 30.80241 19.559238 346.6 34.213302 860.97 0
2092 10 24.591316 13.0489645 255.1 206.637847 860.83 0
2092 11 14.338606 4.515377 163.1 189.620148 862.26 0
2092 12 9.231821 0.9937724 125 190.8756335 863.47 0
2093 1 7.408249 0.16705438 143.5 147.676467 871.78 0
2093 2 8.1187315 -0.59298235 209.8 126.9692295 872.7 0
2093 3 12.10714 3.465882 301.6 226.340021 873.68 0
2093 4 17.016869 7.266484 391.2 114.445695 875.14 0
2093 5 27.691656 15.075245 461.6 72.7488501 875.68 0
2093 6 32.104836 19.90183 512.7 57.93132 875.13 0
2093 7 33.92013 22.37583 503.7 63.5989552 873.61 0
2093 8 32.892082 21.807013 439.3 90.9122771 871.02 0
2093 9 30.69119 20.19525 346.6 185.267988 870.02 0
2093 10 22.735718 10.775013 255.1 48.4794771 869.88 0
2093 11 16.560413 7.771881 163.1 130.96308 871.31 0
2093 12 10.287094 2.9492073 125 323.719608 872.52 0
2094 1 8.332106 1.2851188 143.5 150.01334 880.86 0
2094 2 8.797805 0.6100132 209.8 88.391651 881.78 0
2094 3 12.386038 3.4166934 301.6 223.889657 882.76 0
2094 4 20.32594 9.269207 391.2 106.238286 884.22 0
2094 5 27.061546 14.434369 461.6 73.144221 884.76 0
2094 6 31.00762 19.13495 512.7 50.092668 884.21 0
2094 7 34.43387 22.92166 503.7 121.3234104 882.69 0
2094 8 33.385414 22.856327 439.3 95.2602782 880.1 0
2094 9 26.590544 15.35786 346.6 219.546561 879.1 0
2094 10 21.854973 9.653925 255.1 45.9256909 878.96 0
2094 11 16.964294 7.279302 163.1 211.94754 880.39 0
2094 12 10.991403 2.806585 125 158.0737585 881.6 0
2095 1 2.74963 -6.5442863 143.5 112.0886065 889.98 0
2095 2 8.078016 -2.101565 209.8 183.555208375 890.9 0
2095 3 12.880747 1.5869148 301.6 291.906943 891.88 0
2095 4 18.398438 9.294914 391.2 261.22551 893.34 0
2095 5 24.317492 12.471382 461.6 154.650971 893.88 0
2095 6 30.458082 19.051641 512.7 163.165041 893.33 0
2095 7 34.68719 23.079588 503.7 41.6247168 891.81 0
2095 8 34.44852 23.255814 439.3 67.7700672 889.22 0
2095 9 28.953518 17.727978 346.6 104.255754 888.22 0
2095 10 24.106117 11.9332485 255.1 61.1685118 888.08 0
2095 11 13.030376 3.816888 163.1 184.31301 889.51 0
2095 12 7.8149843 -1.2724016 125 144.9136385 890.72 0
2096 1 8.244655 -2.9904711 143.5 199.555029 899.12 0
2096 2 11.922858 2.5147712 209.8 208.161410375 900.04 0
2096 3 13.639386 5.180694 301.6 154.8511442 901.02 0
2096 4 19.902685 8.979914 391.2 101.449635 902.48 0
2096 5 23.96342 12.27718 461.6 140.082056 903.02 0
2096 6 30.72583 19.083883 512.7 199.875411 902.47 0
2096 7 34.184425 22.843029 503.7 54.5361734 900.95 0
2096 8 33.988346 22.91063 439.3 94.9339753 898.36 0
2096 9 28.812414 17.867231 346.6 147.232188 897.36 0
2096 10 21.025211 9.415459 255.1 79.4634873 897.22 0
2096 11 15.373364 5.0438375 163.1 204.923172 898.65 0
2096 12 8.024478 0.054749582 125 137.9251163 899.86 0
2097 1 7.534018 -0.4968363 143.5 237.5853764 908.29 0
2097 2 8.871651 -0.54557943 209.8 95.525044375 909.21 0
2097 3 12.439875 2.2696097 301.6 236.3465296 910.19 0
2097 4 20.996286 10.529789 391.2 142.04733 911.65 0
2097 5 28.196756 14.91336 461.6 26.09775796 912.19 0
2097 6 32.19972 20.841848 512.7 104.190723 911.64 0
2097 7 33.510033 21.766346 503.7 84.4843992 910.12 0
2097 8 35.822826 24.633486 439.3 24.0877967 907.53 0
2097 9 30.839308 18.867157 346.6 144.063192 906.53 0
2097 10 21.89386 10.090724 255.1 80.4725404 906.39 0
2097 11 13.60291 4.109451 163.1 61.042092 907.82 0
2097 12 6.496361 -2.7922766 125 191.584123 909.03 0
2098 1 6.6845818 -2.0063634 143.5 166.6864327 917.47 0
2098 2 6.6683674 -3.0784554 209.8 155.25931625 918.39 0
2098 3 12.231835 2.546647 301.6 275.908401 919.37 0
2098 4 17.768904 6.45147 391.2 98.73573 920.83 0
2098 5 25.069061 13.784126 461.6 77.2453133 921.37 0
2098 6 31.040325 19.20665 512.7 41.850726 920.82 0
2098 7 34.234737 22.333395 503.7 71.0808548 919.3 0
2098 8 36.276 26.07605 439.3 179.8295554 916.71 0
2098 9 31.263472 19.617496 346.6 80.548953 915.71 0
2098 10 22.862598 11.057568 255.1 46.1224417 915.57 0
2098 11 18.401873 8.567172 163.1 67.098141 917 0
2098 12 11.006401 4.2149305 125 96.5427172 918.21 0
2099 1 7.6145687 -0.8628186 143.5 139.3993926 926.67 0
2099 2 7.9994864 -1.1369416 209.8 129.325146725 927.59 0
2099 3 11.167363 3.4848428 301.6 233.0661623 928.57 0
2099 4 19.782232 8.692663 391.2 257.69277 930.03 0
2099 5 25.050709 13.695614 461.6 94.6501827 930.57 0
2099 6 30.302944 18.352003 512.7 60.545274 930.02 0
2099 7 33.742725 22.416574 503.7 95.0920753 928.5 0
2099 8 35.3143 24.292051 439.3 112.3986127 925.91 0
2099 9 29.056484 18.81276 346.6 232.19631 924.91 0
2099 10 24.492773 13.317117 255.1 41.8944509 924.77 0
2099 11 16.590601 7.0079427 163.1 135.35259 926.2 0
2099 12 11.425733 2.9766872 125 113.1208817 927.41 0
2100-2200 1 7.6145687 -0.8628186 143.5 139.3993926 926.67 0
2100-2200 2 7.9994864 -1.1369416 209.8 129.325146725 927.59 0
2100-2200 3 11.167363 3.4848428 301.6 233.0661623 928.57 0
2100-2200 4 19.782232 8.692663 391.2 257.69277 930.03 0
2100-2200 5 25.050709 13.695614 461.6 94.6501827 930.57 0
2100-2200 6 30.302944 18.352003 512.7 60.545274 930.02 0
2100-2200 7 33.742725 22.416574 503.7 95.0920753 928.5 0
2100-2200 8 35.3143 24.292051 439.3 112.3986127 925.91 0
2100-2200 9 29.056484 18.81276 346.6 232.19631 924.91 0
2100-2200 10 24.492773 13.317117 255.1 41.8944509 924.77 0
2100-2200 11 16.590601 7.0079427 163.1 135.35259 926.2 0
2100-2200 12 11.425733 2.9766872 125 113.1208817 927.41 0
