Year Month Tmax Tmin PAR Prec CO2 O3
1200-1980 1 -3.88554907812018 -15.5625437034972 143.5 80.7622095941913 390 0
1200-1980 2 -1.59586517524872 -14.0703134197406 209.8 69.5596284328678 390 0
1200-1980 3 3.3694988486617 -8.3658607961515 301.6 87.7790257034441 390 0
1200-1980 4 10.4783192397936 -1.26748122890139 391.2 95.7157385409134 390 0
1200-1980 5 17.845848674087 4.70677291322814 461.6 100.322482600289 390 0
1200-1980 6 22.6622898862035 10.0726574071936 512.7 108.243350517007 390 0
1200-1980 7 25.5312989816314 13.1426497636575 503.7 94.7486432110437 390 0
1200-1980 8 24.8732289125823 12.1487841918047 439.3 98.204257739516 390 0
1200-1980 9 20.1776497250951 7.56345750534465 346.6 99.3281821885529 390 0
1200-1980 10 13.167251288624 1.73843738633831 255.1 112.371045235285 390 0
1200-1980 11 6.05037073827773 -3.22934010751068 163.1 112.049166107283 390 0
1200-1980 12 -0.61483252176909 -10.5152752526648 125 100.333019053559 390 0
1981 1 -6.76977357997579 -20.2540952095493 143.5 40.3324935076471 390 0
1981 2 3.16819292558582 -8.55213045041457 209.8 107.747785509553 390 0
1981 3 4.46846775189406 -5.95899975077018 301.6 37.90032372607 390 0
1981 4 11.2966837127056 -0.461379532144448 391.2 85.6141843660759 390 0
1981 5 19.366824283584 5.61049305761303 461.6 91.0513194414248 390 0
1981 6 23.0584750051278 10.0676735844438 512.7 113.717701911423 390 0
1981 7 25.6698432561276 13.0037820045427 503.7 117.050009299808 390 0
1981 8 24.881730758855 11.1524409013521 439.3 121.883618594832 390 0
1981 9 18.7127036274223 7.23188424524552 346.6 176.901340322443 390 0
1981 10 11.6151089418255 0.51849842952732 255.1 167.316542115468 390 0
1981 11 5.71295722879708 -3.06772071383108 163.1 80.6668423709846 390 0
1981 12 -0.152463531642268 -8.15757226931722 125 124.376368995172 390 0
1982 1 -7.66327459948625 -20.9954332456988 143.5 101.067191351854 390 0
1982 2 -2.71251453433215 -15.9220177237961 209.8 73.0556863954832 390 0
1982 3 2.98810572362864 -9.73096967814808 301.6 68.8275657469634 390 0
1982 4 9.18699674777247 -2.96936239605038 391.2 94.8414660757033 390 0
1982 5 19.2555563804777 4.18308562877198 461.6 26.2488708579592 390 0
1982 6 21.0121079662213 8.67439541302432 512.7 117.058442640565 390 0
1982 7 26.5927031549392 12.3070343270702 503.7 61.6709572496772 390 0
1982 8 22.8583203130986 9.96419037538981 439.3 107.795700580385 390 0
1982 9 19.9343840726054 7.99462506888661 346.6 85.2703071558747 390 0
1982 10 14.3935360988498 0.88444154607154 255.1 34.8184138725693 390 0
1982 11 7.5098648300915 -1.95058195987937 163.1 133.55584754268 390 0
1982 12 1.96106047041763 -8.4341113755817 125 50.0750292837603 390 0
1983 1 -1.82456623077476 -13.1461503237243 143.5 91.2691367722872 390 0
1983 2 -0.303739833966711 -12.4880330760456 209.8 69.6498842063732 390 0
1983 3 4.31453087532944 -4.93562196707463 301.6 141.048862088109 390 0
1983 4 10.417244983269 0.265845071003591 391.2 197.142037370031 390 0
1983 5 15.4355890565463 4.89523538488999 461.6 148.804429489536 390 0
1983 6 24.441230958097 9.70973801501118 512.7 44.6074897531983 390 0
1983 7 26.3973845164074 12.8985394082749 503.7 122.526989984943 390 0
1983 8 25.5700364844852 12.3367525137984 439.3 95.8419228613434 390 0
1983 9 22.3877328113487 7.95978661187874 346.6 66.3018822966855 390 0
1983 10 13.5736764110131 1.29064330812222 255.1 70.5166529661466 390 0
1983 11 6.07184196290928 -2.22365882106988 163.1 237.219823360602 390 0
1983 12 -1.67598495907425 -12.1803850698827 125 167.538799953014 390 0
1984 1 -5.1285143759081 -17.3861840581085 143.5 54.2771351728569 390 0
1984 2 2.12459610506918 -8.8435389111603 209.8 113.206638045719 390 0
1984 3 0.120965280643763 -11.0416022191713 301.6 123.068652278477 390 0
1984 4 10.711129745338 -1.04465200181394 391.2 84.9814641220414 390 0
1984 5 17.0160261810604 3.85611933018707 461.6 187.430733979012 390 0
1984 6 22.3734848401924 9.6525497971342 512.7 173.528994354439 390 0
1984 7 25.674126668144 13.5999745177 503.7 96.428986947793 390 0
1984 8 26.0903342635918 13.6905174451471 439.3 54.6418364616499 390 0
1984 9 19.5657658219768 5.2895070842808 346.6 41.6480694704265 390 0
1984 10 14.7833239643218 1.32776312142801 255.1 60.4665463506432 390 0
1984 11 6.99222446123936 -3.60373134251544 163.1 69.8122180533798 390 0
1984 12 0.409145113469573 -9.68098876833568 125 81.7552286394959 390 0
1985 1 -6.57697708936326 -18.3626898902041 143.5 25.7863793957433 390 0
1985 2 -0.712050924995918 -12.9366527298039 209.8 77.0595969143272 390 0
1985 3 3.69150250910207 -8.8612427233698 301.6 72.6758409364491 390 0
1985 4 10.414497802793 -2.68717666961364 391.2 38.5010446102655 390 0
1985 5 18.3310502383185 3.49026343211263 461.6 79.2750800589004 390 0
1985 6 20.6651287677325 9.10144722386975 512.7 100.995429860797 390 0
1985 7 26.7269239041721 12.7626791496148 503.7 76.7736924420674 390 0
1985 8 24.3754659640451 10.7117319235667 439.3 99.2253788122563 390 0
1985 9 20.6500233940695 7.40908736016417 346.6 92.1803286816567 390 0
1985 10 13.9007993928172 1.5232149505038 255.1 69.5814957573582 390 0
1985 11 4.66349050780202 -3.80392316413276 163.1 111.519938655494 390 0
1985 12 -2.83782860242468 -15.3391353827692 125 55.4513824707558 390 0
1986 1 -1.97931320914288 -14.7658130301217 143.5 146.882147516843 390 0
1986 2 -2.27567441756888 -15.3677736452036 209.8 37.1688105984554 390 0
1986 3 4.01669317060431 -9.12099291017447 301.6 91.791158160517 390 0
1986 4 13.0098909270458 0.330744540709608 391.2 70.5384445488108 390 0
1986 5 18.2101831542168 4.9598549586698 461.6 102.166337570687 390 0
1986 6 21.554586380809 7.88284049502867 512.7 75.6757233482159 390 0
1986 7 23.4349982735516 12.0937088748556 503.7 115.887258271018 390 0
1986 8 22.6940802066655 11.4667688557344 439.3 130.093708625966 390 0
1986 9 18.0230680024845 5.33019076758602 346.6 87.420974744494 390 0
1986 10 12.6403746243776 0.903090983267668 255.1 36.7981483815451 390 0
1986 11 3.84462955285408 -5.89688802332484 163.1 94.6988099283082 390 0
1986 12 -0.703693297627815 -11.6982027101937 125 82.3485594175126 390 0
1987 1 -3.99650802414951 -16.3428475891886 143.5 86.4119529521781 390 0
1987 2 -2.93375096810184 -14.9522697164773 209.8 17.2813904871245 390 0
1987 3 4.57154099120013 -7.70100616394668 301.6 72.8903710293817 390 0
1987 4 13.1019077470414 0.530104373737765 391.2 131.466239860573 390 0
1987 5 18.3744743554548 3.94742886350898 461.6 73.2973370354631 390 0
1987 6 22.6520377310561 10.390509007692 512.7 110.989238649951 390 0
1987 7 25.0421739667819 12.9174165702748 503.7 57.1356032218496 390 0
1987 8 24.3377556601972 10.0850607398931 439.3 46.6876784137545 390 0
1987 9 19.1563763510115 7.43599744179804 346.6 143.280203924969 390 0
1987 10 13.3813908770202 1.11237505473805 255.1 99.0574187081988 390 0
1987 11 4.92268849731449 -4.81343585320866 163.1 56.0377333837808 390 0
1987 12 -0.791597959202515 -8.96643700805229 125 98.0370783816491 390 0
1988 1 -3.5185279373761 -16.9570012029106 143.5 59.7451915324504 390 0
1988 2 -0.903241116981799 -14.8758773488535 209.8 71.4967881329159 390 0
1988 3 3.40607333108727 -9.5969818270532 301.6 36.2346992630006 390 0
1988 4 9.8334438194718 -0.553580026187065 391.2 83.3649348050976 390 0
1988 5 18.9396007741994 5.7150683614634 461.6 60.0347172320878 390 0
1988 6 23.2946782230954 8.68900339367281 512.7 56.6678665541186 390 0
1988 7 26.2731425514981 14.3895361710036 503.7 116.948561142728 390 0
1988 8 25.1178235596496 13.781035478837 439.3 152.364998321283 390 0
1988 9 19.1565736975062 6.41760277379655 346.6 43.1923657738867 390 0
1988 10 10.6497849079625 0.785783830671064 255.1 103.30182841477 390 0
1988 11 6.81786637673879 -2.03929420715396 163.1 157.843533898536 390 0
1988 12 -2.27352456108421 -13.7399588377308 125 34.5184641027193 390 0
1989 1 -1.99741116350478 -15.0376072606824 143.5 46.0877571063576 390 0
1989 2 -2.6285237277857 -15.7521868620733 209.8 57.4299332818358 390 0
1989 3 2.10310340487552 -12.0484831410773 301.6 65.0182713863948 390 0
1989 4 8.17266719459202 -2.50841138140097 391.2 84.8925991636327 390 0
1989 5 19.5083911206985 6.63166608357375 461.6 199.649600217216 390 0
1989 6 22.2666089292094 10.4882347591921 512.7 105.131471546229 390 0
1989 7 25.9801183306678 11.5332474360886 503.7 58.5431213504145 390 0
1989 8 23.8120217591208 11.5068335268367 439.3 136.194538391808 390 0
1989 9 20.057748751673 6.93742888235717 346.6 103.15591174116 390 0
1989 10 13.882594251439 1.06990047298117 255.1 73.6956336293252 390 0
1989 11 4.50783767541116 -5.17300679351679 163.1 137.73714114346 390 0
1989 12 -8.70562562126357 -20.9130887867865 125 48.1214185999519 390 0
1990 1 -0.0771441626522056 -11.1668907270458 143.5 107.825393405721 390 0
1990 2 -1.34480329183218 -15.8051429856673 209.8 53.9685451559569 390 0
1990 3 3.93896922074143 -9.01475551604879 301.6 47.9312936003681 390 0
1990 4 10.3662416601454 -0.884223972850906 391.2 93.873756387532 390 0
1990 5 16.2262826026391 3.69217768010805 461.6 151.98505170677 390 0
1990 6 23.0440517511862 10.1306232924351 512.7 114.694597808931 390 0
1990 7 25.7519377005396 13.2064053209288 503.7 89.8103787193192 390 0
1990 8 26.1003251775937 13.2687744448269 439.3 127.34183065216 390 0
1990 9 19.007826666268 7.48384975951014 346.6 85.2210940673032 390 0
1990 10 13.8424687130232 3.55298705064328 255.1 202.637708829853 390 0
1990 11 5.9396504614802 -2.47128081585067 163.1 104.21652299227 390 0
1990 12 1.56226742318625 -8.79030690747562 125 148.727264012307 390 0
1991 1 -4.55594646553347 -17.2916731484408 143.5 71.0858098656299 390 0
1991 2 -0.0141849763500732 -13.2252002510135 209.8 29.5995134213325 390 0
1991 3 3.93625842858791 -6.56235444508298 301.6 129.777450601478 390 0
1991 4 11.6224632880519 -1.23034543312382 391.2 87.6145737124384 390 0
1991 5 20.4259291910304 4.89926191317959 461.6 93.713035579919 390 0
1991 6 23.9442840494334 9.99063513158141 512.7 63.9265680037769 390 0
1991 7 25.947180188452 12.0879810812454 503.7 53.2459647440797 390 0
1991 8 25.2252880311926 13.0209423431012 439.3 212.177030057514 390 0
1991 9 19.0085305435303 5.70071097411199 346.6 120.632679447052 390 0
1991 10 13.740075450442 2.49523892648895 255.1 107.297155674627 390 0
1991 11 5.74917965947045 -2.21756676791389 163.1 91.8039817214079 390 0
1991 12 -2.29824352578621 -13.395808607553 125 65.9996489884169 390 0
1992 1 -3.97245650164181 -15.7480133944646 143.5 105.189178021896 390 0
1992 2 -2.46610791755863 -15.0918354579286 209.8 78.4878869878555 390 0
1992 3 1.0608860272636 -10.9564054208734 301.6 102.064891682155 390 0
1992 4 8.62271291287044 -2.67831948091217 391.2 49.1687085203333 390 0
1992 5 19.242802395495 2.94133584687148 461.6 23.0957305145959 390 0
1992 6 22.722077627338 9.4947528548023 512.7 111.882647857558 390 0
1992 7 22.926638673289 10.3845514480154 503.7 94.0502333412379 390 0
1992 8 23.4904565469795 12.1275523324085 439.3 97.2899945616101 390 0
1992 9 20.2887904922926 7.18247747515067 346.6 65.9433206401429 390 0
1992 10 11.0128856767501 0.214172015623346 255.1 87.0075821029107 390 0
1992 11 4.39715763256178 -5.05652805732456 163.1 84.5495377040353 390 0
1992 12 -0.723087419976813 -9.86640562744314 125 43.7868071544736 390 0
1993 1 -3.33357781873907 -14.9268797904916 143.5 57.0313919517929 390 0
1993 2 -6.74397470133197 -21.2221967431461 209.8 87.1187430788554 390 0
1993 3 3.14215033618082 -11.5086314414491 301.6 83.1855900830131 390 0
1993 4 10.6389214636109 -1.59228542962661 391.2 149.360020166337 390 0
1993 5 18.371211898739 4.38421728023314 461.6 56.8460553789486 390 0
1993 6 22.8066600437291 8.89842670795532 512.7 106.546846568148 390 0
1993 7 25.3708668362421 12.521883402458 503.7 60.4185366505734 390 0
1993 8 26.1501933648986 12.1833563580957 439.3 60.1413521871575 390 0
1993 9 19.7338216766223 7.07961725544146 346.6 104.767755453261 390 0
1993 10 10.620658791435 -0.906791464164472 255.1 105.719898427781 390 0
1993 11 5.99701230466836 -4.71024358397339 163.1 114.094422102687 390 0
1993 12 -0.500274325738462 -9.66752471095666 125 142.266568427044 390 0
1994 1 -8.63696211355553 -22.1589665256102 143.5 129.090420989078 390 0
1994 2 -4.68680580960206 -18.5269190918626 209.8 32.9363664590421 390 0
1994 3 2.34795173946307 -7.73922337441373 301.6 110.002489032751 390 0
1994 4 9.71055762692473 -1.90648017113369 391.2 97.7114533865221 390 0
1994 5 15.7576418679535 3.62334986670894 461.6 108.849459226333 390 0
1994 6 24.6099480710582 11.2433242907207 512.7 92.7348205112983 390 0
1994 7 26.9617727751069 14.9258295578517 503.7 88.1890996674509 390 0
1994 8 24.3083418649099 11.1999470948658 439.3 63.591839527731 390 0
1994 9 18.711503241549 7.07449444549364 346.6 112.024685944732 390 0
1994 10 14.3374676448069 1.23421989712831 255.1 36.5669335747913 390 0
1994 11 8.37411736760128 -3.08471171897958 163.1 103.281006120225 390 0
1994 12 0.922568710224204 -9.44144933614986 125 65.7039938213837 390 0
1995 1 -2.23040511338978 -11.5155903002687 143.5 111.052278120905 390 0
1995 2 -3.70490918279525 -17.6865225988651 209.8 63.8275817374916 390 0
1995 3 3.35465860312314 -7.39689156624055 301.6 68.1152194077231 390 0
1995 4 8.23016809540926 -3.56899571999218 391.2 58.6333535140617 390 0
1995 5 16.8712697281272 3.91064521020111 461.6 100.631333218768 390 0
1995 6 24.7696215783711 10.1623454474965 512.7 58.6659044871964 390 0
1995 7 26.7137788837216 14.1022781537193 503.7 88.8600689471758 390 0
1995 8 26.0610849261783 11.5626130017893 439.3 45.3878055631073 390 0
1995 9 19.2407352811459 4.02029700725414 346.6 64.9306010575782 390 0
1995 10 15.7479790443405 3.42422394307612 255.1 183.864821770782 390 0
1995 11 4.04896148399973 -4.85090670893265 163.1 171.667026249182 390 0
1995 12 -3.08045674416475 -12.934738729266 125 77.5975002556395 390 0
1996 1 -3.94361758140514 -16.0607906209965 143.5 134.612788955437 390 0
1996 2 -2.81774056619999 -14.0328993411683 209.8 97.2237847453574 390 0
1996 3 2.37897047016396 -9.61544751332838 301.6 61.9778340134515 390 0
1996 4 9.35140956059008 -0.770921713852874 391.2 124.566309544079 390 0
1996 5 16.242282242942 3.25638729573778 461.6 131.271059419462 390 0
1996 6 22.6658966363236 10.4065924092095 512.7 115.447173470765 390 0
1996 7 23.5606445716901 12.9426343483152 503.7 189.883330711123 390 0
1996 8 24.985857696213 11.8817555107696 439.3 36.6199269443258 390 0
1996 9 19.3207414167536 8.43390755545086 346.6 121.589120208595 390 0
1996 10 12.0856544115547 0.758979675519078 255.1 107.446318928389 390 0
1996 11 4.27248394229145 -4.91363209948251 163.1 57.3158135835573 390 0
1996 12 2.07223771473757 -5.75546000054706 125 167.307691213783 390 0
1997 1 -4.19866605493841 -15.6074771175924 143.5 103.142979737625 390 0
1997 2 -1.16411099787416 -14.2605302357428 209.8 60.7787673702114 390 0
1997 3 0.983212904523992 -10.7486682955484 301.6 84.2525722881258 390 0
1997 4 8.60206174759189 -2.71267612576651 391.2 75.8086698982709 390 0
1997 5 14.6021636474178 2.95068168063751 461.6 104.195701764314 390 0
1997 6 23.6489525654443 9.20780007569086 512.7 84.0870486937051 390 0
1997 7 25.8844167277565 12.4266520283299 503.7 91.1453949916139 390 0
1997 8 23.9089615984903 11.4056383357893 439.3 115.194249329585 390 0
1997 9 18.8110814347732 7.63655927255212 346.6 81.5121296216937 390 0
1997 10 12.0968321779257 0.847549894968823 255.1 35.878690125219 390 0
1997 11 4.15302341542822 -4.61594386936202 163.1 110.140975101937 390 0
1997 12 -0.917345446329358 -11.4207691436262 125 69.5211399040988 390 0
1998 1 -2.9631166391669 -12.5342027111301 143.5 141.842079597016 390 0
1998 2 1.30975533421146 -10.222858463137 209.8 95.5845482103143 390 0
1998 3 4.23069382272088 -6.95713580986224 301.6 108.942236554855 390 0
1998 4 11.6573832549854 -0.603365564506527 391.2 86.4314088175527 390 0
1998 5 20.8492869913881 7.1184581424806 461.6 88.2328145514763 390 0
1998 6 20.7080354718566 10.5309493467099 512.7 189.727240390766 390 0
1998 7 25.6362716252992 12.9766214916592 503.7 90.5145700954968 390 0
1998 8 25.6693830456305 11.7950576016093 439.3 57.195772709564 390 0
1998 9 20.0266361944726 8.2133877517892 346.6 65.5370193399918 390 0
1998 10 12.3172487991377 2.57464724548791 255.1 132.808602912533 390 0
1998 11 4.9897170100646 -2.47185755973474 163.1 70.9363063092002 390 0
1998 12 2.45651175776227 -8.14624684429853 125 46.8424102896559 390 0
1999 1 -3.21899911145324 -16.4675067181786 143.5 149.03173964432 390 0
1999 2 0.407839403637402 -12.2291844282396 209.8 62.544908860785 390 0
1999 3 4.23002443915736 -5.49813558606628 301.6 156.303997291469 390 0
1999 4 10.7622248930504 -0.849274434438873 391.2 20.5592276454403 390 0
1999 5 20.4385230897323 5.9818935857364 461.6 72.6021173505872 390 0
1999 6 25.6634165699511 11.6573794458881 512.7 87.2908622084613 390 0
1999 7 26.4709444058327 13.9422918654929 503.7 71.7277631113798 390 0
1999 8 24.623520761542 11.7011429946084 439.3 75.7395371342359 390 0
1999 9 23.096095662128 10.7823898959172 346.6 229.241366181855 390 0
1999 10 12.0098917108341 -0.124310353382546 255.1 110.372020878743 390 0
1999 11 8.25602736213324 -1.58794481296964 163.1 92.1974950705515 390 0
1999 12 0.819176415844467 -7.85888292046084 125 77.9912668512674 390 0
2000 1 -4.25152937124723 -15.5472125199486 143.5 95.0941352270577 390 0
2000 2 -1.18745743036287 -14.7146101962581 209.8 81.6257830120063 390 0
2000 3 6.13211790702445 -5.91319852928359 301.6 102.105963907248 390 0
2000 4 9.31971830907247 -0.958867411893823 391.2 150.591347072306 390 0
2000 5 16.1392312035061 3.95071850475633 461.6 111.972894014887 390 0
2000 6 22.1434529013196 9.15157509210143 512.7 59.6603746114503 390 0
2000 7 23.44828967594 11.5474428061102 503.7 95.5331707286319 390 0
2000 8 23.5203179331443 11.7003434970002 439.3 62.1581853274186 390 0
2000 9 19.4052471042991 6.80313841171085 346.6 56.8670278358895 390 0
2000 10 13.4806904326311 1.24393234239499 255.1 85.8888936050805 390 0
2000 11 5.7751866189531 -1.49658704483913 163.1 77.2626377112253 390 0
2000 12 -2.73342527374566 -12.8277820799639 125 113.844327426472 390 0
2001 1 -3.51100435869724 -16.858602680017 143.5 32.9756734463544 390 0
2001 2 -2.3057367099894 -15.9975042251534 209.8 72.7675859140819 390 0
2001 3 1.58339750465559 -10.1413947956566 301.6 97.1375892009416 390 0
2001 4 9.63977038457676 -2.57343539841865 391.2 23.8033442147463 390 0
2001 5 20.527815961088 5.0753775867919 461.6 47.2020784347168 390 0
2001 6 23.748148020094 11.5281781524156 512.7 90.3418286087607 390 0
2001 7 24.5787711810423 12.1530473380054 503.7 86.6301766596722 390 0
2001 8 27.1784197890097 12.8584497377677 439.3 36.0810090947014 390 0
2001 9 21.5488944080585 7.90499675069353 346.6 99.5322934979634 390 0
2001 10 15.2917552600947 1.72642468825125 255.1 44.245224915381 390 0
2001 11 7.60316247794315 -1.3720891371439 163.1 54.3416688923504 390 0
2001 12 2.70879454871126 -6.45686630238906 125 57.7995453952441 390 0
2002 1 -1.31562305373636 -11.0594631949625 143.5 68.0676213971936 390 0
2002 2 -0.62339164751689 -12.9879183448578 209.8 88.4643190595509 390 0
2002 3 2.68137773905294 -8.05360356779584 301.6 93.8447428748137 390 0
2002 4 9.67461042095687 -0.437836936980049 391.2 118.951444939549 390 0
2002 5 16.2500432190399 3.41611362247992 461.6 80.7678695438468 390 0
2002 6 21.2337287273834 8.97022033070511 512.7 98.5999259691411 390 0
2002 7 25.1958525475545 12.6692669515184 503.7 92.9574740001411 390 0
2002 8 26.9632536839487 12.7723715202821 439.3 25.8710571456087 390 0
2002 9 22.2647133349098 8.82584341524994 346.6 111.932560807937 390 0
2002 10 11.260671607483 0.104471027140884 255.1 78.9636982302872 390 0
2002 11 3.74902335566185 -4.71778865017627 163.1 111.543555902714 390 0
2002 12 -0.846487835060754 -10.9177394680688 125 87.558780008694 390 0
2003 1 -6.98306889522682 -18.2106158142535 143.5 38.4559943089167 390 0
2003 2 -4.80511203196317 -16.9578005566135 209.8 65.9595542785284 390 0
2003 3 2.18193176229004 -10.9820523358344 301.6 95.1561180844525 390 0
2003 4 8.37925012149996 -3.86373710348536 391.2 47.6292822605408 390 0
2003 5 16.2264345348025 4.31767566259682 461.6 84.740169634692 390 0
2003 6 23.1166992864237 10.0244321108153 512.7 79.9039713367321 390 0
2003 7 25.2848309079683 13.458195873521 503.7 82.140231688359 390 0
2003 8 24.9223035839451 13.8936307051612 439.3 85.734706709993 390 0
2003 9 21.538555575327 8.53365121260759 346.6 121.385180257353 390 0
2003 10 12.7371664087056 1.87451776786702 255.1 221.295102508055 390 0
2003 11 7.00071528083937 -2.70778525365138 163.1 117.738505360857 390 0
2003 12 0.419866950032545 -9.91240115235221 125 173.097884454158 390 0
2004 1 -8.99074426276733 -18.9345891338556 143.5 22.1813056695853 390 0
2004 2 -1.48269477285818 -14.288829598836 209.8 38.790636858279 390 0
2004 3 3.81396701482632 -7.17194126227136 301.6 39.0082521242693 390 0
2004 4 10.204442581463 -1.47998241191216 391.2 95.1139481201357 390 0
2004 5 18.0831702951531 5.03782146505243 461.6 91.0964505514241 390 0
2004 6 21.0828112466169 8.14143328112709 512.7 57.6843786629356 390 0
2004 7 23.8331667368344 12.9939555745548 503.7 113.63024255174 390 0
2004 8 24.5929840112526 12.7775352225261 439.3 155.64640322239 390 0
2004 9 20.6311040567152 7.20409524898671 346.6 69.0980663931195 390 0
2004 10 13.9096932295258 1.80388452792683 255.1 59.8343949408342 390 0
2004 11 5.88319198286084 -3.75036103338156 163.1 113.522920956843 390 0
2004 12 -1.65468972438667 -11.8819850441142 125 111.588287802522 390 0
2005 1 -5.14630383228882 -17.2080374748505 143.5 62.6441874079024 390 0
2005 2 -0.41690337863733 -13.4787220177931 209.8 69.4685465375658 390 0
2005 3 2.46276603248142 -9.65418630908685 301.6 111.018569364633 390 0
2005 4 11.5488411482385 -0.614252610556425 391.2 195.259811685951 390 0
2005 5 13.821869564055 3.97608942263777 461.6 161.813416561116 390 0
2005 6 24.2998022221903 11.4715354216689 512.7 87.7836406978171 390 0
2005 7 25.9786514496963 13.166207169784 503.7 102.010712705872 390 0
2005 8 25.4774979943407 12.6387235046662 439.3 104.14915081359 390 0
2005 9 21.6255536092714 9.27892663654398 346.6 117.400692458598 390 0
2005 10 13.0524149364696 4.25883643292215 255.1 300.971536670495 390 0
2005 11 6.93880487743931 -2.7711258493029 163.1 167.901353493562 390 0
2005 12 -0.836720895392439 -9.91525092708136 125 145.22356111329 390 0
2006 1 -0.0189141131410447 -10.0244318917156 143.5 113.315427505782 390 0
2006 2 -1.70896626319046 -11.7897416984221 209.8 64.9945404436435 390 0
2006 3 3.80039812942293 -6.82014382581342 301.6 29.965135186332 390 0
2006 4 12.4448375140005 -0.259248235632263 391.2 60.7142685655276 390 0
2006 5 18.1784534782391 6.30015651557381 461.6 159.125450193953 390 0
2006 6 22.841128519826 12.8074316180747 512.7 183.484192491428 390 0
2006 7 26.8925945584187 14.9121734941603 503.7 139.322544086757 390 0
2006 8 23.230509128358 10.8041468762819 439.3 101.559789816405 390 0
2006 9 20.2191919536017 7.61232320727507 346.6 75.0053765921053 390 0
2006 10 12.9228285569207 2.18433833420398 255.1 194.414390406276 390 0
2006 11 8.23269505877373 -0.221055083346891 163.1 139.080108750327 390 0
2006 12 2.44065889554009 -6.38332235296669 125 77.7840338814204 390 0
2007 1 -2.47506632657024 -13.3929522779472 143.5 72.0050109798535 390 0
2007 2 -4.98143110368566 -17.9557763218394 209.8 51.5522746934931 390 0
2007 3 2.88072870095125 -9.33139438984296 301.6 104.937950811598 390 0
2007 4 8.46695412399423 -2.17307996368241 391.2 173.582535563568 390 0
2007 5 17.9673860510796 4.24474296398847 461.6 84.7142296067893 390 0
2007 6 23.1189029955301 10.272964653168 512.7 65.922967840169 390 0
2007 7 24.6384519051279 12.4965835576779 503.7 78.9776329891602 390 0
2007 8 25.0457769827558 11.2533949784415 439.3 102.082880761061 390 0
2007 9 21.3164810255154 7.82359531511694 346.6 51.642848919546 390 0
2007 10 15.8609879401733 4.30936618022007 255.1 119.46816389627 390 0
2007 11 4.81870250300416 -4.41370006928817 163.1 190.421503904036 390 0
2007 12 -2.7396934874658 -12.7285727423601 125 115.359165610275 390 0
2008 1 -1.772544644925 -13.226677313728 143.5 77.6601620088397 390 0
2008 2 -1.60745327463643 -13.5755779751598 209.8 143.541001705439 390 0
2008 3 1.29785240264306 -10.8287475797925 301.6 115.611413112627 390 0
2008 4 12.155021587767 -1.18623464923967 391.2 109.433678461489 390 0
2008 5 17.4236019777513 3.78572527069567 461.6 36.0843930488303 390 0
2008 6 21.7868244257903 11.3745757950839 512.7 156.652754722506 390 0
2008 7 26.2610392867892 14.5130769342951 503.7 121.809172987787 390 0
2008 8 22.9988012559206 12.2320949984511 439.3 126.571052894487 390 0
2008 9 19.9618136316095 7.78220312422504 346.6 149.879118794591 390 0
2008 10 12.7835634861339 1.42437200965208 255.1 112.792103457564 390 0
2008 11 6.12003015554837 -2.62223887708595 163.1 154.229523060862 390 0
2008 12 -0.396516818842921 -11.9102000066425 125 144.103184837399 390 0
2009 1 -6.74189011449385 -19.9924380624065 143.5 66.901257794601 390 0
2009 2 -1.22060560838993 -13.609678991089 209.8 68.4000979840528 390 0
2009 3 3.37630381730808 -9.78163433046859 301.6 64.4375005623936 390 0
2009 4 12.0120933809654 -0.316943181012159 391.2 101.246962161321 390 0
2009 5 17.6643317213744 4.72130344099308 461.6 101.372453618612 390 0
2009 6 20.3676361829107 10.1314121693709 512.7 179.040174548451 390 0
2009 7 22.4122311261438 12.8218032870329 503.7 160.416059370526 390 0
2009 8 25.6114043988862 13.4336532743957 439.3 107.412915199853 390 0
2009 9 20.1604290825801 6.12709777595255 346.6 40.359141078287 390 0
2009 10 9.99988833353182 0.905480091262101 255.1 149.459804557751 390 0
2009 11 9.12502462180172 -1.1240412084101 163.1 127.53898715365 390 0
2009 12 -0.938262955481025 -9.39950109997916 125 115.747947020263 390 0
2010 1 -1.76809349300664 -10.8658666185021 143.5 90.129066319099 390 0
2010 2 -0.382332402351987 -7.96588748021188 209.8 70.5451464357271 390 0
2010 3 7.24524645012793 -3.80529455520819 301.6 134.16362666858 390 0
2010 4 13.6394449521683 1.43288085171633 391.2 74.5269985088201 390 0
2010 5 20.1458137766478 6.06760681827063 461.6 51.1857896220638 390 0
2010 6 22.1049297525952 10.6624500056683 512.7 146.249304064862 390 0
2010 7 26.9334392782453 15.4272707042925 503.7 58.2356900383392 390 0
2010 8 25.6227652392862 12.2313246258571 439.3 60.6093836520664 390 0
2010 9 20.6843988313283 9.95511325007642 346.6 129.135909279329 390 0
2010 10 13.0602027157536 2.74721153066782 255.1 152.280298379527 390 0
2010 11 6.1823623077552 -2.81365573120511 163.1 140.663791008934 390 0
2010 12 -0.276447980580516 -8.58733408285993 125 183.671159462794 390 0
2011 1 -3.41361250148707 -13.9962847578191 143.5 54.0260843177841 390 0
2011 2 -2.58073014191355 -15.4718458779878 209.8 71.8510718742499 390 0
2011 3 3.14000313949161 -8.3648812985777 301.6 128.038481801659 390 0
2011 4 9.84382516926513 -1.25000187225142 391.2 132.99669296683 390 0
2011 5 16.6343196037325 6.65232893897231 461.6 136.255110753382 390 0
2011 6 22.0850939884259 10.2935315600188 512.7 93.8066589063093 390 0
2011 7 26.7861998416878 13.7006639566667 503.7 77.9232161491831 390 0
2011 8 24.5310665745888 13.1786347001315 439.3 204.247983593598 390 0
2011 9 21.4080214213548 9.66913778063147 346.6 94.3811661815756 390 0
2011 10 13.876380218328 4.40006310885291 255.1 127.792706396054 390 0
2011 11 9.46503157827674 -1.9259023617579 163.1 68.9640275210493 390 0
2011 12 2.13826180024179 -8.41927179618569 125 94.1494907069877 390 0
2012 1 -2.02067782196243 -12.7254348333082 143.5 81.5677628630423 390 0
2012 2 0.125735335566965 -11.9266898294454 209.8 44.7204200693009 390 0
2012 3 7.56532826582253 -5.01359365927242 301.6 49.4763360862304 390 0
2012 4 12.3919727538119 -0.289600392372574 391.2 109.21037882155 390 0
2012 5 18.0895927820937 6.89024956207185 461.6 124.602905920088 390 0
2012 6 21.5428702049254 10.4019393946677 512.7 190.413368155064 390 0
2012 7 26.8593223553176 13.9119041114266 503.7 40.6241823871562 390 0
2012 8 26.3556813307474 14.2840631590787 439.3 114.002399035552 390 0
2012 9 20.2813763511243 7.6670111128857 346.6 121.174205797052 390 0
2012 10 14.4318360996529 4.03745911671161 255.1 201.242535759571 390 0
2012 11 5.88487500564157 -3.71019407232639 163.1 36.1742212930818 390 0
2012 12 0.477482559857909 -8.61459219085686 125 140.013400323512 390 0
2013 1 -3.22828901625887 -14.7955227776863 143.5 28.3657817646634 390 0
2013 2 -1.08472215450551 -11.6059896771729 209.8 76.6195998197306 390 0
2013 3 3.74728410944664 -5.2177904843956 301.6 69.7968492571253 390 0
2013 4 10.3551452821508 -1.96178517006154 391.2 50.4887819930097 390 0
2013 5 18.295852876287 4.83997275896236 461.6 140.327929711663 390 0
2013 6 22.4822546044508 10.7867941609456 512.7 159.110957826065 390 0
2013 7 26.4141585328502 14.9128032842116 503.7 135.684198731369 390 0
2013 8 24.5047902256936 12.0093997510935 439.3 119.204868407035 390 0
2013 9 19.9265214028093 8.79316280575247 346.6 149.2852682551 390 0
2013 10 15.2194614093125 2.86144806239097 255.1 34.4432256195988 390 0
2013 11 5.66269680580887 -4.36884230278025 163.1 118.944701238558 390 0
2013 12 -3.59513461313485 -12.6617910556927 125 103.082239962327 390 0
2014 1 -6.8803 -20.188282 143.5 49.8702518 399 0
2014 2 -2.5808244 -15.838583 209.8 85.71894675 399.92 0
2014 3 4.0875435 -7.1114244 301.6 94.7419644 400.9 0
2014 4 11.170387 -0.84058315 391.2 130.358319 402.36 0
2014 5 17.70686 4.678167 461.6 191.912103 402.9 0
2014 6 24.062725 10.985106 512.7 70.206006 402.35 0
2014 7 26.931253 13.630178 503.7 95.9261396 400.83 0
2014 8 26.869892 12.311713 439.3 63.6906997 398.24 0
2014 9 20.554808 8.596908 346.6 97.29543 397.24 0
2014 10 12.388318 1.6066444 255.1 95.8189788 397.1 0
2014 11 4.8381896 -4.52765 163.1 152.264229 398.53 0
2014 12 1.4469258 -7.5554147 125 109.235723 399.74 0
2015 1 -2.2559893 -13.107315 143.5 94.9931233 401.63 0
2015 2 2.4235668 -9.202924 209.8 127.751491775 402.55 0
2015 3 5.902057 -3.8031328 301.6 216.340289 403.53 0
2015 4 11.781762 0.47665724 391.2 83.947371 404.99 0
2015 5 21.654154 8.983601 461.6 75.7051527 405.53 0
2015 6 24.59632 11.289417 512.7 108.559278 404.98 0
2015 7 28.23727 13.416505 503.7 96.301438 403.46 0
2015 8 26.265713 12.983753 439.3 118.0403833 400.87 0
2015 9 22.073616 7.363364 346.6 91.187661 399.87 0
2015 10 14.239402 1.7112123 255.1 83.2544804 399.73 0
2015 11 8.13682 -0.67394876 163.1 66.867528 401.16 0
2015 12 -3.426435 -15.565695 125 128.313867 402.37 0
2016 1 -3.8041584 -16.281998 143.5 103.2036252 404.33 0
2016 2 -2.46112 -13.860875 209.8 77.085563125 405.25 0
2016 3 5.223339 -6.420345 301.6 76.6377846 406.23 0
2016 4 9.565914 -1.7493217 391.2 86.029866 407.69 0
2016 5 16.979984 3.9029782 461.6 81.7214064 408.23 0
2016 6 24.45201 11.954463 512.7 136.16982 407.68 0
2016 7 27.960106 14.88938 503.7 118.3716524 406.16 0
2016 8 27.750149 13.299697 439.3 39.2288539 403.57 0
2016 9 21.82938 8.810987 346.6 119.569095 402.57 0
2016 10 13.023097 1.3470684 255.1 91.079271 402.43 0
2016 11 7.357798 -1.2380216 163.1 167.064972 403.86 0
2016 12 4.859839 -5.3881636 125 83.6627597 405.07 0
2017 1 -0.38722697 -10.198326 143.5 93.1736155 407.1 0
2017 2 -0.82429445 -12.414932 209.8 43.275912275 408.02 0
2017 3 7.7165046 -3.988286 301.6 98.6746647 409 0
2017 4 13.245055 2.0113554 391.2 92.239416 410.46 0
2017 5 18.123568 2.7311094 461.6 111.36812 411 0
2017 6 24.553202 10.13345 512.7 65.29497 410.45 0
2017 7 26.848742 14.011678 503.7 170.5184636 408.93 0
2017 8 25.245531 12.09808 439.3 60.7982261 406.34 0
2017 9 20.292114 8.552592 346.6 90.925755 405.34 0
2017 10 12.639192 1.6906329 255.1 68.818977 405.2 0
2017 11 8.126691 -0.10652642 163.1 107.785191 406.63 0
2017 12 1.1495891 -8.950716 125 127.198239 407.84 0
2018 1 -3.6334777 -15.657664 143.5 80.8598854 409.93 0
2018 2 4.106846 -6.795194 209.8 30.013650325 410.85 0
2018 3 6.4226627 -5.370277 301.6 50.5593322 411.83 0
2018 4 10.379268 -1.0191518 391.2 91.786488 413.29 0
2018 5 15.797668 3.224483 461.6 70.7303688 413.83 0
2018 6 24.08942 11.0859165 512.7 127.60767 413.28 0
2018 7 25.812841 13.197595 503.7 134.2404625 411.76 0
2018 8 27.195604 14.339328 439.3 123.2814727 409.17 0
2018 9 19.91437 6.1225576 346.6 107.3919 408.17 0
2018 10 15.058263 3.355863 255.1 82.8805181 408.03 0
2018 11 7.895604 -1.8899627 163.1 97.410636 409.46 0
2018 12 0.55639666 -9.854674 125 59.407997 410.67 0
2019 1 -4.8389544 -15.785542 143.5 37.2023777 412.82 0
2019 2 4.2534614 -6.264919 209.8 79.3937322 413.74 0
2019 3 7.904314 -3.2196043 301.6 88.9017566 414.72 0
2019 4 11.970875 -0.6627001 391.2 80.317875 416.18 0
2019 5 16.739563 4.582108 461.6 190.4339796 416.72 0
2019 6 23.69998 11.233175 512.7 110.202849 416.17 0
2019 7 26.967987 14.629415 503.7 131.9512427 414.65 0
2019 8 24.696857 13.720047 439.3 136.2049263 412.06 0
2019 9 21.103071 8.28136 346.6 55.169487 411.06 0
2019 10 17.36895 4.553767 255.1 83.331379 410.92 0
2019 11 8.583763 -1.2984865 163.1 134.44476 412.35 0
2019 12 1.1897674 -8.223776 125 134.049425 413.56 0
2020 1 -4.3964453 -15.25016 143.5 21.8298156 415.78 0
2020 2 -1.0694491 -13.161556 209.8 78.95652955 416.7 0
2020 3 6.879057 -4.4708486 301.6 204.5924422 417.68 0
2020 4 11.555035 -1.637526 391.2 91.562526 419.14 0
2020 5 20.128387 5.10264 461.6 77.859321 419.68 0
2020 6 24.779543 11.794444 512.7 105.004284 419.13 0
2020 7 26.90168 14.159666 503.7 114.5158476 417.61 0
2020 8 26.398497 12.462881 439.3 99.5359005 415.02 0
2020 9 19.996738 6.963448 346.6 209.856492 414.02 0
2020 10 14.179369 1.7186755 255.1 29.7712964 413.88 0
2020 11 9.133435 1.6971785 163.1 139.96938 415.31 0
2020 12 3.4281569 -4.7507186 125 56.1533132 416.52 0
2021 1 -0.96337867 -10.483631 143.5 30.86793814 418.8 0
2021 2 1.9266512 -7.5413885 209.8 108.3892045 419.72 0
2021 3 7.494196 -3.2401764 301.6 90.571863 420.7 0
2021 4 12.355786 0.023134192 391.2 134.82618 422.16 0
2021 5 22.99394 8.5961075 461.6 47.649666 422.7 0
2021 6 25.672298 12.263897 512.7 117.483201 422.15 0
2021 7 27.565468 14.251102 503.7 92.0295636 420.63 0
2021 8 25.458647 13.05983 439.3 145.249136 418.04 0
2021 9 19.457987 8.138949 346.6 156.735078 417.04 0
2021 10 16.343233 3.1710758 255.1 61.3772875 416.9 0
2021 11 9.04938 -1.6839458 163.1 130.68651 418.33 0
2021 12 2.8844686 -7.8548346 125 151.8228565 419.54 0
2022 1 -2.3762984 -13.750562 143.5 146.8934163 421.86 0
2022 2 -0.5906672 -13.1419 209.8 57.218072625 422.78 0
2022 3 6.8199496 -4.413748 301.6 130.0517177 423.76 0
2022 4 12.480845 0.67760766 391.2 38.598339 425.22 0
2022 5 21.45456 5.511687 461.6 49.9826206 425.76 0
2022 6 25.808079 12.405639 512.7 160.035711 425.21 0
2022 7 27.848707 13.850382 503.7 108.7680198 423.69 0
2022 8 26.139757 12.841265 439.3 87.840143 421.1 0
2022 9 22.718811 9.418944 346.6 79.460808 420.1 0
2022 10 15.541635 2.4264617 255.1 79.3055578 419.96 0
2022 11 8.011973 -0.15348607 163.1 153.285099 421.39 0
2022 12 0.5223994 -6.7181783 125 170.8885447 422.6 0
2023 1 -1.197673 -12.7162485 143.5 108.1211614 424.99 0
2023 2 -1.5271311 -15.143066 209.8 65.601429625 425.91 0
2023 3 5.4867024 -6.8450108 301.6 73.0124586 426.89 0
2023 4 12.779149 1.962219 391.2 153.53472 428.35 0
2023 5 21.725573 6.977738 461.6 114.7653759 428.89 0
2023 6 25.775694 11.463725 512.7 98.998095 428.34 0
2023 7 25.931107 13.682156 503.7 132.473881 426.82 0
2023 8 26.31594 13.463582 439.3 73.0137668 424.23 0
2023 9 22.234364 8.141849 346.6 39.570636 423.23 0
2023 10 16.261915 3.8364284 255.1 55.2281461 423.09 0
2023 11 8.652695 0.06723076 163.1 107.522571 424.52 0
2023 12 0.5194854 -9.697393 125 54.6200439 425.73 0
2024 1 -3.7270498 -15.1407795 143.5 82.3474297 428.2 0
2024 2 0.47835433 -11.258844 209.8 66.2155705 429.12 0
2024 3 5.4084706 -5.435438 301.6 194.631702 430.1 0
2024 4 11.3777485 -0.08018479 391.2 116.040966 431.56 0
2024 5 17.220877 6.4868493 461.6 131.6323054 432.1 0
2024 6 24.419758 11.907845 512.7 97.343166 431.55 0
2024 7 27.45602 16.080963 503.7 123.7403192 430.03 0
2024 8 29.224243 15.503034 439.3 56.1323758 427.44 0
2024 9 22.222744 7.655154 346.6 105.24711 426.44 0
2024 10 16.864325 4.187904 255.1 112.3628108 426.3 0
2024 11 8.580634 0.023384593 163.1 167.941962 427.73 0
2024 12 5.1543117 -4.5742683 125 84.6605784 428.94 0
2025 1 0.7987364 -7.776318 143.5 64.3623178 431.47 0
2025 2 0.016018787 -12.651209 209.8 131.372876225 432.39 0
2025 3 7.0626965 -2.5588343 301.6 113.8062638 433.37 0
2025 4 9.519963 -1.0165563 391.2 196.749 434.83 0
2025 5 21.256397 5.5126033 461.6 70.165245 435.37 0
2025 6 21.805794 9.638572 512.7 95.907612 434.82 0
2025 7 24.596418 12.547088 503.7 102.0932889 433.3 0
2025 8 25.894878 12.611065 439.3 129.1068687 430.71 0
2025 9 21.364063 9.498154 346.6 107.680992 429.71 0
2025 10 14.209539 3.2779005 255.1 106.5648343 429.57 0
2025 11 6.7915006 -2.0586634 163.1 95.265318 431 0
2025 12 0.16358382 -12.601905 125 164.1206867 432.21 0
2026 1 -0.19957747 -10.792643 143.5 203.525044 434.83 0
2026 2 2.5510921 -10.010726 209.8 16.7812421275 435.75 0
2026 3 5.7490425 -5.76847 301.6 96.250226 436.73 0
2026 4 13.510199 0.5436732 391.2 122.81931 438.19 0
2026 5 19.866879 7.509545 461.6 169.2187297 438.73 0
2026 6 24.173119 13.078776 512.7 189.58194 438.18 0
2026 7 27.766693 14.448968 503.7 98.3338755 436.66 0
2026 8 26.276667 15.1630535 439.3 82.1567642 434.07 0
2026 9 21.433847 8.335405 346.6 107.902206 433.07 0
2026 10 16.748323 5.561023 255.1 102.2207733 432.93 0
2026 11 8.89802 -1.1960435 163.1 89.107575 434.36 0
2026 12 1.9178156 -7.546283 125 70.0240493 435.57 0
2027 1 -2.228876 -14.497022 143.5 84.7073915 438.24 0
2027 2 4.180824 -6.340935 209.8 80.466325375 439.16 0
2027 3 7.0907855 -5.810807 301.6 25.2292601 440.14 0
2027 4 12.081123 -0.001423448 391.2 112.981059 441.6 0
2027 5 21.215698 7.084588 461.6 113.779517 442.14 0
2027 6 25.159727 11.385967 512.7 125.211438 441.59 0
2027 7 28.075426 16.310194 503.7 122.0018268 440.07 0
2027 8 28.11192 13.390716 439.3 61.132465 437.48 0
2027 9 23.275675 10.163884 346.6 75.187491 436.48 0
2027 10 16.664888 4.309564 255.1 95.2786147 436.34 0
2027 11 9.716656 -0.43138894 163.1 123.33999 437.77 0
2027 12 2.756757 -5.8141685 125 93.1222113 438.98 0
2028 1 -1.3457706 -12.89184 143.5 128.1617097 441.72 0
2028 2 -2.3244088 -15.253728 209.8 56.366724975 442.64 0
2028 3 4.753547 -7.5366335 301.6 88.8157316 443.62 0
2028 4 14.282768 0.5536758 391.2 24.5783775 445.08 0
2028 5 20.749834 6.2961035 461.6 73.7121472 445.62 0
2028 6 28.273289 11.850719 512.7 47.960913 445.07 0
2028 7 26.501205 13.598451 503.7 133.315531 443.55 0
2028 8 28.205229 13.441948 439.3 41.5112351 440.96 0
2028 9 22.861048 8.89149 346.6 74.38836 439.96 0
2028 10 12.1486435 1.0950191 255.1 105.157177 439.82 0
2028 11 8.344741 -0.99711823 163.1 183.221985 441.25 0
2028 12 0.24401554 -9.443408 125 102.955216 442.46 0
2029 1 -8.2396145 -21.057444 143.5 100.9910653 445.25 0
2029 2 -2.9425495 -15.226172 209.8 78.58234135 446.17 0
2029 3 7.039772 -2.9131677 301.6 122.7614136 447.15 0
2029 4 14.965324 2.0834186 391.2 96.19662 448.61 0
2029 5 19.224672 8.66409 461.6 197.0186896 449.15 0
2029 6 25.335035 11.635163 512.7 106.314411 448.6 0
2029 7 27.978888 14.876033 503.7 97.5717188 447.08 0
2029 8 27.64781 14.244871 439.3 76.367632 444.49 0
2029 9 23.081163 11.359374 346.6 93.860694 443.49 0
2029 10 19.933779 8.508943 255.1 168.190221 443.35 0
2029 11 5.8968177 -3.0038612 163.1 122.26071 444.78 0
2029 12 1.6027156 -6.6706347 125 146.647887 445.99 0
2030 1 -2.4301825 -14.733815 143.5 81.440534 448.83 0
2030 2 -0.16496389 -11.375655 209.8 159.447257275 449.75 0
2030 3 6.2805376 -2.56532 301.6 87.5149282 450.73 0
2030 4 12.698529 1.2351177 391.2 44.015181 452.19 0
2030 5 21.707235 5.8176274 461.6 52.1591368 452.73 0
2030 6 24.958094 11.282487 512.7 68.61318 452.18 0
2030 7 29.159225 15.740612 503.7 76.0619224 450.66 0
2030 8 26.219898 12.6250515 439.3 124.163401 448.07 0
2030 9 23.43112 10.244387 346.6 99.002694 447.07 0
2030 10 14.646984 2.3380685 255.1 70.6621657 446.93 0
2030 11 8.869282 0.3432848 163.1 214.484511 448.36 0
2030 12 -0.08067056 -9.276074 125 108.942928 449.57 0
2031 1 -2.5112922 -14.601549 143.5 82.2343045 452.47 0
2031 2 -0.2451364 -12.948495 209.8 44.72772215 453.39 0
2031 3 7.8924937 -2.6485915 301.6 73.0096562 454.37 0
2031 4 10.261808 -1.4199575 391.2 123.575049 455.83 0
2031 5 16.006407 6.418355 461.6 95.9930934 456.37 0
2031 6 26.825987 11.616179 512.7 60.81234 455.82 0
2031 7 27.638063 14.307058 503.7 69.0542515 454.3 0
2031 8 24.41807 12.581448 439.3 101.9418694 451.71 0
2031 9 21.805752 10.542201 346.6 176.353899 450.71 0
2031 10 15.509276 2.9353745 255.1 30.32784994 450.57 0
2031 11 8.229655 -1.8450558 163.1 136.576539 452 0
2031 12 1.6643573 -6.3775864 125 87.3495339 453.21 0
2032 1 -6.199605 -19.533844 143.5 49.1806723 456.18 0
2032 2 -0.4181015 -12.978206 209.8 96.84542395 457.1 0
2032 3 4.615377 -6.581867 301.6 58.3937607 458.08 0
2032 4 11.942991 -0.7773018 391.2 85.986444 459.54 0
2032 5 21.070894 6.597563 461.6 124.4413904 460.08 0
2032 6 25.103523 11.486772 512.7 66.092391 459.53 0
2032 7 28.049973 14.582871 503.7 94.750973 458.01 0
2032 8 27.81915 15.276023 439.3 89.7695303 455.42 0
2032 9 21.369432 6.650047 346.6 75.193191 454.42 0
2032 10 14.449805 3.0432775 255.1 73.6763515 454.28 0
2032 11 5.3254495 -3.75762 163.1 185.119902 455.71 0
2032 12 0.38575855 -8.913345 125 175.7209704 456.92 0
2033 1 -7.5289283 -18.537163 143.5 111.7482172 459.96 0
2033 2 -0.52370465 -12.819502 209.8 58.4447639 460.88 0
2033 3 2.3963888 -9.554487 301.6 54.7535547 461.86 0
2033 4 11.39531 -0.9672159 391.2 134.227281 463.32 0
2033 5 20.664072 7.9258657 461.6 115.5185147 463.86 0
2033 6 23.72031 9.999169 512.7 81.149754 463.31 0
2033 7 27.378716 13.650571 503.7 43.6187236 461.79 0
2033 8 26.0949 12.491417 439.3 73.0517635 459.2 0
2033 9 22.350756 8.697605 346.6 102.628182 458.2 0
2033 10 15.136061 3.557964 255.1 103.0160814 458.06 0
2033 11 8.702177 -0.90272033 163.1 208.60071 459.49 0
2033 12 0.233007 -9.461051 125 106.8221002 460.7 0
2034 1 -1.069367 -13.118192 143.5 116.2782782 463.85 0
2034 2 -0.24357592 -12.465974 209.8 159.34341875 464.77 0
2034 3 5.642743 -5.100551 301.6 112.0895892 465.75 0
2034 4 12.883885 2.3209975 391.2 96.667737 467.21 0
2034 5 18.454298 7.1412992 461.6 223.185151 467.75 0
2034 6 26.57297 12.195876 512.7 108.58257 467.2 0
2034 7 28.139698 15.476585 503.7 112.5995392 465.68 0
2034 8 26.291042 14.450673 439.3 122.3252188 463.09 0
2034 9 20.591253 7.01755 346.6 70.032678 462.09 0
2034 10 18.11334 3.3189404 255.1 48.414529 461.95 0
2034 11 9.835368 1.8406084 163.1 132.459612 463.38 0
2034 12 2.7351005 -7.2155547 125 162.9562523 464.59 0
2035 1 1.4774008 -8.04371 143.5 77.297818 467.85 0
2035 2 4.8868084 -6.2386622 209.8 74.20019005 468.77 0
2035 3 7.1460066 -3.8233984 301.6 53.2415452 469.75 0
2035 4 12.961472 0.41293132 391.2 103.059096 471.21 0
2035 5 20.853277 5.4623446 461.6 64.8988658 471.75 0
2035 6 26.35977 11.851701 512.7 78.225159 471.2 0
2035 7 32.484642 16.400091 503.7 52.2588514 469.68 0
2035 8 28.980423 14.630516 439.3 75.419714 467.09 0
2035 9 23.685753 12.567428 346.6 126.18762 466.09 0
2035 10 14.562732 2.693295 255.1 77.6703853 465.95 0
2035 11 8.074082 -0.048320662 163.1 182.78538 467.38 0
2035 12 5.0113025 -5.420388 125 163.817175 468.59 0
2036 1 -2.6671073 -14.325761 143.5 82.534059 471.96 0
2036 2 -1.2485877 -12.162385 209.8 57.0788199 472.88 0
2036 3 2.951349 -9.342329 301.6 75.2653247 473.86 0
2036 4 12.2765875 0.6803414 391.2 158.676852 475.32 0
2036 5 21.620127 8.4332695 461.6 114.7582428 475.86 0
2036 6 23.965645 12.49677 512.7 149.701611 475.31 0
2036 7 27.312626 13.993953 503.7 98.5138894 473.79 0
2036 8 26.691439 13.261335 439.3 98.8934968 471.2 0
2036 9 21.432535 8.560401 346.6 127.26213 470.2 0
2036 10 18.651373 5.964828 255.1 118.5679196 470.06 0
2036 11 8.064176 -1.5381577 163.1 182.39712 471.49 0
2036 12 4.6332283 -5.9594913 125 53.6554634 472.7 0
2037 1 -1.8051027 -13.791056 143.5 123.8012714 476.18 0
2037 2 0.8328901 -9.760447 209.8 140.695048525 477.1 0
2037 3 4.886296 -6.8138394 301.6 74.3746823 478.08 0
2037 4 14.13785 0.9707688 391.2 30.913689 479.54 0
2037 5 19.162615 6.65552 461.6 136.0989683 480.08 0
2037 6 26.293537 12.552241 512.7 83.83737 479.53 0
2037 7 29.211645 16.289022 503.7 105.15727 478.01 0
2037 8 27.72889 14.049804 439.3 125.3093253 475.42 0
2037 9 22.546375 11.061872 346.6 129.88653 474.42 0
2037 10 16.362764 3.9198663 255.1 54.9201952 474.28 0
2037 11 6.487326 -0.93838143 163.1 152.55627 475.71 0
2037 12 -0.28556114 -10.385667 125 65.1122884 476.92 0
2038 1 -1.8033365 -13.289298 143.5 193.3150545 480.51 0
2038 2 1.0574893 -10.671341 209.8 15.471629475 481.43 0
2038 3 6.125593 -5.038952 301.6 86.6651934 482.41 0
2038 4 14.244457 1.5472864 391.2 124.54869 483.87 0
2038 5 21.194704 6.475754 461.6 120.4643353 484.41 0
2038 6 25.644567 12.019576 512.7 95.312826 483.86 0
2038 7 30.915398 16.069191 503.7 74.7490414 482.34 0
2038 8 26.965958 14.656015 439.3 75.0240393 479.75 0
2038 9 22.725525 7.5661635 346.6 104.166018 478.75 0
2038 10 18.831064 5.2124553 255.1 61.2868016 478.61 0
2038 11 9.553935 1.1584523 163.1 161.65506 480.04 0
2038 12 0.22494425 -10.323472 125 127.1996867 481.25 0
2039 1 -6.340507 -17.74331 143.5 74.8061 484.93 0
2039 2 5.3872538 -5.540192 209.8 118.936610375 485.85 0
2039 3 5.7616124 -6.182396 301.6 118.2925187 486.83 0
2039 4 13.328934 1.7252094 391.2 135.653658 488.29 0
2039 5 19.704994 3.9907756 461.6 42.8490091 488.83 0
2039 6 26.403376 12.67007 512.7 81.175875 488.28 0
2039 7 26.763355 14.307291 503.7 105.5837494 486.76 0
2039 8 27.526308 15.195725 439.3 155.7336274 484.17 0
2039 9 24.120941 10.666238 346.6 71.83947 483.17 0
2039 10 15.61263 3.6417422 255.1 94.3711951 483.03 0
2039 11 7.9007244 -0.5591118 163.1 82.52913 484.46 0
2039 12 -0.038517572 -13.066297 125 79.0777822 485.67 0
2040 1 -1.166636 -12.11991 143.5 81.622163 489.44 0
2040 2 2.6790333 -8.88707 209.8 71.169758875 490.36 0
2040 3 7.3267937 -4.5481954 301.6 48.9372262 491.34 0
2040 4 13.496191 -0.16983029 391.2 81.727644 492.8 0
2040 5 18.547253 4.414727 461.6 71.0587704 493.34 0
2040 6 26.527252 11.955199 512.7 43.012161 492.79 0
2040 7 26.854649 14.361891 503.7 118.1466048 491.27 0
2040 8 28.180027 13.516562 439.3 52.8497486 488.68 0
2040 9 24.33727 12.931814 346.6 83.956482 487.68 0
2040 10 16.62823 5.844751 255.1 182.017554 487.54 0
2040 11 8.479262 -0.90110123 163.1 56.426823 488.97 0
2040 12 -0.7425821 -11.07989 125 114.630839 490.18 0
2041 1 -1.623983 -11.987757 143.5 171.536764 494.03 0
2041 2 0.95692056 -9.66545 209.8 79.372886525 494.95 0
2041 3 7.224765 -2.2691429 301.6 121.3486413 495.93 0
2041 4 12.306118 0.44973397 391.2 123.498429 497.39 0
2041 5 17.624083 2.9570236 461.6 75.010545 497.93 0
2041 6 26.875051 12.31472 512.7 82.499565 497.38 0
2041 7 29.969086 16.829138 503.7 154.486361 495.86 0
2041 8 27.345081 13.201268 439.3 60.4722549 493.27 0
2041 9 21.675184 11.343509 346.6 213.42525 492.27 0
2041 10 14.651346 3.199257 255.1 85.7373014 492.13 0
2041 11 7.280029 -1.6202941 163.1 155.643996 493.56 0
2041 12 0.7099439 -9.860385 125 82.211876 494.77 0
2042 1 -5.554552 -18.064264 143.5 108.9194455 498.73 0
2042 2 0.8059991 -11.005168 209.8 112.539864 499.65 0
2042 3 3.2063978 -8.843811 301.6 83.1764844 500.63 0
2042 4 14.110562 1.923786 391.2 71.123694 502.09 0
2042 5 23.064339 7.0408545 461.6 44.965035 502.63 0
2042 6 26.454432 12.0023 512.7 86.42352 502.08 0
2042 7 27.980371 16.218763 503.7 113.05917 500.56 0
2042 8 26.423409 14.969981 439.3 138.133706 497.97 0
2042 9 23.134167 10.699828 346.6 71.55627 496.97 0
2042 10 18.092655 4.2948093 255.1 68.2764088 496.83 0
2042 11 6.7707024 -1.9790418 163.1 102.606231 498.26 0
2042 12 1.6039997 -5.6479225 125 83.9774965 499.47 0
2043 1 3.8914912 -3.629485 143.5 134.1710473 503.53 0
2043 2 4.3358917 -5.855691 209.8 77.2166742 504.45 0
2043 3 6.792235 -2.8251743 301.6 64.5310756 505.43 0
2043 4 12.528382 1.786051 391.2 176.3763 506.89 0
2043 5 21.87324 7.7826815 461.6 88.1134917 507.43 0
2043 6 27.551239 12.821181 512.7 55.620216 506.88 0
2043 7 26.96042 14.357521 503.7 95.0942174 505.36 0
2043 8 24.961746 10.35997 439.3 36.2859774 502.77 0
2043 9 24.52736 10.364734 346.6 37.576827 501.77 0
2043 10 14.221521 2.9546676 255.1 89.7505707 501.63 0
2043 11 6.3122845 -2.3342137 163.1 201.790452 503.06 0
2043 12 2.8690958 -4.9346185 125 36.9880282 504.27 0
2044 1 1.2237043 -10.130374 143.5 75.1354347 508.43 0
2044 2 3.7782805 -6.55879 209.8 134.474116025 509.35 0
2044 3 4.3714976 -7.436471 301.6 150.0287997 510.33 0
2044 4 13.622715 2.6047068 391.2 179.68122 511.79 0
2044 5 22.02381 8.165871 461.6 194.265158 512.33 0
2044 6 24.581959 12.590761 512.7 115.728549 511.78 0
2044 7 28.833395 14.757285 503.7 79.1504803 510.26 0
2044 8 27.85878 13.602459 439.3 48.7359742 507.67 0
2044 9 20.433882 8.07951 346.6 180.56718 506.67 0
2044 10 14.374171 3.1826315 255.1 119.355921 506.53 0
2044 11 7.453103 -2.6642232 163.1 76.700586 507.96 0
2044 12 6.3681526 -3.3797853 125 200.299556 509.17 0
2045 1 2.6861153 -6.612153 143.5 157.0889257 513.46 0
2045 2 -1.3624866 -13.382372 209.8 89.243012775 514.38 0
2045 3 3.026615 -8.106123 301.6 131.3701787 515.36 0
2045 4 11.449355 -0.4909251 391.2 145.523229 516.82 0
2045 5 21.89379 9.14222 461.6 152.954496 517.36 0
2045 6 25.396599 12.620227 512.7 107.026299 516.81 0
2045 7 28.531607 14.86538 503.7 102.9647795 515.29 0
2045 8 26.393373 13.112634 439.3 126.5398486 512.7 0
2045 9 24.519749 11.700963 346.6 105.94899 511.7 0
2045 10 17.527878 3.3754122 255.1 34.7620267 511.56 0
2045 11 7.764589 -1.2446392 163.1 60.055011 512.99 0
2045 12 4.428473 -3.030712 125 110.191608 514.2 0
2046 1 0.9857001 -10.06256 143.5 106.7848506 518.61 0
2046 2 3.5023015 -9.07936 209.8 100.8561951 519.53 0
2046 3 7.98295 -2.9355998 301.6 89.0842846 520.51 0
2046 4 15.247853 2.5787897 391.2 91.47315 521.97 0
2046 5 20.280848 6.122613 461.6 94.5197409 522.51 0
2046 6 26.021759 12.459005 512.7 53.709666 521.96 0
2046 7 28.769152 16.922949 503.7 201.1959644 520.44 0
2046 8 27.710594 16.009653 439.3 129.5068834 517.85 0
2046 9 22.161205 7.8974447 346.6 39.641586 516.85 0
2046 10 15.674917 3.6029289 255.1 68.8871026 516.71 0
2046 11 6.4697127 -2.641303 163.1 63.915345 518.14 0
2046 12 7.358747 -2.0827544 125 318.580862 519.35 0
2047 1 1.6991805 -8.827304 143.5 99.98678 523.9 0
2047 2 4.3354926 -4.5264864 209.8 102.906012275 524.82 0
2047 3 8.276736 -1.8972616 301.6 167.8980646 525.8 0
2047 4 13.228525 1.6860511 391.2 193.49565 527.26 0
2047 5 20.077631 6.5359364 461.6 120.3498492 527.8 0
2047 6 28.86312 14.774167 512.7 123.589482 527.25 0
2047 7 30.744652 16.804827 503.7 50.2131924 525.73 0
2047 8 28.906557 16.668875 439.3 79.6377507 523.14 0
2047 9 23.023258 12.222577 346.6 168.22356 522.14 0
2047 10 19.649883 4.797325 255.1 57.3938433 522 0
2047 11 8.907281 -0.27740917 163.1 175.65027 523.43 0
2047 12 2.2089834 -6.6798396 125 247.3657214 524.64 0
2048 1 -4.722212 -15.264665 143.5 25.02948835 529.32 0
2048 2 0.19786617 -12.5078125 209.8 70.996015725 530.24 0
2048 3 5.085306 -6.941572 301.6 57.7602447 531.22 0
2048 4 13.376112 1.431837 391.2 149.51829 532.68 0
2048 5 22.458916 7.6056776 461.6 98.7362183 533.22 0
2048 6 24.943333 12.381864 512.7 113.82375 532.67 0
2048 7 28.588009 14.657652 503.7 101.0131497 531.15 0
2048 8 28.894384 16.152634 439.3 101.0091507 528.56 0
2048 9 23.326654 10.488781 346.6 105.653121 527.56 0
2048 10 15.530075 3.7519524 255.1 86.6557477 527.42 0
2048 11 8.470125 0.104260266 163.1 149.504871 528.85 0
2048 12 5.444533 -3.4653945 125 131.063629 530.06 0
2049 1 -0.35429916 -10.665435 143.5 119.9040165 534.88 0
2049 2 0.16330287 -10.942913 209.8 111.96354705 535.8 0
2049 3 6.4863544 -6.5997124 301.6 89.080546 536.78 0
2049 4 13.181519 1.2167494 391.2 88.630551 538.24 0
2049 5 16.65539 4.3684382 461.6 92.3572956 538.78 0
2049 6 24.921198 11.840648 512.7 105.878283 538.23 0
2049 7 25.131792 14.096121 503.7 114.134219 536.71 0
2049 8 26.776096 14.461418 439.3 209.272816 534.12 0
2049 9 23.16274 10.745076 346.6 103.915866 533.12 0
2049 10 15.449266 6.1888156 255.1 143.937495 532.98 0
2049 11 10.435434 1.1488285 163.1 115.853826 534.41 0
2049 12 7.246159 -2.4202363 125 218.1354742 535.62 0
2050 1 -0.41231722 -11.163271 143.5 105.4643405 540.54 0
2050 2 2.240577 -9.986358 209.8 62.23894795 541.46 0
2050 3 9.044463 -1.84747 301.6 101.3232675 542.44 0
2050 4 14.8480015 2.4696941 391.2 93.109017 543.9 0
2050 5 23.88305 7.2954006 461.6 45.4857513 544.44 0
2050 6 26.704813 13.097129 512.7 126.353589 543.89 0
2050 7 29.55048 14.9856415 503.7 68.0984657 542.37 0
2050 8 28.999548 16.122156 439.3 94.1091118 539.78 0
2050 9 21.257195 6.7351007 346.6 54.657186 538.78 0
2050 10 17.77386 6.4828863 255.1 128.9873854 538.64 0
2050 11 11.957511 1.7605503 163.1 268.65837 540.07 0
2050 12 2.7325218 -6.696911 125 72.4583057 541.28 0
2051 1 -2.2931905 -13.778757 143.5 71.430944 546.32 0
2051 2 -0.41977787 -12.15656 209.8 37.6842796 547.24 0
2051 3 7.5486584 -3.445053 301.6 98.158059 548.22 0
2051 4 12.961295 0.30599934 391.2 80.454411 549.68 0
2051 5 23.83597 10.275496 461.6 122.03181 550.22 0
2051 6 22.725836 10.399222 512.7 126.614355 549.67 0
2051 7 27.826908 15.101602 503.7 111.7319546 548.15 0
2051 8 25.479893 11.564392 439.3 102.4299613 545.56 0
2051 9 23.240852 10.720998 346.6 117.426681 544.56 0
2051 10 17.182976 4.2045875 255.1 43.46076 544.42 0
2051 11 10.011152 -0.39553285 163.1 183.598551 545.85 0
2051 12 -0.27779016 -10.665927 125 54.2445533 547.06 0
2052 1 1.856265 -9.942033 143.5 41.5797544 552.21 0
2052 2 1.3316207 -11.265958 209.8 103.51384775 553.13 0
2052 3 9.653715 -1.459826 301.6 73.9988879 554.11 0
2052 4 11.045365 -0.9612245 391.2 106.471716 555.57 0
2052 5 21.110212 6.7181354 461.6 118.7908623 556.11 0
2052 6 25.480927 12.208387 512.7 80.40882 555.56 0
2052 7 29.680265 16.965998 503.7 157.620151 554.04 0
2052 8 29.796041 16.662968 439.3 75.1686636 551.45 0
2052 9 22.30701 10.426613 346.6 168.205992 550.45 0
2052 10 16.722006 3.9714568 255.1 85.7030805 550.31 0
2052 11 11.39939 1.3239564 163.1 174.61434 551.74 0
2052 12 1.0105523 -10.455088 125 51.7933647 552.95 0
2053 1 -0.93395656 -13.035852 143.5 87.4143363 558.21 0
2053 2 5.1612296 -6.2022643 209.8 89.596437225 559.13 0
2053 3 7.205056 -4.085452 301.6 113.7279268 560.11 0
2053 4 12.979192 -0.041670956 391.2 110.910795 561.57 0
2053 5 19.95635 7.486492 461.6 157.9335517 562.11 0
2053 6 26.392199 11.898466 512.7 61.791579 561.56 0
2053 7 29.365952 16.957798 503.7 128.3460574 560.04 0
2053 8 28.60276 13.632942 439.3 39.3590353 557.45 0
2053 9 21.096916 10.687307 346.6 154.904808 556.45 0
2053 10 16.245678 4.535797 255.1 95.5429238 556.31 0
2053 11 8.130166 -1.5232961 163.1 52.588101 557.74 0
2053 12 3.033559 -6.2695527 125 148.8591325 558.95 0
2054 1 3.1345816 -5.824226 143.5 137.5333786 564.31 0
2054 2 1.852916 -9.668738 209.8 139.44344075 565.23 0
2054 3 6.734423 -5.360253 301.6 73.463893 566.21 0
2054 4 13.610672 0.77697164 391.2 169.57542 567.67 0
2054 5 18.455685 6.3688216 461.6 82.116458 568.21 0
2054 6 26.984879 13.691645 512.7 128.675481 567.66 0
2054 7 27.92694 16.692894 503.7 159.694423 566.14 0
2054 8 28.439398 15.994482 439.3 94.349926 563.55 0
2054 9 22.729877 9.00366 346.6 83.802201 562.55 0
2054 10 18.805487 4.4780154 255.1 88.2390665 562.41 0
2054 11 9.75697 0.06012906 163.1 149.425665 563.84 0
2054 12 5.8624415 -3.4073665 125 86.9049784 565.05 0
2055 1 2.810155 -4.417961 143.5 142.239129 570.52 0
2055 2 -0.15535885 -12.628253 209.8 34.7752302 571.44 0
2055 3 6.1487174 -6.086034 301.6 76.669014 572.42 0
2055 4 13.92081 1.6730117 391.2 159.076482 573.88 0
2055 5 23.710928 7.336907 461.6 21.41032887 574.42 0
2055 6 27.062544 13.571139 512.7 118.128369 573.87 0
2055 7 30.026173 16.321064 503.7 96.8075936 572.35 0
2055 8 30.721933 17.717096 439.3 58.8300392 569.76 0
2055 9 25.128922 11.407971 346.6 89.368479 568.76 0
2055 10 15.416098 3.8215532 255.1 75.4698844 568.62 0
2055 11 11.861494 2.160627 163.1 78.647868 570.05 0
2055 12 3.5822265 -5.258691 125 90.204265 571.26 0
2056 1 0.90398467 -9.67779 143.5 137.8335702 576.84 0
2056 2 0.218894 -10.562172 209.8 138.091630225 577.76 0
2056 3 6.651642 -5.3320975 301.6 90.69856 578.74 0
2056 4 14.2376995 0.47761345 391.2 73.508262 580.2 0
2056 5 22.905268 7.6748013 461.6 66.2822873 580.74 0
2056 6 26.169207 12.427629 512.7 104.13969 580.19 0
2056 7 29.997194 17.945438 503.7 127.632642 578.67 0
2056 8 28.749226 16.211018 439.3 73.295687 576.08 0
2056 9 24.20958 10.692028 346.6 94.889067 575.08 0
2056 10 19.440742 5.393453 255.1 31.9235954 574.94 0
2056 11 10.91303 3.1970866 163.1 306.09855 576.37 0
2056 12 4.1661067 -4.3378277 125 77.5618853 577.58 0
2057 1 -2.6136901 -14.64521 143.5 116.4205682 583.3 0
2057 2 -2.3307068 -13.655982 209.8 93.45289275 584.22 0
2057 3 4.3792224 -8.257758 301.6 47.6124567 585.2 0
2057 4 14.234999 1.138924 391.2 91.884456 586.66 0
2057 5 18.987007 7.694949 461.6 122.835454 587.2 0
2057 6 28.133251 13.860814 512.7 80.334114 586.65 0
2057 7 31.062288 18.65982 503.7 130.823565 585.13 0
2057 8 29.28417 14.3866005 439.3 48.356125 582.54 0
2057 9 24.11168 11.69416 346.6 92.844063 581.54 0
2057 10 15.147054 4.9199667 255.1 158.010503 581.4 0
2057 11 10.669606 1.7336586 163.1 248.56332 582.83 0
2057 12 3.8767548 -4.1171083 125 66.1970032 584.04 0
2058 1 1.2102789 -8.991119 143.5 124.1771185 589.91 0
2058 2 7.8688374 -2.6941319 209.8 128.0198018 590.83 0
2058 3 7.7469654 -3.8856149 301.6 76.8731335 591.81 0
2058 4 14.073392 0.703883 391.2 134.20974 593.27 0
2058 5 22.840963 8.439792 461.6 90.7863427 593.81 0
2058 6 26.620525 14.52796 512.7 177.197658 593.26 0
2058 7 29.864468 15.893739 503.7 73.459305 591.74 0
2058 8 29.640102 15.177257 439.3 109.916762 589.15 0
2058 9 21.951382 10.727013 346.6 136.715055 588.15 0
2058 10 14.543941 1.4922655 255.1 38.224271 588.01 0
2058 11 11.319053 1.6851466 163.1 109.178997 589.44 0
2058 12 2.9591064 -5.87655 125 93.3360524 590.65 0
2059 1 -1.3622212 -11.310183 143.5 23.3669878 596.65 0
2059 2 -1.8816084 -13.94059 209.8 90.57720095 597.57 0
2059 3 5.61572 -6.179785 301.6 103.6145271 598.55 0
2059 4 15.595907 4.0980105 391.2 129.265509 600.01 0
2059 5 19.984388 7.1162124 461.6 214.8797364 600.55 0
2059 6 26.993391 13.442576 512.7 130.198002 600 0
2059 7 30.642065 16.411583 503.7 119.2252157 598.48 0
2059 8 29.888077 16.152954 439.3 115.421463 595.89 0
2059 9 24.843348 11.8001 346.6 103.637289 594.89 0
2059 10 14.409684 3.1062586 255.1 39.2961921 594.75 0
2059 11 9.749184 1.081384 163.1 91.418346 596.18 0
2059 12 6.168617 -2.942918 125 67.1990782 597.39 0
2060 1 1.2623389 -9.0474 143.5 95.8202994 603.52 0
2060 2 2.2140925 -9.182037 209.8 165.40812875 604.44 0
2060 3 9.046158 -1.6794924 301.6 91.552486 605.42 0
2060 4 15.65485 2.6332586 391.2 60.994929 606.88 0
2060 5 21.490337 7.8976083 461.6 59.8938011 607.42 0
2060 6 27.582544 13.204078 512.7 105.719319 606.87 0
2060 7 30.964571 16.300741 503.7 61.6574903 605.35 0
2060 8 28.965801 16.114714 439.3 124.777108 602.76 0
2060 9 23.51895 10.903472 346.6 98.752155 601.76 0
2060 10 18.278166 4.7173347 255.1 48.9016971 601.62 0
2060 11 7.0686207 -0.99259377 163.1 96.617838 603.05 0
2060 12 -1.0226152 -10.392741 125 48.9647604 604.26 0
2061 1 0.7043302 -10.07109 143.5 143.522374 610.52 0
2061 2 -1.2839259 -13.34013 209.8 43.636828625 611.44 0
2061 3 4.1565356 -6.6595364 301.6 85.1198899 612.42 0
2061 4 12.807615 0.16301297 391.2 91.63221 613.88 0
2061 5 18.720016 6.5520015 461.6 87.1564442 614.42 0
2061 6 26.918251 13.425172 512.7 136.123668 613.87 0
2061 7 28.269775 15.639709 503.7 137.4043473 612.35 0
2061 8 29.692556 16.566994 439.3 98.3278212 609.76 0
2061 9 24.170511 9.768666 346.6 50.943915 608.76 0
2061 10 16.167776 3.9952607 255.1 135.6613785 608.62 0
2061 11 7.7764087 -0.53755045 163.1 184.459032 610.05 0
2061 12 2.383331 -7.02752 125 49.6093217 611.26 0
2062 1 1.4490106 -8.735471 143.5 125.9520607 617.61 0
2062 2 -0.89636445 -13.725292 209.8 90.64876385 618.53 0
2062 3 5.3118706 -7.3450313 301.6 133.942971 619.51 0
2062 4 14.821822 1.8459426 391.2 187.73445 620.97 0
2062 5 23.83106 8.487612 461.6 72.7390944 621.51 0
2062 6 26.351974 12.0666685 512.7 72.69006 620.96 0
2062 7 28.43683 15.88402 503.7 124.5298737 619.44 0
2062 8 29.457247 16.228018 439.3 232.681071 616.85 0
2062 9 25.086205 12.654726 346.6 119.534325 615.85 0
2062 10 16.476507 3.6855505 255.1 116.496946 615.71 0
2062 11 9.820967 2.325735 163.1 231.801795 617.14 0
2062 12 3.4932766 -5.8965764 125 173.7893976 618.35 0
2063 1 6.3561573 -1.9683597 143.5 162.939441 624.76 0
2063 2 5.441817 -3.466497 209.8 131.697319 625.68 0
2063 3 8.083669 -1.222364 301.6 215.6675115 626.66 0
2063 4 16.03067 2.5103972 391.2 56.434938 628.12 0
2063 5 25.385946 11.37906 461.6 71.309982 628.66 0
2063 6 27.618355 14.1303425 512.7 102.823542 628.11 0
2063 7 30.548428 17.859432 503.7 83.878002 626.59 0
2063 8 30.394543 16.947367 439.3 70.9167904 624 0
2063 9 28.390085 14.056529 346.6 38.895054 623 0
2063 10 18.970871 4.88396 255.1 29.8494164 622.86 0
2063 11 10.200235 1.7302792 163.1 143.032551 624.29 0
2063 12 6.9913216 -2.970069 125 120.7541636 625.5 0
2064 1 0.012476033 -9.529708 143.5 119.6693093 631.99 0
2064 2 -1.2046311 -16.28032 209.8 145.8542415 632.91 0
2064 3 6.3057604 -5.659798 301.6 90.4736395 633.89 0
2064 4 14.298422 1.1886075 391.2 91.433286 635.35 0
2064 5 23.13888 7.943342 461.6 77.0370305 635.89 0
2064 6 27.363117 12.707358 512.7 78.065385 635.34 0
2064 7 29.500753 16.463434 503.7 184.827642 633.82 0
2064 8 30.45373 18.709223 439.3 155.2215973 631.23 0
2064 9 22.731937 9.7323 346.6 98.38893 630.23 0
2064 10 20.930908 7.484428 255.1 60.0419098 630.09 0
2064 11 8.313503 -1.1173189 163.1 190.037685 631.52 0
2064 12 6.915379 -1.7375253 125 157.536451 632.73 0
2065 1 1.112955 -9.616498 143.5 131.6035715 639.29 0
2065 2 4.8357716 -6.3430715 209.8 69.830460275 640.21 0
2065 3 6.500945 -4.9244976 301.6 80.3088015 641.19 0
2065 4 15.199089 3.4689999 391.2 107.990634 642.65 0
2065 5 23.550758 7.626422 461.6 74.9363155 643.19 0
2065 6 29.902727 15.2452755 512.7 89.152866 642.64 0
2065 7 29.182463 15.778466 503.7 102.5494508 641.12 0
2065 8 27.934122 17.020704 439.3 163.1034 638.53 0
2065 9 23.793432 10.614371 346.6 192.341352 637.53 0
2065 10 15.768255 3.1171532 255.1 34.709057 637.39 0
2065 11 9.650432 0.59256005 163.1 207.372438 638.82 0
2065 12 3.5593982 -5.6321416 125 180.8630055 640.03 0
2066 1 0.8638878 -9.24035 143.5 111.0603892 646.65 0
2066 2 2.5387628 -9.854865 209.8 17.83677315 647.57 0
2066 3 9.785167 -1.1886538 301.6 62.911958 648.55 0
2066 4 13.535438 2.6053898 391.2 149.98479 650.01 0
2066 5 22.148054 8.260872 461.6 87.8896438 650.55 0
2066 6 27.04028 12.245208 512.7 90.867792 650 0
2066 7 29.809574 17.84419 503.7 197.52456 648.48 0
2066 8 28.68752 16.06118 439.3 133.502988 645.89 0
2066 9 22.932695 11.452801 346.6 102.350463 644.89 0
2066 10 16.310356 5.6143665 255.1 174.6182384 644.75 0
2066 11 7.980658 -0.28450957 163.1 233.43909 646.18 0
2066 12 1.1579479 -8.785667 125 66.4513272 647.39 0
2067 1 -0.9040949 -10.278882 143.5 113.1981182 654.1 0
2067 2 4.109318 -8.484364 209.8 19.1068197 655.02 0
2067 3 7.5895925 -4.1778255 301.6 124.5414026 656 0
2067 4 15.357096 4.4282284 391.2 197.628651 657.46 0
2067 5 22.250317 8.6814165 461.6 101.8844698 658 0
2067 6 27.804415 13.763384 512.7 165.993 657.45 0
2067 7 30.914165 18.487085 503.7 147.9242934 655.93 0
2067 8 29.269468 16.287477 439.3 136.857033 653.34 0
2067 9 24.684816 10.599759 346.6 38.850807 652.34 0
2067 10 18.500576 6.509 255.1 53.6234373 652.2 0
2067 11 8.752913 -0.92513704 163.1 161.233119 653.63 0
2067 12 -0.3356266 -9.536271 125 119.535535 654.84 0
2068 1 -1.6395391 -13.857419 143.5 143.921158 661.64 0
2068 2 -0.53613216 -12.669955 209.8 15.99427425 662.56 0
2068 3 8.575846 -3.8163068 301.6 112.5588424 663.54 0
2068 4 13.610054 1.1050214 391.2 185.720259 665 0
2068 5 24.60974 10.864812 461.6 69.3128752 665.54 0
2068 6 24.901789 13.431408 512.7 126.34119 664.99 0
2068 7 31.159231 15.7228365 503.7 56.8258055 663.47 0
2068 8 30.609577 15.905786 439.3 66.5073659 660.88 0
2068 9 26.21181 13.854611 346.6 83.635125 659.88 0
2068 10 18.979866 8.466082 255.1 107.0866015 659.74 0
2068 11 8.904345 0.54367065 163.1 179.760219 661.17 0
2068 12 5.8859916 -2.1163464 125 68.4573124 662.38 0
2069 1 1.1004375 -9.083253 143.5 85.7878624 669.3 0
2069 2 2.6149864 -9.02953 209.8 124.540738025 670.22 0
2069 3 6.5892153 -3.821807 301.6 127.203974 671.2 0
2069 4 13.368108 1.7491986 391.2 111.15555 672.66 0
2069 5 22.365313 8.213229 461.6 64.4885777 673.2 0
2069 6 28.363691 12.818246 512.7 46.566018 672.65 0
2069 7 30.357466 16.044725 503.7 80.166 671.13 0
2069 8 29.96753 15.475838 439.3 65.5765165 668.54 0
2069 9 25.866747 12.46626 346.6 73.94466 667.54 0
2069 10 19.273016 7.386326 255.1 87.4391766 667.4 0
2069 11 9.449089 -0.70527834 163.1 150.09942 668.83 0
2069 12 7.3878446 -2.2023735 125 148.0814417 670.04 0
2070 1 3.1953511 -3.881535 143.5 165.1429613 677.08 0
2070 2 4.6659994 -7.455653 209.8 78.67605225 678 0
2070 3 8.561929 -1.4072876 301.6 114.8204753 678.98 0
2070 4 17.68864 4.615832 391.2 79.795395 680.44 0
2070 5 24.684305 9.55756 461.6 68.1737337 680.98 0
2070 6 28.493378 15.491786 512.7 150.75189 680.43 0
2070 7 30.872778 16.461596 503.7 63.1555188 678.91 0
2070 8 30.721205 18.26785 439.3 116.7471377 676.32 0
2070 9 25.89322 12.932953 346.6 86.646366 675.32 0
2070 10 18.451704 7.7581325 255.1 101.131765 675.18 0
2070 11 8.585267 0.058955055 163.1 176.090169 676.61 0
2070 12 6.76838 -2.437106 125 214.557882 677.82 0
2071 1 3.6751113 -6.0046835 143.5 188.487533 684.95 0
2071 2 1.2807376 -9.209886 209.8 78.997178475 685.87 0
2071 3 9.331855 -0.9516851 301.6 92.540828 686.85 0
2071 4 14.225164 1.5605296 391.2 136.22247 688.31 0
2071 5 24.162365 10.794444 461.6 50.9213471 688.85 0
2071 6 27.88594 13.117492 512.7 63.843564 688.3 0
2071 7 27.104425 16.605032 503.7 186.179986 686.78 0
2071 8 31.13032 19.17982 439.3 70.470006 684.19 0
2071 9 25.037085 12.289165 346.6 189.34047 683.19 0
2071 10 17.65227 5.2933855 255.1 70.1740118 683.05 0
2071 11 9.590614 0.35573724 163.1 227.720718 684.48 0
2071 12 7.89048 -2.0674362 125 182.737095 685.69 0
2072 1 1.9552284 -7.1111565 143.5 80.458888 692.9 0
2072 2 6.6168613 -3.6247902 209.8 82.227953 693.82 0
2072 3 8.213498 -3.3211493 301.6 110.3708345 694.8 0
2072 4 14.00347 1.9854393 391.2 128.77752 696.26 0
2072 5 24.447355 8.892747 461.6 116.8064903 696.8 0
2072 6 29.77626 16.572363 512.7 116.937396 696.25 0
2072 7 33.02028 19.286188 503.7 118.5046176 694.73 0
2072 8 28.571665 16.167286 439.3 136.509523 692.14 0
2072 9 25.619717 13.521521 346.6 96.402504 691.14 0
2072 10 20.096163 5.2750173 255.1 45.4318051 691 0
2072 11 10.727507 1.7294365 163.1 93.791628 692.43 0
2072 12 -0.57521164 -11.53255 125 137.468911 693.64 0
2073 1 3.472397 -6.343424 143.5 40.8429619 700.89 0
2073 2 0.49960342 -11.738859 209.8 97.99419325 701.81 0
2073 3 7.273351 -4.8215413 301.6 78.8684454 702.79 0
2073 4 14.53411 1.183647 391.2 76.623738 704.25 0
2073 5 21.673376 6.9145875 461.6 50.1213859 704.79 0
2073 6 28.860407 15.373543 512.7 122.40354 704.24 0
2073 7 30.967497 18.893158 503.7 138.0157603 702.72 0
2073 8 28.758602 14.617607 439.3 106.343857 700.13 0
2073 9 25.05725 9.573512 346.6 79.469205 699.13 0
2073 10 18.033949 4.81802 255.1 62.3578268 698.99 0
2073 11 10.9159 0.45107505 163.1 121.342305 700.42 0
2073 12 -1.8336068 -10.6782465 125 63.6967974 701.63 0
2074 1 2.4286554 -8.752612 143.5 185.49346 708.93 0
2074 2 4.9781995 -7.2844067 209.8 69.9690915 709.85 0
2074 3 7.325864 -5.5631723 301.6 80.9689465 710.83 0
2074 4 14.963393 3.3282712 391.2 185.479602 712.29 0
2074 5 22.190304 7.6822 461.6 82.3427828 712.83 0
2074 6 28.60736 14.868189 512.7 97.215198 712.28 0
2074 7 31.42555 17.163694 503.7 132.5607895 710.76 0
2074 8 30.881157 18.146305 439.3 120.4748009 708.17 0
2074 9 26.262754 11.487192 346.6 56.710197 707.17 0
2074 10 16.45789 4.4838514 255.1 106.3280718 707.03 0
2074 11 11.678965 3.0798564 163.1 182.359041 708.46 0
2074 12 3.6312253 -3.6920404 125 42.7115272 709.67 0
2075 1 2.1824386 -6.8521376 143.5 157.038591 717.02 0
2075 2 5.5644283 -4.7277493 209.8 94.961750675 717.94 0
2075 3 8.9720335 -1.9619191 301.6 128.391491 718.92 0
2075 4 15.368629 2.345394 391.2 195.572418 720.38 0
2075 5 18.260468 7.657051 461.6 180.8167535 720.92 0
2075 6 27.825022 14.1056795 512.7 122.0424 720.37 0
2075 7 31.212791 17.639109 503.7 92.4879606 718.85 0
2075 8 31.322958 17.771206 439.3 71.6282528 716.26 0
2075 9 25.53041 12.403715 346.6 69.781422 715.26 0
2075 10 19.98297 4.273999 255.1 31.2028454 715.12 0
2075 11 12.836816 2.6686683 163.1 67.8969 716.55 0
2075 12 7.887287 -2.651398 125 126.703448 717.76 0
2076 1 6.172445 -3.4568477 143.5 96.85578 725.14 0
2076 2 -2.966499 -14.816312 209.8 37.83575045 726.06 0
2076 3 6.377345 -4.2584195 301.6 146.561273 727.04 0
2076 4 15.632421 3.2478428 391.2 76.180092 728.5 0
2076 5 22.0811 8.69365 461.6 107.213314 729.04 0
2076 6 28.748487 14.598489 512.7 92.337033 728.49 0
2076 7 32.36416 18.628136 503.7 98.2534305 726.97 0
2076 8 30.365122 16.777197 439.3 51.5330577 724.38 0
2076 9 26.196161 13.475953 346.6 67.067355 723.38 0
2076 10 19.638538 5.7377934 255.1 36.818855 723.24 0
2076 11 10.164599 1.3793905 163.1 159.53349 724.67 0
2076 12 3.0634022 -4.6563873 125 47.8263102 725.88 0
2077 1 -3.1267035 -13.545086 143.5 35.0098965 733.31 0
2077 2 3.7859921 -8.218269 209.8 138.73560875 734.23 0
2077 3 7.774922 -3.0117972 301.6 154.4609906 735.21 0
2077 4 13.921234 1.205075 391.2 100.93332 736.67 0
2077 5 22.770823 7.999052 461.6 60.4841806 737.21 0
2077 6 29.872488 14.849425 512.7 60.35796 736.66 0
2077 7 32.161602 18.943064 503.7 109.972655 735.14 0
2077 8 30.24356 18.59344 439.3 141.4162743 732.55 0
2077 9 21.412655 11.609688 346.6 194.804892 731.55 0
2077 10 15.508785 2.9521224 255.1 93.7796965 731.41 0
2077 11 11.790519 2.4479682 163.1 64.31262 732.84 0
2077 12 6.9834504 -1.6537267 125 157.475071 734.05 0
2078 1 0.2250652 -9.81477 143.5 79.3748397 741.52 0
2078 2 0.59935415 -10.78119 209.8 74.600263725 742.44 0
2078 3 7.6095133 -4.0307126 301.6 132.791538 743.42 0
2078 4 18.971113 5.348332 391.2 96.694392 744.88 0
2078 5 25.792883 10.87592 461.6 67.713517 745.42 0
2078 6 29.290833 14.880629 512.7 71.18595 744.87 0
2078 7 31.039864 17.94828 503.7 130.0322497 743.35 0
2078 8 29.573034 16.074755 439.3 119.5501887 740.76 0
2078 9 25.753283 9.987256 346.6 36.027558 739.76 0
2078 10 17.372633 4.405788 255.1 58.0333764 739.62 0
2078 11 11.424468 2.696697 163.1 136.756182 741.05 0
2078 12 5.129833 -2.665006 125 168.005275 742.26 0
2079 1 4.7517347 -3.119955 143.5 187.717958 749.8 0
2079 2 5.274676 -3.9578173 209.8 88.2634412 750.72 0
2079 3 10.059907 0.21500058 301.6 205.8031007 751.7 0
2079 4 18.058777 5.2893853 391.2 144.507936 753.16 0
2079 5 22.464516 7.5163927 461.6 40.6603285 753.7 0
2079 6 26.735973 14.947321 512.7 124.28184 753.15 0
2079 7 31.118765 17.673952 503.7 129.7380287 751.63 0
2079 8 28.695848 15.100947 439.3 181.305732 749.04 0
2079 9 24.475513 10.277531 346.6 104.078301 748.04 0
2079 10 17.170063 5.464545 255.1 155.555179 747.9 0
2079 11 11.971811 2.8327508 163.1 107.361582 749.33 0
2079 12 3.883019 -4.7855167 125 126.426308 750.54 0
2080 1 1.2663829 -9.610738 143.5 74.9486659 758.18 0
2080 2 8.364834 -2.6430497 209.8 88.39927285 759.1 0
2080 3 7.835622 -5.128877 301.6 36.7357564 760.08 0
2080 4 15.358551 2.3494039 391.2 99.017502 761.54 0
2080 5 25.14225 9.74761 461.6 73.3862628 762.08 0
2080 6 28.631819 14.102848 512.7 124.71159 761.53 0
2080 7 32.554638 19.776756 503.7 95.218949 760.01 0
2080 8 31.343678 17.755068 439.3 109.3890676 757.42 0
2080 9 26.480192 12.700349 346.6 83.799291 756.42 0
2080 10 18.60639 5.018406 255.1 93.2064383 756.28 0
2080 11 10.607034 1.3280573 163.1 86.80752 757.71 0
2080 12 5.0957155 -4.755436 125 101.568679 758.92 0
2081 1 2.8643649 -7.2803454 143.5 107.6321364 766.64 0
2081 2 3.7853584 -9.095777 209.8 80.3518931 767.56 0
2081 3 8.369867 -2.3583386 301.6 109.6620753 768.54 0
2081 4 13.711727 1.7094365 391.2 181.69206 770 0
2081 5 24.462091 10.72191 461.6 93.5906585 770.54 0
2081 6 28.387646 14.997582 512.7 120.895785 769.99 0
2081 7 29.482485 17.266441 503.7 129.1292197 768.47 0
2081 8 31.523981 17.238499 439.3 62.000031 765.88 0
2081 9 26.378174 12.724785 346.6 36.739602 764.88 0
2081 10 19.47883 7.587795 255.1 86.5588603 764.74 0
2081 11 12.928304 2.144259 163.1 83.714655 766.17 0
2081 12 2.1693115 -9.393224 125 261.163344 767.38 0
2082 1 3.069671 -7.8135414 143.5 82.3452659 775.17 0
2082 2 1.3894418 -10.274418 209.8 81.901928225 776.09 0
2082 3 7.6269155 -4.2543297 301.6 106.8678965 777.07 0
2082 4 18.536907 5.0126653 391.2 57.297225 778.53 0
2082 5 25.226254 8.695417 461.6 53.6994214 779.07 0
2082 6 28.959734 14.643037 512.7 99.905604 778.52 0
2082 7 34.549767 19.74165 503.7 97.798552 777 0
2082 8 31.384296 17.55761 439.3 78.642381 774.41 0
2082 9 23.479988 10.745094 346.6 64.461465 773.41 0
2082 10 17.32961 6.256296 255.1 157.6101535 773.27 0
2082 11 9.542549 1.1361753 163.1 101.958024 774.7 0
2082 12 7.4754057 -1.5169251 125 142.101396 775.91 0
2083 1 1.9558614 -7.701522 143.5 163.1305157 783.75 0
2083 2 9.340573 -1.0603354 209.8 61.559272725 784.67 0
2083 3 8.222507 -3.6929204 301.6 73.9343862 785.65 0
2083 4 16.261215 4.044459 391.2 111.927072 787.11 0
2083 5 25.080303 9.314199 461.6 97.045438 787.65 0
2083 6 30.315134 14.389897 512.7 50.243814 787.1 0
2083 7 32.483505 17.912348 503.7 68.9526924 785.58 0
2083 8 30.389944 18.108683 439.3 223.756853 782.99 0
2083 9 26.800495 14.387158 346.6 136.208154 781.99 0
2083 10 17.566936 7.495864 255.1 162.254806 781.85 0
2083 11 12.855016 4.3886166 163.1 103.645755 783.28 0
2083 12 3.8233438 -4.3321614 125 33.8733497 784.49 0
2084 1 -3.783 -14.946936 143.5 60.6278687 792.37 0
2084 2 4.8593326 -6.575513 209.8 83.543575275 793.29 0
2084 3 8.751165 -3.4574556 301.6 89.5165827 794.27 0
2084 4 14.070481 1.7173282 391.2 76.295163 795.73 0
2084 5 18.885633 6.891596 461.6 165.5321415 796.27 0
2084 6 29.246607 13.398773 512.7 44.604171 795.72 0
2084 7 31.488071 18.694702 503.7 113.8495801 794.2 0
2084 8 29.369205 15.360108 439.3 141.0883067 791.61 0
2084 9 25.201603 13.8279295 346.6 204.59226 790.61 0
2084 10 16.853132 6.496287 255.1 102.0749152 790.47 0
2084 11 14.0706 3.5737634 163.1 47.972706 791.9 0
2084 12 6.256716 -1.7189914 125 102.9573302 793.11 0
2085 1 -3.1130342 -13.609567 143.5 69.2095646 801.02 0
2085 2 3.166997 -8.925387 209.8 96.767530225 801.94 0
2085 3 9.302135 -0.15003689 301.6 195.4773293 802.92 0
2085 4 13.950429 1.8292316 391.2 129.915561 804.38 0
2085 5 24.23992 8.871743 461.6 108.547244 804.92 0
2085 6 30.171112 14.20974 512.7 73.94211 804.37 0
2085 7 31.231379 17.229864 503.7 127.830267 802.85 0
2085 8 31.17763 20.264368 439.3 142.3804704 800.26 0
2085 9 26.568651 14.129012 346.6 129.063648 799.26 0
2085 10 16.538904 4.5523067 255.1 70.5663695 799.12 0
2085 11 9.88811 1.1767974 163.1 86.10198 800.55 0
2085 12 7.165353 -1.2868962 125 65.3008025 801.76 0
2086 1 2.372361 -9.097394 143.5 193.514958 809.71 0
2086 2 1.721213 -8.892617 209.8 40.9402842 810.63 0
2086 3 8.439137 -3.3403187 301.6 62.3860895 811.61 0
2086 4 14.158405 1.8073049 391.2 188.54259 813.07 0
2086 5 23.035936 7.2371407 461.6 59.2273848 813.61 0
2086 6 27.657272 12.386185 512.7 106.326621 813.06 0
2086 7 31.00815 16.704533 503.7 97.743775 811.54 0
2086 8 30.420874 17.978195 439.3 132.172809 808.95 0
2086 9 26.844803 14.243584 346.6 154.78881 807.95 0
2086 10 21.435392 7.706072 255.1 31.7540192 807.81 0
2086 11 9.36594 1.6526005 163.1 226.57959 809.24 0
2086 12 5.1143813 -1.696783 125 162.373102 810.45 0
2087 1 0.67745835 -8.622487 143.5 88.209694 818.42 0
2087 2 5.2913523 -3.560728 209.8 94.3095175 819.34 0
2087 3 8.005162 -3.0607517 301.6 47.4396875 820.32 0
2087 4 16.516676 5.1293716 391.2 129.61497 821.78 0
2087 5 24.61561 12.1495285 461.6 116.620946 822.32 0
2087 6 29.46688 16.591005 512.7 117.29493 821.77 0
2087 7 31.319633 17.402178 503.7 84.729882 820.25 0
2087 8 32.479145 19.529993 439.3 67.709611 817.66 0
2087 9 27.349794 14.859318 346.6 63.039114 816.66 0
2087 10 20.362207 7.1370726 255.1 104.48674 816.52 0
2087 11 12.723755 2.57683 163.1 111.726867 817.95 0
2087 12 3.2930613 -6.54503 125 177.753752 819.16 0
2088 1 2.4990754 -8.143113 143.5 85.1942217 827.16 0
2088 2 4.5262785 -6.9253626 209.8 22.286806375 828.08 0
2088 3 9.428302 -3.264458 301.6 66.2593752 829.06 0
2088 4 14.755262 1.967792 391.2 102.520224 830.52 0
2088 5 23.95466 8.690432 461.6 79.5278929 831.06 0
2088 6 28.536928 14.297998 512.7 130.52847 830.51 0
2088 7 28.570541 17.002565 503.7 97.2934783 828.99 0
2088 8 31.690502 19.74041 439.3 183.9361874 826.4 0
2088 9 27.288982 12.323435 346.6 36.828987 825.4 0
2088 10 20.540556 6.9702187 255.1 96.8837513 825.26 0
2088 11 10.077922 0.7607291 163.1 137.2995 826.69 0
2088 12 7.9138913 -1.0914289 125 74.8606972 827.9 0
2089 1 3.2829587 -7.6454124 143.5 153.820388 835.96 0
2089 2 5.252988 -6.57767 209.8 90.36089635 836.88 0
2089 3 8.080181 -2.7979336 301.6 83.985138 837.86 0
2089 4 16.062302 3.3705218 391.2 112.630383 839.32 0
2089 5 23.614603 8.8628845 461.6 96.4619343 839.86 0
2089 6 28.654547 14.223064 512.7 117.267345 839.31 0
2089 7 31.232754 18.03975 503.7 114.9547022 837.79 0
2089 8 33.04825 20.063868 439.3 41.2400378 835.2 0
2089 9 24.67402 12.021974 346.6 83.24817 834.2 0
2089 10 19.916214 8.4598675 255.1 65.2189098 834.06 0
2089 11 12.666954 4.019339 163.1 145.77654 835.49 0
2089 12 0.33429357 -9.343827 125 82.4024485 836.7 0
2090 1 0.43552044 -8.771601 143.5 185.947145 844.8 0
2090 2 1.0497319 -10.537483 209.8 58.339478975 845.72 0
2090 3 9.412681 -2.381855 301.6 141.1729336 846.7 0
2090 4 15.360183 4.059036 391.2 215.47677 848.16 0
2090 5 21.598217 8.100035 461.6 146.6868974 848.7 0
2090 6 31.606031 16.920828 512.7 93.952803 848.15 0
2090 7 35.64675 19.91865 503.7 57.695743 846.63 0
2090 8 30.306734 18.197134 439.3 273.879637 844.04 0
2090 9 23.442858 13.537098 346.6 185.12265 843.04 0
2090 10 17.01529 5.5565233 255.1 104.4590663 842.9 0
2090 11 13.167158 3.585247 163.1 166.40832 844.33 0
2090 12 5.5781054 -3.4790018 125 140.7336574 845.54 0
2091 1 2.2692964 -7.83117 143.5 97.1494337 853.73 0
2091 2 6.338915 -5.3869677 209.8 83.63211925 854.65 0
2091 3 12.378006 1.9723476 301.6 106.215703 855.63 0
2091 4 13.59033 1.421378 391.2 71.872824 857.09 0
2091 5 26.196352 8.867231 461.6 76.3292757 857.63 0
2091 6 28.097513 13.066146 512.7 56.432064 857.08 0
2091 7 31.891434 20.31992 503.7 118.9486213 855.56 0
2091 8 32.82621 18.698063 439.3 125.2744844 852.97 0
2091 9 24.742365 12.744027 346.6 67.657515 851.97 0
2091 10 20.88587 7.1980357 255.1 58.2692275 851.83 0
2091 11 12.140346 2.6778438 163.1 106.010376 853.26 0
2091 12 2.8453374 -6.6047926 125 52.746283 854.47 0
2092 1 -0.378265 -9.694746 143.5 149.0965305 862.73 0
2092 2 3.3063226 -7.817515 209.8 82.68173275 863.65 0
2092 3 9.474227 -2.4484437 301.6 184.1077166 864.63 0
2092 4 15.529956 4.306473 391.2 237.60222 866.09 0
2092 5 21.188248 8.888291 461.6 123.3831279 866.63 0
2092 6 28.345026 14.742169 512.7 144.811392 866.08 0
2092 7 32.75843 19.263605 503.7 101.0113083 864.56 0
2092 8 33.554337 18.797092 439.3 46.950709 861.97 0
2092 9 22.585983 9.376402 346.6 87.762015 860.97 0
2092 10 20.907026 7.364493 255.1 83.1719615 860.83 0
2092 11 12.386729 3.3011844 163.1 99.16671 862.26 0
2092 12 6.206442 -1.0336082 125 81.453523 863.47 0
2093 1 2.5228903 -7.4744935 143.5 256.912283 871.78 0
2093 2 8.472435 -1.2406746 209.8 90.33962975 872.7 0
2093 3 9.828518 -1.4247853 301.6 181.5243192 873.68 0
2093 4 16.266855 4.980634 391.2 199.060005 875.14 0
2093 5 26.627031 12.032596 461.6 97.346975 875.68 0
2093 6 28.633127 15.70721 512.7 98.367405 875.13 0
2093 7 33.649426 18.802256 503.7 94.6891342 873.61 0
2093 8 32.78095 17.36887 439.3 85.3169538 871.02 0
2093 9 28.265125 13.540238 346.6 129.10647 870.02 0
2093 10 20.218958 6.382345 255.1 63.0963553 869.88 0
2093 11 12.698455 2.5659776 163.1 56.979519 871.31 0
2093 12 7.3664355 -1.1049216 125 260.2583765 872.52 0
2094 1 1.1868769 -8.665912 143.5 132.5044253 880.86 0
2094 2 4.147713 -6.6066055 209.8 99.544087125 881.78 0
2094 3 10.338137 -2.2312164 301.6 55.61059 882.76 0
2094 4 14.985491 1.7017982 391.2 102.96636 884.22 0
2094 5 23.424927 9.187541 461.6 72.587678 884.76 0
2094 6 29.745268 15.23549 512.7 122.596092 884.21 0
2094 7 30.906681 18.60128 503.7 137.967949 882.69 0
2094 8 32.378292 20.529501 439.3 121.0264707 880.1 0
2094 9 25.499624 11.097108 346.6 86.30295 879.1 0
2094 10 20.650812 7.2459884 255.1 94.5970208 878.96 0
2094 11 10.423731 1.810287 163.1 197.76894 880.39 0
2094 12 6.896049 0.12749322 125 171.029511 881.6 0
2095 1 3.165163 -6.26773 143.5 56.2033565 889.98 0
2095 2 5.44103 -5.3023243 209.8 95.53666925 890.9 0
2095 3 8.351447 -3.4319913 301.6 82.9985382 891.88 0
2095 4 14.40311 1.4732509 391.2 101.956722 893.34 0
2095 5 24.410044 9.395306 461.6 85.421244 893.88 0
2095 6 27.999397 14.892041 512.7 180.564708 893.33 0
2095 7 31.76415 21.321083 503.7 133.249625 891.81 0
2095 8 31.668106 19.868738 439.3 118.3149565 889.22 0
2095 9 25.973877 13.343532 346.6 118.933854 888.22 0
2095 10 16.830797 5.5408716 255.1 171.457931 888.08 0
2095 11 10.891558 1.8008486 163.1 73.340235 889.51 0
2095 12 6.328812 -3.1168249 125 180.140566 890.72 0
2096 1 2.6623316 -7.492338 143.5 162.5955146 899.12 0
2096 2 2.297289 -9.158199 209.8 138.607288775 900.04 0
2096 3 9.412088 -1.981885 301.6 125.6726236 901.02 0
2096 4 16.47681 3.195475 391.2 148.771719 902.48 0
2096 5 26.033962 8.740229 461.6 23.91219813 903.02 0
2096 6 30.517101 15.347977 512.7 133.98309 902.47 0
2096 7 33.44867 20.181192 503.7 113.515955 900.95 0
2096 8 32.69737 17.916784 439.3 104.657395 898.36 0
2096 9 23.570776 12.080761 346.6 243.07509 897.36 0
2096 10 16.620907 6.078027 255.1 119.270888 897.22 0
2096 11 12.04005 3.070737 163.1 127.157235 898.65 0
2096 12 5.0431514 -2.6987705 125 67.4951375 899.86 0
2097 1 2.565452 -7.2029386 143.5 96.3340996 908.29 0
2097 2 3.7641594 -6.73207 209.8 95.189287475 909.21 0
2097 3 8.312511 -3.3999 301.6 116.6763647 910.19 0
2097 4 15.146113 2.3572688 391.2 87.02058 911.65 0
2097 5 26.86625 10.069013 461.6 32.6002944 912.19 0
2097 6 30.127493 14.550287 512.7 83.85987 911.64 0
2097 7 32.14572 19.480818 503.7 171.6540866 910.12 0
2097 8 31.664673 19.1346 439.3 140.1378126 907.53 0
2097 9 25.625729 13.251681 346.6 185.990625 906.53 0
2097 10 17.67563 7.420606 255.1 167.280495 906.39 0
2097 11 12.540322 2.899308 163.1 183.66936 907.82 0
2097 12 6.7880216 -0.7548936 125 289.340856 909.03 0
2098 1 4.309622 -5.867612 143.5 63.2269893 917.47 0
2098 2 8.67311 -1.3182522 209.8 187.1931445 918.39 0
2098 3 12.910877 1.3470204 301.6 18.7625361 919.37 0
2098 4 18.300848 5.2912736 391.2 65.81709 920.83 0
2098 5 25.923128 11.16156 461.6 142.1135387 921.37 0
2098 6 30.446396 15.750866 512.7 151.80525 920.82 0
2098 7 33.410435 20.882278 503.7 112.4962565 919.3 0
2098 8 33.67115 20.498314 439.3 91.4137331 916.71 0
2098 9 26.902514 13.857795 346.6 122.107986 915.71 0
2098 10 18.874777 7.3302813 255.1 99.982409 915.57 0
2098 11 12.438852 3.2260382 163.1 117.650379 917 0
2098 12 7.031386 -0.78764516 125 57.4292143 918.21 0
2099 1 0.33003703 -10.143463 143.5 141.225894 926.67 0
2099 2 6.207955 -4.4575343 209.8 103.825086475 927.59 0
2099 3 9.96765 -1.8062779 301.6 126.2914394 928.57 0
2099 4 16.196632 3.8789933 391.2 99.49779 930.03 0
2099 5 22.129194 8.118551 461.6 66.7749703 930.57 0
2099 6 30.276161 16.064016 512.7 98.758479 930.02 0
2099 7 32.975906 19.824863 503.7 175.7108737 928.5 0
2099 8 33.372665 19.490896 439.3 110.731008 925.91 0
2099 9 26.83129 12.99093 346.6 84.018732 924.91 0
2099 10 23.660439 9.796145 255.1 65.0889113 924.77 0
2099 11 14.2980385 3.6345541 163.1 48.10218 926.2 0
2099 12 4.821384 -5.2241883 125 142.835197 927.41 0
2100-2200 1 0.33003703 -10.143463 143.5 141.225894 926.67 0
2100-2200 2 6.207955 -4.4575343 209.8 103.825086475 927.59 0
2100-2200 3 9.96765 -1.8062779 301.6 126.2914394 928.57 0
2100-2200 4 16.196632 3.8789933 391.2 99.49779 930.03 0
2100-2200 5 22.129194 8.118551 461.6 66.7749703 930.57 0
2100-2200 6 30.276161 16.064016 512.7 98.758479 930.02 0
2100-2200 7 32.975906 19.824863 503.7 175.7108737 928.5 0
2100-2200 8 33.372665 19.490896 439.3 110.731008 925.91 0
2100-2200 9 26.83129 12.99093 346.6 84.018732 924.91 0
2100-2200 10 23.660439 9.796145 255.1 65.0889113 924.77 0
2100-2200 11 14.2980385 3.6345541 163.1 48.10218 926.2 0
2100-2200 12 4.821384 -5.2241883 125 142.835197 927.41 0
