Year Month Tmax Tmin PAR Prec CO2 O3
1200-1980 1 -3.88554907812018 -15.5625437034972 143.5 80.7622095941913 390 0
1200-1980 2 -1.59586517524872 -14.0703134197406 209.8 69.5596284328678 390 0
1200-1980 3 3.3694988486617 -8.3658607961515 301.6 87.7790257034441 390 0
1200-1980 4 10.4783192397936 -1.26748122890139 391.2 95.7157385409134 390 0
1200-1980 5 17.845848674087 4.70677291322814 461.6 100.322482600289 390 0
1200-1980 6 22.6622898862035 10.0726574071936 512.7 108.243350517007 390 0
1200-1980 7 25.5312989816314 13.1426497636575 503.7 94.7486432110437 390 0
1200-1980 8 24.8732289125823 12.1487841918047 439.3 98.204257739516 390 0
1200-1980 9 20.1776497250951 7.56345750534465 346.6 99.3281821885529 390 0
1200-1980 10 13.167251288624 1.73843738633831 255.1 112.371045235285 390 0
1200-1980 11 6.05037073827773 -3.22934010751068 163.1 112.049166107283 390 0
1200-1980 12 -0.61483252176909 -10.5152752526648 125 100.333019053559 390 0
1981 1 -6.76977357997579 -20.2540952095493 143.5 40.3324935076471 390 0
1981 2 3.16819292558582 -8.55213045041457 209.8 107.747785509553 390 0
1981 3 4.46846775189406 -5.95899975077018 301.6 37.90032372607 390 0
1981 4 11.2966837127056 -0.461379532144448 391.2 85.6141843660759 390 0
1981 5 19.366824283584 5.61049305761303 461.6 91.0513194414248 390 0
1981 6 23.0584750051278 10.0676735844438 512.7 113.717701911423 390 0
1981 7 25.6698432561276 13.0037820045427 503.7 117.050009299808 390 0
1981 8 24.881730758855 11.1524409013521 439.3 121.883618594832 390 0
1981 9 18.7127036274223 7.23188424524552 346.6 176.901340322443 390 0
1981 10 11.6151089418255 0.51849842952732 255.1 167.316542115468 390 0
1981 11 5.71295722879708 -3.06772071383108 163.1 80.6668423709846 390 0
1981 12 -0.152463531642268 -8.15757226931722 125 124.376368995172 390 0
1982 1 -7.66327459948625 -20.9954332456988 143.5 101.067191351854 390 0
1982 2 -2.71251453433215 -15.9220177237961 209.8 73.0556863954832 390 0
1982 3 2.98810572362864 -9.73096967814808 301.6 68.8275657469634 390 0
1982 4 9.18699674777247 -2.96936239605038 391.2 94.8414660757033 390 0
1982 5 19.2555563804777 4.18308562877198 461.6 26.2488708579592 390 0
1982 6 21.0121079662213 8.67439541302432 512.7 117.058442640565 390 0
1982 7 26.5927031549392 12.3070343270702 503.7 61.6709572496772 390 0
1982 8 22.8583203130986 9.96419037538981 439.3 107.795700580385 390 0
1982 9 19.9343840726054 7.99462506888661 346.6 85.2703071558747 390 0
1982 10 14.3935360988498 0.88444154607154 255.1 34.8184138725693 390 0
1982 11 7.5098648300915 -1.95058195987937 163.1 133.55584754268 390 0
1982 12 1.96106047041763 -8.4341113755817 125 50.0750292837603 390 0
1983 1 -1.82456623077476 -13.1461503237243 143.5 91.2691367722872 390 0
1983 2 -0.303739833966711 -12.4880330760456 209.8 69.6498842063732 390 0
1983 3 4.31453087532944 -4.93562196707463 301.6 141.048862088109 390 0
1983 4 10.417244983269 0.265845071003591 391.2 197.142037370031 390 0
1983 5 15.4355890565463 4.89523538488999 461.6 148.804429489536 390 0
1983 6 24.441230958097 9.70973801501118 512.7 44.6074897531983 390 0
1983 7 26.3973845164074 12.8985394082749 503.7 122.526989984943 390 0
1983 8 25.5700364844852 12.3367525137984 439.3 95.8419228613434 390 0
1983 9 22.3877328113487 7.95978661187874 346.6 66.3018822966855 390 0
1983 10 13.5736764110131 1.29064330812222 255.1 70.5166529661466 390 0
1983 11 6.07184196290928 -2.22365882106988 163.1 237.219823360602 390 0
1983 12 -1.67598495907425 -12.1803850698827 125 167.538799953014 390 0
1984 1 -5.1285143759081 -17.3861840581085 143.5 54.2771351728569 390 0
1984 2 2.12459610506918 -8.8435389111603 209.8 113.206638045719 390 0
1984 3 0.120965280643763 -11.0416022191713 301.6 123.068652278477 390 0
1984 4 10.711129745338 -1.04465200181394 391.2 84.9814641220414 390 0
1984 5 17.0160261810604 3.85611933018707 461.6 187.430733979012 390 0
1984 6 22.3734848401924 9.6525497971342 512.7 173.528994354439 390 0
1984 7 25.674126668144 13.5999745177 503.7 96.428986947793 390 0
1984 8 26.0903342635918 13.6905174451471 439.3 54.6418364616499 390 0
1984 9 19.5657658219768 5.2895070842808 346.6 41.6480694704265 390 0
1984 10 14.7833239643218 1.32776312142801 255.1 60.4665463506432 390 0
1984 11 6.99222446123936 -3.60373134251544 163.1 69.8122180533798 390 0
1984 12 0.409145113469573 -9.68098876833568 125 81.7552286394959 390 0
1985 1 -6.57697708936326 -18.3626898902041 143.5 25.7863793957433 390 0
1985 2 -0.712050924995918 -12.9366527298039 209.8 77.0595969143272 390 0
1985 3 3.69150250910207 -8.8612427233698 301.6 72.6758409364491 390 0
1985 4 10.414497802793 -2.68717666961364 391.2 38.5010446102655 390 0
1985 5 18.3310502383185 3.49026343211263 461.6 79.2750800589004 390 0
1985 6 20.6651287677325 9.10144722386975 512.7 100.995429860797 390 0
1985 7 26.7269239041721 12.7626791496148 503.7 76.7736924420674 390 0
1985 8 24.3754659640451 10.7117319235667 439.3 99.2253788122563 390 0
1985 9 20.6500233940695 7.40908736016417 346.6 92.1803286816567 390 0
1985 10 13.9007993928172 1.5232149505038 255.1 69.5814957573582 390 0
1985 11 4.66349050780202 -3.80392316413276 163.1 111.519938655494 390 0
1985 12 -2.83782860242468 -15.3391353827692 125 55.4513824707558 390 0
1986 1 -1.97931320914288 -14.7658130301217 143.5 146.882147516843 390 0
1986 2 -2.27567441756888 -15.3677736452036 209.8 37.1688105984554 390 0
1986 3 4.01669317060431 -9.12099291017447 301.6 91.791158160517 390 0
1986 4 13.0098909270458 0.330744540709608 391.2 70.5384445488108 390 0
1986 5 18.2101831542168 4.9598549586698 461.6 102.166337570687 390 0
1986 6 21.554586380809 7.88284049502867 512.7 75.6757233482159 390 0
1986 7 23.4349982735516 12.0937088748556 503.7 115.887258271018 390 0
1986 8 22.6940802066655 11.4667688557344 439.3 130.093708625966 390 0
1986 9 18.0230680024845 5.33019076758602 346.6 87.420974744494 390 0
1986 10 12.6403746243776 0.903090983267668 255.1 36.7981483815451 390 0
1986 11 3.84462955285408 -5.89688802332484 163.1 94.6988099283082 390 0
1986 12 -0.703693297627815 -11.6982027101937 125 82.3485594175126 390 0
1987 1 -3.99650802414951 -16.3428475891886 143.5 86.4119529521781 390 0
1987 2 -2.93375096810184 -14.9522697164773 209.8 17.2813904871245 390 0
1987 3 4.57154099120013 -7.70100616394668 301.6 72.8903710293817 390 0
1987 4 13.1019077470414 0.530104373737765 391.2 131.466239860573 390 0
1987 5 18.3744743554548 3.94742886350898 461.6 73.2973370354631 390 0
1987 6 22.6520377310561 10.390509007692 512.7 110.989238649951 390 0
1987 7 25.0421739667819 12.9174165702748 503.7 57.1356032218496 390 0
1987 8 24.3377556601972 10.0850607398931 439.3 46.6876784137545 390 0
1987 9 19.1563763510115 7.43599744179804 346.6 143.280203924969 390 0
1987 10 13.3813908770202 1.11237505473805 255.1 99.0574187081988 390 0
1987 11 4.92268849731449 -4.81343585320866 163.1 56.0377333837808 390 0
1987 12 -0.791597959202515 -8.96643700805229 125 98.0370783816491 390 0
1988 1 -3.5185279373761 -16.9570012029106 143.5 59.7451915324504 390 0
1988 2 -0.903241116981799 -14.8758773488535 209.8 71.4967881329159 390 0
1988 3 3.40607333108727 -9.5969818270532 301.6 36.2346992630006 390 0
1988 4 9.8334438194718 -0.553580026187065 391.2 83.3649348050976 390 0
1988 5 18.9396007741994 5.7150683614634 461.6 60.0347172320878 390 0
1988 6 23.2946782230954 8.68900339367281 512.7 56.6678665541186 390 0
1988 7 26.2731425514981 14.3895361710036 503.7 116.948561142728 390 0
1988 8 25.1178235596496 13.781035478837 439.3 152.364998321283 390 0
1988 9 19.1565736975062 6.41760277379655 346.6 43.1923657738867 390 0
1988 10 10.6497849079625 0.785783830671064 255.1 103.30182841477 390 0
1988 11 6.81786637673879 -2.03929420715396 163.1 157.843533898536 390 0
1988 12 -2.27352456108421 -13.7399588377308 125 34.5184641027193 390 0
1989 1 -1.99741116350478 -15.0376072606824 143.5 46.0877571063576 390 0
1989 2 -2.6285237277857 -15.7521868620733 209.8 57.4299332818358 390 0
1989 3 2.10310340487552 -12.0484831410773 301.6 65.0182713863948 390 0
1989 4 8.17266719459202 -2.50841138140097 391.2 84.8925991636327 390 0
1989 5 19.5083911206985 6.63166608357375 461.6 199.649600217216 390 0
1989 6 22.2666089292094 10.4882347591921 512.7 105.131471546229 390 0
1989 7 25.9801183306678 11.5332474360886 503.7 58.5431213504145 390 0
1989 8 23.8120217591208 11.5068335268367 439.3 136.194538391808 390 0
1989 9 20.057748751673 6.93742888235717 346.6 103.15591174116 390 0
1989 10 13.882594251439 1.06990047298117 255.1 73.6956336293252 390 0
1989 11 4.50783767541116 -5.17300679351679 163.1 137.73714114346 390 0
1989 12 -8.70562562126357 -20.9130887867865 125 48.1214185999519 390 0
1990 1 -0.0771441626522056 -11.1668907270458 143.5 107.825393405721 390 0
1990 2 -1.34480329183218 -15.8051429856673 209.8 53.9685451559569 390 0
1990 3 3.93896922074143 -9.01475551604879 301.6 47.9312936003681 390 0
1990 4 10.3662416601454 -0.884223972850906 391.2 93.873756387532 390 0
1990 5 16.2262826026391 3.69217768010805 461.6 151.98505170677 390 0
1990 6 23.0440517511862 10.1306232924351 512.7 114.694597808931 390 0
1990 7 25.7519377005396 13.2064053209288 503.7 89.8103787193192 390 0
1990 8 26.1003251775937 13.2687744448269 439.3 127.34183065216 390 0
1990 9 19.007826666268 7.48384975951014 346.6 85.2210940673032 390 0
1990 10 13.8424687130232 3.55298705064328 255.1 202.637708829853 390 0
1990 11 5.9396504614802 -2.47128081585067 163.1 104.21652299227 390 0
1990 12 1.56226742318625 -8.79030690747562 125 148.727264012307 390 0
1991 1 -4.55594646553347 -17.2916731484408 143.5 71.0858098656299 390 0
1991 2 -0.0141849763500732 -13.2252002510135 209.8 29.5995134213325 390 0
1991 3 3.93625842858791 -6.56235444508298 301.6 129.777450601478 390 0
1991 4 11.6224632880519 -1.23034543312382 391.2 87.6145737124384 390 0
1991 5 20.4259291910304 4.89926191317959 461.6 93.713035579919 390 0
1991 6 23.9442840494334 9.99063513158141 512.7 63.9265680037769 390 0
1991 7 25.947180188452 12.0879810812454 503.7 53.2459647440797 390 0
1991 8 25.2252880311926 13.0209423431012 439.3 212.177030057514 390 0
1991 9 19.0085305435303 5.70071097411199 346.6 120.632679447052 390 0
1991 10 13.740075450442 2.49523892648895 255.1 107.297155674627 390 0
1991 11 5.74917965947045 -2.21756676791389 163.1 91.8039817214079 390 0
1991 12 -2.29824352578621 -13.395808607553 125 65.9996489884169 390 0
1992 1 -3.97245650164181 -15.7480133944646 143.5 105.189178021896 390 0
1992 2 -2.46610791755863 -15.0918354579286 209.8 78.4878869878555 390 0
1992 3 1.0608860272636 -10.9564054208734 301.6 102.064891682155 390 0
1992 4 8.62271291287044 -2.67831948091217 391.2 49.1687085203333 390 0
1992 5 19.242802395495 2.94133584687148 461.6 23.0957305145959 390 0
1992 6 22.722077627338 9.4947528548023 512.7 111.882647857558 390 0
1992 7 22.926638673289 10.3845514480154 503.7 94.0502333412379 390 0
1992 8 23.4904565469795 12.1275523324085 439.3 97.2899945616101 390 0
1992 9 20.2887904922926 7.18247747515067 346.6 65.9433206401429 390 0
1992 10 11.0128856767501 0.214172015623346 255.1 87.0075821029107 390 0
1992 11 4.39715763256178 -5.05652805732456 163.1 84.5495377040353 390 0
1992 12 -0.723087419976813 -9.86640562744314 125 43.7868071544736 390 0
1993 1 -3.33357781873907 -14.9268797904916 143.5 57.0313919517929 390 0
1993 2 -6.74397470133197 -21.2221967431461 209.8 87.1187430788554 390 0
1993 3 3.14215033618082 -11.5086314414491 301.6 83.1855900830131 390 0
1993 4 10.6389214636109 -1.59228542962661 391.2 149.360020166337 390 0
1993 5 18.371211898739 4.38421728023314 461.6 56.8460553789486 390 0
1993 6 22.8066600437291 8.89842670795532 512.7 106.546846568148 390 0
1993 7 25.3708668362421 12.521883402458 503.7 60.4185366505734 390 0
1993 8 26.1501933648986 12.1833563580957 439.3 60.1413521871575 390 0
1993 9 19.7338216766223 7.07961725544146 346.6 104.767755453261 390 0
1993 10 10.620658791435 -0.906791464164472 255.1 105.719898427781 390 0
1993 11 5.99701230466836 -4.71024358397339 163.1 114.094422102687 390 0
1993 12 -0.500274325738462 -9.66752471095666 125 142.266568427044 390 0
1994 1 -8.63696211355553 -22.1589665256102 143.5 129.090420989078 390 0
1994 2 -4.68680580960206 -18.5269190918626 209.8 32.9363664590421 390 0
1994 3 2.34795173946307 -7.73922337441373 301.6 110.002489032751 390 0
1994 4 9.71055762692473 -1.90648017113369 391.2 97.7114533865221 390 0
1994 5 15.7576418679535 3.62334986670894 461.6 108.849459226333 390 0
1994 6 24.6099480710582 11.2433242907207 512.7 92.7348205112983 390 0
1994 7 26.9617727751069 14.9258295578517 503.7 88.1890996674509 390 0
1994 8 24.3083418649099 11.1999470948658 439.3 63.591839527731 390 0
1994 9 18.711503241549 7.07449444549364 346.6 112.024685944732 390 0
1994 10 14.3374676448069 1.23421989712831 255.1 36.5669335747913 390 0
1994 11 8.37411736760128 -3.08471171897958 163.1 103.281006120225 390 0
1994 12 0.922568710224204 -9.44144933614986 125 65.7039938213837 390 0
1995 1 -2.23040511338978 -11.5155903002687 143.5 111.052278120905 390 0
1995 2 -3.70490918279525 -17.6865225988651 209.8 63.8275817374916 390 0
1995 3 3.35465860312314 -7.39689156624055 301.6 68.1152194077231 390 0
1995 4 8.23016809540926 -3.56899571999218 391.2 58.6333535140617 390 0
1995 5 16.8712697281272 3.91064521020111 461.6 100.631333218768 390 0
1995 6 24.7696215783711 10.1623454474965 512.7 58.6659044871964 390 0
1995 7 26.7137788837216 14.1022781537193 503.7 88.8600689471758 390 0
1995 8 26.0610849261783 11.5626130017893 439.3 45.3878055631073 390 0
1995 9 19.2407352811459 4.02029700725414 346.6 64.9306010575782 390 0
1995 10 15.7479790443405 3.42422394307612 255.1 183.864821770782 390 0
1995 11 4.04896148399973 -4.85090670893265 163.1 171.667026249182 390 0
1995 12 -3.08045674416475 -12.934738729266 125 77.5975002556395 390 0
1996 1 -3.94361758140514 -16.0607906209965 143.5 134.612788955437 390 0
1996 2 -2.81774056619999 -14.0328993411683 209.8 97.2237847453574 390 0
1996 3 2.37897047016396 -9.61544751332838 301.6 61.9778340134515 390 0
1996 4 9.35140956059008 -0.770921713852874 391.2 124.566309544079 390 0
1996 5 16.242282242942 3.25638729573778 461.6 131.271059419462 390 0
1996 6 22.6658966363236 10.4065924092095 512.7 115.447173470765 390 0
1996 7 23.5606445716901 12.9426343483152 503.7 189.883330711123 390 0
1996 8 24.985857696213 11.8817555107696 439.3 36.6199269443258 390 0
1996 9 19.3207414167536 8.43390755545086 346.6 121.589120208595 390 0
1996 10 12.0856544115547 0.758979675519078 255.1 107.446318928389 390 0
1996 11 4.27248394229145 -4.91363209948251 163.1 57.3158135835573 390 0
1996 12 2.07223771473757 -5.75546000054706 125 167.307691213783 390 0
1997 1 -4.19866605493841 -15.6074771175924 143.5 103.142979737625 390 0
1997 2 -1.16411099787416 -14.2605302357428 209.8 60.7787673702114 390 0
1997 3 0.983212904523992 -10.7486682955484 301.6 84.2525722881258 390 0
1997 4 8.60206174759189 -2.71267612576651 391.2 75.8086698982709 390 0
1997 5 14.6021636474178 2.95068168063751 461.6 104.195701764314 390 0
1997 6 23.6489525654443 9.20780007569086 512.7 84.0870486937051 390 0
1997 7 25.8844167277565 12.4266520283299 503.7 91.1453949916139 390 0
1997 8 23.9089615984903 11.4056383357893 439.3 115.194249329585 390 0
1997 9 18.8110814347732 7.63655927255212 346.6 81.5121296216937 390 0
1997 10 12.0968321779257 0.847549894968823 255.1 35.878690125219 390 0
1997 11 4.15302341542822 -4.61594386936202 163.1 110.140975101937 390 0
1997 12 -0.917345446329358 -11.4207691436262 125 69.5211399040988 390 0
1998 1 -2.9631166391669 -12.5342027111301 143.5 141.842079597016 390 0
1998 2 1.30975533421146 -10.222858463137 209.8 95.5845482103143 390 0
1998 3 4.23069382272088 -6.95713580986224 301.6 108.942236554855 390 0
1998 4 11.6573832549854 -0.603365564506527 391.2 86.4314088175527 390 0
1998 5 20.8492869913881 7.1184581424806 461.6 88.2328145514763 390 0
1998 6 20.7080354718566 10.5309493467099 512.7 189.727240390766 390 0
1998 7 25.6362716252992 12.9766214916592 503.7 90.5145700954968 390 0
1998 8 25.6693830456305 11.7950576016093 439.3 57.195772709564 390 0
1998 9 20.0266361944726 8.2133877517892 346.6 65.5370193399918 390 0
1998 10 12.3172487991377 2.57464724548791 255.1 132.808602912533 390 0
1998 11 4.9897170100646 -2.47185755973474 163.1 70.9363063092002 390 0
1998 12 2.45651175776227 -8.14624684429853 125 46.8424102896559 390 0
1999 1 -3.21899911145324 -16.4675067181786 143.5 149.03173964432 390 0
1999 2 0.407839403637402 -12.2291844282396 209.8 62.544908860785 390 0
1999 3 4.23002443915736 -5.49813558606628 301.6 156.303997291469 390 0
1999 4 10.7622248930504 -0.849274434438873 391.2 20.5592276454403 390 0
1999 5 20.4385230897323 5.9818935857364 461.6 72.6021173505872 390 0
1999 6 25.6634165699511 11.6573794458881 512.7 87.2908622084613 390 0
1999 7 26.4709444058327 13.9422918654929 503.7 71.7277631113798 390 0
1999 8 24.623520761542 11.7011429946084 439.3 75.7395371342359 390 0
1999 9 23.096095662128 10.7823898959172 346.6 229.241366181855 390 0
1999 10 12.0098917108341 -0.124310353382546 255.1 110.372020878743 390 0
1999 11 8.25602736213324 -1.58794481296964 163.1 92.1974950705515 390 0
1999 12 0.819176415844467 -7.85888292046084 125 77.9912668512674 390 0
2000 1 -4.25152937124723 -15.5472125199486 143.5 95.0941352270577 390 0
2000 2 -1.18745743036287 -14.7146101962581 209.8 81.6257830120063 390 0
2000 3 6.13211790702445 -5.91319852928359 301.6 102.105963907248 390 0
2000 4 9.31971830907247 -0.958867411893823 391.2 150.591347072306 390 0
2000 5 16.1392312035061 3.95071850475633 461.6 111.972894014887 390 0
2000 6 22.1434529013196 9.15157509210143 512.7 59.6603746114503 390 0
2000 7 23.44828967594 11.5474428061102 503.7 95.5331707286319 390 0
2000 8 23.5203179331443 11.7003434970002 439.3 62.1581853274186 390 0
2000 9 19.4052471042991 6.80313841171085 346.6 56.8670278358895 390 0
2000 10 13.4806904326311 1.24393234239499 255.1 85.8888936050805 390 0
2000 11 5.7751866189531 -1.49658704483913 163.1 77.2626377112253 390 0
2000 12 -2.73342527374566 -12.8277820799639 125 113.844327426472 390 0
2001 1 -3.51100435869724 -16.858602680017 143.5 32.9756734463544 390 0
2001 2 -2.3057367099894 -15.9975042251534 209.8 72.7675859140819 390 0
2001 3 1.58339750465559 -10.1413947956566 301.6 97.1375892009416 390 0
2001 4 9.63977038457676 -2.57343539841865 391.2 23.8033442147463 390 0
2001 5 20.527815961088 5.0753775867919 461.6 47.2020784347168 390 0
2001 6 23.748148020094 11.5281781524156 512.7 90.3418286087607 390 0
2001 7 24.5787711810423 12.1530473380054 503.7 86.6301766596722 390 0
2001 8 27.1784197890097 12.8584497377677 439.3 36.0810090947014 390 0
2001 9 21.5488944080585 7.90499675069353 346.6 99.5322934979634 390 0
2001 10 15.2917552600947 1.72642468825125 255.1 44.245224915381 390 0
2001 11 7.60316247794315 -1.3720891371439 163.1 54.3416688923504 390 0
2001 12 2.70879454871126 -6.45686630238906 125 57.7995453952441 390 0
2002 1 -1.31562305373636 -11.0594631949625 143.5 68.0676213971936 390 0
2002 2 -0.62339164751689 -12.9879183448578 209.8 88.4643190595509 390 0
2002 3 2.68137773905294 -8.05360356779584 301.6 93.8447428748137 390 0
2002 4 9.67461042095687 -0.437836936980049 391.2 118.951444939549 390 0
2002 5 16.2500432190399 3.41611362247992 461.6 80.7678695438468 390 0
2002 6 21.2337287273834 8.97022033070511 512.7 98.5999259691411 390 0
2002 7 25.1958525475545 12.6692669515184 503.7 92.9574740001411 390 0
2002 8 26.9632536839487 12.7723715202821 439.3 25.8710571456087 390 0
2002 9 22.2647133349098 8.82584341524994 346.6 111.932560807937 390 0
2002 10 11.260671607483 0.104471027140884 255.1 78.9636982302872 390 0
2002 11 3.74902335566185 -4.71778865017627 163.1 111.543555902714 390 0
2002 12 -0.846487835060754 -10.9177394680688 125 87.558780008694 390 0
2003 1 -6.98306889522682 -18.2106158142535 143.5 38.4559943089167 390 0
2003 2 -4.80511203196317 -16.9578005566135 209.8 65.9595542785284 390 0
2003 3 2.18193176229004 -10.9820523358344 301.6 95.1561180844525 390 0
2003 4 8.37925012149996 -3.86373710348536 391.2 47.6292822605408 390 0
2003 5 16.2264345348025 4.31767566259682 461.6 84.740169634692 390 0
2003 6 23.1166992864237 10.0244321108153 512.7 79.9039713367321 390 0
2003 7 25.2848309079683 13.458195873521 503.7 82.140231688359 390 0
2003 8 24.9223035839451 13.8936307051612 439.3 85.734706709993 390 0
2003 9 21.538555575327 8.53365121260759 346.6 121.385180257353 390 0
2003 10 12.7371664087056 1.87451776786702 255.1 221.295102508055 390 0
2003 11 7.00071528083937 -2.70778525365138 163.1 117.738505360857 390 0
2003 12 0.419866950032545 -9.91240115235221 125 173.097884454158 390 0
2004 1 -8.99074426276733 -18.9345891338556 143.5 22.1813056695853 390 0
2004 2 -1.48269477285818 -14.288829598836 209.8 38.790636858279 390 0
2004 3 3.81396701482632 -7.17194126227136 301.6 39.0082521242693 390 0
2004 4 10.204442581463 -1.47998241191216 391.2 95.1139481201357 390 0
2004 5 18.0831702951531 5.03782146505243 461.6 91.0964505514241 390 0
2004 6 21.0828112466169 8.14143328112709 512.7 57.6843786629356 390 0
2004 7 23.8331667368344 12.9939555745548 503.7 113.63024255174 390 0
2004 8 24.5929840112526 12.7775352225261 439.3 155.64640322239 390 0
2004 9 20.6311040567152 7.20409524898671 346.6 69.0980663931195 390 0
2004 10 13.9096932295258 1.80388452792683 255.1 59.8343949408342 390 0
2004 11 5.88319198286084 -3.75036103338156 163.1 113.522920956843 390 0
2004 12 -1.65468972438667 -11.8819850441142 125 111.588287802522 390 0
2005 1 -5.14630383228882 -17.2080374748505 143.5 62.6441874079024 390 0
2005 2 -0.41690337863733 -13.4787220177931 209.8 69.4685465375658 390 0
2005 3 2.46276603248142 -9.65418630908685 301.6 111.018569364633 390 0
2005 4 11.5488411482385 -0.614252610556425 391.2 195.259811685951 390 0
2005 5 13.821869564055 3.97608942263777 461.6 161.813416561116 390 0
2005 6 24.2998022221903 11.4715354216689 512.7 87.7836406978171 390 0
2005 7 25.9786514496963 13.166207169784 503.7 102.010712705872 390 0
2005 8 25.4774979943407 12.6387235046662 439.3 104.14915081359 390 0
2005 9 21.6255536092714 9.27892663654398 346.6 117.400692458598 390 0
2005 10 13.0524149364696 4.25883643292215 255.1 300.971536670495 390 0
2005 11 6.93880487743931 -2.7711258493029 163.1 167.901353493562 390 0
2005 12 -0.836720895392439 -9.91525092708136 125 145.22356111329 390 0
2006 1 -0.0189141131410447 -10.0244318917156 143.5 113.315427505782 390 0
2006 2 -1.70896626319046 -11.7897416984221 209.8 64.9945404436435 390 0
2006 3 3.80039812942293 -6.82014382581342 301.6 29.965135186332 390 0
2006 4 12.4448375140005 -0.259248235632263 391.2 60.7142685655276 390 0
2006 5 18.1784534782391 6.30015651557381 461.6 159.125450193953 390 0
2006 6 22.841128519826 12.8074316180747 512.7 183.484192491428 390 0
2006 7 26.8925945584187 14.9121734941603 503.7 139.322544086757 390 0
2006 8 23.230509128358 10.8041468762819 439.3 101.559789816405 390 0
2006 9 20.2191919536017 7.61232320727507 346.6 75.0053765921053 390 0
2006 10 12.9228285569207 2.18433833420398 255.1 194.414390406276 390 0
2006 11 8.23269505877373 -0.221055083346891 163.1 139.080108750327 390 0
2006 12 2.44065889554009 -6.38332235296669 125 77.7840338814204 390 0
2007 1 -2.47506632657024 -13.3929522779472 143.5 72.0050109798535 390 0
2007 2 -4.98143110368566 -17.9557763218394 209.8 51.5522746934931 390 0
2007 3 2.88072870095125 -9.33139438984296 301.6 104.937950811598 390 0
2007 4 8.46695412399423 -2.17307996368241 391.2 173.582535563568 390 0
2007 5 17.9673860510796 4.24474296398847 461.6 84.7142296067893 390 0
2007 6 23.1189029955301 10.272964653168 512.7 65.922967840169 390 0
2007 7 24.6384519051279 12.4965835576779 503.7 78.9776329891602 390 0
2007 8 25.0457769827558 11.2533949784415 439.3 102.082880761061 390 0
2007 9 21.3164810255154 7.82359531511694 346.6 51.642848919546 390 0
2007 10 15.8609879401733 4.30936618022007 255.1 119.46816389627 390 0
2007 11 4.81870250300416 -4.41370006928817 163.1 190.421503904036 390 0
2007 12 -2.7396934874658 -12.7285727423601 125 115.359165610275 390 0
2008 1 -1.772544644925 -13.226677313728 143.5 77.6601620088397 390 0
2008 2 -1.60745327463643 -13.5755779751598 209.8 143.541001705439 390 0
2008 3 1.29785240264306 -10.8287475797925 301.6 115.611413112627 390 0
2008 4 12.155021587767 -1.18623464923967 391.2 109.433678461489 390 0
2008 5 17.4236019777513 3.78572527069567 461.6 36.0843930488303 390 0
2008 6 21.7868244257903 11.3745757950839 512.7 156.652754722506 390 0
2008 7 26.2610392867892 14.5130769342951 503.7 121.809172987787 390 0
2008 8 22.9988012559206 12.2320949984511 439.3 126.571052894487 390 0
2008 9 19.9618136316095 7.78220312422504 346.6 149.879118794591 390 0
2008 10 12.7835634861339 1.42437200965208 255.1 112.792103457564 390 0
2008 11 6.12003015554837 -2.62223887708595 163.1 154.229523060862 390 0
2008 12 -0.396516818842921 -11.9102000066425 125 144.103184837399 390 0
2009 1 -6.74189011449385 -19.9924380624065 143.5 66.901257794601 390 0
2009 2 -1.22060560838993 -13.609678991089 209.8 68.4000979840528 390 0
2009 3 3.37630381730808 -9.78163433046859 301.6 64.4375005623936 390 0
2009 4 12.0120933809654 -0.316943181012159 391.2 101.246962161321 390 0
2009 5 17.6643317213744 4.72130344099308 461.6 101.372453618612 390 0
2009 6 20.3676361829107 10.1314121693709 512.7 179.040174548451 390 0
2009 7 22.4122311261438 12.8218032870329 503.7 160.416059370526 390 0
2009 8 25.6114043988862 13.4336532743957 439.3 107.412915199853 390 0
2009 9 20.1604290825801 6.12709777595255 346.6 40.359141078287 390 0
2009 10 9.99988833353182 0.905480091262101 255.1 149.459804557751 390 0
2009 11 9.12502462180172 -1.1240412084101 163.1 127.53898715365 390 0
2009 12 -0.938262955481025 -9.39950109997916 125 115.747947020263 390 0
2010 1 -1.76809349300664 -10.8658666185021 143.5 90.129066319099 390 0
2010 2 -0.382332402351987 -7.96588748021188 209.8 70.5451464357271 390 0
2010 3 7.24524645012793 -3.80529455520819 301.6 134.16362666858 390 0
2010 4 13.6394449521683 1.43288085171633 391.2 74.5269985088201 390 0
2010 5 20.1458137766478 6.06760681827063 461.6 51.1857896220638 390 0
2010 6 22.1049297525952 10.6624500056683 512.7 146.249304064862 390 0
2010 7 26.9334392782453 15.4272707042925 503.7 58.2356900383392 390 0
2010 8 25.6227652392862 12.2313246258571 439.3 60.6093836520664 390 0
2010 9 20.6843988313283 9.95511325007642 346.6 129.135909279329 390 0
2010 10 13.0602027157536 2.74721153066782 255.1 152.280298379527 390 0
2010 11 6.1823623077552 -2.81365573120511 163.1 140.663791008934 390 0
2010 12 -0.276447980580516 -8.58733408285993 125 183.671159462794 390 0
2011 1 -3.41361250148707 -13.9962847578191 143.5 54.0260843177841 390 0
2011 2 -2.58073014191355 -15.4718458779878 209.8 71.8510718742499 390 0
2011 3 3.14000313949161 -8.3648812985777 301.6 128.038481801659 390 0
2011 4 9.84382516926513 -1.25000187225142 391.2 132.99669296683 390 0
2011 5 16.6343196037325 6.65232893897231 461.6 136.255110753382 390 0
2011 6 22.0850939884259 10.2935315600188 512.7 93.8066589063093 390 0
2011 7 26.7861998416878 13.7006639566667 503.7 77.9232161491831 390 0
2011 8 24.5310665745888 13.1786347001315 439.3 204.247983593598 390 0
2011 9 21.4080214213548 9.66913778063147 346.6 94.3811661815756 390 0
2011 10 13.876380218328 4.40006310885291 255.1 127.792706396054 390 0
2011 11 9.46503157827674 -1.9259023617579 163.1 68.9640275210493 390 0
2011 12 2.13826180024179 -8.41927179618569 125 94.1494907069877 390 0
2012 1 -2.02067782196243 -12.7254348333082 143.5 81.5677628630423 390 0
2012 2 0.125735335566965 -11.9266898294454 209.8 44.7204200693009 390 0
2012 3 7.56532826582253 -5.01359365927242 301.6 49.4763360862304 390 0
2012 4 12.3919727538119 -0.289600392372574 391.2 109.21037882155 390 0
2012 5 18.0895927820937 6.89024956207185 461.6 124.602905920088 390 0
2012 6 21.5428702049254 10.4019393946677 512.7 190.413368155064 390 0
2012 7 26.8593223553176 13.9119041114266 503.7 40.6241823871562 390 0
2012 8 26.3556813307474 14.2840631590787 439.3 114.002399035552 390 0
2012 9 20.2813763511243 7.6670111128857 346.6 121.174205797052 390 0
2012 10 14.4318360996529 4.03745911671161 255.1 201.242535759571 390 0
2012 11 5.88487500564157 -3.71019407232639 163.1 36.1742212930818 390 0
2012 12 0.477482559857909 -8.61459219085686 125 140.013400323512 390 0
2013 1 -3.22828901625887 -14.7955227776863 143.5 28.3657817646634 390 0
2013 2 -1.08472215450551 -11.6059896771729 209.8 76.6195998197306 390 0
2013 3 3.74728410944664 -5.2177904843956 301.6 69.7968492571253 390 0
2013 4 10.3551452821508 -1.96178517006154 391.2 50.4887819930097 390 0
2013 5 18.295852876287 4.83997275896236 461.6 140.327929711663 390 0
2013 6 22.4822546044508 10.7867941609456 512.7 159.110957826065 390 0
2013 7 26.4141585328502 14.9128032842116 503.7 135.684198731369 390 0
2013 8 24.5047902256936 12.0093997510935 439.3 119.204868407035 390 0
2013 9 19.9265214028093 8.79316280575247 346.6 149.2852682551 390 0
2013 10 15.2194614093125 2.86144806239097 255.1 34.4432256195988 390 0
2013 11 5.66269680580887 -4.36884230278025 163.1 118.944701238558 390 0
2013 12 -3.59513461313485 -12.6617910556927 125 103.082239962327 390 0
2014 1 -3.518527937 -16.9570012 143.5 59.74519153 390 0
2014 2 -0.903241117 -14.87587735 209.8 71.49678813 390 0
2014 3 3.406073331 -9.596981827 301.6 36.23469926 390 0
2014 4 9.833443819 -0.553580026 391.2 83.36493481 390 0
2014 5 18.93960077 5.715068361 461.6 60.03471723 390 0
2014 6 23.29467822 8.689003394 512.7 56.66786655 390 0
2014 7 26.27314255 14.38953617 503.7 116.9485611 390 0
2014 8 25.11782356 13.78103548 439.3 152.3649983 390 0
2014 9 19.1565737 6.417602774 346.6 43.19236577 390 0
2014 10 10.64978491 0.785783831 255.1 103.3018284 390 0
2014 11 6.817866377 -2.039294207 163.1 157.8435339 390 0
2014 12 -2.273524561 -13.73995884 125 34.5184641 390 0
2015 1 -1.315623054 -11.05946319 143.5 68.0676214 390 0
2015 2 -0.623391648 -12.98791834 209.8 88.46431906 390 0
2015 3 2.681377739 -8.053603568 301.6 93.84474287 390 0
2015 4 9.674610421 -0.437836937 391.2 118.9514449 390 0
2015 5 16.25004322 3.416113622 461.6 80.76786954 390 0
2015 6 21.23372873 8.970220331 512.7 98.59992597 390 0
2015 7 25.19585255 12.66926695 503.7 92.957474 390 0
2015 8 26.96325368 12.77237152 439.3 25.87105715 390 0
2015 9 22.26471333 8.825843415 346.6 111.9325608 390 0
2015 10 11.26067161 0.104471027 255.1 78.96369823 390 0
2015 11 3.749023356 -4.71778865 163.1 111.5435559 390 0
2015 12 -0.846487835 -10.91773947 125 87.55878001 390 0
2016 1 -6.983068895 -18.21061581 143.5 38.45599431 390 0
2016 2 -4.805112032 -16.95780056 209.8 65.95955428 390 0
2016 3 2.181931762 -10.98205234 301.6 95.15611808 390 0
2016 4 8.379250121 -3.863737103 391.2 47.62928226 390 0
2016 5 16.22643453 4.317675663 461.6 84.74016963 390 0
2016 6 23.11669929 10.02443211 512.7 79.90397134 390 0
2016 7 25.28483091 13.45819587 503.7 82.14023169 390 0
2016 8 24.92230358 13.89363071 439.3 85.73470671 390 0
2016 9 21.53855558 8.533651213 346.6 121.3851803 390 0
2016 10 12.73716641 1.874517768 255.1 221.2951025 390 0
2016 11 7.000715281 -2.707785254 163.1 117.7385054 390 0
2016 12 0.41986695 -9.912401152 125 173.0978845 390 0
2017 1 -1.997411164 -15.03760726 143.5 46.08775711 390 0
2017 2 -2.628523728 -15.75218686 209.8 57.42993328 390 0
2017 3 2.103103405 -12.04848314 301.6 65.01827139 390 0
2017 4 8.172667195 -2.508411381 391.2 84.89259916 390 0
2017 5 19.50839112 6.631666084 461.6 199.6496002 390 0
2017 6 22.26660893 10.48823476 512.7 105.1314715 390 0
2017 7 25.98011833 11.53324744 503.7 58.54312135 390 0
2017 8 23.81202176 11.50683353 439.3 136.1945384 390 0
2017 9 20.05774875 6.937428882 346.6 103.1559117 390 0
2017 10 13.88259425 1.069900473 255.1 73.69563363 390 0
2017 11 4.507837675 -5.173006794 163.1 137.7371411 390 0
2017 12 -8.705625621 -20.91308879 125 48.1214186 390 0
2018 1 -1.315623054 -11.05946319 143.5 68.0676214 390 0
2018 2 -0.623391648 -12.98791834 209.8 88.46431906 390 0
2018 3 2.681377739 -8.053603568 301.6 93.84474287 390 0
2018 4 9.674610421 -0.437836937 391.2 118.9514449 390 0
2018 5 16.25004322 3.416113622 461.6 80.76786954 390 0
2018 6 21.23372873 8.970220331 512.7 98.59992597 390 0
2018 7 25.19585255 12.66926695 503.7 92.957474 390 0
2018 8 26.96325368 12.77237152 439.3 25.87105715 390 0
2018 9 22.26471333 8.825843415 346.6 111.9325608 390 0
2018 10 11.26067161 0.104471027 255.1 78.96369823 390 0
2018 11 3.749023356 -4.71778865 163.1 111.5435559 390 0
2018 12 -0.846487835 -10.91773947 125 87.55878001 390 0
2019 1 -1.824566231 -13.14615032 143.5 91.26913677 390 0
2019 2 -0.303739834 -12.48803308 209.8 69.64988421 390 0
2019 3 4.314530875 -4.935621967 301.6 141.0488621 390 0
2019 4 10.41724498 0.265845071 391.2 197.1420374 390 0
2019 5 15.43558906 4.895235385 461.6 148.8044295 390 0
2019 6 24.44123096 9.709738015 512.7 44.60748975 390 0
2019 7 26.39738452 12.89853941 503.7 122.52699 390 0
2019 8 25.57003648 12.33675251 439.3 95.84192286 390 0
2019 9 22.38773281 7.959786612 346.6 66.3018823 390 0
2019 10 13.57367641 1.290643308 255.1 70.51665297 390 0
2019 11 6.071841963 -2.223658821 163.1 237.2198234 390 0
2019 12 -1.675984959 -12.18038507 125 167.5388 390 0
2020 1 -0.018914113 -10.02443189 143.5 113.3154275 390 0
2020 2 -1.708966263 -11.7897417 209.8 64.99454044 390 0
2020 3 3.800398129 -6.820143826 301.6 29.96513519 390 0
2020 4 12.44483751 -0.259248236 391.2 60.71426857 390 0
2020 5 18.17845348 6.300156516 461.6 159.1254502 390 0
2020 6 22.84112852 12.80743162 512.7 183.4841925 390 0
2020 7 26.89259456 14.91217349 503.7 139.3225441 390 0
2020 8 23.23050913 10.80414688 439.3 101.5597898 390 0
2020 9 20.21919195 7.612323207 346.6 75.00537659 390 0
2020 10 12.92282856 2.184338334 255.1 194.4143904 390 0
2020 11 8.232695059 -0.221055083 163.1 139.0801088 390 0
2020 12 2.440658896 -6.383322353 125 77.78403388 390 0
2021 1 -1.979313209 -14.76581303 143.5 146.8821475 390 0
2021 2 -2.275674418 -15.36777365 209.8 37.1688106 390 0
2021 3 4.016693171 -9.12099291 301.6 91.79115816 390 0
2021 4 13.00989093 0.330744541 391.2 70.53844455 390 0
2021 5 18.21018315 4.959854959 461.6 102.1663376 390 0
2021 6 21.55458638 7.882840495 512.7 75.67572335 390 0
2021 7 23.43499827 12.09370887 503.7 115.8872583 390 0
2021 8 22.69408021 11.46676886 439.3 130.0937086 390 0
2021 9 18.023068 5.330190768 346.6 87.42097474 390 0
2021 10 12.64037462 0.903090983 255.1 36.79814838 390 0
2021 11 3.844629553 -5.896888023 163.1 94.69880993 390 0
2021 12 -0.703693298 -11.69820271 125 82.34855942 390 0
2022 1 -3.511004359 -16.85860268 143.5 32.97567345 390 0
2022 2 -2.30573671 -15.99750423 209.8 72.76758591 390 0
2022 3 1.583397505 -10.1413948 301.6 97.1375892 390 0
2022 4 9.639770385 -2.573435398 391.2 23.80334421 390 0
2022 5 20.52781596 5.075377587 461.6 47.20207843 390 0
2022 6 23.74814802 11.52817815 512.7 90.34182861 390 0
2022 7 24.57877118 12.15304734 503.7 86.63017666 390 0
2022 8 27.17841979 12.85844974 439.3 36.08100909 390 0
2022 9 21.54889441 7.904996751 346.6 99.5322935 390 0
2022 10 15.29175526 1.726424688 255.1 44.24522492 390 0
2022 11 7.603162478 -1.372089137 163.1 54.34166889 390 0
2022 12 2.708794549 -6.456866302 125 57.7995454 390 0
2023 1 -3.228289016 -14.79552278 143.5 28.36578176 390 0
2023 2 -1.084722155 -11.60598968 209.8 76.61959982 390 0
2023 3 3.747284109 -5.217790484 301.6 69.79684926 390 0
2023 4 10.35514528 -1.96178517 391.2 50.48878199 390 0
2023 5 18.29585288 4.839972759 461.6 140.3279297 390 0
2023 6 22.4822546 10.78679416 512.7 159.1109578 390 0
2023 7 26.41415853 14.91280328 503.7 135.6841987 390 0
2023 8 24.50479023 12.00939975 439.3 119.2048684 390 0
2023 9 19.9265214 8.793162806 346.6 149.2852683 390 0
2023 10 15.21946141 2.861448062 255.1 34.44322562 390 0
2023 11 5.662696806 -4.368842303 163.1 118.9447012 390 0
2023 12 -3.595134613 -12.66179106 125 103.08224 390 0
2024 1 -3.972456502 -15.74801339 143.5 105.189178 390 0
2024 2 -2.466107918 -15.09183546 209.8 78.48788699 390 0
2024 3 1.060886027 -10.95640542 301.6 102.0648917 390 0
2024 4 8.622712913 -2.678319481 391.2 49.16870852 390 0
2024 5 19.2428024 2.941335847 461.6 23.09573051 390 0
2024 6 22.72207763 9.494752855 512.7 111.8826479 390 0
2024 7 22.92663867 10.38455145 503.7 94.05023334 390 0
2024 8 23.49045655 12.12755233 439.3 97.28999456 390 0
2024 9 20.28879049 7.182477475 346.6 65.94332064 390 0
2024 10 11.01288568 0.214172016 255.1 87.0075821 390 0
2024 11 4.397157633 -5.056528057 163.1 84.5495377 390 0
2024 12 -0.72308742 -9.866405627 125 43.78680715 390 0
2025 1 -6.76977358 -20.25409521 143.5 40.33249351 390 0
2025 2 3.168192926 -8.55213045 209.8 107.7477855 390 0
2025 3 4.468467752 -5.958999751 301.6 37.90032373 390 0
2025 4 11.29668371 -0.461379532 391.2 85.61418437 390 0
2025 5 19.36682428 5.610493058 461.6 91.05131944 390 0
2025 6 23.05847501 10.06767358 512.7 113.7177019 390 0
2025 7 25.66984326 13.003782 503.7 117.0500093 390 0
2025 8 24.88173076 11.1524409 439.3 121.8836186 390 0
2025 9 18.71270363 7.231884245 346.6 176.9013403 390 0
2025 10 11.61510894 0.51849843 255.1 167.3165421 390 0
2025 11 5.712957229 -3.067720714 163.1 80.66684237 390 0
2025 12 -0.152463532 -8.157572269 125 124.376369 390 0
2026 1 -3.518527937 -16.9570012 143.5 59.74519153 390 0
2026 2 -0.903241117 -14.87587735 209.8 71.49678813 390 0
2026 3 3.406073331 -9.596981827 301.6 36.23469926 390 0
2026 4 9.833443819 -0.553580026 391.2 83.36493481 390 0
2026 5 18.93960077 5.715068361 461.6 60.03471723 390 0
2026 6 23.29467822 8.689003394 512.7 56.66786655 390 0
2026 7 26.27314255 14.38953617 503.7 116.9485611 390 0
2026 8 25.11782356 13.78103548 439.3 152.3649983 390 0
2026 9 19.1565737 6.417602774 346.6 43.19236577 390 0
2026 10 10.64978491 0.785783831 255.1 103.3018284 390 0
2026 11 6.817866377 -2.039294207 163.1 157.8435339 390 0
2026 12 -2.273524561 -13.73995884 125 34.5184641 390 0
2027 1 -8.990744263 -18.93458913 143.5 22.18130567 390 0
2027 2 -1.482694773 -14.2888296 209.8 38.79063686 390 0
2027 3 3.813967015 -7.171941262 301.6 39.00825212 390 0
2027 4 10.20444258 -1.479982412 391.2 95.11394812 390 0
2027 5 18.0831703 5.037821465 461.6 91.09645055 390 0
2027 6 21.08281125 8.141433281 512.7 57.68437866 390 0
2027 7 23.83316674 12.99395557 503.7 113.6302426 390 0
2027 8 24.59298401 12.77753522 439.3 155.6464032 390 0
2027 9 20.63110406 7.204095249 346.6 69.09806639 390 0
2027 10 13.90969323 1.803884528 255.1 59.83439494 390 0
2027 11 5.883191983 -3.750361033 163.1 113.522921 390 0
2027 12 -1.654689724 -11.88198504 125 111.5882878 390 0
2028 1 -4.555946466 -17.29167315 143.5 71.08580987 390 0
2028 2 -0.014184976 -13.22520025 209.8 29.59951342 390 0
2028 3 3.936258429 -6.562354445 301.6 129.7774506 390 0
2028 4 11.62246329 -1.230345433 391.2 87.61457371 390 0
2028 5 20.42592919 4.899261913 461.6 93.71303558 390 0
2028 6 23.94428405 9.990635132 512.7 63.926568 390 0
2028 7 25.94718019 12.08798108 503.7 53.24596474 390 0
2028 8 25.22528803 13.02094234 439.3 212.1770301 390 0
2028 9 19.00853054 5.700710974 346.6 120.6326794 390 0
2028 10 13.74007545 2.495238926 255.1 107.2971557 390 0
2028 11 5.749179659 -2.217566768 163.1 91.80398172 390 0
2028 12 -2.298243526 -13.39580861 125 65.99964899 390 0
2029 1 -6.983068895 -18.21061581 143.5 38.45599431 390 0
2029 2 -4.805112032 -16.95780056 209.8 65.95955428 390 0
2029 3 2.181931762 -10.98205234 301.6 95.15611808 390 0
2029 4 8.379250121 -3.863737103 391.2 47.62928226 390 0
2029 5 16.22643453 4.317675663 461.6 84.74016963 390 0
2029 6 23.11669929 10.02443211 512.7 79.90397134 390 0
2029 7 25.28483091 13.45819587 503.7 82.14023169 390 0
2029 8 24.92230358 13.89363071 439.3 85.73470671 390 0
2029 9 21.53855558 8.533651213 346.6 121.3851803 390 0
2029 10 12.73716641 1.874517768 255.1 221.2951025 390 0
2029 11 7.000715281 -2.707785254 163.1 117.7385054 390 0
2029 12 0.41986695 -9.912401152 125 173.0978845 390 0
2030 1 -2.020677822 -12.72543483 143.5 81.56776286 390 0
2030 2 0.125735336 -11.92668983 209.8 44.72042007 390 0
2030 3 7.565328266 -5.013593659 301.6 49.47633609 390 0
2030 4 12.39197275 -0.289600392 391.2 109.2103788 390 0
2030 5 18.08959278 6.890249562 461.6 124.6029059 390 0
2030 6 21.5428702 10.40193939 512.7 190.4133682 390 0
2030 7 26.85932236 13.91190411 503.7 40.62418239 390 0
2030 8 26.35568133 14.28406316 439.3 114.002399 390 0
2030 9 20.28137635 7.667011113 346.6 121.1742058 390 0
2030 10 14.4318361 4.037459117 255.1 201.2425358 390 0
2030 11 5.884875006 -3.710194072 163.1 36.17422129 390 0
2030 12 0.47748256 -8.614592191 125 140.0134003 390 0
2031 1 -3.996508024 -16.34284759 143.5 86.41195295 390 0
2031 2 -2.933750968 -14.95226972 209.8 17.28139049 390 0
2031 3 4.571540991 -7.701006164 301.6 72.89037103 390 0
2031 4 13.10190775 0.530104374 391.2 131.4662399 390 0
2031 5 18.37447436 3.947428864 461.6 73.29733704 390 0
2031 6 22.65203773 10.39050901 512.7 110.9892386 390 0
2031 7 25.04217397 12.91741657 503.7 57.13560322 390 0
2031 8 24.33775566 10.08506074 439.3 46.68767841 390 0
2031 9 19.15637635 7.435997442 346.6 143.2802039 390 0
2031 10 13.38139088 1.112375055 255.1 99.05741871 390 0
2031 11 4.922688497 -4.813435853 163.1 56.03773338 390 0
2031 12 -0.791597959 -8.966437008 125 98.03707838 390 0
2032 1 -1.772544645 -13.22667731 143.5 77.66016201 390 0
2032 2 -1.607453275 -13.57557798 209.8 143.5410017 390 0
2032 3 1.297852403 -10.82874758 301.6 115.6114131 390 0
2032 4 12.15502159 -1.186234649 391.2 109.4336785 390 0
2032 5 17.42360198 3.785725271 461.6 36.08439305 390 0
2032 6 21.78682443 11.3745758 512.7 156.6527547 390 0
2032 7 26.26103929 14.51307693 503.7 121.809173 390 0
2032 8 22.99880126 12.232095 439.3 126.5710529 390 0
2032 9 19.96181363 7.782203124 346.6 149.8791188 390 0
2032 10 12.78356349 1.42437201 255.1 112.7921035 390 0
2032 11 6.120030156 -2.622238877 163.1 154.2295231 390 0
2032 12 -0.396516819 -11.91020001 125 144.1031848 390 0
2033 1 -3.518527937 -16.9570012 143.5 59.74519153 390 0
2033 2 -0.903241117 -14.87587735 209.8 71.49678813 390 0
2033 3 3.406073331 -9.596981827 301.6 36.23469926 390 0
2033 4 9.833443819 -0.553580026 391.2 83.36493481 390 0
2033 5 18.93960077 5.715068361 461.6 60.03471723 390 0
2033 6 23.29467822 8.689003394 512.7 56.66786655 390 0
2033 7 26.27314255 14.38953617 503.7 116.9485611 390 0
2033 8 25.11782356 13.78103548 439.3 152.3649983 390 0
2033 9 19.1565737 6.417602774 346.6 43.19236577 390 0
2033 10 10.64978491 0.785783831 255.1 103.3018284 390 0
2033 11 6.817866377 -2.039294207 163.1 157.8435339 390 0
2033 12 -2.273524561 -13.73995884 125 34.5184641 390 0
2034 1 -0.018914113 -10.02443189 143.5 113.3154275 390 0
2034 2 -1.708966263 -11.7897417 209.8 64.99454044 390 0
2034 3 3.800398129 -6.820143826 301.6 29.96513519 390 0
2034 4 12.44483751 -0.259248236 391.2 60.71426857 390 0
2034 5 18.17845348 6.300156516 461.6 159.1254502 390 0
2034 6 22.84112852 12.80743162 512.7 183.4841925 390 0
2034 7 26.89259456 14.91217349 503.7 139.3225441 390 0
2034 8 23.23050913 10.80414688 439.3 101.5597898 390 0
2034 9 20.21919195 7.612323207 346.6 75.00537659 390 0
2034 10 12.92282856 2.184338334 255.1 194.4143904 390 0
2034 11 8.232695059 -0.221055083 163.1 139.0801088 390 0
2034 12 2.440658896 -6.383322353 125 77.78403388 390 0
2035 1 -2.020677822 -12.72543483 143.5 81.56776286 390 0
2035 2 0.125735336 -11.92668983 209.8 44.72042007 390 0
2035 3 7.565328266 -5.013593659 301.6 49.47633609 390 0
2035 4 12.39197275 -0.289600392 391.2 109.2103788 390 0
2035 5 18.08959278 6.890249562 461.6 124.6029059 390 0
2035 6 21.5428702 10.40193939 512.7 190.4133682 390 0
2035 7 26.85932236 13.91190411 503.7 40.62418239 390 0
2035 8 26.35568133 14.28406316 439.3 114.002399 390 0
2035 9 20.28137635 7.667011113 346.6 121.1742058 390 0
2035 10 14.4318361 4.037459117 255.1 201.2425358 390 0
2035 11 5.884875006 -3.710194072 163.1 36.17422129 390 0
2035 12 0.47748256 -8.614592191 125 140.0134003 390 0
2036 1 -4.555946466 -17.29167315 143.5 71.08580987 390 0
2036 2 -0.014184976 -13.22520025 209.8 29.59951342 390 0
2036 3 3.936258429 -6.562354445 301.6 129.7774506 390 0
2036 4 11.62246329 -1.230345433 391.2 87.61457371 390 0
2036 5 20.42592919 4.899261913 461.6 93.71303558 390 0
2036 6 23.94428405 9.990635132 512.7 63.926568 390 0
2036 7 25.94718019 12.08798108 503.7 53.24596474 390 0
2036 8 25.22528803 13.02094234 439.3 212.1770301 390 0
2036 9 19.00853054 5.700710974 346.6 120.6326794 390 0
2036 10 13.74007545 2.495238926 255.1 107.2971557 390 0
2036 11 5.749179659 -2.217566768 163.1 91.80398172 390 0
2036 12 -2.298243526 -13.39580861 125 65.99964899 390 0
2037 1 -4.198666055 -15.60747712 143.5 103.1429797 390 0
2037 2 -1.164110998 -14.26053024 209.8 60.77876737 390 0
2037 3 0.983212905 -10.7486683 301.6 84.25257229 390 0
2037 4 8.602061748 -2.712676126 391.2 75.8086699 390 0
2037 5 14.60216365 2.950681681 461.6 104.1957018 390 0
2037 6 23.64895257 9.207800076 512.7 84.08704869 390 0
2037 7 25.88441673 12.42665203 503.7 91.14539499 390 0
2037 8 23.9089616 11.40563834 439.3 115.1942493 390 0
2037 9 18.81108143 7.636559273 346.6 81.51212962 390 0
2037 10 12.09683218 0.847549895 255.1 35.87869013 390 0
2037 11 4.153023415 -4.615943869 163.1 110.1409751 390 0
2037 12 -0.917345446 -11.42076914 125 69.5211399 390 0
2038 1 -1.997411164 -15.03760726 143.5 46.08775711 390 0
2038 2 -2.628523728 -15.75218686 209.8 57.42993328 390 0
2038 3 2.103103405 -12.04848314 301.6 65.01827139 390 0
2038 4 8.172667195 -2.508411381 391.2 84.89259916 390 0
2038 5 19.50839112 6.631666084 461.6 199.6496002 390 0
2038 6 22.26660893 10.48823476 512.7 105.1314715 390 0
2038 7 25.98011833 11.53324744 503.7 58.54312135 390 0
2038 8 23.81202176 11.50683353 439.3 136.1945384 390 0
2038 9 20.05774875 6.937428882 346.6 103.1559117 390 0
2038 10 13.88259425 1.069900473 255.1 73.69563363 390 0
2038 11 4.507837675 -5.173006794 163.1 137.7371411 390 0
2038 12 -8.705625621 -20.91308879 125 48.1214186 390 0
2039 1 -1.824566231 -13.14615032 143.5 91.26913677 390 0
2039 2 -0.303739834 -12.48803308 209.8 69.64988421 390 0
2039 3 4.314530875 -4.935621967 301.6 141.0488621 390 0
2039 4 10.41724498 0.265845071 391.2 197.1420374 390 0
2039 5 15.43558906 4.895235385 461.6 148.8044295 390 0
2039 6 24.44123096 9.709738015 512.7 44.60748975 390 0
2039 7 26.39738452 12.89853941 503.7 122.52699 390 0
2039 8 25.57003648 12.33675251 439.3 95.84192286 390 0
2039 9 22.38773281 7.959786612 346.6 66.3018823 390 0
2039 10 13.57367641 1.290643308 255.1 70.51665297 390 0
2039 11 6.071841963 -2.223658821 163.1 237.2198234 390 0
2039 12 -1.675984959 -12.18038507 125 167.5388 390 0
2040 1 -1.315623054 -11.05946319 143.5 68.0676214 390 0
2040 2 -0.623391648 -12.98791834 209.8 88.46431906 390 0
2040 3 2.681377739 -8.053603568 301.6 93.84474287 390 0
2040 4 9.674610421 -0.437836937 391.2 118.9514449 390 0
2040 5 16.25004322 3.416113622 461.6 80.76786954 390 0
2040 6 21.23372873 8.970220331 512.7 98.59992597 390 0
2040 7 25.19585255 12.66926695 503.7 92.957474 390 0
2040 8 26.96325368 12.77237152 439.3 25.87105715 390 0
2040 9 22.26471333 8.825843415 346.6 111.9325608 390 0
2040 10 11.26067161 0.104471027 255.1 78.96369823 390 0
2040 11 3.749023356 -4.71778865 163.1 111.5435559 390 0
2040 12 -0.846487835 -10.91773947 125 87.55878001 390 0
2041 1 -2.963116639 -12.53420271 143.5 141.8420796 390 0
2041 2 1.309755334 -10.22285846 209.8 95.58454821 390 0
2041 3 4.230693823 -6.95713581 301.6 108.9422366 390 0
2041 4 11.65738325 -0.603365565 391.2 86.43140882 390 0
2041 5 20.84928699 7.118458142 461.6 88.23281455 390 0
2041 6 20.70803547 10.53094935 512.7 189.7272404 390 0
2041 7 25.63627163 12.97662149 503.7 90.5145701 390 0
2041 8 25.66938305 11.7950576 439.3 57.19577271 390 0
2041 9 20.02663619 8.213387752 346.6 65.53701934 390 0
2041 10 12.3172488 2.574647245 255.1 132.8086029 390 0
2041 11 4.98971701 -2.47185756 163.1 70.93630631 390 0
2041 12 2.456511758 -8.146246844 125 46.84241029 390 0
2042 1 -4.555946466 -17.29167315 143.5 71.08580987 390 0
2042 2 -0.014184976 -13.22520025 209.8 29.59951342 390 0
2042 3 3.936258429 -6.562354445 301.6 129.7774506 390 0
2042 4 11.62246329 -1.230345433 391.2 87.61457371 390 0
2042 5 20.42592919 4.899261913 461.6 93.71303558 390 0
2042 6 23.94428405 9.990635132 512.7 63.926568 390 0
2042 7 25.94718019 12.08798108 503.7 53.24596474 390 0
2042 8 25.22528803 13.02094234 439.3 212.1770301 390 0
2042 9 19.00853054 5.700710974 346.6 120.6326794 390 0
2042 10 13.74007545 2.495238926 255.1 107.2971557 390 0
2042 11 5.749179659 -2.217566768 163.1 91.80398172 390 0
2042 12 -2.298243526 -13.39580861 125 65.99964899 390 0
2043 1 -3.333577819 -14.92687979 143.5 57.03139195 390 0
2043 2 -6.743974701 -21.22219674 209.8 87.11874308 390 0
2043 3 3.142150336 -11.50863144 301.6 83.18559008 390 0
2043 4 10.63892146 -1.59228543 391.2 149.3600202 390 0
2043 5 18.3712119 4.38421728 461.6 56.84605538 390 0
2043 6 22.80666004 8.898426708 512.7 106.5468466 390 0
2043 7 25.37086684 12.5218834 503.7 60.41853665 390 0
2043 8 26.15019336 12.18335636 439.3 60.14135219 390 0
2043 9 19.73382168 7.079617255 346.6 104.7677555 390 0
2043 10 10.62065879 -0.906791464 255.1 105.7198984 390 0
2043 11 5.997012305 -4.710243584 163.1 114.0944221 390 0
2043 12 -0.500274326 -9.667524711 125 142.2665684 390 0
2044 1 -5.146303832 -17.20803747 143.5 62.64418741 390 0
2044 2 -0.416903379 -13.47872202 209.8 69.46854654 390 0
2044 3 2.462766032 -9.654186309 301.6 111.0185694 390 0
2044 4 11.54884115 -0.614252611 391.2 195.2598117 390 0
2044 5 13.82186956 3.976089423 461.6 161.8134166 390 0
2044 6 24.29980222 11.47153542 512.7 87.7836407 390 0
2044 7 25.97865145 13.16620717 503.7 102.0107127 390 0
2044 8 25.47749799 12.6387235 439.3 104.1491508 390 0
2044 9 21.62555361 9.278926637 346.6 117.4006925 390 0
2044 10 13.05241494 4.258836433 255.1 300.9715367 390 0
2044 11 6.938804877 -2.771125849 163.1 167.9013535 390 0
2044 12 -0.836720895 -9.915250927 125 145.2235611 390 0
2045 1 -3.972456502 -15.74801339 143.5 105.189178 390 0
2045 2 -2.466107918 -15.09183546 209.8 78.48788699 390 0
2045 3 1.060886027 -10.95640542 301.6 102.0648917 390 0
2045 4 8.622712913 -2.678319481 391.2 49.16870852 390 0
2045 5 19.2428024 2.941335847 461.6 23.09573051 390 0
2045 6 22.72207763 9.494752855 512.7 111.8826479 390 0
2045 7 22.92663867 10.38455145 503.7 94.05023334 390 0
2045 8 23.49045655 12.12755233 439.3 97.28999456 390 0
2045 9 20.28879049 7.182477475 346.6 65.94332064 390 0
2045 10 11.01288568 0.214172016 255.1 87.0075821 390 0
2045 11 4.397157633 -5.056528057 163.1 84.5495377 390 0
2045 12 -0.72308742 -9.866405627 125 43.78680715 390 0
2046 1 -5.128514376 -17.38618406 143.5 54.27713517 390 0
2046 2 2.124596105 -8.843538911 209.8 113.206638 390 0
2046 3 0.120965281 -11.04160222 301.6 123.0686523 390 0
2046 4 10.71112975 -1.044652002 391.2 84.98146412 390 0
2046 5 17.01602618 3.85611933 461.6 187.430734 390 0
2046 6 22.37348484 9.652549797 512.7 173.5289944 390 0
2046 7 25.67412667 13.59997452 503.7 96.42898695 390 0
2046 8 26.09033426 13.69051745 439.3 54.64183646 390 0
2046 9 19.56576582 5.289507084 346.6 41.64806947 390 0
2046 10 14.78332396 1.327763121 255.1 60.46654635 390 0
2046 11 6.992224461 -3.603731343 163.1 69.81221805 390 0
2046 12 0.409145113 -9.680988768 125 81.75522864 390 0
2047 1 -6.983068895 -18.21061581 143.5 38.45599431 390 0
2047 2 -4.805112032 -16.95780056 209.8 65.95955428 390 0
2047 3 2.181931762 -10.98205234 301.6 95.15611808 390 0
2047 4 8.379250121 -3.863737103 391.2 47.62928226 390 0
2047 5 16.22643453 4.317675663 461.6 84.74016963 390 0
2047 6 23.11669929 10.02443211 512.7 79.90397134 390 0
2047 7 25.28483091 13.45819587 503.7 82.14023169 390 0
2047 8 24.92230358 13.89363071 439.3 85.73470671 390 0
2047 9 21.53855558 8.533651213 346.6 121.3851803 390 0
2047 10 12.73716641 1.874517768 255.1 221.2951025 390 0
2047 11 7.000715281 -2.707785254 163.1 117.7385054 390 0
2047 12 0.41986695 -9.912401152 125 173.0978845 390 0
2048 1 -2.230405113 -11.5155903 143.5 111.0522781 390 0
2048 2 -3.704909183 -17.6865226 209.8 63.82758174 390 0
2048 3 3.354658603 -7.396891566 301.6 68.11521941 390 0
2048 4 8.230168095 -3.56899572 391.2 58.63335351 390 0
2048 5 16.87126973 3.91064521 461.6 100.6313332 390 0
2048 6 24.76962158 10.16234545 512.7 58.66590449 390 0
2048 7 26.71377888 14.10227815 503.7 88.86006895 390 0
2048 8 26.06108493 11.562613 439.3 45.38780556 390 0
2048 9 19.24073528 4.020297007 346.6 64.93060106 390 0
2048 10 15.74797904 3.424223943 255.1 183.8648218 390 0
2048 11 4.048961484 -4.850906709 163.1 171.6670262 390 0
2048 12 -3.080456744 -12.93473873 125 77.59750026 390 0
2049 1 -0.077144163 -11.16689073 143.5 107.8253934 390 0
2049 2 -1.344803292 -15.80514299 209.8 53.96854516 390 0
2049 3 3.938969221 -9.014755516 301.6 47.9312936 390 0
2049 4 10.36624166 -0.884223973 391.2 93.87375639 390 0
2049 5 16.2262826 3.69217768 461.6 151.9850517 390 0
2049 6 23.04405175 10.13062329 512.7 114.6945978 390 0
2049 7 25.7519377 13.20640532 503.7 89.81037872 390 0
2049 8 26.10032518 13.26877444 439.3 127.3418307 390 0
2049 9 19.00782667 7.48384976 346.6 85.22109407 390 0
2049 10 13.84246871 3.552987051 255.1 202.6377088 390 0
2049 11 5.939650461 -2.471280816 163.1 104.216523 390 0
2049 12 1.562267423 -8.790306907 125 148.727264 390 0
2050 1 -1.997411164 -15.03760726 143.5 46.08775711 390 0
2050 2 -2.628523728 -15.75218686 209.8 57.42993328 390 0
2050 3 2.103103405 -12.04848314 301.6 65.01827139 390 0
2050 4 8.172667195 -2.508411381 391.2 84.89259916 390 0
2050 5 19.50839112 6.631666084 461.6 199.6496002 390 0
2050 6 22.26660893 10.48823476 512.7 105.1314715 390 0
2050 7 25.98011833 11.53324744 503.7 58.54312135 390 0
2050 8 23.81202176 11.50683353 439.3 136.1945384 390 0
2050 9 20.05774875 6.937428882 346.6 103.1559117 390 0
2050 10 13.88259425 1.069900473 255.1 73.69563363 390 0
2050 11 4.507837675 -5.173006794 163.1 137.7371411 390 0
2050 12 -8.705625621 -20.91308879 125 48.1214186 390 0
2051 1 -1.997411164 -15.03760726 143.5 46.08775711 390 0
2051 2 -2.628523728 -15.75218686 209.8 57.42993328 390 0
2051 3 2.103103405 -12.04848314 301.6 65.01827139 390 0
2051 4 8.172667195 -2.508411381 391.2 84.89259916 390 0
2051 5 19.50839112 6.631666084 461.6 199.6496002 390 0
2051 6 22.26660893 10.48823476 512.7 105.1314715 390 0
2051 7 25.98011833 11.53324744 503.7 58.54312135 390 0
2051 8 23.81202176 11.50683353 439.3 136.1945384 390 0
2051 9 20.05774875 6.937428882 346.6 103.1559117 390 0
2051 10 13.88259425 1.069900473 255.1 73.69563363 390 0
2051 11 4.507837675 -5.173006794 163.1 137.7371411 390 0
2051 12 -8.705625621 -20.91308879 125 48.1214186 390 0
2052 1 -5.128514376 -17.38618406 143.5 54.27713517 390 0
2052 2 2.124596105 -8.843538911 209.8 113.206638 390 0
2052 3 0.120965281 -11.04160222 301.6 123.0686523 390 0
2052 4 10.71112975 -1.044652002 391.2 84.98146412 390 0
2052 5 17.01602618 3.85611933 461.6 187.430734 390 0
2052 6 22.37348484 9.652549797 512.7 173.5289944 390 0
2052 7 25.67412667 13.59997452 503.7 96.42898695 390 0
2052 8 26.09033426 13.69051745 439.3 54.64183646 390 0
2052 9 19.56576582 5.289507084 346.6 41.64806947 390 0
2052 10 14.78332396 1.327763121 255.1 60.46654635 390 0
2052 11 6.992224461 -3.603731343 163.1 69.81221805 390 0
2052 12 0.409145113 -9.680988768 125 81.75522864 390 0
2053 1 -2.020677822 -12.72543483 143.5 81.56776286 390 0
2053 2 0.125735336 -11.92668983 209.8 44.72042007 390 0
2053 3 7.565328266 -5.013593659 301.6 49.47633609 390 0
2053 4 12.39197275 -0.289600392 391.2 109.2103788 390 0
2053 5 18.08959278 6.890249562 461.6 124.6029059 390 0
2053 6 21.5428702 10.40193939 512.7 190.4133682 390 0
2053 7 26.85932236 13.91190411 503.7 40.62418239 390 0
2053 8 26.35568133 14.28406316 439.3 114.002399 390 0
2053 9 20.28137635 7.667011113 346.6 121.1742058 390 0
2053 10 14.4318361 4.037459117 255.1 201.2425358 390 0
2053 11 5.884875006 -3.710194072 163.1 36.17422129 390 0
2053 12 0.47748256 -8.614592191 125 140.0134003 390 0
2054 1 -3.972456502 -15.74801339 143.5 105.189178 390 0
2054 2 -2.466107918 -15.09183546 209.8 78.48788699 390 0
2054 3 1.060886027 -10.95640542 301.6 102.0648917 390 0
2054 4 8.622712913 -2.678319481 391.2 49.16870852 390 0
2054 5 19.2428024 2.941335847 461.6 23.09573051 390 0
2054 6 22.72207763 9.494752855 512.7 111.8826479 390 0
2054 7 22.92663867 10.38455145 503.7 94.05023334 390 0
2054 8 23.49045655 12.12755233 439.3 97.28999456 390 0
2054 9 20.28879049 7.182477475 346.6 65.94332064 390 0
2054 10 11.01288568 0.214172016 255.1 87.0075821 390 0
2054 11 4.397157633 -5.056528057 163.1 84.5495377 390 0
2054 12 -0.72308742 -9.866405627 125 43.78680715 390 0
2055 1 -1.997411164 -15.03760726 143.5 46.08775711 390 0
2055 2 -2.628523728 -15.75218686 209.8 57.42993328 390 0
2055 3 2.103103405 -12.04848314 301.6 65.01827139 390 0
2055 4 8.172667195 -2.508411381 391.2 84.89259916 390 0
2055 5 19.50839112 6.631666084 461.6 199.6496002 390 0
2055 6 22.26660893 10.48823476 512.7 105.1314715 390 0
2055 7 25.98011833 11.53324744 503.7 58.54312135 390 0
2055 8 23.81202176 11.50683353 439.3 136.1945384 390 0
2055 9 20.05774875 6.937428882 346.6 103.1559117 390 0
2055 10 13.88259425 1.069900473 255.1 73.69563363 390 0
2055 11 4.507837675 -5.173006794 163.1 137.7371411 390 0
2055 12 -8.705625621 -20.91308879 125 48.1214186 390 0
2056 1 -6.576977089 -18.36268989 143.5 25.7863794 390 0
2056 2 -0.712050925 -12.93665273 209.8 77.05959691 390 0
2056 3 3.691502509 -8.861242723 301.6 72.67584094 390 0
2056 4 10.4144978 -2.68717667 391.2 38.50104461 390 0
2056 5 18.33105024 3.490263432 461.6 79.27508006 390 0
2056 6 20.66512877 9.101447224 512.7 100.9954299 390 0
2056 7 26.7269239 12.76267915 503.7 76.77369244 390 0
2056 8 24.37546596 10.71173192 439.3 99.22537881 390 0
2056 9 20.65002339 7.40908736 346.6 92.18032868 390 0
2056 10 13.90079939 1.523214951 255.1 69.58149576 390 0
2056 11 4.663490508 -3.803923164 163.1 111.5199387 390 0
2056 12 -2.837828602 -15.33913538 125 55.45138247 390 0
2057 1 -2.020677822 -12.72543483 143.5 81.56776286 390 0
2057 2 0.125735336 -11.92668983 209.8 44.72042007 390 0
2057 3 7.565328266 -5.013593659 301.6 49.47633609 390 0
2057 4 12.39197275 -0.289600392 391.2 109.2103788 390 0
2057 5 18.08959278 6.890249562 461.6 124.6029059 390 0
2057 6 21.5428702 10.40193939 512.7 190.4133682 390 0
2057 7 26.85932236 13.91190411 503.7 40.62418239 390 0
2057 8 26.35568133 14.28406316 439.3 114.002399 390 0
2057 9 20.28137635 7.667011113 346.6 121.1742058 390 0
2057 10 14.4318361 4.037459117 255.1 201.2425358 390 0
2057 11 5.884875006 -3.710194072 163.1 36.17422129 390 0
2057 12 0.47748256 -8.614592191 125 140.0134003 390 0
2058 1 -4.198666055 -15.60747712 143.5 103.1429797 390 0
2058 2 -1.164110998 -14.26053024 209.8 60.77876737 390 0
2058 3 0.983212905 -10.7486683 301.6 84.25257229 390 0
2058 4 8.602061748 -2.712676126 391.2 75.8086699 390 0
2058 5 14.60216365 2.950681681 461.6 104.1957018 390 0
2058 6 23.64895257 9.207800076 512.7 84.08704869 390 0
2058 7 25.88441673 12.42665203 503.7 91.14539499 390 0
2058 8 23.9089616 11.40563834 439.3 115.1942493 390 0
2058 9 18.81108143 7.636559273 346.6 81.51212962 390 0
2058 10 12.09683218 0.847549895 255.1 35.87869013 390 0
2058 11 4.153023415 -4.615943869 163.1 110.1409751 390 0
2058 12 -0.917345446 -11.42076914 125 69.5211399 390 0
2059 1 -6.576977089 -18.36268989 143.5 25.7863794 390 0
2059 2 -0.712050925 -12.93665273 209.8 77.05959691 390 0
2059 3 3.691502509 -8.861242723 301.6 72.67584094 390 0
2059 4 10.4144978 -2.68717667 391.2 38.50104461 390 0
2059 5 18.33105024 3.490263432 461.6 79.27508006 390 0
2059 6 20.66512877 9.101447224 512.7 100.9954299 390 0
2059 7 26.7269239 12.76267915 503.7 76.77369244 390 0
2059 8 24.37546596 10.71173192 439.3 99.22537881 390 0
2059 9 20.65002339 7.40908736 346.6 92.18032868 390 0
2059 10 13.90079939 1.523214951 255.1 69.58149576 390 0
2059 11 4.663490508 -3.803923164 163.1 111.5199387 390 0
2059 12 -2.837828602 -15.33913538 125 55.45138247 390 0
2060 1 -6.76977358 -20.25409521 143.5 40.33249351 390 0
2060 2 3.168192926 -8.55213045 209.8 107.7477855 390 0
2060 3 4.468467752 -5.958999751 301.6 37.90032373 390 0
2060 4 11.29668371 -0.461379532 391.2 85.61418437 390 0
2060 5 19.36682428 5.610493058 461.6 91.05131944 390 0
2060 6 23.05847501 10.06767358 512.7 113.7177019 390 0
2060 7 25.66984326 13.003782 503.7 117.0500093 390 0
2060 8 24.88173076 11.1524409 439.3 121.8836186 390 0
2060 9 18.71270363 7.231884245 346.6 176.9013403 390 0
2060 10 11.61510894 0.51849843 255.1 167.3165421 390 0
2060 11 5.712957229 -3.067720714 163.1 80.66684237 390 0
2060 12 -0.152463532 -8.157572269 125 124.376369 390 0
2061 1 -2.475066327 -13.39295228 143.5 72.00501098 390 0
2061 2 -4.981431104 -17.95577632 209.8 51.55227469 390 0
2061 3 2.880728701 -9.33139439 301.6 104.9379508 390 0
2061 4 8.466954124 -2.173079964 391.2 173.5825356 390 0
2061 5 17.96738605 4.244742964 461.6 84.71422961 390 0
2061 6 23.118903 10.27296465 512.7 65.92296784 390 0
2061 7 24.63845191 12.49658356 503.7 78.97763299 390 0
2061 8 25.04577698 11.25339498 439.3 102.0828808 390 0
2061 9 21.31648103 7.823595315 346.6 51.64284892 390 0
2061 10 15.86098794 4.30936618 255.1 119.4681639 390 0
2061 11 4.818702503 -4.413700069 163.1 190.4215039 390 0
2061 12 -2.739693487 -12.72857274 125 115.3591656 390 0
2062 1 -1.824566231 -13.14615032 143.5 91.26913677 390 0
2062 2 -0.303739834 -12.48803308 209.8 69.64988421 390 0
2062 3 4.314530875 -4.935621967 301.6 141.0488621 390 0
2062 4 10.41724498 0.265845071 391.2 197.1420374 390 0
2062 5 15.43558906 4.895235385 461.6 148.8044295 390 0
2062 6 24.44123096 9.709738015 512.7 44.60748975 390 0
2062 7 26.39738452 12.89853941 503.7 122.52699 390 0
2062 8 25.57003648 12.33675251 439.3 95.84192286 390 0
2062 9 22.38773281 7.959786612 346.6 66.3018823 390 0
2062 10 13.57367641 1.290643308 255.1 70.51665297 390 0
2062 11 6.071841963 -2.223658821 163.1 237.2198234 390 0
2062 12 -1.675984959 -12.18038507 125 167.5388 390 0
2063 1 -2.020677822 -12.72543483 143.5 81.56776286 390 0
2063 2 0.125735336 -11.92668983 209.8 44.72042007 390 0
2063 3 7.565328266 -5.013593659 301.6 49.47633609 390 0
2063 4 12.39197275 -0.289600392 391.2 109.2103788 390 0
2063 5 18.08959278 6.890249562 461.6 124.6029059 390 0
2063 6 21.5428702 10.40193939 512.7 190.4133682 390 0
2063 7 26.85932236 13.91190411 503.7 40.62418239 390 0
2063 8 26.35568133 14.28406316 439.3 114.002399 390 0
2063 9 20.28137635 7.667011113 346.6 121.1742058 390 0
2063 10 14.4318361 4.037459117 255.1 201.2425358 390 0
2063 11 5.884875006 -3.710194072 163.1 36.17422129 390 0
2063 12 0.47748256 -8.614592191 125 140.0134003 390 0
2064 1 -4.251529371 -15.54721252 143.5 95.09413523 390 0
2064 2 -1.18745743 -14.7146102 209.8 81.62578301 390 0
2064 3 6.132117907 -5.913198529 301.6 102.1059639 390 0
2064 4 9.319718309 -0.958867412 391.2 150.5913471 390 0
2064 5 16.1392312 3.950718505 461.6 111.972894 390 0
2064 6 22.1434529 9.151575092 512.7 59.66037461 390 0
2064 7 23.44828968 11.54744281 503.7 95.53317073 390 0
2064 8 23.52031793 11.7003435 439.3 62.15818533 390 0
2064 9 19.4052471 6.803138412 346.6 56.86702784 390 0
2064 10 13.48069043 1.243932342 255.1 85.88889361 390 0
2064 11 5.775186619 -1.496587045 163.1 77.26263771 390 0
2064 12 -2.733425274 -12.82778208 125 113.8443274 390 0
2065 1 -6.76977358 -20.25409521 143.5 40.33249351 390 0
2065 2 3.168192926 -8.55213045 209.8 107.7477855 390 0
2065 3 4.468467752 -5.958999751 301.6 37.90032373 390 0
2065 4 11.29668371 -0.461379532 391.2 85.61418437 390 0
2065 5 19.36682428 5.610493058 461.6 91.05131944 390 0
2065 6 23.05847501 10.06767358 512.7 113.7177019 390 0
2065 7 25.66984326 13.003782 503.7 117.0500093 390 0
2065 8 24.88173076 11.1524409 439.3 121.8836186 390 0
2065 9 18.71270363 7.231884245 346.6 176.9013403 390 0
2065 10 11.61510894 0.51849843 255.1 167.3165421 390 0
2065 11 5.712957229 -3.067720714 163.1 80.66684237 390 0
2065 12 -0.152463532 -8.157572269 125 124.376369 390 0
2066 1 -6.741890114 -19.99243806 143.5 66.90125779 390 0
2066 2 -1.220605608 -13.60967899 209.8 68.40009798 390 0
2066 3 3.376303817 -9.78163433 301.6 64.43750056 390 0
2066 4 12.01209338 -0.316943181 391.2 101.2469622 390 0
2066 5 17.66433172 4.721303441 461.6 101.3724536 390 0
2066 6 20.36763618 10.13141217 512.7 179.0401745 390 0
2066 7 22.41223113 12.82180329 503.7 160.4160594 390 0
2066 8 25.6114044 13.43365327 439.3 107.4129152 390 0
2066 9 20.16042908 6.127097776 346.6 40.35914108 390 0
2066 10 9.999888334 0.905480091 255.1 149.4598046 390 0
2066 11 9.125024622 -1.124041208 163.1 127.5389872 390 0
2066 12 -0.938262955 -9.3995011 125 115.747947 390 0
2067 1 -5.128514376 -17.38618406 143.5 54.27713517 390 0
2067 2 2.124596105 -8.843538911 209.8 113.206638 390 0
2067 3 0.120965281 -11.04160222 301.6 123.0686523 390 0
2067 4 10.71112975 -1.044652002 391.2 84.98146412 390 0
2067 5 17.01602618 3.85611933 461.6 187.430734 390 0
2067 6 22.37348484 9.652549797 512.7 173.5289944 390 0
2067 7 25.67412667 13.59997452 503.7 96.42898695 390 0
2067 8 26.09033426 13.69051745 439.3 54.64183646 390 0
2067 9 19.56576582 5.289507084 346.6 41.64806947 390 0
2067 10 14.78332396 1.327763121 255.1 60.46654635 390 0
2067 11 6.992224461 -3.603731343 163.1 69.81221805 390 0
2067 12 0.409145113 -9.680988768 125 81.75522864 390 0
2068 1 -2.230405113 -11.5155903 143.5 111.0522781 390 0
2068 2 -3.704909183 -17.6865226 209.8 63.82758174 390 0
2068 3 3.354658603 -7.396891566 301.6 68.11521941 390 0
2068 4 8.230168095 -3.56899572 391.2 58.63335351 390 0
2068 5 16.87126973 3.91064521 461.6 100.6313332 390 0
2068 6 24.76962158 10.16234545 512.7 58.66590449 390 0
2068 7 26.71377888 14.10227815 503.7 88.86006895 390 0
2068 8 26.06108493 11.562613 439.3 45.38780556 390 0
2068 9 19.24073528 4.020297007 346.6 64.93060106 390 0
2068 10 15.74797904 3.424223943 255.1 183.8648218 390 0
2068 11 4.048961484 -4.850906709 163.1 171.6670262 390 0
2068 12 -3.080456744 -12.93473873 125 77.59750026 390 0
2069 1 -2.020677822 -12.72543483 143.5 81.56776286 390 0
2069 2 0.125735336 -11.92668983 209.8 44.72042007 390 0
2069 3 7.565328266 -5.013593659 301.6 49.47633609 390 0
2069 4 12.39197275 -0.289600392 391.2 109.2103788 390 0
2069 5 18.08959278 6.890249562 461.6 124.6029059 390 0
2069 6 21.5428702 10.40193939 512.7 190.4133682 390 0
2069 7 26.85932236 13.91190411 503.7 40.62418239 390 0
2069 8 26.35568133 14.28406316 439.3 114.002399 390 0
2069 9 20.28137635 7.667011113 346.6 121.1742058 390 0
2069 10 14.4318361 4.037459117 255.1 201.2425358 390 0
2069 11 5.884875006 -3.710194072 163.1 36.17422129 390 0
2069 12 0.47748256 -8.614592191 125 140.0134003 390 0
2070 1 -8.636962114 -22.15896653 143.5 129.090421 390 0
2070 2 -4.68680581 -18.52691909 209.8 32.93636646 390 0
2070 3 2.347951739 -7.739223374 301.6 110.002489 390 0
2070 4 9.710557627 -1.906480171 391.2 97.71145339 390 0
2070 5 15.75764187 3.623349867 461.6 108.8494592 390 0
2070 6 24.60994807 11.24332429 512.7 92.73482051 390 0
2070 7 26.96177278 14.92582956 503.7 88.18909967 390 0
2070 8 24.30834186 11.19994709 439.3 63.59183953 390 0
2070 9 18.71150324 7.074494445 346.6 112.0246859 390 0
2070 10 14.33746764 1.234219897 255.1 36.56693357 390 0
2070 11 8.374117368 -3.084711719 163.1 103.2810061 390 0
2070 12 0.92256871 -9.441449336 125 65.70399382 390 0
2071 1 -1.979313209 -14.76581303 143.5 146.8821475 390 0
2071 2 -2.275674418 -15.36777365 209.8 37.1688106 390 0
2071 3 4.016693171 -9.12099291 301.6 91.79115816 390 0
2071 4 13.00989093 0.330744541 391.2 70.53844455 390 0
2071 5 18.21018315 4.959854959 461.6 102.1663376 390 0
2071 6 21.55458638 7.882840495 512.7 75.67572335 390 0
2071 7 23.43499827 12.09370887 503.7 115.8872583 390 0
2071 8 22.69408021 11.46676886 439.3 130.0937086 390 0
2071 9 18.023068 5.330190768 346.6 87.42097474 390 0
2071 10 12.64037462 0.903090983 255.1 36.79814838 390 0
2071 11 3.844629553 -5.896888023 163.1 94.69880993 390 0
2071 12 -0.703693298 -11.69820271 125 82.34855942 390 0
2072 1 -6.76977358 -20.25409521 143.5 40.33249351 390 0
2072 2 3.168192926 -8.55213045 209.8 107.7477855 390 0
2072 3 4.468467752 -5.958999751 301.6 37.90032373 390 0
2072 4 11.29668371 -0.461379532 391.2 85.61418437 390 0
2072 5 19.36682428 5.610493058 461.6 91.05131944 390 0
2072 6 23.05847501 10.06767358 512.7 113.7177019 390 0
2072 7 25.66984326 13.003782 503.7 117.0500093 390 0
2072 8 24.88173076 11.1524409 439.3 121.8836186 390 0
2072 9 18.71270363 7.231884245 346.6 176.9013403 390 0
2072 10 11.61510894 0.51849843 255.1 167.3165421 390 0
2072 11 5.712957229 -3.067720714 163.1 80.66684237 390 0
2072 12 -0.152463532 -8.157572269 125 124.376369 390 0
2073 1 -3.972456502 -15.74801339 143.5 105.189178 390 0
2073 2 -2.466107918 -15.09183546 209.8 78.48788699 390 0
2073 3 1.060886027 -10.95640542 301.6 102.0648917 390 0
2073 4 8.622712913 -2.678319481 391.2 49.16870852 390 0
2073 5 19.2428024 2.941335847 461.6 23.09573051 390 0
2073 6 22.72207763 9.494752855 512.7 111.8826479 390 0
2073 7 22.92663867 10.38455145 503.7 94.05023334 390 0
2073 8 23.49045655 12.12755233 439.3 97.28999456 390 0
2073 9 20.28879049 7.182477475 346.6 65.94332064 390 0
2073 10 11.01288568 0.214172016 255.1 87.0075821 390 0
2073 11 4.397157633 -5.056528057 163.1 84.5495377 390 0
2073 12 -0.72308742 -9.866405627 125 43.78680715 390 0
2074 1 -8.636962114 -22.15896653 143.5 129.090421 390 0
2074 2 -4.68680581 -18.52691909 209.8 32.93636646 390 0
2074 3 2.347951739 -7.739223374 301.6 110.002489 390 0
2074 4 9.710557627 -1.906480171 391.2 97.71145339 390 0
2074 5 15.75764187 3.623349867 461.6 108.8494592 390 0
2074 6 24.60994807 11.24332429 512.7 92.73482051 390 0
2074 7 26.96177278 14.92582956 503.7 88.18909967 390 0
2074 8 24.30834186 11.19994709 439.3 63.59183953 390 0
2074 9 18.71150324 7.074494445 346.6 112.0246859 390 0
2074 10 14.33746764 1.234219897 255.1 36.56693357 390 0
2074 11 8.374117368 -3.084711719 163.1 103.2810061 390 0
2074 12 0.92256871 -9.441449336 125 65.70399382 390 0
2075 1 -6.741890114 -19.99243806 143.5 66.90125779 390 0
2075 2 -1.220605608 -13.60967899 209.8 68.40009798 390 0
2075 3 3.376303817 -9.78163433 301.6 64.43750056 390 0
2075 4 12.01209338 -0.316943181 391.2 101.2469622 390 0
2075 5 17.66433172 4.721303441 461.6 101.3724536 390 0
2075 6 20.36763618 10.13141217 512.7 179.0401745 390 0
2075 7 22.41223113 12.82180329 503.7 160.4160594 390 0
2075 8 25.6114044 13.43365327 439.3 107.4129152 390 0
2075 9 20.16042908 6.127097776 346.6 40.35914108 390 0
2075 10 9.999888334 0.905480091 255.1 149.4598046 390 0
2075 11 9.125024622 -1.124041208 163.1 127.5389872 390 0
2075 12 -0.938262955 -9.3995011 125 115.747947 390 0
2076 1 -0.077144163 -11.16689073 143.5 107.8253934 390 0
2076 2 -1.344803292 -15.80514299 209.8 53.96854516 390 0
2076 3 3.938969221 -9.014755516 301.6 47.9312936 390 0
2076 4 10.36624166 -0.884223973 391.2 93.87375639 390 0
2076 5 16.2262826 3.69217768 461.6 151.9850517 390 0
2076 6 23.04405175 10.13062329 512.7 114.6945978 390 0
2076 7 25.7519377 13.20640532 503.7 89.81037872 390 0
2076 8 26.10032518 13.26877444 439.3 127.3418307 390 0
2076 9 19.00782667 7.48384976 346.6 85.22109407 390 0
2076 10 13.84246871 3.552987051 255.1 202.6377088 390 0
2076 11 5.939650461 -2.471280816 163.1 104.216523 390 0
2076 12 1.562267423 -8.790306907 125 148.727264 390 0
2077 1 -5.146303832 -17.20803747 143.5 62.64418741 390 0
2077 2 -0.416903379 -13.47872202 209.8 69.46854654 390 0
2077 3 2.462766032 -9.654186309 301.6 111.0185694 390 0
2077 4 11.54884115 -0.614252611 391.2 195.2598117 390 0
2077 5 13.82186956 3.976089423 461.6 161.8134166 390 0
2077 6 24.29980222 11.47153542 512.7 87.7836407 390 0
2077 7 25.97865145 13.16620717 503.7 102.0107127 390 0
2077 8 25.47749799 12.6387235 439.3 104.1491508 390 0
2077 9 21.62555361 9.278926637 346.6 117.4006925 390 0
2077 10 13.05241494 4.258836433 255.1 300.9715367 390 0
2077 11 6.938804877 -2.771125849 163.1 167.9013535 390 0
2077 12 -0.836720895 -9.915250927 125 145.2235611 390 0
2078 1 -3.511004359 -16.85860268 143.5 32.97567345 390 0
2078 2 -2.30573671 -15.99750423 209.8 72.76758591 390 0
2078 3 1.583397505 -10.1413948 301.6 97.1375892 390 0
2078 4 9.639770385 -2.573435398 391.2 23.80334421 390 0
2078 5 20.52781596 5.075377587 461.6 47.20207843 390 0
2078 6 23.74814802 11.52817815 512.7 90.34182861 390 0
2078 7 24.57877118 12.15304734 503.7 86.63017666 390 0
2078 8 27.17841979 12.85844974 439.3 36.08100909 390 0
2078 9 21.54889441 7.904996751 346.6 99.5322935 390 0
2078 10 15.29175526 1.726424688 255.1 44.24522492 390 0
2078 11 7.603162478 -1.372089137 163.1 54.34166889 390 0
2078 12 2.708794549 -6.456866302 125 57.7995454 390 0
2079 1 -0.077144163 -11.16689073 143.5 107.8253934 390 0
2079 2 -1.344803292 -15.80514299 209.8 53.96854516 390 0
2079 3 3.938969221 -9.014755516 301.6 47.9312936 390 0
2079 4 10.36624166 -0.884223973 391.2 93.87375639 390 0
2079 5 16.2262826 3.69217768 461.6 151.9850517 390 0
2079 6 23.04405175 10.13062329 512.7 114.6945978 390 0
2079 7 25.7519377 13.20640532 503.7 89.81037872 390 0
2079 8 26.10032518 13.26877444 439.3 127.3418307 390 0
2079 9 19.00782667 7.48384976 346.6 85.22109407 390 0
2079 10 13.84246871 3.552987051 255.1 202.6377088 390 0
2079 11 5.939650461 -2.471280816 163.1 104.216523 390 0
2079 12 1.562267423 -8.790306907 125 148.727264 390 0
2080 1 -6.76977358 -20.25409521 143.5 40.33249351 390 0
2080 2 3.168192926 -8.55213045 209.8 107.7477855 390 0
2080 3 4.468467752 -5.958999751 301.6 37.90032373 390 0
2080 4 11.29668371 -0.461379532 391.2 85.61418437 390 0
2080 5 19.36682428 5.610493058 461.6 91.05131944 390 0
2080 6 23.05847501 10.06767358 512.7 113.7177019 390 0
2080 7 25.66984326 13.003782 503.7 117.0500093 390 0
2080 8 24.88173076 11.1524409 439.3 121.8836186 390 0
2080 9 18.71270363 7.231884245 346.6 176.9013403 390 0
2080 10 11.61510894 0.51849843 255.1 167.3165421 390 0
2080 11 5.712957229 -3.067720714 163.1 80.66684237 390 0
2080 12 -0.152463532 -8.157572269 125 124.376369 390 0
2081 1 -2.020677822 -12.72543483 143.5 81.56776286 390 0
2081 2 0.125735336 -11.92668983 209.8 44.72042007 390 0
2081 3 7.565328266 -5.013593659 301.6 49.47633609 390 0
2081 4 12.39197275 -0.289600392 391.2 109.2103788 390 0
2081 5 18.08959278 6.890249562 461.6 124.6029059 390 0
2081 6 21.5428702 10.40193939 512.7 190.4133682 390 0
2081 7 26.85932236 13.91190411 503.7 40.62418239 390 0
2081 8 26.35568133 14.28406316 439.3 114.002399 390 0
2081 9 20.28137635 7.667011113 346.6 121.1742058 390 0
2081 10 14.4318361 4.037459117 255.1 201.2425358 390 0
2081 11 5.884875006 -3.710194072 163.1 36.17422129 390 0
2081 12 0.47748256 -8.614592191 125 140.0134003 390 0
2082 1 -7.663274599 -20.99543325 143.5 101.0671914 390 0
2082 2 -2.712514534 -15.92201772 209.8 73.0556864 390 0
2082 3 2.988105724 -9.730969678 301.6 68.82756575 390 0
2082 4 9.186996748 -2.969362396 391.2 94.84146608 390 0
2082 5 19.25555638 4.183085629 461.6 26.24887086 390 0
2082 6 21.01210797 8.674395413 512.7 117.0584426 390 0
2082 7 26.59270315 12.30703433 503.7 61.67095725 390 0
2082 8 22.85832031 9.964190375 439.3 107.7957006 390 0
2082 9 19.93438407 7.994625069 346.6 85.27030716 390 0
2082 10 14.3935361 0.884441546 255.1 34.81841387 390 0
2082 11 7.50986483 -1.95058196 163.1 133.5558475 390 0
2082 12 1.96106047 -8.434111376 125 50.07502928 390 0
2083 1 -6.741890114 -19.99243806 143.5 66.90125779 390 0
2083 2 -1.220605608 -13.60967899 209.8 68.40009798 390 0
2083 3 3.376303817 -9.78163433 301.6 64.43750056 390 0
2083 4 12.01209338 -0.316943181 391.2 101.2469622 390 0
2083 5 17.66433172 4.721303441 461.6 101.3724536 390 0
2083 6 20.36763618 10.13141217 512.7 179.0401745 390 0
2083 7 22.41223113 12.82180329 503.7 160.4160594 390 0
2083 8 25.6114044 13.43365327 439.3 107.4129152 390 0
2083 9 20.16042908 6.127097776 346.6 40.35914108 390 0
2083 10 9.999888334 0.905480091 255.1 149.4598046 390 0
2083 11 9.125024622 -1.124041208 163.1 127.5389872 390 0
2083 12 -0.938262955 -9.3995011 125 115.747947 390 0
2084 1 -4.555946466 -17.29167315 143.5 71.08580987 390 0
2084 2 -0.014184976 -13.22520025 209.8 29.59951342 390 0
2084 3 3.936258429 -6.562354445 301.6 129.7774506 390 0
2084 4 11.62246329 -1.230345433 391.2 87.61457371 390 0
2084 5 20.42592919 4.899261913 461.6 93.71303558 390 0
2084 6 23.94428405 9.990635132 512.7 63.926568 390 0
2084 7 25.94718019 12.08798108 503.7 53.24596474 390 0
2084 8 25.22528803 13.02094234 439.3 212.1770301 390 0
2084 9 19.00853054 5.700710974 346.6 120.6326794 390 0
2084 10 13.74007545 2.495238926 255.1 107.2971557 390 0
2084 11 5.749179659 -2.217566768 163.1 91.80398172 390 0
2084 12 -2.298243526 -13.39580861 125 65.99964899 390 0
2085 1 -2.020677822 -12.72543483 143.5 81.56776286 390 0
2085 2 0.125735336 -11.92668983 209.8 44.72042007 390 0
2085 3 7.565328266 -5.013593659 301.6 49.47633609 390 0
2085 4 12.39197275 -0.289600392 391.2 109.2103788 390 0
2085 5 18.08959278 6.890249562 461.6 124.6029059 390 0
2085 6 21.5428702 10.40193939 512.7 190.4133682 390 0
2085 7 26.85932236 13.91190411 503.7 40.62418239 390 0
2085 8 26.35568133 14.28406316 439.3 114.002399 390 0
2085 9 20.28137635 7.667011113 346.6 121.1742058 390 0
2085 10 14.4318361 4.037459117 255.1 201.2425358 390 0
2085 11 5.884875006 -3.710194072 163.1 36.17422129 390 0
2085 12 0.47748256 -8.614592191 125 140.0134003 390 0
2086 1 -5.146303832 -17.20803747 143.5 62.64418741 390 0
2086 2 -0.416903379 -13.47872202 209.8 69.46854654 390 0
2086 3 2.462766032 -9.654186309 301.6 111.0185694 390 0
2086 4 11.54884115 -0.614252611 391.2 195.2598117 390 0
2086 5 13.82186956 3.976089423 461.6 161.8134166 390 0
2086 6 24.29980222 11.47153542 512.7 87.7836407 390 0
2086 7 25.97865145 13.16620717 503.7 102.0107127 390 0
2086 8 25.47749799 12.6387235 439.3 104.1491508 390 0
2086 9 21.62555361 9.278926637 346.6 117.4006925 390 0
2086 10 13.05241494 4.258836433 255.1 300.9715367 390 0
2086 11 6.938804877 -2.771125849 163.1 167.9013535 390 0
2086 12 -0.836720895 -9.915250927 125 145.2235611 390 0
2087 1 -1.768093493 -10.86586662 143.5 90.12906632 390 0
2087 2 -0.382332402 -7.96588748 209.8 70.54514644 390 0
2087 3 7.24524645 -3.805294555 301.6 134.1636267 390 0
2087 4 13.63944495 1.432880852 391.2 74.52699851 390 0
2087 5 20.14581378 6.067606818 461.6 51.18578962 390 0
2087 6 22.10492975 10.66245001 512.7 146.2493041 390 0
2087 7 26.93343928 15.4272707 503.7 58.23569004 390 0
2087 8 25.62276524 12.23132463 439.3 60.60938365 390 0
2087 9 20.68439883 9.95511325 346.6 129.1359093 390 0
2087 10 13.06020272 2.747211531 255.1 152.2802984 390 0
2087 11 6.182362308 -2.813655731 163.1 140.663791 390 0
2087 12 -0.276447981 -8.587334083 125 183.6711595 390 0
2088 1 -4.555946466 -17.29167315 143.5 71.08580987 390 0
2088 2 -0.014184976 -13.22520025 209.8 29.59951342 390 0
2088 3 3.936258429 -6.562354445 301.6 129.7774506 390 0
2088 4 11.62246329 -1.230345433 391.2 87.61457371 390 0
2088 5 20.42592919 4.899261913 461.6 93.71303558 390 0
2088 6 23.94428405 9.990635132 512.7 63.926568 390 0
2088 7 25.94718019 12.08798108 503.7 53.24596474 390 0
2088 8 25.22528803 13.02094234 439.3 212.1770301 390 0
2088 9 19.00853054 5.700710974 346.6 120.6326794 390 0
2088 10 13.74007545 2.495238926 255.1 107.2971557 390 0
2088 11 5.749179659 -2.217566768 163.1 91.80398172 390 0
2088 12 -2.298243526 -13.39580861 125 65.99964899 390 0
2089 1 -3.228289016 -14.79552278 143.5 28.36578176 390 0
2089 2 -1.084722155 -11.60598968 209.8 76.61959982 390 0
2089 3 3.747284109 -5.217790484 301.6 69.79684926 390 0
2089 4 10.35514528 -1.96178517 391.2 50.48878199 390 0
2089 5 18.29585288 4.839972759 461.6 140.3279297 390 0
2089 6 22.4822546 10.78679416 512.7 159.1109578 390 0
2089 7 26.41415853 14.91280328 503.7 135.6841987 390 0
2089 8 24.50479023 12.00939975 439.3 119.2048684 390 0
2089 9 19.9265214 8.793162806 346.6 149.2852683 390 0
2089 10 15.21946141 2.861448062 255.1 34.44322562 390 0
2089 11 5.662696806 -4.368842303 163.1 118.9447012 390 0
2089 12 -3.595134613 -12.66179106 125 103.08224 390 0
2090 1 -4.198666055 -15.60747712 143.5 103.1429797 390 0
2090 2 -1.164110998 -14.26053024 209.8 60.77876737 390 0
2090 3 0.983212905 -10.7486683 301.6 84.25257229 390 0
2090 4 8.602061748 -2.712676126 391.2 75.8086699 390 0
2090 5 14.60216365 2.950681681 461.6 104.1957018 390 0
2090 6 23.64895257 9.207800076 512.7 84.08704869 390 0
2090 7 25.88441673 12.42665203 503.7 91.14539499 390 0
2090 8 23.9089616 11.40563834 439.3 115.1942493 390 0
2090 9 18.81108143 7.636559273 346.6 81.51212962 390 0
2090 10 12.09683218 0.847549895 255.1 35.87869013 390 0
2090 11 4.153023415 -4.615943869 163.1 110.1409751 390 0
2090 12 -0.917345446 -11.42076914 125 69.5211399 390 0
2091 1 -3.333577819 -14.92687979 143.5 57.03139195 390 0
2091 2 -6.743974701 -21.22219674 209.8 87.11874308 390 0
2091 3 3.142150336 -11.50863144 301.6 83.18559008 390 0
2091 4 10.63892146 -1.59228543 391.2 149.3600202 390 0
2091 5 18.3712119 4.38421728 461.6 56.84605538 390 0
2091 6 22.80666004 8.898426708 512.7 106.5468466 390 0
2091 7 25.37086684 12.5218834 503.7 60.41853665 390 0
2091 8 26.15019336 12.18335636 439.3 60.14135219 390 0
2091 9 19.73382168 7.079617255 346.6 104.7677555 390 0
2091 10 10.62065879 -0.906791464 255.1 105.7198984 390 0
2091 11 5.997012305 -4.710243584 163.1 114.0944221 390 0
2091 12 -0.500274326 -9.667524711 125 142.2665684 390 0
2092 1 -6.741890114 -19.99243806 143.5 66.90125779 390 0
2092 2 -1.220605608 -13.60967899 209.8 68.40009798 390 0
2092 3 3.376303817 -9.78163433 301.6 64.43750056 390 0
2092 4 12.01209338 -0.316943181 391.2 101.2469622 390 0
2092 5 17.66433172 4.721303441 461.6 101.3724536 390 0
2092 6 20.36763618 10.13141217 512.7 179.0401745 390 0
2092 7 22.41223113 12.82180329 503.7 160.4160594 390 0
2092 8 25.6114044 13.43365327 439.3 107.4129152 390 0
2092 9 20.16042908 6.127097776 346.6 40.35914108 390 0
2092 10 9.999888334 0.905480091 255.1 149.4598046 390 0
2092 11 9.125024622 -1.124041208 163.1 127.5389872 390 0
2092 12 -0.938262955 -9.3995011 125 115.747947 390 0
2093 1 -6.741890114 -19.99243806 143.5 66.90125779 390 0
2093 2 -1.220605608 -13.60967899 209.8 68.40009798 390 0
2093 3 3.376303817 -9.78163433 301.6 64.43750056 390 0
2093 4 12.01209338 -0.316943181 391.2 101.2469622 390 0
2093 5 17.66433172 4.721303441 461.6 101.3724536 390 0
2093 6 20.36763618 10.13141217 512.7 179.0401745 390 0
2093 7 22.41223113 12.82180329 503.7 160.4160594 390 0
2093 8 25.6114044 13.43365327 439.3 107.4129152 390 0
2093 9 20.16042908 6.127097776 346.6 40.35914108 390 0
2093 10 9.999888334 0.905480091 255.1 149.4598046 390 0
2093 11 9.125024622 -1.124041208 163.1 127.5389872 390 0
2093 12 -0.938262955 -9.3995011 125 115.747947 390 0
2094 1 -4.251529371 -15.54721252 143.5 95.09413523 390 0
2094 2 -1.18745743 -14.7146102 209.8 81.62578301 390 0
2094 3 6.132117907 -5.913198529 301.6 102.1059639 390 0
2094 4 9.319718309 -0.958867412 391.2 150.5913471 390 0
2094 5 16.1392312 3.950718505 461.6 111.972894 390 0
2094 6 22.1434529 9.151575092 512.7 59.66037461 390 0
2094 7 23.44828968 11.54744281 503.7 95.53317073 390 0
2094 8 23.52031793 11.7003435 439.3 62.15818533 390 0
2094 9 19.4052471 6.803138412 346.6 56.86702784 390 0
2094 10 13.48069043 1.243932342 255.1 85.88889361 390 0
2094 11 5.775186619 -1.496587045 163.1 77.26263771 390 0
2094 12 -2.733425274 -12.82778208 125 113.8443274 390 0
2095 1 -6.741890114 -19.99243806 143.5 66.90125779 390 0
2095 2 -1.220605608 -13.60967899 209.8 68.40009798 390 0
2095 3 3.376303817 -9.78163433 301.6 64.43750056 390 0
2095 4 12.01209338 -0.316943181 391.2 101.2469622 390 0
2095 5 17.66433172 4.721303441 461.6 101.3724536 390 0
2095 6 20.36763618 10.13141217 512.7 179.0401745 390 0
2095 7 22.41223113 12.82180329 503.7 160.4160594 390 0
2095 8 25.6114044 13.43365327 439.3 107.4129152 390 0
2095 9 20.16042908 6.127097776 346.6 40.35914108 390 0
2095 10 9.999888334 0.905480091 255.1 149.4598046 390 0
2095 11 9.125024622 -1.124041208 163.1 127.5389872 390 0
2095 12 -0.938262955 -9.3995011 125 115.747947 390 0
2096 1 -3.333577819 -14.92687979 143.5 57.03139195 390 0
2096 2 -6.743974701 -21.22219674 209.8 87.11874308 390 0
2096 3 3.142150336 -11.50863144 301.6 83.18559008 390 0
2096 4 10.63892146 -1.59228543 391.2 149.3600202 390 0
2096 5 18.3712119 4.38421728 461.6 56.84605538 390 0
2096 6 22.80666004 8.898426708 512.7 106.5468466 390 0
2096 7 25.37086684 12.5218834 503.7 60.41853665 390 0
2096 8 26.15019336 12.18335636 439.3 60.14135219 390 0
2096 9 19.73382168 7.079617255 346.6 104.7677555 390 0
2096 10 10.62065879 -0.906791464 255.1 105.7198984 390 0
2096 11 5.997012305 -4.710243584 163.1 114.0944221 390 0
2096 12 -0.500274326 -9.667524711 125 142.2665684 390 0
2097 1 -3.228289016 -14.79552278 143.5 28.36578176 390 0
2097 2 -1.084722155 -11.60598968 209.8 76.61959982 390 0
2097 3 3.747284109 -5.217790484 301.6 69.79684926 390 0
2097 4 10.35514528 -1.96178517 391.2 50.48878199 390 0
2097 5 18.29585288 4.839972759 461.6 140.3279297 390 0
2097 6 22.4822546 10.78679416 512.7 159.1109578 390 0
2097 7 26.41415853 14.91280328 503.7 135.6841987 390 0
2097 8 24.50479023 12.00939975 439.3 119.2048684 390 0
2097 9 19.9265214 8.793162806 346.6 149.2852683 390 0
2097 10 15.21946141 2.861448062 255.1 34.44322562 390 0
2097 11 5.662696806 -4.368842303 163.1 118.9447012 390 0
2097 12 -3.595134613 -12.66179106 125 103.08224 390 0
2098 1 -6.576977089 -18.36268989 143.5 25.7863794 390 0
2098 2 -0.712050925 -12.93665273 209.8 77.05959691 390 0
2098 3 3.691502509 -8.861242723 301.6 72.67584094 390 0
2098 4 10.4144978 -2.68717667 391.2 38.50104461 390 0
2098 5 18.33105024 3.490263432 461.6 79.27508006 390 0
2098 6 20.66512877 9.101447224 512.7 100.9954299 390 0
2098 7 26.7269239 12.76267915 503.7 76.77369244 390 0
2098 8 24.37546596 10.71173192 439.3 99.22537881 390 0
2098 9 20.65002339 7.40908736 346.6 92.18032868 390 0
2098 10 13.90079939 1.523214951 255.1 69.58149576 390 0
2098 11 4.663490508 -3.803923164 163.1 111.5199387 390 0
2098 12 -2.837828602 -15.33913538 125 55.45138247 390 0
2099 1 -1.315623054 -11.05946319 143.5 68.0676214 390 0
2099 2 -0.623391648 -12.98791834 209.8 88.46431906 390 0
2099 3 2.681377739 -8.053603568 301.6 93.84474287 390 0
2099 4 9.674610421 -0.437836937 391.2 118.9514449 390 0
2099 5 16.25004322 3.416113622 461.6 80.76786954 390 0
2099 6 21.23372873 8.970220331 512.7 98.59992597 390 0
2099 7 25.19585255 12.66926695 503.7 92.957474 390 0
2099 8 26.96325368 12.77237152 439.3 25.87105715 390 0
2099 9 22.26471333 8.825843415 346.6 111.9325608 390 0
2099 10 11.26067161 0.104471027 255.1 78.96369823 390 0
2099 11 3.749023356 -4.71778865 163.1 111.5435559 390 0
2099 12 -0.846487835 -10.91773947 125 87.55878001 390 0
2100-2200 1 -1.315623054 -11.05946319 143.5 68.0676214 390 0
2100-2200 2 -0.623391648 -12.98791834 209.8 88.46431906 390 0
2100-2200 3 2.681377739 -8.053603568 301.6 93.84474287 390 0
2100-2200 4 9.674610421 -0.437836937 391.2 118.9514449 390 0
2100-2200 5 16.25004322 3.416113622 461.6 80.76786954 390 0
2100-2200 6 21.23372873 8.970220331 512.7 98.59992597 390 0
2100-2200 7 25.19585255 12.66926695 503.7 92.957474 390 0
2100-2200 8 26.96325368 12.77237152 439.3 25.87105715 390 0
2100-2200 9 22.26471333 8.825843415 346.6 111.9325608 390 0
2100-2200 10 11.26067161 0.104471027 255.1 78.96369823 390 0
2100-2200 11 3.749023356 -4.71778865 163.1 111.5435559 390 0
2100-2200 12 -0.846487835 -10.91773947 125 87.55878001 390 0
