Year Month Tmax Tmin PAR Prec CO2 O3
1200-1980 1 -3.88554907812018 -15.5625437034972 143.5 80.7622095941913 390 0
1200-1980 2 -1.59586517524872 -14.0703134197406 209.8 69.5596284328678 390 0
1200-1980 3 3.3694988486617 -8.3658607961515 301.6 87.7790257034441 390 0
1200-1980 4 10.4783192397936 -1.26748122890139 391.2 95.7157385409134 390 0
1200-1980 5 17.845848674087 4.70677291322814 461.6 100.322482600289 390 0
1200-1980 6 22.6622898862035 10.0726574071936 512.7 108.243350517007 390 0
1200-1980 7 25.5312989816314 13.1426497636575 503.7 94.7486432110437 390 0
1200-1980 8 24.8732289125823 12.1487841918047 439.3 98.204257739516 390 0
1200-1980 9 20.1776497250951 7.56345750534465 346.6 99.3281821885529 390 0
1200-1980 10 13.167251288624 1.73843738633831 255.1 112.371045235285 390 0
1200-1980 11 6.05037073827773 -3.22934010751068 163.1 112.049166107283 390 0
1200-1980 12 -0.61483252176909 -10.5152752526648 125 100.333019053559 390 0
1981 1 -6.76977357997579 -20.2540952095493 143.5 40.3324935076471 390 0
1981 2 3.16819292558582 -8.55213045041457 209.8 107.747785509553 390 0
1981 3 4.46846775189406 -5.95899975077018 301.6 37.90032372607 390 0
1981 4 11.2966837127056 -0.461379532144448 391.2 85.6141843660759 390 0
1981 5 19.366824283584 5.61049305761303 461.6 91.0513194414248 390 0
1981 6 23.0584750051278 10.0676735844438 512.7 113.717701911423 390 0
1981 7 25.6698432561276 13.0037820045427 503.7 117.050009299808 390 0
1981 8 24.881730758855 11.1524409013521 439.3 121.883618594832 390 0
1981 9 18.7127036274223 7.23188424524552 346.6 176.901340322443 390 0
1981 10 11.6151089418255 0.51849842952732 255.1 167.316542115468 390 0
1981 11 5.71295722879708 -3.06772071383108 163.1 80.6668423709846 390 0
1981 12 -0.152463531642268 -8.15757226931722 125 124.376368995172 390 0
1982 1 -7.66327459948625 -20.9954332456988 143.5 101.067191351854 390 0
1982 2 -2.71251453433215 -15.9220177237961 209.8 73.0556863954832 390 0
1982 3 2.98810572362864 -9.73096967814808 301.6 68.8275657469634 390 0
1982 4 9.18699674777247 -2.96936239605038 391.2 94.8414660757033 390 0
1982 5 19.2555563804777 4.18308562877198 461.6 26.2488708579592 390 0
1982 6 21.0121079662213 8.67439541302432 512.7 117.058442640565 390 0
1982 7 26.5927031549392 12.3070343270702 503.7 61.6709572496772 390 0
1982 8 22.8583203130986 9.96419037538981 439.3 107.795700580385 390 0
1982 9 19.9343840726054 7.99462506888661 346.6 85.2703071558747 390 0
1982 10 14.3935360988498 0.88444154607154 255.1 34.8184138725693 390 0
1982 11 7.5098648300915 -1.95058195987937 163.1 133.55584754268 390 0
1982 12 1.96106047041763 -8.4341113755817 125 50.0750292837603 390 0
1983 1 -1.82456623077476 -13.1461503237243 143.5 91.2691367722872 390 0
1983 2 -0.303739833966711 -12.4880330760456 209.8 69.6498842063732 390 0
1983 3 4.31453087532944 -4.93562196707463 301.6 141.048862088109 390 0
1983 4 10.417244983269 0.265845071003591 391.2 197.142037370031 390 0
1983 5 15.4355890565463 4.89523538488999 461.6 148.804429489536 390 0
1983 6 24.441230958097 9.70973801501118 512.7 44.6074897531983 390 0
1983 7 26.3973845164074 12.8985394082749 503.7 122.526989984943 390 0
1983 8 25.5700364844852 12.3367525137984 439.3 95.8419228613434 390 0
1983 9 22.3877328113487 7.95978661187874 346.6 66.3018822966855 390 0
1983 10 13.5736764110131 1.29064330812222 255.1 70.5166529661466 390 0
1983 11 6.07184196290928 -2.22365882106988 163.1 237.219823360602 390 0
1983 12 -1.67598495907425 -12.1803850698827 125 167.538799953014 390 0
1984 1 -5.1285143759081 -17.3861840581085 143.5 54.2771351728569 390 0
1984 2 2.12459610506918 -8.8435389111603 209.8 113.206638045719 390 0
1984 3 0.120965280643763 -11.0416022191713 301.6 123.068652278477 390 0
1984 4 10.711129745338 -1.04465200181394 391.2 84.9814641220414 390 0
1984 5 17.0160261810604 3.85611933018707 461.6 187.430733979012 390 0
1984 6 22.3734848401924 9.6525497971342 512.7 173.528994354439 390 0
1984 7 25.674126668144 13.5999745177 503.7 96.428986947793 390 0
1984 8 26.0903342635918 13.6905174451471 439.3 54.6418364616499 390 0
1984 9 19.5657658219768 5.2895070842808 346.6 41.6480694704265 390 0
1984 10 14.7833239643218 1.32776312142801 255.1 60.4665463506432 390 0
1984 11 6.99222446123936 -3.60373134251544 163.1 69.8122180533798 390 0
1984 12 0.409145113469573 -9.68098876833568 125 81.7552286394959 390 0
1985 1 -6.57697708936326 -18.3626898902041 143.5 25.7863793957433 390 0
1985 2 -0.712050924995918 -12.9366527298039 209.8 77.0595969143272 390 0
1985 3 3.69150250910207 -8.8612427233698 301.6 72.6758409364491 390 0
1985 4 10.414497802793 -2.68717666961364 391.2 38.5010446102655 390 0
1985 5 18.3310502383185 3.49026343211263 461.6 79.2750800589004 390 0
1985 6 20.6651287677325 9.10144722386975 512.7 100.995429860797 390 0
1985 7 26.7269239041721 12.7626791496148 503.7 76.7736924420674 390 0
1985 8 24.3754659640451 10.7117319235667 439.3 99.2253788122563 390 0
1985 9 20.6500233940695 7.40908736016417 346.6 92.1803286816567 390 0
1985 10 13.9007993928172 1.5232149505038 255.1 69.5814957573582 390 0
1985 11 4.66349050780202 -3.80392316413276 163.1 111.519938655494 390 0
1985 12 -2.83782860242468 -15.3391353827692 125 55.4513824707558 390 0
1986 1 -1.97931320914288 -14.7658130301217 143.5 146.882147516843 390 0
1986 2 -2.27567441756888 -15.3677736452036 209.8 37.1688105984554 390 0
1986 3 4.01669317060431 -9.12099291017447 301.6 91.791158160517 390 0
1986 4 13.0098909270458 0.330744540709608 391.2 70.5384445488108 390 0
1986 5 18.2101831542168 4.9598549586698 461.6 102.166337570687 390 0
1986 6 21.554586380809 7.88284049502867 512.7 75.6757233482159 390 0
1986 7 23.4349982735516 12.0937088748556 503.7 115.887258271018 390 0
1986 8 22.6940802066655 11.4667688557344 439.3 130.093708625966 390 0
1986 9 18.0230680024845 5.33019076758602 346.6 87.420974744494 390 0
1986 10 12.6403746243776 0.903090983267668 255.1 36.7981483815451 390 0
1986 11 3.84462955285408 -5.89688802332484 163.1 94.6988099283082 390 0
1986 12 -0.703693297627815 -11.6982027101937 125 82.3485594175126 390 0
1987 1 -3.99650802414951 -16.3428475891886 143.5 86.4119529521781 390 0
1987 2 -2.93375096810184 -14.9522697164773 209.8 17.2813904871245 390 0
1987 3 4.57154099120013 -7.70100616394668 301.6 72.8903710293817 390 0
1987 4 13.1019077470414 0.530104373737765 391.2 131.466239860573 390 0
1987 5 18.3744743554548 3.94742886350898 461.6 73.2973370354631 390 0
1987 6 22.6520377310561 10.390509007692 512.7 110.989238649951 390 0
1987 7 25.0421739667819 12.9174165702748 503.7 57.1356032218496 390 0
1987 8 24.3377556601972 10.0850607398931 439.3 46.6876784137545 390 0
1987 9 19.1563763510115 7.43599744179804 346.6 143.280203924969 390 0
1987 10 13.3813908770202 1.11237505473805 255.1 99.0574187081988 390 0
1987 11 4.92268849731449 -4.81343585320866 163.1 56.0377333837808 390 0
1987 12 -0.791597959202515 -8.96643700805229 125 98.0370783816491 390 0
1988 1 -3.5185279373761 -16.9570012029106 143.5 59.7451915324504 390 0
1988 2 -0.903241116981799 -14.8758773488535 209.8 71.4967881329159 390 0
1988 3 3.40607333108727 -9.5969818270532 301.6 36.2346992630006 390 0
1988 4 9.8334438194718 -0.553580026187065 391.2 83.3649348050976 390 0
1988 5 18.9396007741994 5.7150683614634 461.6 60.0347172320878 390 0
1988 6 23.2946782230954 8.68900339367281 512.7 56.6678665541186 390 0
1988 7 26.2731425514981 14.3895361710036 503.7 116.948561142728 390 0
1988 8 25.1178235596496 13.781035478837 439.3 152.364998321283 390 0
1988 9 19.1565736975062 6.41760277379655 346.6 43.1923657738867 390 0
1988 10 10.6497849079625 0.785783830671064 255.1 103.30182841477 390 0
1988 11 6.81786637673879 -2.03929420715396 163.1 157.843533898536 390 0
1988 12 -2.27352456108421 -13.7399588377308 125 34.5184641027193 390 0
1989 1 -1.99741116350478 -15.0376072606824 143.5 46.0877571063576 390 0
1989 2 -2.6285237277857 -15.7521868620733 209.8 57.4299332818358 390 0
1989 3 2.10310340487552 -12.0484831410773 301.6 65.0182713863948 390 0
1989 4 8.17266719459202 -2.50841138140097 391.2 84.8925991636327 390 0
1989 5 19.5083911206985 6.63166608357375 461.6 199.649600217216 390 0
1989 6 22.2666089292094 10.4882347591921 512.7 105.131471546229 390 0
1989 7 25.9801183306678 11.5332474360886 503.7 58.5431213504145 390 0
1989 8 23.8120217591208 11.5068335268367 439.3 136.194538391808 390 0
1989 9 20.057748751673 6.93742888235717 346.6 103.15591174116 390 0
1989 10 13.882594251439 1.06990047298117 255.1 73.6956336293252 390 0
1989 11 4.50783767541116 -5.17300679351679 163.1 137.73714114346 390 0
1989 12 -8.70562562126357 -20.9130887867865 125 48.1214185999519 390 0
1990 1 -0.0771441626522056 -11.1668907270458 143.5 107.825393405721 390 0
1990 2 -1.34480329183218 -15.8051429856673 209.8 53.9685451559569 390 0
1990 3 3.93896922074143 -9.01475551604879 301.6 47.9312936003681 390 0
1990 4 10.3662416601454 -0.884223972850906 391.2 93.873756387532 390 0
1990 5 16.2262826026391 3.69217768010805 461.6 151.98505170677 390 0
1990 6 23.0440517511862 10.1306232924351 512.7 114.694597808931 390 0
1990 7 25.7519377005396 13.2064053209288 503.7 89.8103787193192 390 0
1990 8 26.1003251775937 13.2687744448269 439.3 127.34183065216 390 0
1990 9 19.007826666268 7.48384975951014 346.6 85.2210940673032 390 0
1990 10 13.8424687130232 3.55298705064328 255.1 202.637708829853 390 0
1990 11 5.9396504614802 -2.47128081585067 163.1 104.21652299227 390 0
1990 12 1.56226742318625 -8.79030690747562 125 148.727264012307 390 0
1991 1 -4.55594646553347 -17.2916731484408 143.5 71.0858098656299 390 0
1991 2 -0.0141849763500732 -13.2252002510135 209.8 29.5995134213325 390 0
1991 3 3.93625842858791 -6.56235444508298 301.6 129.777450601478 390 0
1991 4 11.6224632880519 -1.23034543312382 391.2 87.6145737124384 390 0
1991 5 20.4259291910304 4.89926191317959 461.6 93.713035579919 390 0
1991 6 23.9442840494334 9.99063513158141 512.7 63.9265680037769 390 0
1991 7 25.947180188452 12.0879810812454 503.7 53.2459647440797 390 0
1991 8 25.2252880311926 13.0209423431012 439.3 212.177030057514 390 0
1991 9 19.0085305435303 5.70071097411199 346.6 120.632679447052 390 0
1991 10 13.740075450442 2.49523892648895 255.1 107.297155674627 390 0
1991 11 5.74917965947045 -2.21756676791389 163.1 91.8039817214079 390 0
1991 12 -2.29824352578621 -13.395808607553 125 65.9996489884169 390 0
1992 1 -3.97245650164181 -15.7480133944646 143.5 105.189178021896 390 0
1992 2 -2.46610791755863 -15.0918354579286 209.8 78.4878869878555 390 0
1992 3 1.0608860272636 -10.9564054208734 301.6 102.064891682155 390 0
1992 4 8.62271291287044 -2.67831948091217 391.2 49.1687085203333 390 0
1992 5 19.242802395495 2.94133584687148 461.6 23.0957305145959 390 0
1992 6 22.722077627338 9.4947528548023 512.7 111.882647857558 390 0
1992 7 22.926638673289 10.3845514480154 503.7 94.0502333412379 390 0
1992 8 23.4904565469795 12.1275523324085 439.3 97.2899945616101 390 0
1992 9 20.2887904922926 7.18247747515067 346.6 65.9433206401429 390 0
1992 10 11.0128856767501 0.214172015623346 255.1 87.0075821029107 390 0
1992 11 4.39715763256178 -5.05652805732456 163.1 84.5495377040353 390 0
1992 12 -0.723087419976813 -9.86640562744314 125 43.7868071544736 390 0
1993 1 -3.33357781873907 -14.9268797904916 143.5 57.0313919517929 390 0
1993 2 -6.74397470133197 -21.2221967431461 209.8 87.1187430788554 390 0
1993 3 3.14215033618082 -11.5086314414491 301.6 83.1855900830131 390 0
1993 4 10.6389214636109 -1.59228542962661 391.2 149.360020166337 390 0
1993 5 18.371211898739 4.38421728023314 461.6 56.8460553789486 390 0
1993 6 22.8066600437291 8.89842670795532 512.7 106.546846568148 390 0
1993 7 25.3708668362421 12.521883402458 503.7 60.4185366505734 390 0
1993 8 26.1501933648986 12.1833563580957 439.3 60.1413521871575 390 0
1993 9 19.7338216766223 7.07961725544146 346.6 104.767755453261 390 0
1993 10 10.620658791435 -0.906791464164472 255.1 105.719898427781 390 0
1993 11 5.99701230466836 -4.71024358397339 163.1 114.094422102687 390 0
1993 12 -0.500274325738462 -9.66752471095666 125 142.266568427044 390 0
1994 1 -8.63696211355553 -22.1589665256102 143.5 129.090420989078 390 0
1994 2 -4.68680580960206 -18.5269190918626 209.8 32.9363664590421 390 0
1994 3 2.34795173946307 -7.73922337441373 301.6 110.002489032751 390 0
1994 4 9.71055762692473 -1.90648017113369 391.2 97.7114533865221 390 0
1994 5 15.7576418679535 3.62334986670894 461.6 108.849459226333 390 0
1994 6 24.6099480710582 11.2433242907207 512.7 92.7348205112983 390 0
1994 7 26.9617727751069 14.9258295578517 503.7 88.1890996674509 390 0
1994 8 24.3083418649099 11.1999470948658 439.3 63.591839527731 390 0
1994 9 18.711503241549 7.07449444549364 346.6 112.024685944732 390 0
1994 10 14.3374676448069 1.23421989712831 255.1 36.5669335747913 390 0
1994 11 8.37411736760128 -3.08471171897958 163.1 103.281006120225 390 0
1994 12 0.922568710224204 -9.44144933614986 125 65.7039938213837 390 0
1995 1 -2.23040511338978 -11.5155903002687 143.5 111.052278120905 390 0
1995 2 -3.70490918279525 -17.6865225988651 209.8 63.8275817374916 390 0
1995 3 3.35465860312314 -7.39689156624055 301.6 68.1152194077231 390 0
1995 4 8.23016809540926 -3.56899571999218 391.2 58.6333535140617 390 0
1995 5 16.8712697281272 3.91064521020111 461.6 100.631333218768 390 0
1995 6 24.7696215783711 10.1623454474965 512.7 58.6659044871964 390 0
1995 7 26.7137788837216 14.1022781537193 503.7 88.8600689471758 390 0
1995 8 26.0610849261783 11.5626130017893 439.3 45.3878055631073 390 0
1995 9 19.2407352811459 4.02029700725414 346.6 64.9306010575782 390 0
1995 10 15.7479790443405 3.42422394307612 255.1 183.864821770782 390 0
1995 11 4.04896148399973 -4.85090670893265 163.1 171.667026249182 390 0
1995 12 -3.08045674416475 -12.934738729266 125 77.5975002556395 390 0
1996 1 -3.94361758140514 -16.0607906209965 143.5 134.612788955437 390 0
1996 2 -2.81774056619999 -14.0328993411683 209.8 97.2237847453574 390 0
1996 3 2.37897047016396 -9.61544751332838 301.6 61.9778340134515 390 0
1996 4 9.35140956059008 -0.770921713852874 391.2 124.566309544079 390 0
1996 5 16.242282242942 3.25638729573778 461.6 131.271059419462 390 0
1996 6 22.6658966363236 10.4065924092095 512.7 115.447173470765 390 0
1996 7 23.5606445716901 12.9426343483152 503.7 189.883330711123 390 0
1996 8 24.985857696213 11.8817555107696 439.3 36.6199269443258 390 0
1996 9 19.3207414167536 8.43390755545086 346.6 121.589120208595 390 0
1996 10 12.0856544115547 0.758979675519078 255.1 107.446318928389 390 0
1996 11 4.27248394229145 -4.91363209948251 163.1 57.3158135835573 390 0
1996 12 2.07223771473757 -5.75546000054706 125 167.307691213783 390 0
1997 1 -4.19866605493841 -15.6074771175924 143.5 103.142979737625 390 0
1997 2 -1.16411099787416 -14.2605302357428 209.8 60.7787673702114 390 0
1997 3 0.983212904523992 -10.7486682955484 301.6 84.2525722881258 390 0
1997 4 8.60206174759189 -2.71267612576651 391.2 75.8086698982709 390 0
1997 5 14.6021636474178 2.95068168063751 461.6 104.195701764314 390 0
1997 6 23.6489525654443 9.20780007569086 512.7 84.0870486937051 390 0
1997 7 25.8844167277565 12.4266520283299 503.7 91.1453949916139 390 0
1997 8 23.9089615984903 11.4056383357893 439.3 115.194249329585 390 0
1997 9 18.8110814347732 7.63655927255212 346.6 81.5121296216937 390 0
1997 10 12.0968321779257 0.847549894968823 255.1 35.878690125219 390 0
1997 11 4.15302341542822 -4.61594386936202 163.1 110.140975101937 390 0
1997 12 -0.917345446329358 -11.4207691436262 125 69.5211399040988 390 0
1998 1 -2.9631166391669 -12.5342027111301 143.5 141.842079597016 390 0
1998 2 1.30975533421146 -10.222858463137 209.8 95.5845482103143 390 0
1998 3 4.23069382272088 -6.95713580986224 301.6 108.942236554855 390 0
1998 4 11.6573832549854 -0.603365564506527 391.2 86.4314088175527 390 0
1998 5 20.8492869913881 7.1184581424806 461.6 88.2328145514763 390 0
1998 6 20.7080354718566 10.5309493467099 512.7 189.727240390766 390 0
1998 7 25.6362716252992 12.9766214916592 503.7 90.5145700954968 390 0
1998 8 25.6693830456305 11.7950576016093 439.3 57.195772709564 390 0
1998 9 20.0266361944726 8.2133877517892 346.6 65.5370193399918 390 0
1998 10 12.3172487991377 2.57464724548791 255.1 132.808602912533 390 0
1998 11 4.9897170100646 -2.47185755973474 163.1 70.9363063092002 390 0
1998 12 2.45651175776227 -8.14624684429853 125 46.8424102896559 390 0
1999 1 -3.21899911145324 -16.4675067181786 143.5 149.03173964432 390 0
1999 2 0.407839403637402 -12.2291844282396 209.8 62.544908860785 390 0
1999 3 4.23002443915736 -5.49813558606628 301.6 156.303997291469 390 0
1999 4 10.7622248930504 -0.849274434438873 391.2 20.5592276454403 390 0
1999 5 20.4385230897323 5.9818935857364 461.6 72.6021173505872 390 0
1999 6 25.6634165699511 11.6573794458881 512.7 87.2908622084613 390 0
1999 7 26.4709444058327 13.9422918654929 503.7 71.7277631113798 390 0
1999 8 24.623520761542 11.7011429946084 439.3 75.7395371342359 390 0
1999 9 23.096095662128 10.7823898959172 346.6 229.241366181855 390 0
1999 10 12.0098917108341 -0.124310353382546 255.1 110.372020878743 390 0
1999 11 8.25602736213324 -1.58794481296964 163.1 92.1974950705515 390 0
1999 12 0.819176415844467 -7.85888292046084 125 77.9912668512674 390 0
2000 1 -4.25152937124723 -15.5472125199486 143.5 95.0941352270577 390 0
2000 2 -1.18745743036287 -14.7146101962581 209.8 81.6257830120063 390 0
2000 3 6.13211790702445 -5.91319852928359 301.6 102.105963907248 390 0
2000 4 9.31971830907247 -0.958867411893823 391.2 150.591347072306 390 0
2000 5 16.1392312035061 3.95071850475633 461.6 111.972894014887 390 0
2000 6 22.1434529013196 9.15157509210143 512.7 59.6603746114503 390 0
2000 7 23.44828967594 11.5474428061102 503.7 95.5331707286319 390 0
2000 8 23.5203179331443 11.7003434970002 439.3 62.1581853274186 390 0
2000 9 19.4052471042991 6.80313841171085 346.6 56.8670278358895 390 0
2000 10 13.4806904326311 1.24393234239499 255.1 85.8888936050805 390 0
2000 11 5.7751866189531 -1.49658704483913 163.1 77.2626377112253 390 0
2000 12 -2.73342527374566 -12.8277820799639 125 113.844327426472 390 0
2001 1 -3.51100435869724 -16.858602680017 143.5 32.9756734463544 390 0
2001 2 -2.3057367099894 -15.9975042251534 209.8 72.7675859140819 390 0
2001 3 1.58339750465559 -10.1413947956566 301.6 97.1375892009416 390 0
2001 4 9.63977038457676 -2.57343539841865 391.2 23.8033442147463 390 0
2001 5 20.527815961088 5.0753775867919 461.6 47.2020784347168 390 0
2001 6 23.748148020094 11.5281781524156 512.7 90.3418286087607 390 0
2001 7 24.5787711810423 12.1530473380054 503.7 86.6301766596722 390 0
2001 8 27.1784197890097 12.8584497377677 439.3 36.0810090947014 390 0
2001 9 21.5488944080585 7.90499675069353 346.6 99.5322934979634 390 0
2001 10 15.2917552600947 1.72642468825125 255.1 44.245224915381 390 0
2001 11 7.60316247794315 -1.3720891371439 163.1 54.3416688923504 390 0
2001 12 2.70879454871126 -6.45686630238906 125 57.7995453952441 390 0
2002 1 -1.31562305373636 -11.0594631949625 143.5 68.0676213971936 390 0
2002 2 -0.62339164751689 -12.9879183448578 209.8 88.4643190595509 390 0
2002 3 2.68137773905294 -8.05360356779584 301.6 93.8447428748137 390 0
2002 4 9.67461042095687 -0.437836936980049 391.2 118.951444939549 390 0
2002 5 16.2500432190399 3.41611362247992 461.6 80.7678695438468 390 0
2002 6 21.2337287273834 8.97022033070511 512.7 98.5999259691411 390 0
2002 7 25.1958525475545 12.6692669515184 503.7 92.9574740001411 390 0
2002 8 26.9632536839487 12.7723715202821 439.3 25.8710571456087 390 0
2002 9 22.2647133349098 8.82584341524994 346.6 111.932560807937 390 0
2002 10 11.260671607483 0.104471027140884 255.1 78.9636982302872 390 0
2002 11 3.74902335566185 -4.71778865017627 163.1 111.543555902714 390 0
2002 12 -0.846487835060754 -10.9177394680688 125 87.558780008694 390 0
2003 1 -6.98306889522682 -18.2106158142535 143.5 38.4559943089167 390 0
2003 2 -4.80511203196317 -16.9578005566135 209.8 65.9595542785284 390 0
2003 3 2.18193176229004 -10.9820523358344 301.6 95.1561180844525 390 0
2003 4 8.37925012149996 -3.86373710348536 391.2 47.6292822605408 390 0
2003 5 16.2264345348025 4.31767566259682 461.6 84.740169634692 390 0
2003 6 23.1166992864237 10.0244321108153 512.7 79.9039713367321 390 0
2003 7 25.2848309079683 13.458195873521 503.7 82.140231688359 390 0
2003 8 24.9223035839451 13.8936307051612 439.3 85.734706709993 390 0
2003 9 21.538555575327 8.53365121260759 346.6 121.385180257353 390 0
2003 10 12.7371664087056 1.87451776786702 255.1 221.295102508055 390 0
2003 11 7.00071528083937 -2.70778525365138 163.1 117.738505360857 390 0
2003 12 0.419866950032545 -9.91240115235221 125 173.097884454158 390 0
2004 1 -8.99074426276733 -18.9345891338556 143.5 22.1813056695853 390 0
2004 2 -1.48269477285818 -14.288829598836 209.8 38.790636858279 390 0
2004 3 3.81396701482632 -7.17194126227136 301.6 39.0082521242693 390 0
2004 4 10.204442581463 -1.47998241191216 391.2 95.1139481201357 390 0
2004 5 18.0831702951531 5.03782146505243 461.6 91.0964505514241 390 0
2004 6 21.0828112466169 8.14143328112709 512.7 57.6843786629356 390 0
2004 7 23.8331667368344 12.9939555745548 503.7 113.63024255174 390 0
2004 8 24.5929840112526 12.7775352225261 439.3 155.64640322239 390 0
2004 9 20.6311040567152 7.20409524898671 346.6 69.0980663931195 390 0
2004 10 13.9096932295258 1.80388452792683 255.1 59.8343949408342 390 0
2004 11 5.88319198286084 -3.75036103338156 163.1 113.522920956843 390 0
2004 12 -1.65468972438667 -11.8819850441142 125 111.588287802522 390 0
2005 1 -5.14630383228882 -17.2080374748505 143.5 62.6441874079024 390 0
2005 2 -0.41690337863733 -13.4787220177931 209.8 69.4685465375658 390 0
2005 3 2.46276603248142 -9.65418630908685 301.6 111.018569364633 390 0
2005 4 11.5488411482385 -0.614252610556425 391.2 195.259811685951 390 0
2005 5 13.821869564055 3.97608942263777 461.6 161.813416561116 390 0
2005 6 24.2998022221903 11.4715354216689 512.7 87.7836406978171 390 0
2005 7 25.9786514496963 13.166207169784 503.7 102.010712705872 390 0
2005 8 25.4774979943407 12.6387235046662 439.3 104.14915081359 390 0
2005 9 21.6255536092714 9.27892663654398 346.6 117.400692458598 390 0
2005 10 13.0524149364696 4.25883643292215 255.1 300.971536670495 390 0
2005 11 6.93880487743931 -2.7711258493029 163.1 167.901353493562 390 0
2005 12 -0.836720895392439 -9.91525092708136 125 145.22356111329 390 0
2006 1 -0.0189141131410447 -10.0244318917156 143.5 113.315427505782 390 0
2006 2 -1.70896626319046 -11.7897416984221 209.8 64.9945404436435 390 0
2006 3 3.80039812942293 -6.82014382581342 301.6 29.965135186332 390 0
2006 4 12.4448375140005 -0.259248235632263 391.2 60.7142685655276 390 0
2006 5 18.1784534782391 6.30015651557381 461.6 159.125450193953 390 0
2006 6 22.841128519826 12.8074316180747 512.7 183.484192491428 390 0
2006 7 26.8925945584187 14.9121734941603 503.7 139.322544086757 390 0
2006 8 23.230509128358 10.8041468762819 439.3 101.559789816405 390 0
2006 9 20.2191919536017 7.61232320727507 346.6 75.0053765921053 390 0
2006 10 12.9228285569207 2.18433833420398 255.1 194.414390406276 390 0
2006 11 8.23269505877373 -0.221055083346891 163.1 139.080108750327 390 0
2006 12 2.44065889554009 -6.38332235296669 125 77.7840338814204 390 0
2007 1 -2.47506632657024 -13.3929522779472 143.5 72.0050109798535 390 0
2007 2 -4.98143110368566 -17.9557763218394 209.8 51.5522746934931 390 0
2007 3 2.88072870095125 -9.33139438984296 301.6 104.937950811598 390 0
2007 4 8.46695412399423 -2.17307996368241 391.2 173.582535563568 390 0
2007 5 17.9673860510796 4.24474296398847 461.6 84.7142296067893 390 0
2007 6 23.1189029955301 10.272964653168 512.7 65.922967840169 390 0
2007 7 24.6384519051279 12.4965835576779 503.7 78.9776329891602 390 0
2007 8 25.0457769827558 11.2533949784415 439.3 102.082880761061 390 0
2007 9 21.3164810255154 7.82359531511694 346.6 51.642848919546 390 0
2007 10 15.8609879401733 4.30936618022007 255.1 119.46816389627 390 0
2007 11 4.81870250300416 -4.41370006928817 163.1 190.421503904036 390 0
2007 12 -2.7396934874658 -12.7285727423601 125 115.359165610275 390 0
2008 1 -1.772544644925 -13.226677313728 143.5 77.6601620088397 390 0
2008 2 -1.60745327463643 -13.5755779751598 209.8 143.541001705439 390 0
2008 3 1.29785240264306 -10.8287475797925 301.6 115.611413112627 390 0
2008 4 12.155021587767 -1.18623464923967 391.2 109.433678461489 390 0
2008 5 17.4236019777513 3.78572527069567 461.6 36.0843930488303 390 0
2008 6 21.7868244257903 11.3745757950839 512.7 156.652754722506 390 0
2008 7 26.2610392867892 14.5130769342951 503.7 121.809172987787 390 0
2008 8 22.9988012559206 12.2320949984511 439.3 126.571052894487 390 0
2008 9 19.9618136316095 7.78220312422504 346.6 149.879118794591 390 0
2008 10 12.7835634861339 1.42437200965208 255.1 112.792103457564 390 0
2008 11 6.12003015554837 -2.62223887708595 163.1 154.229523060862 390 0
2008 12 -0.396516818842921 -11.9102000066425 125 144.103184837399 390 0
2009 1 -6.74189011449385 -19.9924380624065 143.5 66.901257794601 390 0
2009 2 -1.22060560838993 -13.609678991089 209.8 68.4000979840528 390 0
2009 3 3.37630381730808 -9.78163433046859 301.6 64.4375005623936 390 0
2009 4 12.0120933809654 -0.316943181012159 391.2 101.246962161321 390 0
2009 5 17.6643317213744 4.72130344099308 461.6 101.372453618612 390 0
2009 6 20.3676361829107 10.1314121693709 512.7 179.040174548451 390 0
2009 7 22.4122311261438 12.8218032870329 503.7 160.416059370526 390 0
2009 8 25.6114043988862 13.4336532743957 439.3 107.412915199853 390 0
2009 9 20.1604290825801 6.12709777595255 346.6 40.359141078287 390 0
2009 10 9.99988833353182 0.905480091262101 255.1 149.459804557751 390 0
2009 11 9.12502462180172 -1.1240412084101 163.1 127.53898715365 390 0
2009 12 -0.938262955481025 -9.39950109997916 125 115.747947020263 390 0
2010 1 -1.76809349300664 -10.8658666185021 143.5 90.129066319099 390 0
2010 2 -0.382332402351987 -7.96588748021188 209.8 70.5451464357271 390 0
2010 3 7.24524645012793 -3.80529455520819 301.6 134.16362666858 390 0
2010 4 13.6394449521683 1.43288085171633 391.2 74.5269985088201 390 0
2010 5 20.1458137766478 6.06760681827063 461.6 51.1857896220638 390 0
2010 6 22.1049297525952 10.6624500056683 512.7 146.249304064862 390 0
2010 7 26.9334392782453 15.4272707042925 503.7 58.2356900383392 390 0
2010 8 25.6227652392862 12.2313246258571 439.3 60.6093836520664 390 0
2010 9 20.6843988313283 9.95511325007642 346.6 129.135909279329 390 0
2010 10 13.0602027157536 2.74721153066782 255.1 152.280298379527 390 0
2010 11 6.1823623077552 -2.81365573120511 163.1 140.663791008934 390 0
2010 12 -0.276447980580516 -8.58733408285993 125 183.671159462794 390 0
2011 1 -3.41361250148707 -13.9962847578191 143.5 54.0260843177841 390 0
2011 2 -2.58073014191355 -15.4718458779878 209.8 71.8510718742499 390 0
2011 3 3.14000313949161 -8.3648812985777 301.6 128.038481801659 390 0
2011 4 9.84382516926513 -1.25000187225142 391.2 132.99669296683 390 0
2011 5 16.6343196037325 6.65232893897231 461.6 136.255110753382 390 0
2011 6 22.0850939884259 10.2935315600188 512.7 93.8066589063093 390 0
2011 7 26.7861998416878 13.7006639566667 503.7 77.9232161491831 390 0
2011 8 24.5310665745888 13.1786347001315 439.3 204.247983593598 390 0
2011 9 21.4080214213548 9.66913778063147 346.6 94.3811661815756 390 0
2011 10 13.876380218328 4.40006310885291 255.1 127.792706396054 390 0
2011 11 9.46503157827674 -1.9259023617579 163.1 68.9640275210493 390 0
2011 12 2.13826180024179 -8.41927179618569 125 94.1494907069877 390 0
2012 1 -2.02067782196243 -12.7254348333082 143.5 81.5677628630423 390 0
2012 2 0.125735335566965 -11.9266898294454 209.8 44.7204200693009 390 0
2012 3 7.56532826582253 -5.01359365927242 301.6 49.4763360862304 390 0
2012 4 12.3919727538119 -0.289600392372574 391.2 109.21037882155 390 0
2012 5 18.0895927820937 6.89024956207185 461.6 124.602905920088 390 0
2012 6 21.5428702049254 10.4019393946677 512.7 190.413368155064 390 0
2012 7 26.8593223553176 13.9119041114266 503.7 40.6241823871562 390 0
2012 8 26.3556813307474 14.2840631590787 439.3 114.002399035552 390 0
2012 9 20.2813763511243 7.6670111128857 346.6 121.174205797052 390 0
2012 10 14.4318360996529 4.03745911671161 255.1 201.242535759571 390 0
2012 11 5.88487500564157 -3.71019407232639 163.1 36.1742212930818 390 0
2012 12 0.477482559857909 -8.61459219085686 125 140.013400323512 390 0
2013 1 -3.22828901625887 -14.7955227776863 143.5 28.3657817646634 390 0
2013 2 -1.08472215450551 -11.6059896771729 209.8 76.6195998197306 390 0
2013 3 3.74728410944664 -5.2177904843956 301.6 69.7968492571253 390 0
2013 4 10.3551452821508 -1.96178517006154 391.2 50.4887819930097 390 0
2013 5 18.295852876287 4.83997275896236 461.6 140.327929711663 390 0
2013 6 22.4822546044508 10.7867941609456 512.7 159.110957826065 390 0
2013 7 26.4141585328502 14.9128032842116 503.7 135.684198731369 390 0
2013 8 24.5047902256936 12.0093997510935 439.3 119.204868407035 390 0
2013 9 19.9265214028093 8.79316280575247 346.6 149.2852682551 390 0
2013 10 15.2194614093125 2.86144806239097 255.1 34.4432256195988 390 0
2013 11 5.66269680580887 -4.36884230278025 163.1 118.944701238558 390 0
2013 12 -3.59513461313485 -12.6617910556927 125 103.082239962327 390 0
2014 1 -2.2464437 -11.960957 143.5 58.2474097 390 0
2014 2 2.3849134 -6.358337 209.8 67.395231175 390 0
2014 3 3.3674793 -8.398715 301.6 59.5975403 390 0
2014 4 10.683808 0.5368627 391.2 212.6904 390 0
2014 5 18.477934 5.426025 461.6 78.577436 390 0
2014 6 24.581066 11.411353 512.7 91.302882 390 0
2014 7 28.434862 15.270579 503.7 90.8913397 390 0
2014 8 25.29761 10.996417 439.3 48.8462443 390 0
2014 9 21.818995 9.159713 346.6 173.52183 390 0
2014 10 16.164515 4.617195 255.1 173.3086434 390 0
2014 11 8.207296 -2.179774 163.1 63.655815 390 0
2014 12 3.3488126 -5.666153 125 80.2602493 390 0
2015 1 -1.9333569 -12.067936 143.5 161.5283613 390 0
2015 2 -1.9784967 -14.168431 209.8 141.78434875 390 0
2015 3 2.8890474 -6.3442173 301.6 116.8250252 390 0
2015 4 12.06656 0.90357107 391.2 76.457799 390 0
2015 5 17.586504 4.624173 461.6 122.5054993 390 0
2015 6 24.538477 10.831412 512.7 56.443959 390 0
2015 7 26.62264 13.511644 503.7 109.1153066 390 0
2015 8 26.830774 13.064249 439.3 36.487713 390 0
2015 9 20.748838 8.756237 346.6 88.786704 390 0
2015 10 16.143112 3.8002841 255.1 100.6972721 390 0
2015 11 8.461068 -0.37106907 163.1 179.66964 390 0
2015 12 1.6441728 -8.551913 125 118.1869234 390 0
2016 1 -3.3841963 -14.953372 143.5 99.5419672 390 0
2016 2 -0.7393235 -14.638371 209.8 111.79047625 390 0
2016 3 0.65710163 -11.495285 301.6 92.6746488 390 0
2016 4 10.918054 -0.2769459 391.2 140.900502 390 0
2016 5 16.70978 4.4481215 461.6 107.8422265 390 0
2016 6 25.655514 12.143691 512.7 103.00323 390 0
2016 7 26.940176 13.442592 503.7 61.0856767 390 0
2016 8 27.471695 14.235021 439.3 95.959508 390 0
2016 9 19.978731 6.5085306 346.6 128.102001 390 0
2016 10 12.429892 1.7814127 255.1 207.302084 390 0
2016 11 6.0232067 -2.7239215 163.1 148.55655 390 0
2016 12 0.8118162 -8.353566 125 36.5733319 390 0
2017 1 0.6703952 -8.390947 143.5 199.336913 390 0
2017 2 -0.8052997 -12.411733 209.8 40.811088475 390 0
2017 3 0.9082354 -9.136143 301.6 115.3730472 390 0
2017 4 10.817692 0.07940642 391.2 149.904642 390 0
2017 5 20.539122 5.9299035 461.6 216.2490312 390 0
2017 6 24.236021 10.598738 512.7 50.754894 390 0
2017 7 25.023256 13.324862 503.7 127.773289 390 0
2017 8 25.424482 11.847233 439.3 40.3856003 390 0
2017 9 19.436625 5.9102826 346.6 57.001116 390 0
2017 10 14.398449 1.6481478 255.1 88.7585552 390 0
2017 11 7.4365716 -0.91585964 163.1 127.19136 390 0
2017 12 0.10786505 -9.883132 125 32.186959 390 0
2018 1 0.47848064 -10.545105 143.5 95.2099993 390 0
2018 2 1.8805697 -8.783236 209.8 71.555343125 390 0
2018 3 6.6304326 -4.6075935 301.6 44.8330773 390 0
2018 4 11.120151 0.18321931 391.2 138.822642 390 0
2018 5 18.641787 6.2487817 461.6 152.8073917 390 0
2018 6 24.48244 12.097067 512.7 79.901649 390 0
2018 7 26.704838 13.903127 503.7 110.9903168 390 0
2018 8 23.23402 10.616987 439.3 80.76678 390 0
2018 9 19.995428 8.813136 346.6 116.776635 390 0
2018 10 14.725272 2.5039635 255.1 43.9906461 390 0
2018 11 10.153617 0.990482 163.1 184.355091 390 0
2018 12 2.4689944 -7.5234303 125 232.818835 390 0
2019 1 0.92189664 -11.193682 143.5 73.2429374 390 0
2019 2 -1.5554966 -14.171953 209.8 106.755781025 390 0
2019 3 3.700534 -7.0228195 301.6 109.0697025 390 0
2019 4 11.224468 -0.102512084 391.2 84.955116 390 0
2019 5 19.257797 5.721601 461.6 60.030105 390 0
2019 6 27.136662 13.445538 512.7 124.992198 390 0
2019 7 27.24526 14.056621 503.7 100.4247542 390 0
2019 8 27.171692 14.548603 439.3 135.538913 390 0
2019 9 19.726238 8.374804 346.6 56.209026 390 0
2019 10 14.606676 3.4147747 255.1 90.1587973 390 0
2019 11 6.0802264 -2.761121 163.1 174.775515 390 0
2019 12 1.5300214 -8.487608 125 118.2608336 390 0
2020 1 -0.49405834 -12.139698 143.5 80.2879416 390 0
2020 2 0.65361536 -12.980929 209.8 69.28917615 390 0
2020 3 4.196859 -6.746205 301.6 69.9432602 390 0
2020 4 12.274475 0.10436909 391.2 48.66513 390 0
2020 5 16.707222 4.3293777 461.6 88.7526218 390 0
2020 6 24.324877 11.052198 512.7 80.372571 390 0
2020 7 27.211048 14.44438 503.7 65.0657977 390 0
2020 8 25.925713 13.032853 439.3 84.032413 390 0
2020 9 22.553062 8.730662 346.6 48.514404 390 0
2020 10 13.335391 2.1104863 255.1 113.617604 390 0
2020 11 6.7340035 -1.8299247 163.1 163.02186 390 0
2020 12 1.1311016 -8.230559 125 112.5063904 390 0
2021 1 -2.0569437 -12.332821 143.5 66.395428 390 0
2021 2 -0.009382285 -13.183574 209.8 94.209244125 390 0
2021 3 4.077233 -7.176908 301.6 142.6387097 390 0
2021 4 10.893781 -1.283311 391.2 29.586165 390 0
2021 5 19.043566 4.783532 461.6 96.6189183 390 0
2021 6 26.048422 12.452859 512.7 121.908189 390 0
2021 7 27.631525 14.133021 503.7 112.1588959 390 0
2021 8 26.706593 13.573752 439.3 95.1282833 390 0
2021 9 23.494055 9.408063 346.6 43.344252 390 0
2021 10 14.858548 4.058932 255.1 164.5150687 390 0
2021 11 7.3507524 -1.7940768 163.1 141.692448 390 0
2021 12 2.0373547 -7.233915 125 57.5460936 390 0
2022 1 -1.0888281 -11.786484 143.5 49.1361997 390 0
2022 2 -0.37663823 -13.122173 209.8 50.516415525 390 0
2022 3 4.3823824 -4.651689 301.6 122.9416042 390 0
2022 4 10.976026 -0.12600876 391.2 110.350749 390 0
2022 5 20.164902 5.227112 461.6 50.0138624 390 0
2022 6 26.083828 12.161179 512.7 123.315681 390 0
2022 7 28.47566 14.52545 503.7 63.0601628 390 0
2022 8 24.342148 12.12839 439.3 105.4691517 390 0
2022 9 19.345745 7.6575656 346.6 128.366331 390 0
2022 10 11.569037 1.1079947 255.1 101.2798582 390 0
2022 11 6.812514 -1.648202 163.1 173.287311 390 0
2022 12 2.711304 -5.9163537 125 95.7683 390 0
2023 1 -1.0393527 -11.8011675 143.5 117.4652155 390 0
2023 2 -2.0178208 -15.064901 209.8 45.2211084 390 0
2023 3 0.7987559 -11.313524 301.6 70.4277747 390 0
2023 4 12.3050165 1.0004727 391.2 104.80224 390 0
2023 5 19.925568 5.182028 461.6 40.7256176 390 0
2023 6 22.151718 10.285524 512.7 103.137774 390 0
2023 7 27.675152 15.106649 503.7 188.2270927 390 0
2023 8 26.45333 12.533238 439.3 60.3154755 390 0
2023 9 19.41738 7.362272 346.6 147.277779 390 0
2023 10 15.268927 2.2959661 255.1 35.2563713 390 0
2023 11 9.915477 0.41749713 163.1 72.514299 390 0
2023 12 2.679603 -5.893453 125 83.1423968 390 0
2024 1 -3.3616524 -16.009283 143.5 89.246365 390 0
2024 2 1.0904745 -10.040259 209.8 99.28439335 390 0
2024 3 6.0648913 -4.5675097 301.6 63.6015437 390 0
2024 4 12.381554 0.6588089 391.2 85.607679 390 0
2024 5 20.589598 5.0006423 461.6 64.5050015 390 0
2024 6 23.672995 11.739425 512.7 128.76315 390 0
2024 7 28.332302 14.936836 503.7 86.4771102 390 0
2024 8 27.14989 14.100005 439.3 102.7411052 390 0
2024 9 18.275524 5.9057193 346.6 149.04885 390 0
2024 10 16.009491 3.3752737 255.1 89.5382145 390 0
2024 11 7.2098203 -1.9210258 163.1 59.892684 390 0
2024 12 -1.5950311 -13.226903 125 134.504505 390 0
2025 1 -0.40987864 -10.757369 143.5 139.7541473 390 0
2025 2 -2.1061285 -15.282805 209.8 48.78236555 390 0
2025 3 2.4412556 -10.192301 301.6 151.6136034 390 0
2025 4 9.114017 -2.3383436 391.2 88.01682 390 0
2025 5 17.585775 5.0498075 461.6 205.1857016 390 0
2025 6 23.148823 11.309914 512.7 143.40438 390 0
2025 7 27.731485 13.963867 503.7 103.141247 390 0
2025 8 25.3128 12.208478 439.3 112.3751116 390 0
2025 9 21.772676 10.018112 346.6 77.569749 390 0
2025 10 13.406098 2.016297 255.1 144.544568 390 0
2025 11 10.25554 1.1325829 163.1 99.892902 390 0
2025 12 5.5840797 -4.004188 125 158.653784 390 0
2026 1 -3.3446622 -14.504471 143.5 23.9627923 390 0
2026 2 -2.044916 -14.525769 209.8 83.4285441 390 0
2026 3 1.5719728 -8.781475 301.6 44.5315465 390 0
2026 4 9.457724 -1.4970386 391.2 96.045822 390 0
2026 5 17.614935 5.3219967 461.6 116.899481 390 0
2026 6 25.51456 11.769974 512.7 59.51763 390 0
2026 7 26.643688 14.540054 503.7 185.606021 390 0
2026 8 26.12622 13.547078 439.3 107.5945613 390 0
2026 9 20.022516 6.7975006 346.6 62.994462 390 0
2026 10 12.05035 1.756627 255.1 164.699528 390 0
2026 11 7.3158436 -1.4142367 163.1 77.829195 390 0
2026 12 4.8135815 -4.1542478 125 178.7020606 390 0
2027 1 -4.012983 -14.507876 143.5 58.9226207 390 0
2027 2 -0.6241577 -13.203444 209.8 74.85474255 390 0
2027 3 2.7548068 -7.597175 301.6 77.4428174 390 0
2027 4 12.219531 0.40473175 391.2 94.339614 390 0
2027 5 16.604975 5.4408145 461.6 86.4104943 390 0
2027 6 25.16773 13.102797 512.7 153.59427 390 0
2027 7 27.636295 14.652594 503.7 124.645792 390 0
2027 8 26.663551 12.6201935 439.3 51.7040072 390 0
2027 9 21.836233 9.359136 346.6 51.535788 390 0
2027 10 15.916624 3.743474 255.1 105.0428862 390 0
2027 11 7.321179 -1.1450045 163.1 167.614932 390 0
2027 12 0.30073047 -11.575862 125 39.8269834 390 0
2028 1 -4.78569 -16.18574 143.5 110.8978624 390 0
2028 2 -1.8622634 -14.646619 209.8 65.95543885 390 0
2028 3 2.9082866 -5.7076545 301.6 100.950229 390 0
2028 4 9.357451 -2.106255 391.2 74.490795 390 0
2028 5 18.25649 4.9551353 461.6 41.1580087 390 0
2028 6 24.997908 11.714435 512.7 65.910939 390 0
2028 7 28.682281 15.314648 503.7 84.987771 390 0
2028 8 28.202461 15.132003 439.3 82.1354858 390 0
2028 9 26.81329 14.215429 346.6 110.00373 390 0
2028 10 20.07733 6.8189573 255.1 61.1499087 390 0
2028 11 11.906143 1.8802865 163.1 128.20284 390 0
2028 12 1.5043612 -7.6599016 125 149.6311813 390 0
2029 1 -2.188937 -12.940256 143.5 97.1404778 390 0
2029 2 -1.0553478 -14.298208 209.8 66.1484598 390 0
2029 3 4.103889 -6.213648 301.6 47.4974188 390 0
2029 4 12.822864 1.5425861 391.2 61.911879 390 0
2029 5 17.103167 5.131105 461.6 111.2979856 390 0
2029 6 24.302986 11.81876 512.7 130.64691 390 0
2029 7 26.74736 13.980489 503.7 101.0518842 390 0
2029 8 25.051067 12.154951 439.3 99.7700218 390 0
2029 9 22.47231 9.542202 346.6 37.915527 390 0
2029 10 13.029073 0.8024211 255.1 135.324207 390 0
2029 11 9.694721 0.031215504 163.1 84.457935 390 0
2029 12 3.3249476 -4.448291 125 135.9772685 390 0
2030 1 -2.6961274 -13.110935 143.5 106.9448354 390 0
2030 2 -0.19040707 -10.625194 209.8 77.135808575 390 0
2030 3 4.004195 -7.292077 301.6 87.642735 390 0
2030 4 12.55538 0.52425796 391.2 57.608688 390 0
2030 5 21.797485 7.6552496 461.6 66.5344909 390 0
2030 6 20.913248 10.580265 512.7 121.74294 390 0
2030 7 27.872602 14.8283415 503.7 96.8913866 390 0
2030 8 25.446487 12.5100155 439.3 67.8265957 390 0
2030 9 20.560865 7.9970455 346.6 76.038972 390 0
2030 10 14.251704 4.262774 255.1 193.4579087 390 0
2030 11 9.516166 0.099336505 163.1 99.860781 390 0
2030 12 1.0080787 -8.379953 125 246.860843 390 0
2031 1 -5.152777 -17.445496 143.5 84.1678272 390 0
2031 2 1.206614 -11.24707 209.8 102.27518695 390 0
2031 3 5.0114293 -6.134277 301.6 74.4156426 390 0
2031 4 12.542811 1.114547 391.2 76.26687 390 0
2031 5 18.144558 5.635243 461.6 93.7954476 390 0
2031 6 25.761917 12.354041 512.7 69.958335 390 0
2031 7 26.722 14.183726 503.7 91.6787366 390 0
2031 8 24.165903 11.9913435 439.3 120.3573884 390 0
2031 9 20.414679 8.889417 346.6 120.6675 390 0
2031 10 14.285411 2.5717986 255.1 44.069662 390 0
2031 11 6.9060044 -1.8427212 163.1 217.3683 390 0
2031 12 2.998736 -5.269878 125 214.71158 390 0
2032 1 -1.4820219 -12.700876 143.5 69.0621379 390 0
2032 2 2.102134 -9.437363 209.8 73.1982925 390 0
2032 3 2.1113858 -11.405469 301.6 30.6743884 390 0
2032 4 13.83757 2.221696 391.2 84.036291 390 0
2032 5 19.47037 5.675124 461.6 83.4431867 390 0
2032 6 25.336077 12.081851 512.7 101.146554 390 0
2032 7 28.305777 15.537066 503.7 113.154371 390 0
2032 8 27.908216 15.2699995 439.3 105.515847 390 0
2032 9 21.51605 7.288973 346.6 33.775785 390 0
2032 10 13.949565 3.7166605 255.1 186.929907 390 0
2032 11 8.443518 -1.5371602 163.1 88.558875 390 0
2032 12 3.316792 -6.1127887 125 193.1467648 390 0
2033 1 -1.2344615 -13.328013 143.5 37.8463965 390 0
2033 2 -0.03899226 -12.317753 209.8 119.218240275 390 0
2033 3 5.351189 -5.626618 301.6 88.622614 390 0
2033 4 13.333454 2.1821764 391.2 83.245911 390 0
2033 5 23.074682 8.151568 461.6 72.5180086 390 0
2033 6 26.16674 13.143486 512.7 157.200495 390 0
2033 7 28.597326 14.469872 503.7 40.7782959 390 0
2033 8 26.418016 13.357125 439.3 96.5626347 390 0
2033 9 19.618559 6.0791764 346.6 92.676108 390 0
2033 10 12.540032 1.2002314 255.1 37.6813153 390 0
2033 11 6.725484 -2.162648 163.1 120.059895 390 0
2033 12 3.3019278 -5.162207 125 269.652074 390 0
2034 1 0.81002045 -9.7847 143.5 223.6342573 390 0
2034 2 3.1202316 -10.635578 209.8 180.57600575 390 0
2034 3 6.929679 -5.818773 301.6 66.6185536 390 0
2034 4 14.011298 2.1916814 391.2 103.662213 390 0
2034 5 17.534412 6.890814 461.6 242.0498507 390 0
2034 6 28.322674 14.605249 512.7 108.83571 390 0
2034 7 28.150646 15.537857 503.7 194.0561033 390 0
2034 8 27.869747 14.947725 439.3 103.4592574 390 0
2034 9 22.84095 9.262924 346.6 29.9272281 390 0
2034 10 16.95094 5.8589497 255.1 105.3396337 390 0
2034 11 6.890006 -2.8680403 163.1 104.35542 390 0
2034 12 -0.38617516 -10.509727 125 179.5566965 390 0
2035 1 1.923114 -8.3885565 143.5 128.623526 390 0
2035 2 1.8012394 -9.733928 209.8 77.777767225 390 0
2035 3 7.1978354 -2.77563 301.6 86.9038717 390 0
2035 4 15.018229 2.6021593 391.2 73.565526 390 0
2035 5 18.845201 6.516593 461.6 199.1386277 390 0
2035 6 24.217955 12.804555 512.7 120.685302 390 0
2035 7 29.16615 15.583757 503.7 86.734962 390 0
2035 8 28.01342 13.972115 439.3 71.0765241 390 0
2035 9 21.764744 9.060717 346.6 34.680297 390 0
2035 10 14.332514 1.9242877 255.1 106.9147902 390 0
2035 11 10.643579 0.9503145 163.1 152.46657 390 0
2035 12 5.3924146 -3.7000494 125 95.5094438 390 0
2036 1 4.2060256 -3.5332975 143.5 122.9247898 390 0
2036 2 0.70010126 -10.072704 209.8 128.82138425 390 0
2036 3 6.050388 -2.8138235 301.6 45.6520446 390 0
2036 4 13.460372 1.5567392 391.2 71.945442 390 0
2036 5 19.6799 7.811566 461.6 162.893344 390 0
2036 6 25.926605 13.672355 512.7 168.09336 390 0
2036 7 28.134396 15.568803 503.7 93.73718 390 0
2036 8 26.093502 14.439963 439.3 136.786229 390 0
2036 9 21.904783 9.156445 346.6 41.160312 390 0
2036 10 17.22426 5.5225453 255.1 74.255788 390 0
2036 11 10.2008 1.0471171 163.1 81.411666 390 0
2036 12 2.5832782 -7.0689397 125 143.3783263 390 0
2037 1 0.33713228 -10.262924 143.5 106.2709419 390 0
2037 2 2.0511274 -10.081006 209.8 81.78123575 390 0
2037 3 6.1735525 -5.798366 301.6 73.3497076 390 0
2037 4 13.7205715 2.3502152 391.2 74.32722 390 0
2037 5 21.412025 7.3575377 461.6 53.6210565 390 0
2037 6 26.451765 13.468639 512.7 129.478899 390 0
2037 7 29.031128 15.262257 503.7 62.2569311 390 0
2037 8 27.537441 14.4637 439.3 76.422471 390 0
2037 9 21.377005 9.2148075 346.6 120.018312 390 0
2037 10 17.580019 6.0457163 255.1 115.9938284 390 0
2037 11 7.0866685 -1.1744671 163.1 237.82524 390 0
2037 12 2.799822 -5.9577413 125 126.76396 390 0
2038 1 0.9921741 -11.682349 143.5 190.231376 390 0
2038 2 1.5156415 -11.047403 209.8 111.353530675 390 0
2038 3 5.0085034 -5.90415 301.6 73.2812007 390 0
2038 4 13.636962 1.4785639 391.2 42.398049 390 0
2038 5 20.766445 7.586431 461.6 104.4234783 390 0
2038 6 25.87394 13.043611 512.7 93.133836 390 0
2038 7 29.155832 16.473999 503.7 133.541955 390 0
2038 8 28.115402 15.799076 439.3 116.4133266 390 0
2038 9 21.038305 9.397994 346.6 79.82418 390 0
2038 10 14.195348 3.598653 255.1 116.2153513 390 0
2038 11 6.6907916 -2.4707327 163.1 73.317189 390 0
2038 12 3.5784578 -4.180022 125 148.9559703 390 0
2039 1 2.5553558 -7.2706647 143.5 248.005022 390 0
2039 2 1.3368932 -10.892163 209.8 24.037239655 390 0
2039 3 7.0774093 -2.075033 301.6 150.996195 390 0
2039 4 13.325053 1.8195418 391.2 65.941242 390 0
2039 5 22.388355 9.03336 461.6 99.1118267 390 0
2039 6 23.035818 11.890722 512.7 136.223802 390 0
2039 7 28.598745 15.081624 503.7 72.6981868 390 0
2039 8 26.29391 13.527644 439.3 63.426341 390 0
2039 9 21.287148 9.581845 346.6 82.982418 390 0
2039 10 14.3951025 3.1821203 255.1 104.6006681 390 0
2039 11 11.035637 1.1001455 163.1 145.067682 390 0
2039 12 4.6243052 -3.55378 125 174.3237663 390 0
2040 1 -0.4473513 -10.682703 143.5 61.3116698 390 0
2040 2 0.4614958 -10.999917 209.8 52.6733115 390 0
2040 3 2.8691401 -8.538628 301.6 126.749545 390 0
2040 4 11.712166 0.3292714 391.2 64.751202 390 0
2040 5 18.285486 6.64929 461.6 73.1219475 390 0
2040 6 26.714144 13.418723 512.7 76.510707 390 0
2040 7 26.63425 14.157814 503.7 96.0909418 390 0
2040 8 27.078388 14.443225 439.3 110.4743652 390 0
2040 9 22.980816 10.576925 346.6 120.79785 390 0
2040 10 17.559418 5.031734 255.1 64.3087188 390 0
2040 11 7.143709 -2.5960267 163.1 151.290765 390 0
2040 12 2.48623 -7.5890784 125 52.2939186 390 0
2041 1 1.828717 -8.576645 143.5 124.781138 390 0
2041 2 -0.56793684 -13.292109 209.8 65.2713425 390 0
2041 3 7.894392 -4.0372996 301.6 52.3196641 390 0
2041 4 12.290341 1.4601777 391.2 101.115 390 0
2041 5 23.675062 10.210112 461.6 97.6539928 390 0
2041 6 27.053782 13.005359 512.7 51.696375 390 0
2041 7 29.24588 15.639357 503.7 98.5840734 390 0
2041 8 28.82845 16.13913 439.3 74.3469125 390 0
2041 9 25.028498 10.7262 346.6 36.469941 390 0
2041 10 18.517773 5.6446414 255.1 40.086379 390 0
2041 11 5.159463 -4.3512244 163.1 48.188565 390 0
2041 12 2.0360332 -8.569274 125 134.433639 390 0
2042 1 2.1101193 -7.419391 143.5 106.8777762 390 0
2042 2 2.2334998 -8.352942 209.8 125.2895297 390 0
2042 3 8.196177 -0.65495074 301.6 125.1488693 390 0
2042 4 12.907027 2.0380073 391.2 158.58375 390 0
2042 5 16.54438 6.0060415 461.6 142.884456 390 0
2042 6 23.460167 12.837564 512.7 199.129299 390 0
2042 7 29.84589 15.963524 503.7 66.41781 390 0
2042 8 26.131475 13.608663 439.3 61.2927319 390 0
2042 9 24.317938 11.251292 346.6 203.619789 390 0
2042 10 18.930647 6.8316545 255.1 175.419452 390 0
2042 11 9.328404 -0.38117114 163.1 79.059849 390 0
2042 12 1.6915373 -8.024122 125 58.6993153 390 0
2043 1 -5.0961037 -17.92988 143.5 74.6330394 390 0
2043 2 -0.7132966 -12.697663 209.8 68.2360105 390 0
2043 3 7.1652412 -5.0724206 301.6 73.300647 390 0
2043 4 13.585185 1.6727878 391.2 58.670382 390 0
2043 5 22.54829 8.158584 461.6 65.3019991 390 0
2043 6 25.402428 12.2609825 512.7 108.427719 390 0
2043 7 27.081022 14.955655 503.7 89.7795309 390 0
2043 8 26.071312 13.529811 439.3 69.2277678 390 0
2043 9 21.316566 8.368269 346.6 64.109379 390 0
2043 10 17.565798 5.86806 255.1 69.562202 390 0
2043 11 10.10616 0.8198525 163.1 204.632262 390 0
2043 12 6.3839426 -2.9000263 125 162.041123 390 0
2044 1 0.8017561 -7.9711475 143.5 85.5020982 390 0
2044 2 2.0133204 -8.732893 209.8 127.695980525 390 0
2044 3 4.92238 -5.599742 301.6 141.932384 390 0
2044 4 12.876644 1.3232409 391.2 21.8877465 390 0
2044 5 22.58333 7.894883 461.6 59.8074072 390 0
2044 6 26.518517 13.309652 512.7 83.384901 390 0
2044 7 28.399359 16.637949 503.7 151.5793236 390 0
2044 8 28.516718 14.949164 439.3 52.4243883 390 0
2044 9 21.894785 10.228718 346.6 86.521725 390 0
2044 10 17.41206 4.762884 255.1 49.6376805 390 0
2044 11 8.108577 -1.4192322 163.1 84.567939 390 0
2044 12 2.766163 -5.4779854 125 146.094165 390 0
2045 1 0.52540094 -10.333213 143.5 79.1508647 390 0
2045 2 -1.2956716 -14.356874 209.8 71.772975475 390 0
2045 3 6.9587483 -3.8552144 301.6 132.756291 390 0
2045 4 11.251195 0.9153214 391.2 117.51879 390 0
2045 5 21.22236 7.4562407 461.6 122.9086264 390 0
2045 6 23.564154 11.7151575 512.7 92.750529 390 0
2045 7 28.404165 15.490568 503.7 65.457647 390 0
2045 8 26.854242 13.625899 439.3 137.0267425 390 0
2045 9 21.367756 8.098422 346.6 159.92724 390 0
2045 10 18.475468 7.4563527 255.1 85.1126824 390 0
2045 11 5.8195486 -3.309171 163.1 69.811878 390 0
2045 12 1.4346789 -8.595994 125 37.771733 390 0
2046 1 -0.9332738 -11.544263 143.5 48.8342101 390 0
2046 2 -1.9016184 -14.325957 209.8 38.022514025 390 0
2046 3 5.044862 -7.2364173 301.6 73.2075943 390 0
2046 4 12.88593 1.5869956 391.2 97.3608 390 0
2046 5 22.392319 7.906722 461.6 153.8417594 390 0
2046 6 25.797201 13.781847 512.7 111.750219 390 0
2046 7 28.490252 15.242621 503.7 63.2767474 390 0
2046 8 28.661074 15.656775 439.3 64.8624718 390 0
2046 9 22.191507 8.693885 346.6 157.874622 390 0
2046 10 18.077354 6.6947074 255.1 58.792771 390 0
2046 11 9.214945 0.008827698 163.1 86.965662 390 0
2046 12 1.4780173 -8.885409 125 169.6126095 390 0
2047 1 -1.7430943 -13.027744 143.5 35.9539209 390 0
2047 2 2.3112392 -9.622559 209.8 89.563441225 390 0
2047 3 8.093836 -1.2725527 301.6 121.1392332 390 0
2047 4 12.599904 1.7544042 391.2 92.79378 390 0
2047 5 19.107824 6.4712105 461.6 65.8450974 390 0
2047 6 26.219635 14.058995 512.7 159.552411 390 0
2047 7 29.490448 16.913502 503.7 92.7803929 390 0
2047 8 26.360826 14.125438 439.3 91.8526838 390 0
2047 9 27.689363 15.547775 346.6 82.52049 390 0
2047 10 15.661191 4.3521686 255.1 92.5283071 390 0
2047 11 7.532488 -1.6902233 163.1 149.915298 390 0
2047 12 0.5141152 -9.300447 125 84.0535922 390 0
2048 1 -1.721512 -14.056553 143.5 104.9866925 390 0
2048 2 -0.2955105 -11.505889 209.8 71.270795 390 0
2048 3 5.443041 -5.9077883 301.6 113.454854 390 0
2048 4 11.689531 1.1843009 391.2 130.0734 390 0
2048 5 21.942102 7.7549386 461.6 73.1729828 390 0
2048 6 27.970669 14.099856 512.7 75.31872 390 0
2048 7 29.766685 16.378653 503.7 80.553531 390 0
2048 8 28.25338 15.697257 439.3 163.000759 390 0
2048 9 23.056229 11.646203 346.6 113.446833 390 0
2048 10 15.477998 4.7406254 255.1 142.8029384 390 0
2048 11 7.058 -2.4375 163.1 131.40357 390 0
2048 12 4.1019254 -3.3731678 125 94.8039365 390 0
2049 1 2.106913 -7.480569 143.5 128.653503 390 0
2049 2 2.2848063 -7.233899 209.8 36.9250891 390 0
2049 3 9.138084 -1.1863035 301.6 51.3736588 390 0
2049 4 13.641133 2.582798 391.2 175.065078 390 0
2049 5 19.59303 6.935206 461.6 86.0501162 390 0
2049 6 27.664307 14.489277 512.7 94.649457 390 0
2049 7 28.445543 15.951844 503.7 108.8237547 390 0
2049 8 28.384985 14.718616 439.3 61.110858 390 0
2049 9 23.43043 11.104539 346.6 63.993975 390 0
2049 10 18.126493 6.265705 255.1 75.5334902 390 0
2049 11 8.356639 -1.1450475 163.1 141.35349 390 0
2049 12 5.1514683 -4.03178 125 267.673282 390 0
2050 1 1.571843 -7.678707 143.5 243.1911653 390 0
2050 2 0.061586034 -10.563848 209.8 74.89919675 390 0
2050 3 5.0541763 -5.2342625 301.6 162.697982 390 0
2050 4 12.831654 1.1781404 391.2 76.760973 390 0
2050 5 22.584278 7.430185 461.6 76.113835 390 0
2050 6 24.211805 13.107087 512.7 90.276231 390 0
2050 7 30.348923 17.031767 503.7 61.1902211 390 0
2050 8 28.185743 15.314202 439.3 116.912904 390 0
2050 9 22.191437 10.364976 346.6 207.476535 390 0
2050 10 16.247452 4.3968415 255.1 38.2615268 390 0
2050 11 6.0910206 -2.8808787 163.1 183.54909 390 0
2050 12 2.4972053 -6.8594546 125 151.192487 390 0
2051 1 2.6386318 -5.909535 143.5 191.6254646 390 0
2051 2 0.58257735 -11.661766 209.8 77.9473209 390 0
2051 3 4.4400077 -7.57383 301.6 47.8089161 390 0
2051 4 13.595072 2.5773685 391.2 78.6165 390 0
2051 5 22.302536 8.01238 461.6 19.5744199 390 0
2051 6 26.657785 13.895437 512.7 88.484286 390 0
2051 7 29.388128 16.317219 503.7 82.38653 390 0
2051 8 27.164167 14.939238 439.3 112.9296551 390 0
2051 9 22.945204 10.975763 346.6 118.087665 390 0
2051 10 16.31196 4.7374487 255.1 85.6876487 390 0
2051 11 6.117096 -2.5411053 163.1 118.126881 390 0
2051 12 4.6454353 -3.6616247 125 72.9237428 390 0
2052 1 -0.17926562 -10.914263 143.5 59.4427852 390 0
2052 2 0.7986113 -10.409134 209.8 80.81742485 390 0
2052 3 5.793353 -6.9258547 301.6 117.6983572 390 0
2052 4 11.663398 1.164583 391.2 95.48421 390 0
2052 5 23.241945 7.9399896 461.6 42.1316102 390 0
2052 6 24.456717 12.754585 512.7 140.741001 390 0
2052 7 28.822937 16.508913 503.7 152.4722724 390 0
2052 8 26.673834 13.864928 439.3 107.481743 390 0
2052 9 22.477322 9.034213 346.6 73.441236 390 0
2052 10 18.302223 5.7678823 255.1 53.3022215 390 0
2052 11 9.275074 -0.42969385 163.1 156.68637 390 0
2052 12 0.88771504 -8.411753 125 88.4598795 390 0
2053 1 -2.6072576 -14.335877 143.5 39.547785 390 0
2053 2 -1.064674 -13.347805 209.8 65.60330825 390 0
2053 3 6.716068 -4.0482755 301.6 129.8974803 390 0
2053 4 14.300729 4.163919 391.2 97.749723 390 0
2053 5 19.417383 7.2891974 461.6 51.5267678 390 0
2053 6 27.898243 14.843121 512.7 75.003384 390 0
2053 7 29.603815 17.108885 503.7 105.2071118 390 0
2053 8 28.247297 15.334377 439.3 97.9755682 390 0
2053 9 23.007832 11.15102 346.6 83.783676 390 0
2053 10 16.980927 4.665949 255.1 43.7809683 390 0
2053 11 7.676076 -1.6076268 163.1 93.24669 390 0
2053 12 5.090035 -3.1871521 125 136.2555524 390 0
2054 1 0.8113351 -8.932922 143.5 117.123921 390 0
2054 2 6.4410515 -3.819015 209.8 91.2139842 390 0
2054 3 10.313128 2.4849818 301.6 212.7120955 390 0
2054 4 14.74567 3.159157 391.2 79.284066 390 0
2054 5 24.428303 10.925477 461.6 105.0172244 390 0
2054 6 26.869274 14.749917 512.7 101.521104 390 0
2054 7 30.888853 18.45149 503.7 106.8832167 390 0
2054 8 29.281353 16.550537 439.3 104.4143116 390 0
2054 9 26.943058 14.637205 346.6 232.532601 390 0
2054 10 17.159605 5.7827883 255.1 108.0684552 390 0
2054 11 11.548073 0.91937953 163.1 52.708602 390 0
2054 12 5.9388037 -3.4546273 125 155.0073315 390 0
2055 1 0.7206469 -9.092226 143.5 95.7791252 390 0
2055 2 1.7481254 -10.355387 209.8 109.003238025 390 0
2055 3 5.189761 -6.9911084 301.6 98.5310138 390 0
2055 4 15.456517 4.2246466 391.2 112.514256 390 0
2055 5 21.394346 7.988889 461.6 60.3462337 390 0
2055 6 26.58497 14.133179 512.7 111.716646 390 0
2055 7 30.98613 18.020655 503.7 192.689335 390 0
2055 8 28.166504 15.760205 439.3 162.992761 390 0
2055 9 23.76489 11.332448 346.6 96.273309 390 0
2055 10 17.436514 6.585027 255.1 86.3855486 390 0
2055 11 11.250639 0.80352503 163.1 98.720418 390 0
2055 12 7.485419 -1.914189 125 127.597705 390 0
2056 1 3.1824946 -7.540341 143.5 206.4660574 390 0
2056 2 2.8213081 -6.9545584 209.8 54.240791 390 0
2056 3 7.1873717 -2.7237718 301.6 110.7164876 390 0
2056 4 13.616848 2.256669 391.2 72.877665 390 0
2056 5 19.985788 7.326742 461.6 54.7799543 390 0
2056 6 28.095709 14.7328615 512.7 119.883336 390 0
2056 7 30.866854 16.870249 503.7 44.9708847 390 0
2056 8 30.649963 17.724434 439.3 118.2423483 390 0
2056 9 26.087996 12.088273 346.6 44.227134 390 0
2056 10 13.584813 3.2734175 255.1 90.3158278 390 0
2056 11 9.199447 -0.6491334 163.1 137.70768 390 0
2056 12 5.2017756 -3.640299 125 131.87803 390 0
2057 1 1.2525432 -8.337247 143.5 17.74362314 390 0
2057 2 1.6788312 -11.017194 209.8 144.7540735 390 0
2057 3 6.6460333 -4.2284646 301.6 129.5013995 390 0
2057 4 12.954053 1.7841175 391.2 114.929532 390 0
2057 5 19.136269 7.773489 461.6 143.1494874 390 0
2057 6 29.188663 15.402343 512.7 49.709604 390 0
2057 7 31.777523 18.932837 503.7 136.5361737 390 0
2057 8 30.240313 17.975222 439.3 247.4594096 390 0
2057 9 22.651384 10.745688 346.6 146.468481 390 0
2057 10 18.083315 7.470813 255.1 103.2115426 390 0
2057 11 12.463329 2.2107642 163.1 157.87599 390 0
2057 12 3.7243893 -7.3143272 125 102.5095414 390 0
2058 1 1.4856176 -8.395711 143.5 100.7648056 390 0
2058 2 2.4688253 -9.179171 209.8 226.6537615 390 0
2058 3 8.89569 -3.5184298 301.6 32.7347693 390 0
2058 4 14.710143 3.2639923 391.2 78.828336 390 0
2058 5 22.698492 9.117993 461.6 140.313099 390 0
2058 6 27.080894 14.454536 512.7 85.123515 390 0
2058 7 31.053108 17.551203 503.7 93.8696523 390 0
2058 8 28.159245 14.805343 439.3 49.7420544 390 0
2058 9 26.153393 12.88359 346.6 56.82909 390 0
2058 10 17.423134 5.316548 255.1 124.1935113 390 0
2058 11 11.181335 -0.04345459 163.1 113.182761 390 0
2058 12 1.039682 -8.921373 125 127.1442246 390 0
2059 1 4.5424776 -4.9286504 143.5 130.182981 390 0
2059 2 4.3510585 -7.5689554 209.8 19.0300037125 390 0
2059 3 6.2424045 -4.8270354 301.6 141.698768 390 0
2059 4 15.374571 3.4927902 391.2 80.429169 390 0
2059 5 21.040892 8.869793 461.6 97.58955 390 0
2059 6 24.77774 13.500603 512.7 220.78695 390 0
2059 7 30.306986 17.456795 503.7 115.1882128 390 0
2059 8 28.772064 16.811651 439.3 135.1980835 390 0
2059 9 25.187672 12.239367 346.6 63.932289 390 0
2059 10 19.181383 6.5805383 255.1 81.913036 390 0
2059 11 10.986689 0.857853 163.1 195.327315 390 0
2059 12 5.3681316 -4.69427 125 103.0020384 390 0
2060 1 3.8439832 -6.4081645 143.5 103.7699239 390 0
2060 2 4.8126755 -5.9392586 209.8 98.248903725 390 0
2060 3 6.977476 -4.9121513 301.6 121.2023616 390 0
2060 4 15.854694 3.9602919 391.2 68.324574 390 0
2060 5 20.911928 8.421943 461.6 77.91199 390 0
2060 6 26.838194 14.433449 512.7 143.559852 390 0
2060 7 30.515497 17.356688 503.7 84.9531192 390 0
2060 8 29.58582 15.894735 439.3 56.3234474 390 0
2060 9 23.245054 11.350888 346.6 219.661188 390 0
2060 10 18.88886 7.3123803 255.1 224.6088477 390 0
2060 11 9.243351 -1.27589 163.1 241.19286 390 0
2060 12 3.4167862 -5.9347486 125 161.9896754 390 0
2061 1 3.013323 -6.6530204 143.5 91.6881823 390 0
2061 2 3.709867 -7.840074 209.8 87.168587025 390 0
2061 3 7.14007 -3.8989034 301.6 125.19505 390 0
2061 4 13.795294 2.9841952 391.2 151.77747 390 0
2061 5 24.608246 10.663294 461.6 54.9557894 390 0
2061 6 27.31329 14.00626 512.7 133.37049 390 0
2061 7 32.302406 18.47692 503.7 83.5098677 390 0
2061 8 31.827492 18.144184 439.3 50.6711275 390 0
2061 9 25.761406 12.63578 346.6 69.617451 390 0
2061 10 19.74123 7.2931232 255.1 77.048392 390 0
2061 11 13.536225 3.0906715 163.1 95.917839 390 0
2061 12 3.893365 -4.6548433 125 119.5591756 390 0
2062 1 -0.20045309 -10.209588 143.5 43.5103941 390 0
2062 2 3.2181642 -8.885296 209.8 90.67757885 390 0
2062 3 7.233196 -2.6805143 301.6 127.127218 390 0
2062 4 14.787825 3.302763 391.2 114.536034 390 0
2062 5 24.23148 10.732236 461.6 157.7954157 390 0
2062 6 26.89489 14.795831 512.7 158.65656 390 0
2062 7 31.831785 18.32652 503.7 94.0873312 390 0
2062 8 31.322952 16.845709 439.3 38.9454519 390 0
2062 9 23.535631 10.592187 346.6 111.752415 390 0
2062 10 18.624208 5.6704617 255.1 73.762423 390 0
2062 11 10.770748 0.50810635 163.1 133.94379 390 0
2062 12 5.110687 -2.9676619 125 122.33375 390 0
2063 1 3.68781 -4.9567776 143.5 152.9621468 390 0
2063 2 2.2847733 -9.891781 209.8 153.994705 390 0
2063 3 10.687102 1.2164619 301.6 102.4690306 390 0
2063 4 13.952092 2.7581048 391.2 84.32517 390 0
2063 5 20.683857 8.792651 461.6 158.056879 390 0
2063 6 27.59916 14.550525 512.7 114.440961 390 0
2063 7 31.060946 18.226952 503.7 82.9517468 390 0
2063 8 31.030342 18.28383 439.3 150.247793 390 0
2063 9 28.063425 13.529772 346.6 76.787325 390 0
2063 10 17.404663 6.3638926 255.1 194.9055653 390 0
2063 11 11.636939 1.7535378 163.1 166.2495 390 0
2063 12 6.989469 -2.0998764 125 79.0192728 390 0
2064 1 2.8118498 -6.7999077 143.5 74.4914872 390 0
2064 2 0.70044583 -11.800536 209.8 27.74571942 390 0
2064 3 7.9916472 -5.1337023 301.6 55.1647356 390 0
2064 4 13.453969 1.7967482 391.2 130.723329 390 0
2064 5 18.101961 7.000664 461.6 109.6940053 390 0
2064 6 27.632643 14.752315 512.7 78.854148 390 0
2064 7 30.084316 18.274889 503.7 122.3722923 390 0
2064 8 29.481974 16.661753 439.3 114.6319457 390 0
2064 9 22.841324 8.802734 346.6 42.173961 390 0
2064 10 13.735641 4.053441 255.1 72.4175655 390 0
2064 11 8.539352 -0.77063704 163.1 135.298248 390 0
2064 12 5.367389 -3.879546 125 137.8498607 390 0
2065 1 3.3400629 -7.1479816 143.5 68.8997041 390 0
2065 2 5.448566 -5.4527326 209.8 124.75185875 390 0
2065 3 8.601185 -2.6378703 301.6 121.2110137 390 0
2065 4 14.404615 3.3623796 391.2 94.93431 390 0
2065 5 25.123493 11.694505 461.6 23.1849744 390 0
2065 6 27.312277 14.582741 512.7 168.353835 390 0
2065 7 33.34085 19.523369 503.7 125.215789 390 0
2065 8 30.335625 16.58133 439.3 53.5459652 390 0
2065 9 25.46299 11.976374 346.6 44.87766 390 0
2065 10 20.192581 7.312745 255.1 40.4875655 390 0
2065 11 11.353139 2.4043207 163.1 172.589478 390 0
2065 12 5.568801 -3.9645321 125 279.534688 390 0
2066 1 3.3454013 -6.874429 143.5 177.678608 390 0
2066 2 2.056277 -8.967402 209.8 130.795401025 390 0
2066 3 6.2428937 -5.6662774 301.6 71.7864582 390 0
2066 4 14.465263 2.60563 391.2 64.052712 390 0
2066 5 22.256655 8.681067 461.6 87.226994 390 0
2066 6 27.212227 14.783966 512.7 138.781515 390 0
2066 7 33.683002 19.501202 503.7 42.6617319 390 0
2066 8 31.60821 17.313103 439.3 61.8796797 390 0
2066 9 27.303484 13.469467 346.6 222.56151 390 0
2066 10 20.063778 7.7953367 255.1 48.3311948 390 0
2066 11 8.010849 -1.2510861 163.1 146.94882 390 0
2066 12 4.806768 -4.641314 125 75.3165274 390 0
2067 1 -0.43012038 -11.694969 143.5 73.0498136 390 0
2067 2 5.082129 -5.7551146 209.8 136.051810725 390 0
2067 3 11.261651 0.1993059 301.6 152.6094784 390 0
2067 4 14.3256645 3.5644417 391.2 188.75025 390 0
2067 5 21.27944 8.947031 461.6 120.6525828 390 0
2067 6 29.029501 15.898144 512.7 111.62712 390 0
2067 7 31.641966 19.192387 503.7 101.5879362 390 0
2067 8 30.404383 18.205584 439.3 142.675237 390 0
2067 9 24.409824 12.041558 346.6 67.634454 390 0
2067 10 18.314072 8.031979 255.1 136.3915463 390 0
2067 11 9.312527 0.6945753 163.1 69.886809 390 0
2067 12 5.4900236 -3.889739 125 116.37431 390 0
2068 1 4.926356 -4.5084915 143.5 83.261381 390 0
2068 2 5.0271945 -6.611265 209.8 146.200719275 390 0
2068 3 7.284163 -4.2134733 301.6 147.3260988 390 0
2068 4 16.701742 5.6028624 391.2 91.672605 390 0
2068 5 24.278221 10.402749 461.6 53.9181047 390 0
2068 6 27.929771 15.190587 512.7 121.235661 390 0
2068 7 36.181118 21.46123 503.7 87.4027392 390 0
2068 8 30.153662 17.61925 439.3 142.335973 390 0
2068 9 25.06057 12.505926 346.6 37.957464 390 0
2068 10 19.361301 6.8928165 255.1 70.7552525 390 0
2068 11 8.462827 -0.594351 163.1 114.345525 390 0
2068 12 3.5576715 -6.5365148 125 39.2567353 390 0
2069 1 -0.79067975 -10.993838 143.5 38.8453095 390 0
2069 2 1.4459192 -10.175441 209.8 54.5267714 390 0
2069 3 8.734803 -2.4761865 301.6 95.7989094 390 0
2069 4 16.357723 4.661671 391.2 66.289035 390 0
2069 5 21.081789 9.13986 461.6 215.012187 390 0
2069 6 27.155586 15.401355 512.7 117.584139 390 0
2069 7 32.43464 19.584877 503.7 87.3843283 390 0
2069 8 30.64257 17.536446 439.3 77.1472076 390 0
2069 9 26.771488 13.767414 346.6 70.265001 390 0
2069 10 20.483223 8.375834 255.1 153.869585 390 0
2069 11 9.957792 -0.071734145 163.1 123.64047 390 0
2069 12 5.6622524 -1.9223605 125 114.5340756 390 0
2070 1 1.640001 -7.462916 143.5 70.1589055 390 0
2070 2 2.9312348 -8.644673 209.8 98.338343225 390 0
2070 3 8.743914 -3.295039 301.6 169.9974435 390 0
2070 4 14.392542 3.613985 391.2 98.346561 390 0
2070 5 20.262138 8.767978 461.6 110.8136633 390 0
2070 6 27.845066 14.9656925 512.7 104.948031 390 0
2070 7 32.55812 19.918247 503.7 133.0718896 390 0
2070 8 32.156433 18.251066 439.3 53.799105 390 0
2070 9 24.829432 11.024759 346.6 100.083624 390 0
2070 10 17.154293 7.0310884 255.1 182.2747424 390 0
2070 11 12.199865 2.1267354 163.1 84.034968 390 0
2070 12 4.252922 -5.367631 125 108.6330582 390 0
2071 1 3.3275836 -6.4367113 143.5 86.5239822 390 0
2071 2 4.009249 -7.1250024 209.8 135.0407065 390 0
2071 3 10.846826 -0.20449436 301.6 77.7000585 390 0
2071 4 15.033921 3.0124338 391.2 83.155932 390 0
2071 5 24.323536 9.969543 461.6 81.6458656 390 0
2071 6 27.026041 15.712873 512.7 129.749292 390 0
2071 7 33.934673 19.945377 503.7 81.1118658 390 0
2071 8 32.603218 19.148785 439.3 112.4190138 390 0
2071 9 26.464087 13.908263 346.6 56.359416 390 0
2071 10 21.027515 9.80529 255.1 104.3358072 390 0
2071 11 9.336167 0.04650817 163.1 100.86933 390 0
2071 12 4.0413213 -5.1764317 125 137.7140435 390 0
2072 1 1.7798965 -8.200395 143.5 115.716521 390 0
2072 2 3.8161824 -8.042187 209.8 99.14165175 390 0
2072 3 5.396806 -7.238011 301.6 54.5663364 390 0
2072 4 15.235163 3.7686374 391.2 108.72867 390 0
2072 5 23.277899 9.736123 461.6 96.704035 390 0
2072 6 30.467167 16.40365 512.7 91.7289 390 0
2072 7 32.855488 19.90287 503.7 131.132325 390 0
2072 8 32.471573 19.457552 439.3 156.3030137 390 0
2072 9 24.61768 12.170631 346.6 72.538332 390 0
2072 10 16.937614 7.503602 255.1 172.544233 390 0
2072 11 12.765901 3.1031294 163.1 110.589858 390 0
2072 12 6.138009 -2.2123256 125 156.462952 390 0
2073 1 2.2487738 -7.3260274 143.5 47.6240755 390 0
2073 2 4.1961064 -7.775092 209.8 26.3964723 390 0
2073 3 7.088403 -3.976811 301.6 90.2029134 390 0
2073 4 16.672527 5.4805856 391.2 77.792094 390 0
2073 5 22.381083 8.985685 461.6 41.7633023 390 0
2073 6 28.950542 15.585609 512.7 50.369514 390 0
2073 7 32.035942 19.26385 503.7 115.0156637 390 0
2073 8 32.255177 18.93065 439.3 132.7186167 390 0
2073 9 26.89915 14.934123 346.6 89.156514 390 0
2073 10 19.186989 7.5704765 255.1 162.784224 390 0
2073 11 12.215294 2.9287581 163.1 136.550001 390 0
2073 12 4.986287 -4.6762714 125 184.031004 390 0
2074 1 3.6269395 -5.9674144 143.5 135.530543 390 0
2074 2 4.210755 -6.358544 209.8 53.73670365 390 0
2074 3 7.317179 -4.193792 301.6 162.9527803 390 0
2074 4 14.860975 2.7210443 391.2 72.308178 390 0
2074 5 24.992962 11.463759 461.6 87.8856293 390 0
2074 6 26.247929 14.9137125 512.7 140.84871 390 0
2074 7 33.70367 20.122183 503.7 109.2870435 390 0
2074 8 31.768105 17.940912 439.3 78.4599553 390 0
2074 9 27.163343 15.057861 346.6 79.181535 390 0
2074 10 21.307625 8.875116 255.1 67.5394489 390 0
2074 11 14.038514 4.3915052 163.1 95.476419 390 0
2074 12 7.641183 -1.2131878 125 108.748217 390 0
2075 1 1.8468664 -7.1685476 143.5 195.0759847 390 0
2075 2 3.85498 -7.389545 209.8 189.266940275 390 0
2075 3 8.093818 -2.4626017 301.6 77.262695 390 0
2075 4 18.262115 7.124032 391.2 86.947518 390 0
2075 5 22.894379 10.429703 461.6 89.0204556 390 0
2075 6 26.27614 14.884227 512.7 107.255589 390 0
2075 7 33.457634 19.992254 503.7 131.457484 390 0
2075 8 30.273163 17.678026 439.3 128.6667214 390 0
2075 9 25.929428 13.419267 346.6 153.2523 390 0
2075 10 18.450768 7.379091 255.1 33.1466694 390 0
2075 11 10.180535 0.9437636 163.1 73.374381 390 0
2075 12 7.044196 -0.56415933 125 159.9838545 390 0
2076 1 1.0070423 -10.056428 143.5 77.9517723 390 0
2076 2 7.6616716 -2.8357532 209.8 101.52424545 390 0
2076 3 7.988852 -1.853978 301.6 118.835338 390 0
2076 4 15.578319 3.8253012 391.2 81.97119 390 0
2076 5 24.395966 10.36436 461.6 81.2767207 390 0
2076 6 27.409782 15.561501 512.7 110.044392 390 0
2076 7 31.93963 19.553253 503.7 113.4954423 390 0
2076 8 33.180367 19.898487 439.3 85.9709825 390 0
2076 9 27.798384 15.007506 346.6 100.137135 390 0
2076 10 20.082975 8.041737 255.1 46.028149 390 0
2076 11 10.520285 1.0614136 163.1 103.140129 390 0
2076 12 7.476267 -1.2120358 125 171.7366427 390 0
2077 1 1.9560851 -6.4703307 143.5 46.9130192 390 0
2077 2 6.621409 -3.888395 209.8 75.119413975 390 0
2077 3 8.521111 -3.0000534 301.6 24.9501485 390 0
2077 4 17.597242 6.8932133 391.2 89.386611 390 0
2077 5 24.953342 10.818998 461.6 56.9760842 390 0
2077 6 32.01874 17.267899 512.7 86.464299 390 0
2077 7 31.935322 20.347826 503.7 148.8645885 390 0
2077 8 30.08499 17.372314 439.3 110.900795 390 0
2077 9 26.200602 15.077017 346.6 200.22984 390 0
2077 10 22.356735 10.793983 255.1 34.0105743 390 0
2077 11 11.278612 1.882833 163.1 140.005218 390 0
2077 12 6.8053503 -2.5117106 125 128.7583853 390 0
2078 1 3.5876431 -5.786912 143.5 143.996395 390 0
2078 2 7.602317 -3.912408 209.8 188.236933975 390 0
2078 3 9.234764 -1.91916 301.6 39.4646275 390 0
2078 4 17.13315 5.6666355 391.2 81.654381 390 0
2078 5 20.832983 9.752389 461.6 102.7543794 390 0
2078 6 28.552195 16.836664 512.7 156.408492 390 0
2078 7 35.18116 21.021406 503.7 82.6188998 390 0
2078 8 30.679335 18.440933 439.3 159.147087 390 0
2078 9 27.39196 15.741597 346.6 94.58493 390 0
2078 10 17.893183 8.068788 255.1 326.783803 390 0
2078 11 13.840578 3.1191015 163.1 70.30461 390 0
2078 12 7.8846107 -0.58912843 125 138.1620865 390 0
2079 1 4.685503 -5.342328 143.5 121.3690486 390 0
2079 2 7.336622 -4.568533 209.8 85.970837875 390 0
2079 3 11.772102 1.9445767 301.6 85.6225704 390 0
2079 4 15.8481245 4.192608 391.2 118.020945 390 0
2079 5 20.637268 10.005593 461.6 200.945596 390 0
2079 6 30.794746 17.554598 512.7 58.899342 390 0
2079 7 33.79237 20.286863 503.7 100.7129116 390 0
2079 8 29.658392 17.010347 439.3 101.35574 390 0
2079 9 29.304266 15.993343 346.6 105.711228 390 0
2079 10 23.998644 11.409735 255.1 128.6732407 390 0
2079 11 13.414112 4.1571755 163.1 128.409261 390 0
2079 12 4.423529 -6.591681 125 149.7891387 390 0
2080 1 4.2163744 -5.697793 143.5 69.7739537 390 0
2080 2 7.6184673 -1.6095529 209.8 78.7784585 390 0
2080 3 9.193631 -1.5372301 301.6 159.196284 390 0
2080 4 19.085035 7.3920097 391.2 97.325469 390 0
2080 5 24.765722 11.076203 461.6 48.8097356 390 0
2080 6 29.955982 17.667322 512.7 199.645542 390 0
2080 7 36.962154 21.895147 503.7 80.1015727 390 0
2080 8 33.34018 20.056738 439.3 112.3203718 390 0
2080 9 27.39121 15.893835 346.6 316.86513 390 0
2080 10 19.494967 7.6516623 255.1 32.3481218 390 0
2080 11 13.177598 1.9647216 163.1 175.719381 390 0
2080 12 7.5020905 -1.9675008 125 139.970952 390 0
2081 1 2.8191574 -6.6103024 143.5 80.1845442 390 0
2081 2 4.551549 -6.082873 209.8 83.75862275 390 0
2081 3 8.930612 -1.9843286 301.6 101.7381653 390 0
2081 4 18.41354 6.742643 391.2 35.1777 390 0
2081 5 22.938313 10.19105 461.6 160.5187812 390 0
2081 6 29.290522 16.155132 512.7 68.340555 390 0
2081 7 33.66474 20.934763 503.7 121.0039585 390 0
2081 8 31.775782 19.33201 439.3 108.7128677 390 0
2081 9 25.832594 13.195161 346.6 78.418071 390 0
2081 10 21.01155 9.08017 255.1 70.5155636 390 0
2081 11 10.609685 0.3284046 163.1 101.833884 390 0
2081 12 7.3687797 -0.73952144 125 146.780257 390 0
2082 1 3.3014565 -5.256407 143.5 90.083241 390 0
2082 2 4.461137 -5.7432013 209.8 62.180235975 390 0
2082 3 6.458314 -6.2600665 301.6 132.335776 390 0
2082 4 16.867678 5.8650174 391.2 99.776889 390 0
2082 5 22.932478 9.663619 461.6 77.2211178 390 0
2082 6 29.563728 16.360357 512.7 134.99247 390 0
2082 7 34.91455 21.674196 503.7 108.4575765 390 0
2082 8 33.38283 19.755796 439.3 69.1825512 390 0
2082 9 30.127314 16.75503 346.6 125.70771 390 0
2082 10 20.208786 8.284045 255.1 63.7362728 390 0
2082 11 14.246191 4.5803566 163.1 182.097645 390 0
2082 12 6.435059 -3.6879117 125 103.1739086 390 0
2083 1 4.2148676 -5.7289753 143.5 214.310781 390 0
2083 2 4.1507993 -6.519106 209.8 105.495514625 390 0
2083 3 7.6045923 -3.6087608 301.6 133.246649 390 0
2083 4 16.988552 5.9248247 391.2 118.29483 390 0
2083 5 21.228394 8.947547 461.6 147.8659948 390 0
2083 6 26.624825 15.648461 512.7 153.218079 390 0
2083 7 33.133442 20.333923 503.7 96.9631733 390 0
2083 8 32.578003 19.999578 439.3 79.9035385 390 0
2083 9 24.57958 12.160624 346.6 123.075744 390 0
2083 10 17.373241 6.83293 255.1 128.7337124 390 0
2083 11 10.625556 0.90792847 163.1 158.188605 390 0
2083 12 6.560607 -1.88052 125 183.6341203 390 0
2084 1 3.0147023 -6.6164765 143.5 177.4145097 390 0
2084 2 5.3417716 -6.7246947 209.8 131.49828645 390 0
2084 3 9.229584 -1.4366888 301.6 78.0215874 390 0
2084 4 14.947711 3.6344452 391.2 103.794249 390 0
2084 5 18.727999 8.514647 461.6 129.7126614 390 0
2084 6 29.427832 16.795555 512.7 131.47935 390 0
2084 7 35.365467 21.41187 503.7 76.06408 390 0
2084 8 33.536877 20.427681 439.3 135.5345947 390 0
2084 9 25.924757 12.295043 346.6 87.13641 390 0
2084 10 21.100138 9.630944 255.1 126.936134 390 0
2084 11 12.475405 2.3188117 163.1 87.58266 390 0
2084 12 9.426696 0.30640605 125 207.5544643 390 0
2085 1 6.3647017 -1.8242372 143.5 96.2671582 390 0
2085 2 3.6885576 -6.0553913 209.8 81.329843125 390 0
2085 3 9.991947 0.9372583 301.6 49.7607474 390 0
2085 4 16.43645 6.3104544 391.2 98.591823 390 0
2085 5 24.351595 10.181067 461.6 63.009608 390 0
2085 6 29.463673 16.9811 512.7 73.913442 390 0
2085 7 36.044273 21.484116 503.7 63.1617219 390 0
2085 8 34.982483 21.767454 439.3 92.9260092 390 0
2085 9 26.23229 12.745325 346.6 154.05522 390 0
2085 10 18.091295 6.7602854 255.1 64.0832062 390 0
2085 11 13.790393 3.7549016 163.1 93.205398 390 0
2085 12 3.6648507 -4.9228134 125 121.1849706 390 0
2086 1 1.9156262 -7.584714 143.5 91.34522 390 0
2086 2 6.285494 -2.6246052 209.8 109.077507275 390 0
2086 3 8.034779 -1.4820579 301.6 85.6154683 390 0
2086 4 15.70615 5.188714 391.2 75.596751 390 0
2086 5 18.532047 9.068915 461.6 87.3638404 390 0
2086 6 30.425041 17.025 512.7 146.912571 390 0
2086 7 33.840492 21.173273 503.7 109.921474 390 0
2086 8 33.54356 20.55884 439.3 96.7854875 390 0
2086 9 28.923735 16.248878 346.6 93.901476 390 0
2086 10 22.007427 11.155174 255.1 120.6643349 390 0
2086 11 10.495821 0.33641443 163.1 65.435415 390 0
2086 12 6.968849 -3.1558561 125 336.381899 390 0
2087 1 3.2651927 -7.076332 143.5 181.5133235 390 0
2087 2 5.347174 -4.956165 209.8 63.28087575 390 0
2087 3 7.9657407 -3.047675 301.6 65.1697593 390 0
2087 4 16.535002 5.4062867 391.2 96.811272 390 0
2087 5 19.872541 8.861189 461.6 133.278889 390 0
2087 6 29.719006 16.938202 512.7 111.382176 390 0
2087 7 34.301147 20.973154 503.7 63.9346852 390 0
2087 8 32.602043 19.339167 439.3 120.3650516 390 0
2087 9 30.872995 16.666094 346.6 58.772517 390 0
2087 10 24.681158 11.921636 255.1 120.3786885 390 0
2087 11 13.305836 2.3044415 163.1 82.52022 390 0
2087 12 3.240541 -5.7303786 125 113.2656796 390 0
2088 1 2.249987 -6.9141626 143.5 57.383821 390 0
2088 2 2.9506104 -7.9024787 209.8 82.24701045 390 0
2088 3 9.135093 -1.7426736 301.6 110.5387429 390 0
2088 4 15.165659 4.2660465 391.2 157.819719 390 0
2088 5 24.029615 10.708328 461.6 81.513136 390 0
2088 6 30.129467 17.395138 512.7 103.748709 390 0
2088 7 35.02313 21.473455 503.7 105.4373643 390 0
2088 8 35.514668 22.375767 439.3 56.5212553 390 0
2088 9 27.608837 16.058746 346.6 162.65202 390 0
2088 10 21.032274 9.736734 255.1 37.1926871 390 0
2088 11 14.599992 4.850899 163.1 151.914468 390 0
2088 12 7.067561 -2.87171 125 110.1321128 390 0
2089 1 3.0949717 -5.640457 143.5 25.03530147 390 0
2089 2 2.701089 -7.5504756 209.8 65.9831747 390 0
2089 3 8.756725 -1.8876594 301.6 90.6085608 390 0
2089 4 15.134635 4.370782 391.2 100.67649 390 0
2089 5 22.638113 9.797103 461.6 114.8221214 390 0
2089 6 30.07518 17.55131 512.7 177.30426 390 0
2089 7 33.81233 21.582422 503.7 157.477241 390 0
2089 8 32.425007 20.398602 439.3 136.776495 390 0
2089 9 26.735167 14.576578 346.6 83.085345 390 0
2089 10 23.354925 11.668802 255.1 35.2701818 390 0
2089 11 13.659167 2.3597548 163.1 91.112601 390 0
2089 12 7.4622555 -0.49165148 125 68.9042208 390 0
2090 1 2.096071 -7.3020153 143.5 81.8702095 390 0
2090 2 6.0281725 -2.8008623 209.8 67.908980025 390 0
2090 3 10.368998 -1.1253961 301.6 145.059323 390 0
2090 4 16.081211 4.583017 391.2 82.497546 390 0
2090 5 22.945885 10.998408 461.6 220.479006 390 0
2090 6 29.346478 16.432783 512.7 85.697808 390 0
2090 7 35.390877 21.550825 503.7 97.6587606 390 0
2090 8 34.43625 20.62312 439.3 132.1321122 390 0
2090 9 29.050283 17.181112 346.6 93.22773 390 0
2090 10 18.488739 7.6058154 255.1 55.9986418 390 0
2090 11 11.266107 2.6481707 163.1 97.597581 390 0
2090 12 6.9585094 -2.0244036 125 271.452833 390 0
2091 1 2.2155838 -6.9332447 143.5 43.3297695 390 0
2091 2 10.109795 1.0172706 209.8 42.391099675 390 0
2091 3 11.07345 -0.050369587 301.6 118.3463998 390 0
2091 4 17.678043 6.9757767 391.2 76.510557 390 0
2091 5 24.534357 11.353694 461.6 77.2009895 390 0
2091 6 27.82982 17.106413 512.7 237.729291 390 0
2091 7 36.412613 22.859957 503.7 110.1920978 390 0
2091 8 34.199814 22.191694 439.3 151.932147 390 0
2091 9 27.572805 15.597607 346.6 45.278112 390 0
2091 10 22.200205 9.997916 255.1 36.9456295 390 0
2091 11 12.145623 1.547577 163.1 258.7854 390 0
2091 12 7.7058573 -0.5217392 125 168.453287 390 0
2092 1 5.6564875 -4.192683 143.5 109.4079218 390 0
2092 2 5.121591 -5.9347796 209.8 59.99162655 390 0
2092 3 11.719861 2.235245 301.6 176.287111 390 0
2092 4 16.500118 6.113584 391.2 182.036778 390 0
2092 5 24.554861 12.050065 461.6 205.399056 390 0
2092 6 31.072699 18.385258 512.7 128.533989 390 0
2092 7 37.16468 22.536316 503.7 78.6300864 390 0
2092 8 33.15463 20.564642 439.3 129.407268 390 0
2092 9 31.721394 17.00535 346.6 48.834264 390 0
2092 10 23.823929 11.138411 255.1 32.2031286 390 0
2092 11 16.550049 6.158165 163.1 63.387981 390 0
2092 12 6.1264324 -3.3124661 125 160.2380886 390 0
2093 1 2.5494099 -7.659935 143.5 146.4675755 390 0
2093 2 5.4893856 -4.8029637 209.8 124.4773987 390 0
2093 3 11.817644 1.2967477 301.6 79.2241952 390 0
2093 4 17.794119 7.3406796 391.2 128.996472 390 0
2093 5 26.168558 11.325562 461.6 33.6936148 390 0
2093 6 30.025333 17.609194 512.7 113.573049 390 0
2093 7 34.334576 21.762197 503.7 114.36737 390 0
2093 8 31.025429 18.180473 439.3 59.6285992 390 0
2093 9 28.247925 15.490102 346.6 49.983831 390 0
2093 10 23.361198 11.859061 255.1 147.297368 390 0
2093 11 10.838327 1.452723 163.1 176.95077 390 0
2093 12 6.0014505 -2.825126 125 95.852434 390 0
2094 1 4.4981904 -5.1912837 143.5 78.00158 390 0
2094 2 6.257457 -3.9374158 209.8 109.72600015 390 0
2094 3 9.40501 -0.8815876 301.6 139.1109097 390 0
2094 4 15.8916645 4.3416224 391.2 85.752189 390 0
2094 5 24.67388 11.643722 461.6 85.1215515 390 0
2094 6 27.407368 15.906024 512.7 119.509785 390 0
2094 7 38.78349 23.141058 503.7 44.15113 390 0
2094 8 34.892956 20.869207 439.3 37.3963199 390 0
2094 9 29.746777 17.172787 346.6 116.115675 390 0
2094 10 19.459183 8.988377 255.1 37.4704037 390 0
2094 11 15.055837 3.89891 163.1 173.073735 390 0
2094 12 6.341561 -3.6082187 125 140.465216 390 0
2095 1 5.4918075 -3.3856354 143.5 98.5863147 390 0
2095 2 8.782499 -1.0691813 209.8 25.639475695 390 0
2095 3 13.048893 1.5690695 301.6 103.2538545 390 0
2095 4 18.0029 6.427793 391.2 97.160946 390 0
2095 5 24.001925 11.60811 461.6 125.9559915 390 0
2095 6 32.272865 18.379631 512.7 93.747603 390 0
2095 7 36.43967 22.919886 503.7 100.047912 390 0
2095 8 35.29837 21.996294 439.3 145.1301487 390 0
2095 9 26.5425 14.915599 346.6 136.585449 390 0
2095 10 22.545822 10.778587 255.1 35.478663 390 0
2095 11 14.669884 5.376331 163.1 217.715679 390 0
2095 12 8.605059 0.24382658 125 253.39493 390 0
2096 1 3.6729238 -4.817701 143.5 106.3723832 390 0
2096 2 8.455748 -1.5262785 209.8 126.313165625 390 0
2096 3 10.673831 0.2634524 301.6 48.5064843 390 0
2096 4 17.093868 6.0259557 391.2 110.079996 390 0
2096 5 22.115492 10.907916 461.6 207.4449754 390 0
2096 6 32.222115 18.644402 512.7 108.059241 390 0
2096 7 34.830643 22.525928 503.7 154.9250265 390 0
2096 8 32.566315 19.959356 439.3 145.5953688 390 0
2096 9 26.816853 13.801567 346.6 205.87695 390 0
2096 10 19.899717 9.012533 255.1 64.8712324 390 0
2096 11 12.259879 2.7890255 163.1 208.69083 390 0
2096 12 5.083611 -3.2431533 125 44.454031 390 0
2097 1 5.174398 -3.6241422 143.5 68.9872512 390 0
2097 2 4.459253 -5.3898325 209.8 105.14017765 390 0
2097 3 10.796947 0.41284654 301.6 148.4017957 390 0
2097 4 17.77418 6.8050466 391.2 86.595777 390 0
2097 5 25.806698 13.267882 461.6 63.6533168 390 0
2097 6 31.134285 18.30253 512.7 124.178739 390 0
2097 7 35.801636 22.52464 503.7 88.04899 390 0
2097 8 33.5093 20.207169 439.3 53.7508349 390 0
2097 9 32.56197 18.048315 346.6 36.326298 390 0
2097 10 22.669012 12.006996 255.1 154.1276724 390 0
2097 11 14.42172 4.2393236 163.1 214.555335 390 0
2097 12 6.9035797 -1.2042081 125 271.503983 390 0
2098 1 3.2449744 -6.4482937 143.5 226.137405 390 0
2098 2 5.831709 -4.851957 209.8 172.938033475 390 0
2098 3 10.825647 0.8796147 301.6 215.330123 390 0
2098 4 17.842 6.379254 391.2 70.028601 390 0
2098 5 25.156225 11.1549225 461.6 160.5063657 390 0
2098 6 28.6239 17.032225 512.7 192.869139 390 0
2098 7 36.011806 22.823471 503.7 150.6678833 390 0
2098 8 33.9951 21.080914 439.3 120.6359172 390 0
2098 9 28.137005 17.091455 346.6 138.48627 390 0
2098 10 22.102549 10.97148 255.1 59.6427445 390 0
2098 11 13.616509 3.3585334 163.1 53.85594 390 0
2098 12 2.2778893 -7.93105 125 122.463547 390 0
2099 1 5.2068844 -3.66283 143.5 72.7572263 390 0
2099 2 4.813817 -5.2908297 209.8 143.9769838 390 0
2099 3 8.930258 -2.400951 301.6 80.3346772 390 0
2099 4 17.082214 5.7590566 391.2 69.125748 390 0
2099 5 19.167944 10.132296 461.6 238.9720994 390 0
2099 6 27.346859 16.429428 512.7 179.058909 390 0
2099 7 35.87119 22.034819 503.7 84.7577386 390 0
2099 8 35.38801 22.685692 439.3 120.9115847 390 0
2099 9 30.15733 17.687546 346.6 59.728422 390 0
2099 10 22.629213 10.778905 255.1 53.596985 390 0
2099 11 15.321003 4.759734 163.1 201.13899 390 0
2099 12 7.506113 -1.0210049 125 233.465216 390 0
2100-2200 1 5.2068844 -3.66283 143.5 72.7572263 390 0
2100-2200 2 4.813817 -5.2908297 209.8 143.9769838 390 0
2100-2200 3 8.930258 -2.400951 301.6 80.3346772 390 0
2100-2200 4 17.082214 5.7590566 391.2 69.125748 390 0
2100-2200 5 19.167944 10.132296 461.6 238.9720994 390 0
2100-2200 6 27.346859 16.429428 512.7 179.058909 390 0
2100-2200 7 35.87119 22.034819 503.7 84.7577386 390 0
2100-2200 8 35.38801 22.685692 439.3 120.9115847 390 0
2100-2200 9 30.15733 17.687546 346.6 59.728422 390 0
2100-2200 10 22.629213 10.778905 255.1 53.596985 390 0
2100-2200 11 15.321003 4.759734 163.1 201.13899 390 0
2100-2200 12 7.506113 -1.0210049 125 233.465216 390 0
