Year Month Tmax Tmin PAR Prec CO2 O3
1200-1980 1 -3.88554907812018 -15.5625437034972 143.5 80.7622095941913 390 0
1200-1980 2 -1.59586517524872 -14.0703134197406 209.8 69.5596284328678 390 0
1200-1980 3 3.3694988486617 -8.3658607961515 301.6 87.7790257034441 390 0
1200-1980 4 10.4783192397936 -1.26748122890139 391.2 95.7157385409134 390 0
1200-1980 5 17.845848674087 4.70677291322814 461.6 100.322482600289 390 0
1200-1980 6 22.6622898862035 10.0726574071936 512.7 108.243350517007 390 0
1200-1980 7 25.5312989816314 13.1426497636575 503.7 94.7486432110437 390 0
1200-1980 8 24.8732289125823 12.1487841918047 439.3 98.204257739516 390 0
1200-1980 9 20.1776497250951 7.56345750534465 346.6 99.3281821885529 390 0
1200-1980 10 13.167251288624 1.73843738633831 255.1 112.371045235285 390 0
1200-1980 11 6.05037073827773 -3.22934010751068 163.1 112.049166107283 390 0
1200-1980 12 -0.61483252176909 -10.5152752526648 125 100.333019053559 390 0
1981 1 -6.76977357997579 -20.2540952095493 143.5 40.3324935076471 390 0
1981 2 3.16819292558582 -8.55213045041457 209.8 107.747785509553 390 0
1981 3 4.46846775189406 -5.95899975077018 301.6 37.90032372607 390 0
1981 4 11.2966837127056 -0.461379532144448 391.2 85.6141843660759 390 0
1981 5 19.366824283584 5.61049305761303 461.6 91.0513194414248 390 0
1981 6 23.0584750051278 10.0676735844438 512.7 113.717701911423 390 0
1981 7 25.6698432561276 13.0037820045427 503.7 117.050009299808 390 0
1981 8 24.881730758855 11.1524409013521 439.3 121.883618594832 390 0
1981 9 18.7127036274223 7.23188424524552 346.6 176.901340322443 390 0
1981 10 11.6151089418255 0.51849842952732 255.1 167.316542115468 390 0
1981 11 5.71295722879708 -3.06772071383108 163.1 80.6668423709846 390 0
1981 12 -0.152463531642268 -8.15757226931722 125 124.376368995172 390 0
1982 1 -7.66327459948625 -20.9954332456988 143.5 101.067191351854 390 0
1982 2 -2.71251453433215 -15.9220177237961 209.8 73.0556863954832 390 0
1982 3 2.98810572362864 -9.73096967814808 301.6 68.8275657469634 390 0
1982 4 9.18699674777247 -2.96936239605038 391.2 94.8414660757033 390 0
1982 5 19.2555563804777 4.18308562877198 461.6 26.2488708579592 390 0
1982 6 21.0121079662213 8.67439541302432 512.7 117.058442640565 390 0
1982 7 26.5927031549392 12.3070343270702 503.7 61.6709572496772 390 0
1982 8 22.8583203130986 9.96419037538981 439.3 107.795700580385 390 0
1982 9 19.9343840726054 7.99462506888661 346.6 85.2703071558747 390 0
1982 10 14.3935360988498 0.88444154607154 255.1 34.8184138725693 390 0
1982 11 7.5098648300915 -1.95058195987937 163.1 133.55584754268 390 0
1982 12 1.96106047041763 -8.4341113755817 125 50.0750292837603 390 0
1983 1 -1.82456623077476 -13.1461503237243 143.5 91.2691367722872 390 0
1983 2 -0.303739833966711 -12.4880330760456 209.8 69.6498842063732 390 0
1983 3 4.31453087532944 -4.93562196707463 301.6 141.048862088109 390 0
1983 4 10.417244983269 0.265845071003591 391.2 197.142037370031 390 0
1983 5 15.4355890565463 4.89523538488999 461.6 148.804429489536 390 0
1983 6 24.441230958097 9.70973801501118 512.7 44.6074897531983 390 0
1983 7 26.3973845164074 12.8985394082749 503.7 122.526989984943 390 0
1983 8 25.5700364844852 12.3367525137984 439.3 95.8419228613434 390 0
1983 9 22.3877328113487 7.95978661187874 346.6 66.3018822966855 390 0
1983 10 13.5736764110131 1.29064330812222 255.1 70.5166529661466 390 0
1983 11 6.07184196290928 -2.22365882106988 163.1 237.219823360602 390 0
1983 12 -1.67598495907425 -12.1803850698827 125 167.538799953014 390 0
1984 1 -5.1285143759081 -17.3861840581085 143.5 54.2771351728569 390 0
1984 2 2.12459610506918 -8.8435389111603 209.8 113.206638045719 390 0
1984 3 0.120965280643763 -11.0416022191713 301.6 123.068652278477 390 0
1984 4 10.711129745338 -1.04465200181394 391.2 84.9814641220414 390 0
1984 5 17.0160261810604 3.85611933018707 461.6 187.430733979012 390 0
1984 6 22.3734848401924 9.6525497971342 512.7 173.528994354439 390 0
1984 7 25.674126668144 13.5999745177 503.7 96.428986947793 390 0
1984 8 26.0903342635918 13.6905174451471 439.3 54.6418364616499 390 0
1984 9 19.5657658219768 5.2895070842808 346.6 41.6480694704265 390 0
1984 10 14.7833239643218 1.32776312142801 255.1 60.4665463506432 390 0
1984 11 6.99222446123936 -3.60373134251544 163.1 69.8122180533798 390 0
1984 12 0.409145113469573 -9.68098876833568 125 81.7552286394959 390 0
1985 1 -6.57697708936326 -18.3626898902041 143.5 25.7863793957433 390 0
1985 2 -0.712050924995918 -12.9366527298039 209.8 77.0595969143272 390 0
1985 3 3.69150250910207 -8.8612427233698 301.6 72.6758409364491 390 0
1985 4 10.414497802793 -2.68717666961364 391.2 38.5010446102655 390 0
1985 5 18.3310502383185 3.49026343211263 461.6 79.2750800589004 390 0
1985 6 20.6651287677325 9.10144722386975 512.7 100.995429860797 390 0
1985 7 26.7269239041721 12.7626791496148 503.7 76.7736924420674 390 0
1985 8 24.3754659640451 10.7117319235667 439.3 99.2253788122563 390 0
1985 9 20.6500233940695 7.40908736016417 346.6 92.1803286816567 390 0
1985 10 13.9007993928172 1.5232149505038 255.1 69.5814957573582 390 0
1985 11 4.66349050780202 -3.80392316413276 163.1 111.519938655494 390 0
1985 12 -2.83782860242468 -15.3391353827692 125 55.4513824707558 390 0
1986 1 -1.97931320914288 -14.7658130301217 143.5 146.882147516843 390 0
1986 2 -2.27567441756888 -15.3677736452036 209.8 37.1688105984554 390 0
1986 3 4.01669317060431 -9.12099291017447 301.6 91.791158160517 390 0
1986 4 13.0098909270458 0.330744540709608 391.2 70.5384445488108 390 0
1986 5 18.2101831542168 4.9598549586698 461.6 102.166337570687 390 0
1986 6 21.554586380809 7.88284049502867 512.7 75.6757233482159 390 0
1986 7 23.4349982735516 12.0937088748556 503.7 115.887258271018 390 0
1986 8 22.6940802066655 11.4667688557344 439.3 130.093708625966 390 0
1986 9 18.0230680024845 5.33019076758602 346.6 87.420974744494 390 0
1986 10 12.6403746243776 0.903090983267668 255.1 36.7981483815451 390 0
1986 11 3.84462955285408 -5.89688802332484 163.1 94.6988099283082 390 0
1986 12 -0.703693297627815 -11.6982027101937 125 82.3485594175126 390 0
1987 1 -3.99650802414951 -16.3428475891886 143.5 86.4119529521781 390 0
1987 2 -2.93375096810184 -14.9522697164773 209.8 17.2813904871245 390 0
1987 3 4.57154099120013 -7.70100616394668 301.6 72.8903710293817 390 0
1987 4 13.1019077470414 0.530104373737765 391.2 131.466239860573 390 0
1987 5 18.3744743554548 3.94742886350898 461.6 73.2973370354631 390 0
1987 6 22.6520377310561 10.390509007692 512.7 110.989238649951 390 0
1987 7 25.0421739667819 12.9174165702748 503.7 57.1356032218496 390 0
1987 8 24.3377556601972 10.0850607398931 439.3 46.6876784137545 390 0
1987 9 19.1563763510115 7.43599744179804 346.6 143.280203924969 390 0
1987 10 13.3813908770202 1.11237505473805 255.1 99.0574187081988 390 0
1987 11 4.92268849731449 -4.81343585320866 163.1 56.0377333837808 390 0
1987 12 -0.791597959202515 -8.96643700805229 125 98.0370783816491 390 0
1988 1 -3.5185279373761 -16.9570012029106 143.5 59.7451915324504 390 0
1988 2 -0.903241116981799 -14.8758773488535 209.8 71.4967881329159 390 0
1988 3 3.40607333108727 -9.5969818270532 301.6 36.2346992630006 390 0
1988 4 9.8334438194718 -0.553580026187065 391.2 83.3649348050976 390 0
1988 5 18.9396007741994 5.7150683614634 461.6 60.0347172320878 390 0
1988 6 23.2946782230954 8.68900339367281 512.7 56.6678665541186 390 0
1988 7 26.2731425514981 14.3895361710036 503.7 116.948561142728 390 0
1988 8 25.1178235596496 13.781035478837 439.3 152.364998321283 390 0
1988 9 19.1565736975062 6.41760277379655 346.6 43.1923657738867 390 0
1988 10 10.6497849079625 0.785783830671064 255.1 103.30182841477 390 0
1988 11 6.81786637673879 -2.03929420715396 163.1 157.843533898536 390 0
1988 12 -2.27352456108421 -13.7399588377308 125 34.5184641027193 390 0
1989 1 -1.99741116350478 -15.0376072606824 143.5 46.0877571063576 390 0
1989 2 -2.6285237277857 -15.7521868620733 209.8 57.4299332818358 390 0
1989 3 2.10310340487552 -12.0484831410773 301.6 65.0182713863948 390 0
1989 4 8.17266719459202 -2.50841138140097 391.2 84.8925991636327 390 0
1989 5 19.5083911206985 6.63166608357375 461.6 199.649600217216 390 0
1989 6 22.2666089292094 10.4882347591921 512.7 105.131471546229 390 0
1989 7 25.9801183306678 11.5332474360886 503.7 58.5431213504145 390 0
1989 8 23.8120217591208 11.5068335268367 439.3 136.194538391808 390 0
1989 9 20.057748751673 6.93742888235717 346.6 103.15591174116 390 0
1989 10 13.882594251439 1.06990047298117 255.1 73.6956336293252 390 0
1989 11 4.50783767541116 -5.17300679351679 163.1 137.73714114346 390 0
1989 12 -8.70562562126357 -20.9130887867865 125 48.1214185999519 390 0
1990 1 -0.0771441626522056 -11.1668907270458 143.5 107.825393405721 390 0
1990 2 -1.34480329183218 -15.8051429856673 209.8 53.9685451559569 390 0
1990 3 3.93896922074143 -9.01475551604879 301.6 47.9312936003681 390 0
1990 4 10.3662416601454 -0.884223972850906 391.2 93.873756387532 390 0
1990 5 16.2262826026391 3.69217768010805 461.6 151.98505170677 390 0
1990 6 23.0440517511862 10.1306232924351 512.7 114.694597808931 390 0
1990 7 25.7519377005396 13.2064053209288 503.7 89.8103787193192 390 0
1990 8 26.1003251775937 13.2687744448269 439.3 127.34183065216 390 0
1990 9 19.007826666268 7.48384975951014 346.6 85.2210940673032 390 0
1990 10 13.8424687130232 3.55298705064328 255.1 202.637708829853 390 0
1990 11 5.9396504614802 -2.47128081585067 163.1 104.21652299227 390 0
1990 12 1.56226742318625 -8.79030690747562 125 148.727264012307 390 0
1991 1 -4.55594646553347 -17.2916731484408 143.5 71.0858098656299 390 0
1991 2 -0.0141849763500732 -13.2252002510135 209.8 29.5995134213325 390 0
1991 3 3.93625842858791 -6.56235444508298 301.6 129.777450601478 390 0
1991 4 11.6224632880519 -1.23034543312382 391.2 87.6145737124384 390 0
1991 5 20.4259291910304 4.89926191317959 461.6 93.713035579919 390 0
1991 6 23.9442840494334 9.99063513158141 512.7 63.9265680037769 390 0
1991 7 25.947180188452 12.0879810812454 503.7 53.2459647440797 390 0
1991 8 25.2252880311926 13.0209423431012 439.3 212.177030057514 390 0
1991 9 19.0085305435303 5.70071097411199 346.6 120.632679447052 390 0
1991 10 13.740075450442 2.49523892648895 255.1 107.297155674627 390 0
1991 11 5.74917965947045 -2.21756676791389 163.1 91.8039817214079 390 0
1991 12 -2.29824352578621 -13.395808607553 125 65.9996489884169 390 0
1992 1 -3.97245650164181 -15.7480133944646 143.5 105.189178021896 390 0
1992 2 -2.46610791755863 -15.0918354579286 209.8 78.4878869878555 390 0
1992 3 1.0608860272636 -10.9564054208734 301.6 102.064891682155 390 0
1992 4 8.62271291287044 -2.67831948091217 391.2 49.1687085203333 390 0
1992 5 19.242802395495 2.94133584687148 461.6 23.0957305145959 390 0
1992 6 22.722077627338 9.4947528548023 512.7 111.882647857558 390 0
1992 7 22.926638673289 10.3845514480154 503.7 94.0502333412379 390 0
1992 8 23.4904565469795 12.1275523324085 439.3 97.2899945616101 390 0
1992 9 20.2887904922926 7.18247747515067 346.6 65.9433206401429 390 0
1992 10 11.0128856767501 0.214172015623346 255.1 87.0075821029107 390 0
1992 11 4.39715763256178 -5.05652805732456 163.1 84.5495377040353 390 0
1992 12 -0.723087419976813 -9.86640562744314 125 43.7868071544736 390 0
1993 1 -3.33357781873907 -14.9268797904916 143.5 57.0313919517929 390 0
1993 2 -6.74397470133197 -21.2221967431461 209.8 87.1187430788554 390 0
1993 3 3.14215033618082 -11.5086314414491 301.6 83.1855900830131 390 0
1993 4 10.6389214636109 -1.59228542962661 391.2 149.360020166337 390 0
1993 5 18.371211898739 4.38421728023314 461.6 56.8460553789486 390 0
1993 6 22.8066600437291 8.89842670795532 512.7 106.546846568148 390 0
1993 7 25.3708668362421 12.521883402458 503.7 60.4185366505734 390 0
1993 8 26.1501933648986 12.1833563580957 439.3 60.1413521871575 390 0
1993 9 19.7338216766223 7.07961725544146 346.6 104.767755453261 390 0
1993 10 10.620658791435 -0.906791464164472 255.1 105.719898427781 390 0
1993 11 5.99701230466836 -4.71024358397339 163.1 114.094422102687 390 0
1993 12 -0.500274325738462 -9.66752471095666 125 142.266568427044 390 0
1994 1 -8.63696211355553 -22.1589665256102 143.5 129.090420989078 390 0
1994 2 -4.68680580960206 -18.5269190918626 209.8 32.9363664590421 390 0
1994 3 2.34795173946307 -7.73922337441373 301.6 110.002489032751 390 0
1994 4 9.71055762692473 -1.90648017113369 391.2 97.7114533865221 390 0
1994 5 15.7576418679535 3.62334986670894 461.6 108.849459226333 390 0
1994 6 24.6099480710582 11.2433242907207 512.7 92.7348205112983 390 0
1994 7 26.9617727751069 14.9258295578517 503.7 88.1890996674509 390 0
1994 8 24.3083418649099 11.1999470948658 439.3 63.591839527731 390 0
1994 9 18.711503241549 7.07449444549364 346.6 112.024685944732 390 0
1994 10 14.3374676448069 1.23421989712831 255.1 36.5669335747913 390 0
1994 11 8.37411736760128 -3.08471171897958 163.1 103.281006120225 390 0
1994 12 0.922568710224204 -9.44144933614986 125 65.7039938213837 390 0
1995 1 -2.23040511338978 -11.5155903002687 143.5 111.052278120905 390 0
1995 2 -3.70490918279525 -17.6865225988651 209.8 63.8275817374916 390 0
1995 3 3.35465860312314 -7.39689156624055 301.6 68.1152194077231 390 0
1995 4 8.23016809540926 -3.56899571999218 391.2 58.6333535140617 390 0
1995 5 16.8712697281272 3.91064521020111 461.6 100.631333218768 390 0
1995 6 24.7696215783711 10.1623454474965 512.7 58.6659044871964 390 0
1995 7 26.7137788837216 14.1022781537193 503.7 88.8600689471758 390 0
1995 8 26.0610849261783 11.5626130017893 439.3 45.3878055631073 390 0
1995 9 19.2407352811459 4.02029700725414 346.6 64.9306010575782 390 0
1995 10 15.7479790443405 3.42422394307612 255.1 183.864821770782 390 0
1995 11 4.04896148399973 -4.85090670893265 163.1 171.667026249182 390 0
1995 12 -3.08045674416475 -12.934738729266 125 77.5975002556395 390 0
1996 1 -3.94361758140514 -16.0607906209965 143.5 134.612788955437 390 0
1996 2 -2.81774056619999 -14.0328993411683 209.8 97.2237847453574 390 0
1996 3 2.37897047016396 -9.61544751332838 301.6 61.9778340134515 390 0
1996 4 9.35140956059008 -0.770921713852874 391.2 124.566309544079 390 0
1996 5 16.242282242942 3.25638729573778 461.6 131.271059419462 390 0
1996 6 22.6658966363236 10.4065924092095 512.7 115.447173470765 390 0
1996 7 23.5606445716901 12.9426343483152 503.7 189.883330711123 390 0
1996 8 24.985857696213 11.8817555107696 439.3 36.6199269443258 390 0
1996 9 19.3207414167536 8.43390755545086 346.6 121.589120208595 390 0
1996 10 12.0856544115547 0.758979675519078 255.1 107.446318928389 390 0
1996 11 4.27248394229145 -4.91363209948251 163.1 57.3158135835573 390 0
1996 12 2.07223771473757 -5.75546000054706 125 167.307691213783 390 0
1997 1 -4.19866605493841 -15.6074771175924 143.5 103.142979737625 390 0
1997 2 -1.16411099787416 -14.2605302357428 209.8 60.7787673702114 390 0
1997 3 0.983212904523992 -10.7486682955484 301.6 84.2525722881258 390 0
1997 4 8.60206174759189 -2.71267612576651 391.2 75.8086698982709 390 0
1997 5 14.6021636474178 2.95068168063751 461.6 104.195701764314 390 0
1997 6 23.6489525654443 9.20780007569086 512.7 84.0870486937051 390 0
1997 7 25.8844167277565 12.4266520283299 503.7 91.1453949916139 390 0
1997 8 23.9089615984903 11.4056383357893 439.3 115.194249329585 390 0
1997 9 18.8110814347732 7.63655927255212 346.6 81.5121296216937 390 0
1997 10 12.0968321779257 0.847549894968823 255.1 35.878690125219 390 0
1997 11 4.15302341542822 -4.61594386936202 163.1 110.140975101937 390 0
1997 12 -0.917345446329358 -11.4207691436262 125 69.5211399040988 390 0
1998 1 -2.9631166391669 -12.5342027111301 143.5 141.842079597016 390 0
1998 2 1.30975533421146 -10.222858463137 209.8 95.5845482103143 390 0
1998 3 4.23069382272088 -6.95713580986224 301.6 108.942236554855 390 0
1998 4 11.6573832549854 -0.603365564506527 391.2 86.4314088175527 390 0
1998 5 20.8492869913881 7.1184581424806 461.6 88.2328145514763 390 0
1998 6 20.7080354718566 10.5309493467099 512.7 189.727240390766 390 0
1998 7 25.6362716252992 12.9766214916592 503.7 90.5145700954968 390 0
1998 8 25.6693830456305 11.7950576016093 439.3 57.195772709564 390 0
1998 9 20.0266361944726 8.2133877517892 346.6 65.5370193399918 390 0
1998 10 12.3172487991377 2.57464724548791 255.1 132.808602912533 390 0
1998 11 4.9897170100646 -2.47185755973474 163.1 70.9363063092002 390 0
1998 12 2.45651175776227 -8.14624684429853 125 46.8424102896559 390 0
1999 1 -3.21899911145324 -16.4675067181786 143.5 149.03173964432 390 0
1999 2 0.407839403637402 -12.2291844282396 209.8 62.544908860785 390 0
1999 3 4.23002443915736 -5.49813558606628 301.6 156.303997291469 390 0
1999 4 10.7622248930504 -0.849274434438873 391.2 20.5592276454403 390 0
1999 5 20.4385230897323 5.9818935857364 461.6 72.6021173505872 390 0
1999 6 25.6634165699511 11.6573794458881 512.7 87.2908622084613 390 0
1999 7 26.4709444058327 13.9422918654929 503.7 71.7277631113798 390 0
1999 8 24.623520761542 11.7011429946084 439.3 75.7395371342359 390 0
1999 9 23.096095662128 10.7823898959172 346.6 229.241366181855 390 0
1999 10 12.0098917108341 -0.124310353382546 255.1 110.372020878743 390 0
1999 11 8.25602736213324 -1.58794481296964 163.1 92.1974950705515 390 0
1999 12 0.819176415844467 -7.85888292046084 125 77.9912668512674 390 0
2000 1 -4.25152937124723 -15.5472125199486 143.5 95.0941352270577 390 0
2000 2 -1.18745743036287 -14.7146101962581 209.8 81.6257830120063 390 0
2000 3 6.13211790702445 -5.91319852928359 301.6 102.105963907248 390 0
2000 4 9.31971830907247 -0.958867411893823 391.2 150.591347072306 390 0
2000 5 16.1392312035061 3.95071850475633 461.6 111.972894014887 390 0
2000 6 22.1434529013196 9.15157509210143 512.7 59.6603746114503 390 0
2000 7 23.44828967594 11.5474428061102 503.7 95.5331707286319 390 0
2000 8 23.5203179331443 11.7003434970002 439.3 62.1581853274186 390 0
2000 9 19.4052471042991 6.80313841171085 346.6 56.8670278358895 390 0
2000 10 13.4806904326311 1.24393234239499 255.1 85.8888936050805 390 0
2000 11 5.7751866189531 -1.49658704483913 163.1 77.2626377112253 390 0
2000 12 -2.73342527374566 -12.8277820799639 125 113.844327426472 390 0
2001 1 -3.51100435869724 -16.858602680017 143.5 32.9756734463544 390 0
2001 2 -2.3057367099894 -15.9975042251534 209.8 72.7675859140819 390 0
2001 3 1.58339750465559 -10.1413947956566 301.6 97.1375892009416 390 0
2001 4 9.63977038457676 -2.57343539841865 391.2 23.8033442147463 390 0
2001 5 20.527815961088 5.0753775867919 461.6 47.2020784347168 390 0
2001 6 23.748148020094 11.5281781524156 512.7 90.3418286087607 390 0
2001 7 24.5787711810423 12.1530473380054 503.7 86.6301766596722 390 0
2001 8 27.1784197890097 12.8584497377677 439.3 36.0810090947014 390 0
2001 9 21.5488944080585 7.90499675069353 346.6 99.5322934979634 390 0
2001 10 15.2917552600947 1.72642468825125 255.1 44.245224915381 390 0
2001 11 7.60316247794315 -1.3720891371439 163.1 54.3416688923504 390 0
2001 12 2.70879454871126 -6.45686630238906 125 57.7995453952441 390 0
2002 1 -1.31562305373636 -11.0594631949625 143.5 68.0676213971936 390 0
2002 2 -0.62339164751689 -12.9879183448578 209.8 88.4643190595509 390 0
2002 3 2.68137773905294 -8.05360356779584 301.6 93.8447428748137 390 0
2002 4 9.67461042095687 -0.437836936980049 391.2 118.951444939549 390 0
2002 5 16.2500432190399 3.41611362247992 461.6 80.7678695438468 390 0
2002 6 21.2337287273834 8.97022033070511 512.7 98.5999259691411 390 0
2002 7 25.1958525475545 12.6692669515184 503.7 92.9574740001411 390 0
2002 8 26.9632536839487 12.7723715202821 439.3 25.8710571456087 390 0
2002 9 22.2647133349098 8.82584341524994 346.6 111.932560807937 390 0
2002 10 11.260671607483 0.104471027140884 255.1 78.9636982302872 390 0
2002 11 3.74902335566185 -4.71778865017627 163.1 111.543555902714 390 0
2002 12 -0.846487835060754 -10.9177394680688 125 87.558780008694 390 0
2003 1 -6.98306889522682 -18.2106158142535 143.5 38.4559943089167 390 0
2003 2 -4.80511203196317 -16.9578005566135 209.8 65.9595542785284 390 0
2003 3 2.18193176229004 -10.9820523358344 301.6 95.1561180844525 390 0
2003 4 8.37925012149996 -3.86373710348536 391.2 47.6292822605408 390 0
2003 5 16.2264345348025 4.31767566259682 461.6 84.740169634692 390 0
2003 6 23.1166992864237 10.0244321108153 512.7 79.9039713367321 390 0
2003 7 25.2848309079683 13.458195873521 503.7 82.140231688359 390 0
2003 8 24.9223035839451 13.8936307051612 439.3 85.734706709993 390 0
2003 9 21.538555575327 8.53365121260759 346.6 121.385180257353 390 0
2003 10 12.7371664087056 1.87451776786702 255.1 221.295102508055 390 0
2003 11 7.00071528083937 -2.70778525365138 163.1 117.738505360857 390 0
2003 12 0.419866950032545 -9.91240115235221 125 173.097884454158 390 0
2004 1 -8.99074426276733 -18.9345891338556 143.5 22.1813056695853 390 0
2004 2 -1.48269477285818 -14.288829598836 209.8 38.790636858279 390 0
2004 3 3.81396701482632 -7.17194126227136 301.6 39.0082521242693 390 0
2004 4 10.204442581463 -1.47998241191216 391.2 95.1139481201357 390 0
2004 5 18.0831702951531 5.03782146505243 461.6 91.0964505514241 390 0
2004 6 21.0828112466169 8.14143328112709 512.7 57.6843786629356 390 0
2004 7 23.8331667368344 12.9939555745548 503.7 113.63024255174 390 0
2004 8 24.5929840112526 12.7775352225261 439.3 155.64640322239 390 0
2004 9 20.6311040567152 7.20409524898671 346.6 69.0980663931195 390 0
2004 10 13.9096932295258 1.80388452792683 255.1 59.8343949408342 390 0
2004 11 5.88319198286084 -3.75036103338156 163.1 113.522920956843 390 0
2004 12 -1.65468972438667 -11.8819850441142 125 111.588287802522 390 0
2005 1 -5.14630383228882 -17.2080374748505 143.5 62.6441874079024 390 0
2005 2 -0.41690337863733 -13.4787220177931 209.8 69.4685465375658 390 0
2005 3 2.46276603248142 -9.65418630908685 301.6 111.018569364633 390 0
2005 4 11.5488411482385 -0.614252610556425 391.2 195.259811685951 390 0
2005 5 13.821869564055 3.97608942263777 461.6 161.813416561116 390 0
2005 6 24.2998022221903 11.4715354216689 512.7 87.7836406978171 390 0
2005 7 25.9786514496963 13.166207169784 503.7 102.010712705872 390 0
2005 8 25.4774979943407 12.6387235046662 439.3 104.14915081359 390 0
2005 9 21.6255536092714 9.27892663654398 346.6 117.400692458598 390 0
2005 10 13.0524149364696 4.25883643292215 255.1 300.971536670495 390 0
2005 11 6.93880487743931 -2.7711258493029 163.1 167.901353493562 390 0
2005 12 -0.836720895392439 -9.91525092708136 125 145.22356111329 390 0
2006 1 -0.0189141131410447 -10.0244318917156 143.5 113.315427505782 390 0
2006 2 -1.70896626319046 -11.7897416984221 209.8 64.9945404436435 390 0
2006 3 3.80039812942293 -6.82014382581342 301.6 29.965135186332 390 0
2006 4 12.4448375140005 -0.259248235632263 391.2 60.7142685655276 390 0
2006 5 18.1784534782391 6.30015651557381 461.6 159.125450193953 390 0
2006 6 22.841128519826 12.8074316180747 512.7 183.484192491428 390 0
2006 7 26.8925945584187 14.9121734941603 503.7 139.322544086757 390 0
2006 8 23.230509128358 10.8041468762819 439.3 101.559789816405 390 0
2006 9 20.2191919536017 7.61232320727507 346.6 75.0053765921053 390 0
2006 10 12.9228285569207 2.18433833420398 255.1 194.414390406276 390 0
2006 11 8.23269505877373 -0.221055083346891 163.1 139.080108750327 390 0
2006 12 2.44065889554009 -6.38332235296669 125 77.7840338814204 390 0
2007 1 -2.47506632657024 -13.3929522779472 143.5 72.0050109798535 390 0
2007 2 -4.98143110368566 -17.9557763218394 209.8 51.5522746934931 390 0
2007 3 2.88072870095125 -9.33139438984296 301.6 104.937950811598 390 0
2007 4 8.46695412399423 -2.17307996368241 391.2 173.582535563568 390 0
2007 5 17.9673860510796 4.24474296398847 461.6 84.7142296067893 390 0
2007 6 23.1189029955301 10.272964653168 512.7 65.922967840169 390 0
2007 7 24.6384519051279 12.4965835576779 503.7 78.9776329891602 390 0
2007 8 25.0457769827558 11.2533949784415 439.3 102.082880761061 390 0
2007 9 21.3164810255154 7.82359531511694 346.6 51.642848919546 390 0
2007 10 15.8609879401733 4.30936618022007 255.1 119.46816389627 390 0
2007 11 4.81870250300416 -4.41370006928817 163.1 190.421503904036 390 0
2007 12 -2.7396934874658 -12.7285727423601 125 115.359165610275 390 0
2008 1 -1.772544644925 -13.226677313728 143.5 77.6601620088397 390 0
2008 2 -1.60745327463643 -13.5755779751598 209.8 143.541001705439 390 0
2008 3 1.29785240264306 -10.8287475797925 301.6 115.611413112627 390 0
2008 4 12.155021587767 -1.18623464923967 391.2 109.433678461489 390 0
2008 5 17.4236019777513 3.78572527069567 461.6 36.0843930488303 390 0
2008 6 21.7868244257903 11.3745757950839 512.7 156.652754722506 390 0
2008 7 26.2610392867892 14.5130769342951 503.7 121.809172987787 390 0
2008 8 22.9988012559206 12.2320949984511 439.3 126.571052894487 390 0
2008 9 19.9618136316095 7.78220312422504 346.6 149.879118794591 390 0
2008 10 12.7835634861339 1.42437200965208 255.1 112.792103457564 390 0
2008 11 6.12003015554837 -2.62223887708595 163.1 154.229523060862 390 0
2008 12 -0.396516818842921 -11.9102000066425 125 144.103184837399 390 0
2009 1 -6.74189011449385 -19.9924380624065 143.5 66.901257794601 390 0
2009 2 -1.22060560838993 -13.609678991089 209.8 68.4000979840528 390 0
2009 3 3.37630381730808 -9.78163433046859 301.6 64.4375005623936 390 0
2009 4 12.0120933809654 -0.316943181012159 391.2 101.246962161321 390 0
2009 5 17.6643317213744 4.72130344099308 461.6 101.372453618612 390 0
2009 6 20.3676361829107 10.1314121693709 512.7 179.040174548451 390 0
2009 7 22.4122311261438 12.8218032870329 503.7 160.416059370526 390 0
2009 8 25.6114043988862 13.4336532743957 439.3 107.412915199853 390 0
2009 9 20.1604290825801 6.12709777595255 346.6 40.359141078287 390 0
2009 10 9.99988833353182 0.905480091262101 255.1 149.459804557751 390 0
2009 11 9.12502462180172 -1.1240412084101 163.1 127.53898715365 390 0
2009 12 -0.938262955481025 -9.39950109997916 125 115.747947020263 390 0
2010 1 -1.76809349300664 -10.8658666185021 143.5 90.129066319099 390 0
2010 2 -0.382332402351987 -7.96588748021188 209.8 70.5451464357271 390 0
2010 3 7.24524645012793 -3.80529455520819 301.6 134.16362666858 390 0
2010 4 13.6394449521683 1.43288085171633 391.2 74.5269985088201 390 0
2010 5 20.1458137766478 6.06760681827063 461.6 51.1857896220638 390 0
2010 6 22.1049297525952 10.6624500056683 512.7 146.249304064862 390 0
2010 7 26.9334392782453 15.4272707042925 503.7 58.2356900383392 390 0
2010 8 25.6227652392862 12.2313246258571 439.3 60.6093836520664 390 0
2010 9 20.6843988313283 9.95511325007642 346.6 129.135909279329 390 0
2010 10 13.0602027157536 2.74721153066782 255.1 152.280298379527 390 0
2010 11 6.1823623077552 -2.81365573120511 163.1 140.663791008934 390 0
2010 12 -0.276447980580516 -8.58733408285993 125 183.671159462794 390 0
2011 1 -3.41361250148707 -13.9962847578191 143.5 54.0260843177841 390 0
2011 2 -2.58073014191355 -15.4718458779878 209.8 71.8510718742499 390 0
2011 3 3.14000313949161 -8.3648812985777 301.6 128.038481801659 390 0
2011 4 9.84382516926513 -1.25000187225142 391.2 132.99669296683 390 0
2011 5 16.6343196037325 6.65232893897231 461.6 136.255110753382 390 0
2011 6 22.0850939884259 10.2935315600188 512.7 93.8066589063093 390 0
2011 7 26.7861998416878 13.7006639566667 503.7 77.9232161491831 390 0
2011 8 24.5310665745888 13.1786347001315 439.3 204.247983593598 390 0
2011 9 21.4080214213548 9.66913778063147 346.6 94.3811661815756 390 0
2011 10 13.876380218328 4.40006310885291 255.1 127.792706396054 390 0
2011 11 9.46503157827674 -1.9259023617579 163.1 68.9640275210493 390 0
2011 12 2.13826180024179 -8.41927179618569 125 94.1494907069877 390 0
2012 1 -2.02067782196243 -12.7254348333082 143.5 81.5677628630423 390 0
2012 2 0.125735335566965 -11.9266898294454 209.8 44.7204200693009 390 0
2012 3 7.56532826582253 -5.01359365927242 301.6 49.4763360862304 390 0
2012 4 12.3919727538119 -0.289600392372574 391.2 109.21037882155 390 0
2012 5 18.0895927820937 6.89024956207185 461.6 124.602905920088 390 0
2012 6 21.5428702049254 10.4019393946677 512.7 190.413368155064 390 0
2012 7 26.8593223553176 13.9119041114266 503.7 40.6241823871562 390 0
2012 8 26.3556813307474 14.2840631590787 439.3 114.002399035552 390 0
2012 9 20.2813763511243 7.6670111128857 346.6 121.174205797052 390 0
2012 10 14.4318360996529 4.03745911671161 255.1 201.242535759571 390 0
2012 11 5.88487500564157 -3.71019407232639 163.1 36.1742212930818 390 0
2012 12 0.477482559857909 -8.61459219085686 125 140.013400323512 390 0
2013 1 -3.22828901625887 -14.7955227776863 143.5 28.3657817646634 390 0
2013 2 -1.08472215450551 -11.6059896771729 209.8 76.6195998197306 390 0
2013 3 3.74728410944664 -5.2177904843956 301.6 69.7968492571253 390 0
2013 4 10.3551452821508 -1.96178517006154 391.2 50.4887819930097 390 0
2013 5 18.295852876287 4.83997275896236 461.6 140.327929711663 390 0
2013 6 22.4822546044508 10.7867941609456 512.7 159.110957826065 390 0
2013 7 26.4141585328502 14.9128032842116 503.7 135.684198731369 390 0
2013 8 24.5047902256936 12.0093997510935 439.3 119.204868407035 390 0
2013 9 19.9265214028093 8.79316280575247 346.6 149.2852682551 390 0
2013 10 15.2194614093125 2.86144806239097 255.1 34.4432256195988 390 0
2013 11 5.66269680580887 -4.36884230278025 163.1 118.944701238558 390 0
2013 12 -3.59513461313485 -12.6617910556927 125 103.082239962327 390 0
2014 1 -3.2360032 -16.125473 143.5 49.8665008 399 0
2014 2 4.797158 -5.642609 209.8 120.26260605 399.92 0
2014 3 4.7869077 -6.108877 301.6 148.382244 400.9 0
2014 4 12.404802 0.7002671 391.2 124.517871 402.36 0
2014 5 21.160364 6.6553864 461.6 51.6040446 402.9 0
2014 6 24.450348 11.209539 512.7 47.160084 402.35 0
2014 7 25.125196 12.506707 503.7 129.8343333 400.83 0
2014 8 25.084879 11.349107 439.3 33.3319161 398.24 0
2014 9 19.642778 5.0800233 346.6 31.273236 397.24 0
2014 10 15.238496 3.296167 255.1 80.8584005 397.1 0
2014 11 6.0672293 -3.6943247 163.1 100.0878 398.53 0
2014 12 1.7673402 -6.7077103 125 34.0496715 399.74 0
2015 1 -0.56922114 -11.101885 143.5 110.2427177 401.63 0
2015 2 2.6192253 -9.716357 209.8 126.313527225 402.55 0
2015 3 7.1961603 -2.8212385 301.6 84.9129866 403.53 0
2015 4 12.05139 0.43234703 391.2 84.141669 404.99 0
2015 5 15.89645 5.0229216 461.6 199.1158055 405.53 0
2015 6 24.841011 11.234696 512.7 63.002121 404.98 0
2015 7 27.049133 13.967651 503.7 153.906196 403.46 0
2015 8 24.899853 12.034491 439.3 99.3880212 400.87 0
2015 9 20.504951 8.717284 346.6 123.91341 399.87 0
2015 10 13.213803 2.114377 255.1 138.734393 399.73 0
2015 11 6.841152 -1.6115984 163.1 88.872813 401.16 0
2015 12 -0.357123 -11.687556 125 76.8161865 402.37 0
2016 1 -3.96378 -15.250521 143.5 72.517897 404.33 0
2016 2 -1.7344325 -12.240152 209.8 50.247650675 405.25 0
2016 3 5.712417 -4.86342 301.6 67.5518582 406.23 0
2016 4 14.922559 2.598356 391.2 38.712144 407.69 0
2016 5 20.872334 5.561144 461.6 26.64872747 408.23 0
2016 6 26.682251 12.654299 512.7 84.769257 407.68 0
2016 7 27.073853 13.679318 503.7 112.4640692 406.16 0
2016 8 23.05761 10.219744 439.3 106.3647479 403.57 0
2016 9 20.19881 8.807951 346.6 88.426029 402.57 0
2016 10 12.174959 1.7173103 255.1 44.4785892 402.43 0
2016 11 9.422475 0.3250568 163.1 92.693955 403.86 0
2016 12 2.4349685 -5.6530385 125 38.3314814 405.07 0
2017 1 0.16436829 -9.94489 143.5 127.9173956 407.1 0
2017 2 0.82863545 -11.70149 209.8 84.25392435 408.02 0
2017 3 8.073916 -2.8930192 301.6 37.6405162 409 0
2017 4 14.682881 3.210211 391.2 99.889698 410.46 0
2017 5 18.814081 5.215092 461.6 127.2157974 411 0
2017 6 23.697382 11.141272 512.7 102.94632 410.45 0
2017 7 28.021902 14.840845 503.7 103.2268504 408.93 0
2017 8 26.26389 13.8417015 439.3 157.517851 406.34 0
2017 9 22.009947 9.123765 346.6 47.37651 405.34 0
2017 10 17.229721 4.622188 255.1 91.6421752 405.2 0
2017 11 8.7358465 -0.50328726 163.1 45.364935 406.63 0
2017 12 1.0197012 -7.295722 125 58.9703018 407.84 0
2018 1 -1.0498346 -12.28614 143.5 86.3251048 409.93 0
2018 2 5.570768 -7.897379 209.8 97.28408995 410.85 0
2018 3 6.4288106 -3.8644505 301.6 82.679604 411.83 0
2018 4 12.183334 -0.1989121 391.2 70.789911 413.29 0
2018 5 17.86433 6.0396733 461.6 163.7230807 413.83 0
2018 6 25.674417 11.643873 512.7 33.896577 413.28 0
2018 7 27.855282 13.714505 503.7 62.6501537 411.76 0
2018 8 27.310595 13.403375 439.3 31.9666575 409.17 0
2018 9 23.021431 10.299707 346.6 175.78467 408.17 0
2018 10 14.944195 2.0769477 255.1 61.6648032 408.03 0
2018 11 7.30893 -2.345471 163.1 81.742659 409.46 0
2018 12 3.9703562 -5.267285 125 99.9546485 410.67 0
2019 1 0.7268003 -9.988901 143.5 87.8385775 412.82 0
2019 2 6.347962 -5.8772817 209.8 114.100634125 413.74 0
2019 3 4.6675243 -7.1138577 301.6 110.808167 414.72 0
2019 4 13.976399 1.8385692 391.2 137.01174 416.18 0
2019 5 21.438261 6.9364085 461.6 61.1188932 416.72 0
2019 6 25.726877 12.44285 512.7 57.713754 416.17 0
2019 7 25.3615 12.767036 503.7 79.922154 414.65 0
2019 8 26.20557 12.200149 439.3 73.288278 412.06 0
2019 9 23.020855 9.492196 346.6 84.825081 411.06 0
2019 10 16.34193 4.42131 255.1 149.241285 410.92 0
2019 11 8.194063 -2.0405042 163.1 44.99232 412.35 0
2019 12 2.6021667 -7.1273746 125 115.2777625 413.56 0
2020 1 -3.4376116 -14.3400345 143.5 92.9863104 415.78 0
2020 2 0.6541236 -11.094467 209.8 101.43325785 416.7 0
2020 3 5.328636 -5.588146 301.6 107.5380948 417.68 0
2020 4 13.963243 0.82637256 391.2 47.570715 419.14 0
2020 5 21.507559 6.936026 461.6 109.6499853 419.68 0
2020 6 26.950787 13.47604 512.7 104.44242 419.13 0
2020 7 27.877113 14.8972 503.7 107.7800808 417.61 0
2020 8 25.296778 12.730827 439.3 72.7021548 415.02 0
2020 9 21.768814 9.376706 346.6 255.12045 414.02 0
2020 10 12.932893 1.1872795 255.1 76.398136 413.88 0
2020 11 6.247677 -3.445288 163.1 143.867139 415.31 0
2020 12 -2.3788013 -12.517845 125 68.9599278 416.52 0
2021 1 -6.2060914 -16.801676 143.5 27.1414765 418.8 0
2021 2 -1.4840723 -13.131006 209.8 144.58330225 419.72 0
2021 3 5.137233 -7.127982 301.6 47.3077298 420.7 0
2021 4 12.823309 0.8655974 391.2 101.142855 422.16 0
2021 5 22.335302 7.693205 461.6 25.04203436 422.7 0
2021 6 24.895712 11.709287 512.7 82.360968 422.15 0
2021 7 27.370964 13.713514 503.7 84.824835 420.63 0
2021 8 25.489315 13.128558 439.3 112.6183407 418.04 0
2021 9 21.346869 9.6082 346.6 86.056074 417.04 0
2021 10 11.487343 1.0341804 255.1 92.5401336 416.9 0
2021 11 5.853024 -2.2434464 163.1 154.265742 418.33 0
2021 12 -1.8461363 -13.446726 125 78.3395916 419.54 0
2022 1 -5.0798073 -16.942316 143.5 43.2916054 421.86 0
2022 2 -1.0690595 -12.613968 209.8 60.9208312 422.78 0
2022 3 6.48201 -3.6776767 301.6 67.4860173 423.76 0
2022 4 14.003031 2.1655395 391.2 33.258495 425.22 0
2022 5 17.012402 4.8051076 461.6 101.699127 425.76 0
2022 6 23.019358 10.35061 512.7 129.443835 425.21 0
2022 7 26.325928 13.568919 503.7 130.884604 423.69 0
2022 8 25.181776 11.624365 439.3 48.7790115 421.1 0
2022 9 22.77627 8.964719 346.6 44.128716 420.1 0
2022 10 13.2834835 1.140136 255.1 100.355897 419.96 0
2022 11 6.6862392 -2.0148327 163.1 93.290469 421.39 0
2022 12 2.21817 -7.2891517 125 223.792937 422.6 0
2023 1 -0.47665137 -11.00474 143.5 151.270328 424.99 0
2023 2 -4.820423 -18.140799 209.8 48.415406525 425.91 0
2023 3 5.7964287 -4.2964096 301.6 67.6598467 426.89 0
2023 4 13.962983 2.099485 391.2 147.597498 428.35 0
2023 5 20.896414 6.7403326 461.6 63.9629014 428.89 0
2023 6 24.556675 11.235247 512.7 70.848234 428.34 0
2023 7 25.658009 12.432002 503.7 74.40837 426.82 0
2023 8 27.308546 14.251316 439.3 35.6211111 424.23 0
2023 9 21.419386 8.893324 346.6 216.244269 423.23 0
2023 10 13.720522 1.5989225 255.1 117.6821938 423.09 0
2023 11 4.7730427 -2.418907 163.1 179.04825 424.52 0
2023 12 0.85588676 -6.8901505 125 102.9233604 425.73 0
2024 1 -1.4130973 -13.357008 143.5 109.7716913 428.2 0
2024 2 1.7628593 -9.583008 209.8 83.2038775 429.12 0
2024 3 4.580419 -5.2554765 301.6 56.6541213 430.1 0
2024 4 11.075344 0.114242114 391.2 88.508055 431.56 0
2024 5 19.353899 5.189375 461.6 94.8350078 432.1 0
2024 6 21.203749 9.081774 512.7 114.96585 431.55 0
2024 7 27.492735 14.71881 503.7 55.8130882 430.03 0
2024 8 25.655643 14.217892 439.3 128.743589 427.44 0
2024 9 20.852032 8.967725 346.6 189.135861 426.44 0
2024 10 12.2162695 1.1384113 255.1 64.2656505 426.3 0
2024 11 8.937962 0.09508668 163.1 133.07064 427.73 0
2024 12 -2.071024 -13.12568 125 137.055278 428.94 0
2025 1 -1.9987272 -12.852308 143.5 77.6350174 431.47 0
2025 2 3.2687428 -8.404474 209.8 102.4745585 432.39 0
2025 3 4.7034807 -5.8559084 301.6 95.1639674 433.37 0
2025 4 10.205877 -1.1666408 391.2 184.589766 434.83 0
2025 5 21.122355 6.23706 461.6 26.914696 435.37 0
2025 6 24.54183 11.097151 512.7 68.498577 434.82 0
2025 7 28.096334 14.299907 503.7 86.535384 433.3 0
2025 8 25.125036 12.772866 439.3 171.074182 430.71 0
2025 9 18.17287 4.0790725 346.6 100.083531 429.71 0
2025 10 12.768193 1.1378217 255.1 167.5411275 429.57 0
2025 11 7.3339005 -2.54174 163.1 152.0196 431 0
2025 12 -1.648197 -11.990645 125 52.5541171 432.21 0
2026 1 -1.322012 -12.96396 143.5 94.0783505 434.83 0
2026 2 -0.64026725 -12.530859 209.8 90.1833677 435.75 0
2026 3 5.269498 -5.473653 301.6 77.5528023 436.73 0
2026 4 11.746032 1.4130127 391.2 132.325629 438.19 0
2026 5 20.970137 6.867979 461.6 68.0647687 438.73 0
2026 6 24.196508 10.947515 512.7 54.540414 438.18 0
2026 7 26.154966 13.209379 503.7 117.0966596 436.66 0
2026 8 26.558138 13.278231 439.3 48.3990042 434.07 0
2026 9 21.539509 7.874041 346.6 189.745188 433.07 0
2026 10 11.729526 1.7938913 255.1 124.6524446 432.93 0
2026 11 4.3695354 -4.22426 163.1 92.72496 434.36 0
2026 12 0.4033553 -7.942258 125 153.2302906 435.57 0
2027 1 -3.060125 -12.86105 143.5 44.313601 438.24 0
2027 2 -0.4448509 -13.445311 209.8 78.148802725 439.16 0
2027 3 4.9342604 -5.7392488 301.6 85.3129858 440.14 0
2027 4 13.9282055 1.865457 391.2 62.870358 441.6 0
2027 5 18.606665 5.151929 461.6 68.3892488 442.14 0
2027 6 21.874672 9.039506 512.7 120.15315 441.59 0
2027 7 27.392218 14.332118 503.7 70.4397841 440.07 0
2027 8 26.916777 13.550109 439.3 50.7680955 437.48 0
2027 9 21.0799 8.376958 346.6 147.400275 436.48 0
2027 10 15.593143 4.307103 255.1 135.154606 436.34 0
2027 11 6.800708 -1.9578767 163.1 91.508754 437.77 0
2027 12 -3.0160193 -12.452298 125 141.6869446 438.98 0
2028 1 -2.6394606 -15.884529 143.5 99.7924255 441.72 0
2028 2 0.62666184 -13.5492115 209.8 114.82045825 442.64 0
2028 3 4.8006196 -5.82762 301.6 114.7510353 443.62 0
2028 4 12.8377075 1.4011594 391.2 180.537672 445.08 0
2028 5 21.214094 7.7520647 461.6 132.0531335 445.62 0
2028 6 27.428131 12.799676 512.7 81.8826 445.07 0
2028 7 27.672277 14.537202 503.7 105.1755228 443.55 0
2028 8 26.165735 13.084095 439.3 58.3232512 440.96 0
2028 9 20.514988 6.873089 346.6 81.626979 439.96 0
2028 10 15.671764 2.5281057 255.1 55.8909261 439.82 0
2028 11 9.376572 0.34154525 163.1 59.776197 441.25 0
2028 12 1.1025983 -8.645861 125 110.6824527 442.46 0
2029 1 -5.674354 -16.604712 143.5 99.280879 445.25 0
2029 2 -3.069887 -15.315869 209.8 126.108516975 446.17 0
2029 3 5.0935206 -5.8518505 301.6 63.3565383 447.15 0
2029 4 13.756672 0.73407614 391.2 78.266244 448.61 0
2029 5 20.76536 6.3355746 461.6 60.2399657 449.15 0
2029 6 24.474245 11.248364 512.7 96.177234 448.6 0
2029 7 27.984037 15.016515 503.7 148.3108696 447.08 0
2029 8 27.572655 13.715592 439.3 89.037611 444.49 0
2029 9 22.216312 8.647628 346.6 86.152497 443.49 0
2029 10 16.499874 3.670528 255.1 44.7389272 443.35 0
2029 11 9.095822 0.53899133 163.1 66.92115 444.78 0
2029 12 2.972267 -6.5556397 125 106.3979396 445.99 0
2030 1 -1.3555262 -11.240699 143.5 54.6641538 448.83 0
2030 2 1.6242464 -11.926828 209.8 135.4560945 449.75 0
2030 3 4.191572 -7.5358963 301.6 82.7902523 450.73 0
2030 4 14.626538 2.714795 391.2 83.329884 452.19 0
2030 5 20.699371 6.3704524 461.6 54.4904763 452.73 0
2030 6 26.209545 12.60519 512.7 85.147668 452.18 0
2030 7 28.440615 14.839302 503.7 51.1754975 450.66 0
2030 8 27.535934 14.174166 439.3 98.0973486 448.07 0
2030 9 26.074528 14.0052805 346.6 69.146169 447.07 0
2030 10 15.451612 2.6456466 255.1 45.9235519 446.93 0
2030 11 5.931572 -4.5396695 163.1 148.62033 448.36 0
2030 12 0.6113355 -8.828188 125 116.8395921 449.57 0
2031 1 -0.9611122 -10.583274 143.5 95.5073575 452.47 0
2031 2 -0.20416088 -12.1914 209.8 74.88972735 453.39 0
2031 3 6.2832556 -3.8715146 301.6 49.2046756 454.37 0
2031 4 13.709957 2.2254038 391.2 158.20581 455.83 0
2031 5 18.609392 5.805378 461.6 77.6358172 456.37 0
2031 6 24.361534 11.036453 512.7 105.25794 455.82 0
2031 7 27.303156 13.716986 503.7 63.4691768 454.3 0
2031 8 28.028343 15.167271 439.3 73.6820803 451.71 0
2031 9 21.4784 9.640746 346.6 187.28721 450.71 0
2031 10 12.702386 2.7094584 255.1 87.5540037 450.57 0
2031 11 7.366989 -2.3510487 163.1 241.88991 452 0
2031 12 0.08409789 -8.796711 125 141.90405 453.21 0
2032 1 -3.7527454 -14.370042 143.5 63.2024807 456.18 0
2032 2 -1.8488631 -13.942147 209.8 73.12334525 457.1 0
2032 3 5.667906 -3.9964266 301.6 113.6709116 458.08 0
2032 4 14.4152775 2.348316 391.2 42.20676 459.54 0
2032 5 20.70111 6.333495 461.6 107.1561934 460.08 0
2032 6 22.148476 9.844433 512.7 83.968806 459.53 0
2032 7 27.562632 14.036933 503.7 66.5970768 458.01 0
2032 8 25.62708 12.575644 439.3 84.5566075 455.42 0
2032 9 19.959105 6.7394667 346.6 100.459806 454.42 0
2032 10 15.547133 4.24052 255.1 116.9867553 454.28 0
2032 11 6.5802693 -2.3063326 163.1 129.807201 455.71 0
2032 12 2.7778563 -6.021943 125 141.8552684 456.92 0
2033 1 -4.2676296 -16.04161 143.5 70.298762 459.96 0
2033 2 -0.973989 -12.891178 209.8 81.054335 460.88 0
2033 3 5.8912764 -5.286749 301.6 40.8068872 461.86 0
2033 4 13.9516 2.916875 391.2 97.28322 463.32 0
2033 5 18.828548 5.338231 461.6 128.5356193 463.86 0
2033 6 24.502903 11.087999 512.7 114.571482 463.31 0
2033 7 27.498716 14.623213 503.7 106.0336989 461.79 0
2033 8 26.609034 13.709368 439.3 61.4205294 459.2 0
2033 9 21.817677 9.363111 346.6 196.28085 458.2 0
2033 10 12.747135 2.2301087 255.1 108.4647685 458.06 0
2033 11 9.151947 -0.9074354 163.1 130.509852 459.49 0
2033 12 1.459344 -7.023836 125 72.7206835 460.7 0
2034 1 -4.192295 -16.10617 143.5 116.0528245 463.85 0
2034 2 1.841343 -8.729399 209.8 131.347010525 464.77 0
2034 3 6.217337 -3.4789798 301.6 76.7210723 465.75 0
2034 4 12.388108 1.8687881 391.2 124.759296 467.21 0
2034 5 20.0299 6.321357 461.6 69.9474948 467.75 0
2034 6 26.111755 13.083172 512.7 142.825428 467.2 0
2034 7 28.10182 14.750911 503.7 97.7778068 465.68 0
2034 8 26.76641 13.637 439.3 55.8415493 463.09 0
2034 9 20.938126 5.8906646 346.6 42.377151 462.09 0
2034 10 15.429649 2.7375069 255.1 174.6002925 461.95 0
2034 11 8.107304 -0.16886756 163.1 93.49599 463.38 0
2034 12 1.1513484 -7.040941 125 82.0364408 464.59 0
2035 1 -2.293703 -12.514576 143.5 70.7202876 467.85 0
2035 2 3.047367 -9.725264 209.8 90.328343875 468.77 0
2035 3 7.134202 -3.7025506 301.6 86.897836 469.75 0
2035 4 13.702199 2.053966 391.2 77.403108 471.21 0
2035 5 20.614384 6.2030277 461.6 58.9520242 471.75 0
2035 6 25.335552 11.594173 512.7 69.658407 471.2 0
2035 7 27.384424 14.418627 503.7 80.6880834 469.68 0
2035 8 27.831194 14.416704 439.3 62.7669617 467.09 0
2035 9 21.941837 8.95093 346.6 71.172975 466.09 0
2035 10 14.874709 2.8208508 255.1 93.6285498 465.95 0
2035 11 8.1113 -2.8133159 163.1 168.753891 467.38 0
2035 12 -2.5331702 -13.4297285 125 32.4948324 468.59 0
2036 1 1.3043735 -10.092411 143.5 99.017255 471.96 0
2036 2 -2.296456 -13.12521 209.8 76.64171325 472.88 0
2036 3 4.7331333 -6.3528547 301.6 131.801429 473.86 0
2036 4 11.074076 -0.9818097 391.2 80.554641 475.32 0
2036 5 20.503746 5.488217 461.6 125.677224 475.86 0
2036 6 26.022411 12.188554 512.7 68.536719 475.31 0
2036 7 27.83831 15.298808 503.7 103.686413 473.79 0
2036 8 26.0287 11.977809 439.3 52.9306121 471.2 0
2036 9 20.621473 5.787679 346.6 47.393778 470.2 0
2036 10 14.86096 2.9861016 255.1 77.4599046 470.06 0
2036 11 7.720962 -1.5711515 163.1 89.75157 471.49 0
2036 12 3.5209663 -6.0244665 125 132.0665565 472.7 0
2037 1 1.5027053 -9.274681 143.5 99.2612343 476.18 0
2037 2 -0.22965999 -11.150438 209.8 58.0748471 477.1 0
2037 3 6.338966 -5.266839 301.6 14.36125654 478.08 0
2037 4 10.373695 0.4348733 391.2 111.04632 479.54 0
2037 5 18.107391 4.3840575 461.6 107.618515 480.08 0
2037 6 23.721899 11.109569 512.7 43.632432 479.53 0
2037 7 28.249643 15.001463 503.7 66.103718 478.01 0
2037 8 25.5124 11.94455 439.3 51.3075389 475.42 0
2037 9 22.297821 9.499265 346.6 193.610715 474.42 0
2037 10 16.162792 4.920574 255.1 76.4360676 474.28 0
2037 11 5.9396954 -3.2340496 163.1 80.884944 475.71 0
2037 12 0.37487778 -10.867689 125 124.801877 476.92 0
2038 1 -1.5813386 -12.487104 143.5 204.818612 480.51 0
2038 2 0.88434607 -11.80501 209.8 99.8884631 481.43 0
2038 3 8.479976 -0.45239466 301.6 96.0834057 482.41 0
2038 4 13.52541 1.8645015 391.2 60.94899 483.87 0
2038 5 22.38786 7.7422423 461.6 72.2969445 484.41 0
2038 6 25.161154 11.755641 512.7 89.950011 483.86 0
2038 7 27.978863 14.372409 503.7 40.5375437 482.34 0
2038 8 29.379852 16.529505 439.3 94.7241239 479.75 0
2038 9 24.776365 12.958536 346.6 65.118936 478.75 0
2038 10 17.373903 5.770092 255.1 102.2999473 478.61 0
2038 11 8.141782 -1.3012815 163.1 106.707789 480.04 0
2038 12 1.667649 -7.545456 125 171.668235 481.25 0
2039 1 -1.5756997 -11.246447 143.5 59.4528447 484.93 0
2039 2 0.47216362 -10.188158 209.8 61.611546525 485.85 0
2039 3 6.666534 -4.5779366 301.6 45.5220709 486.83 0
2039 4 12.556812 2.1976683 391.2 181.335225 488.29 0
2039 5 20.42511 6.4446125 461.6 25.5404443 488.83 0
2039 6 25.23817 11.974453 512.7 46.244238 488.28 0
2039 7 26.638472 13.397358 503.7 107.556267 486.76 0
2039 8 28.382977 14.727522 439.3 59.071647 484.17 0
2039 9 24.069946 9.836622 346.6 38.199309 483.17 0
2039 10 13.3263235 1.9159937 255.1 113.8612454 483.03 0
2039 11 9.836009 0.80008674 163.1 273.79866 484.46 0
2039 12 3.3757582 -4.5338326 125 158.0412674 485.67 0
2040 1 -1.4804202 -10.667199 143.5 92.9179244 489.44 0
2040 2 0.69176114 -11.178313 209.8 36.178387925 490.36 0
2040 3 5.223029 -6.701557 301.6 144.1273576 491.34 0
2040 4 11.681485 0.81101257 391.2 67.07484 492.8 0
2040 5 21.581495 6.7687407 461.6 77.6550558 493.34 0
2040 6 26.576494 12.684198 512.7 80.462265 492.79 0
2040 7 28.896227 15.457927 503.7 105.4781107 491.27 0
2040 8 29.243969 16.573305 439.3 64.3729973 488.68 0
2040 9 25.115202 11.31949 346.6 48.224706 487.68 0
2040 10 17.31355 5.6312547 255.1 172.5841827 487.54 0
2040 11 5.718489 -2.4494948 163.1 84.932421 488.97 0
2040 12 -1.332612 -11.493658 125 86.4568517 490.18 0
2041 1 0.8936139 -10.910626 143.5 139.530752 494.03 0
2041 2 0.7878528 -11.0333605 209.8 64.736663225 494.95 0
2041 3 6.066032 -4.838453 301.6 101.150334 495.93 0
2041 4 13.083679 1.2258085 391.2 74.720112 497.39 0
2041 5 21.210974 7.396607 461.6 104.6373442 497.93 0
2041 6 25.007559 11.466621 512.7 72.366528 497.38 0
2041 7 29.12495 15.341232 503.7 94.0192738 495.86 0
2041 8 29.050898 14.89217 439.3 52.9419271 493.27 0
2041 9 23.643906 8.880224 346.6 85.86951 492.27 0
2041 10 15.278283 2.9636464 255.1 102.2311211 492.13 0
2041 11 7.9151273 -1.8626819 163.1 159.29733 493.56 0
2041 12 0.5503651 -8.071179 125 83.2364694 494.77 0
2042 1 1.0065422 -9.949171 143.5 99.1065288 498.73 0
2042 2 -1.4600244 -11.665485 209.8 66.217855925 499.65 0
2042 3 2.699138 -10.12126 301.6 149.386334 500.63 0
2042 4 13.314496 0.06648912 391.2 82.98306 502.09 0
2042 5 20.694126 6.9380517 461.6 112.4436185 502.63 0
2042 6 24.391212 11.86924 512.7 68.083806 502.08 0
2042 7 27.651054 14.311979 503.7 83.8985302 500.56 0
2042 8 28.03796 14.36529 439.3 47.5007575 497.97 0
2042 9 25.97728 14.066978 346.6 100.434966 496.97 0
2042 10 13.521693 2.7856061 255.1 129.562733 496.83 0
2042 11 9.71515 0.8201249 163.1 76.651548 498.26 0
2042 12 1.0343292 -6.869015 125 115.4645375 499.47 0
2043 1 0.7976672 -6.961359 143.5 150.7893475 503.53 0
2043 2 -0.28838438 -11.73881 209.8 131.101913525 504.45 0
2043 3 5.6473246 -3.3180876 301.6 113.655207 505.43 0
2043 4 13.268338 3.182418 391.2 132.368502 506.89 0
2043 5 16.434887 6.1109557 461.6 93.8767606 507.43 0
2043 6 26.43691 13.451639 512.7 121.065732 506.88 0
2043 7 29.644907 17.091125 503.7 113.7604458 505.36 0
2043 8 28.112722 15.148611 439.3 77.2409671 502.77 0
2043 9 24.596645 10.780879 346.6 41.167188 501.77 0
2043 10 12.07278 1.3199701 255.1 83.534987 501.63 0
2043 11 7.574232 -1.825959 163.1 94.4775 503.06 0
2043 12 0.4456533 -7.9239373 125 31.9630925 504.27 0
2044 1 -1.027194 -10.372367 143.5 71.3602423 508.43 0
2044 2 2.653333 -10.325963 209.8 85.374276975 509.35 0
2044 3 7.049924 -1.6627841 301.6 96.8124513 510.33 0
2044 4 14.317457 3.1134114 391.2 79.813005 511.79 0
2044 5 18.939219 5.7610493 461.6 103.9564788 512.33 0
2044 6 25.544228 12.299917 512.7 53.283519 511.78 0
2044 7 29.725914 15.796518 503.7 30.33014487 510.26 0
2044 8 28.75196 15.259297 439.3 156.1635757 507.67 0
2044 9 24.592627 10.70016 346.6 61.131435 506.67 0
2044 10 14.613598 3.4190984 255.1 88.32086 506.53 0
2044 11 10.229724 1.6177682 163.1 140.72841 507.96 0
2044 12 0.17240134 -11.511533 125 221.099502 509.17 0
2045 1 -1.1233611 -11.350963 143.5 88.706438 513.46 0
2045 2 3.6841984 -9.1527405 209.8 74.686595725 514.38 0
2045 3 6.436716 -3.6769092 301.6 77.2476879 515.36 0
2045 4 14.330483 2.4429893 391.2 64.763547 516.82 0
2045 5 19.690397 7.147855 461.6 134.397586 517.36 0
2045 6 25.907808 12.821933 512.7 75.955782 516.81 0
2045 7 28.623667 14.989965 503.7 81.6049394 515.29 0
2045 8 27.628157 14.589652 439.3 128.201554 512.7 0
2045 9 25.002588 10.515146 346.6 25.931436 511.7 0
2045 10 15.377566 4.8754644 255.1 231.9584765 511.56 0
2045 11 7.7339535 -0.8999468 163.1 177.269082 512.99 0
2045 12 0.3812808 -10.026482 125 145.003089 514.2 0
2046 1 -3.3035827 -16.158667 143.5 49.6293942 518.61 0
2046 2 -1.9372128 -16.190228 209.8 71.075644 519.53 0
2046 3 3.715666 -8.991069 301.6 74.4769513 520.51 0
2046 4 13.03263 2.0860057 391.2 103.171185 521.97 0
2046 5 21.326708 7.0732684 461.6 83.1948054 522.51 0
2046 6 26.022455 12.38444 512.7 96.098121 521.96 0
2046 7 28.559635 15.049848 503.7 93.3575013 520.44 0
2046 8 26.955864 13.787173 439.3 184.143534 517.85 0
2046 9 21.264423 9.5867605 346.6 329.55555 516.85 0
2046 10 13.758933 3.2071795 255.1 149.352203 516.71 0
2046 11 8.711066 1.43863 163.1 83.692116 518.14 0
2046 12 0.9791641 -8.981692 125 60.0302352 519.35 0
2047 1 0.5734996 -8.066829 143.5 135.9679127 523.9 0
2047 2 -2.5187297 -13.991258 209.8 66.886120975 524.82 0
2047 3 5.667014 -6.6549797 301.6 66.9597675 525.8 0
2047 4 11.107436 0.5744561 391.2 81.699636 527.26 0
2047 5 19.938385 6.303946 461.6 39.7683376 527.8 0
2047 6 27.837112 13.996808 512.7 87.187794 527.25 0
2047 7 27.37374 14.5176115 503.7 64.4987488 525.73 0
2047 8 29.537085 15.702668 439.3 65.3130506 523.14 0
2047 9 24.930073 10.743403 346.6 36.135771 522.14 0
2047 10 15.893107 3.1711886 255.1 95.057222 522 0
2047 11 7.6127906 -1.9879223 163.1 66.18936 523.43 0
2047 12 4.5503073 -5.8422484 125 50.7930939 524.64 0
2048 1 1.9199277 -6.96092 143.5 116.1330215 529.32 0
2048 2 -3.2889779 -15.009603 209.8 27.850948975 530.24 0
2048 3 6.719261 -4.0822363 301.6 153.324233 531.22 0
2048 4 11.4862385 0.19545512 391.2 106.506579 532.68 0
2048 5 18.86838 5.971974 461.6 164.103863 533.22 0
2048 6 26.129448 12.567135 512.7 72.052296 532.67 0
2048 7 28.536467 15.257862 503.7 86.9446119 531.15 0
2048 8 27.638628 14.920509 439.3 103.730495 528.56 0
2048 9 23.469145 10.861189 346.6 178.06014 527.56 0
2048 10 17.897522 5.3604255 255.1 97.1109782 527.42 0
2048 11 8.559113 -0.5633553 163.1 66.579501 528.85 0
2048 12 0.74590373 -9.186287 125 64.385295 530.06 0
2049 1 -2.3690507 -13.891452 143.5 73.410852 534.88 0
2049 2 0.92918086 -10.134903 209.8 113.9238315 535.8 0
2049 3 6.986023 -2.666172 301.6 89.7268774 536.78 0
2049 4 13.660883 2.092337 391.2 94.332111 538.24 0
2049 5 21.608324 8.251276 461.6 96.6207659 538.78 0
2049 6 27.10798 13.607136 512.7 101.401941 538.23 0
2049 7 28.029676 14.940545 503.7 90.1658498 536.71 0
2049 8 28.05259 16.11082 439.3 260.466712 534.12 0
2049 9 23.218643 13.594323 346.6 241.12314 533.12 0
2049 10 13.49364 2.8640494 255.1 69.8503997 532.98 0
2049 11 8.530543 -0.6358133 163.1 152.54505 534.41 0
2049 12 1.3593944 -6.683495 125 214.5361603 535.62 0
2050 1 -0.5345962 -10.582114 143.5 120.644684 540.54 0
2050 2 -0.8827973 -14.190272 209.8 73.980012375 541.46 0
2050 3 4.8849626 -5.950032 301.6 67.9869866 542.44 0
2050 4 12.465406 1.3677613 391.2 163.091868 543.9 0
2050 5 20.814264 7.29156 461.6 75.226956 544.44 0
2050 6 27.529387 13.228145 512.7 67.261626 543.89 0
2050 7 29.20353 15.366858 503.7 62.7788316 542.37 0
2050 8 28.06302 14.832877 439.3 109.5115672 539.78 0
2050 9 22.148005 8.561575 346.6 71.935908 538.78 0
2050 10 14.933648 2.716967 255.1 92.9085655 538.64 0
2050 11 8.406577 -1.3510249 163.1 197.700648 540.07 0
2050 12 -1.8859528 -12.057863 125 124.3518996 541.28 0
2051 1 -2.475603 -12.15439 143.5 88.8933432 546.32 0
2051 2 3.4406853 -7.641178 209.8 144.46035825 547.24 0
2051 3 4.9595494 -6.075024 301.6 118.9791842 548.22 0
2051 4 13.310963 2.115876 391.2 111.274416 549.68 0
2051 5 19.463661 5.596877 461.6 92.1559351 550.22 0
2051 6 22.58266 10.3497715 512.7 182.824515 549.67 0
2051 7 27.704058 14.789535 503.7 96.4880735 548.15 0
2051 8 27.93395 15.215321 439.3 69.4478058 545.56 0
2051 9 22.241146 7.892525 346.6 27.586395 544.56 0
2051 10 14.570967 2.842208 255.1 81.3331004 544.42 0
2051 11 5.5937977 -3.6091356 163.1 92.380758 545.85 0
2051 12 2.2725773 -5.7887225 125 132.818508 547.06 0
2052 1 -3.0036101 -13.76612 143.5 35.1614152 552.21 0
2052 2 -3.7928927 -17.936413 209.8 118.7801873 553.13 0
2052 3 4.8354383 -6.1310296 301.6 97.6432916 554.11 0
2052 4 12.4697275 0.4964786 391.2 85.027791 555.57 0
2052 5 21.538073 7.664314 461.6 56.701883 556.11 0
2052 6 27.118412 12.540787 512.7 48.291669 555.56 0
2052 7 29.879707 16.407019 503.7 96.2464781 554.04 0
2052 8 28.011522 14.679409 439.3 35.5841157 551.45 0
2052 9 23.050703 9.760008 346.6 44.402097 550.45 0
2052 10 16.031155 3.9515746 255.1 166.1500707 550.31 0
2052 11 10.3317995 -0.08180008 163.1 97.362936 551.74 0
2052 12 0.47818673 -11.242609 125 135.7566477 552.95 0
2053 1 -1.0844578 -9.9915 143.5 43.2239231 558.21 0
2053 2 0.43708813 -11.003814 209.8 91.609961625 559.13 0
2053 3 6.7761035 -3.3432183 301.6 75.9263439 560.11 0
2053 4 13.389723 2.3787916 391.2 110.709264 561.57 0
2053 5 18.823881 4.898958 461.6 160.527951 562.11 0
2053 6 25.581154 12.377575 512.7 76.973232 561.56 0
2053 7 29.998707 16.633617 503.7 107.4859497 560.04 0
2053 8 26.994112 13.483775 439.3 93.2212935 557.45 0
2053 9 22.182062 8.361982 346.6 76.618644 556.45 0
2053 10 15.299972 3.6210232 255.1 131.759455 556.31 0
2053 11 7.260956 -1.5475237 163.1 77.70936 557.74 0
2053 12 3.2222173 -5.112756 125 196.9357336 558.95 0
2054 1 -3.3120775 -13.71125 143.5 69.7415587 564.31 0
2054 2 0.24733947 -11.419559 209.8 73.928329 565.23 0
2054 3 5.835236 -5.0872693 301.6 84.5137407 566.21 0
2054 4 12.274309 0.76103497 391.2 173.5773 567.67 0
2054 5 19.833504 6.4035144 461.6 99.4259373 568.21 0
2054 6 25.150856 12.172515 512.7 109.297221 567.66 0
2054 7 30.03149 16.940384 503.7 98.4302762 566.14 0
2054 8 30.087824 16.574715 439.3 28.16579524 563.55 0
2054 9 23.315157 10.488944 346.6 108.645543 562.55 0
2054 10 13.571127 2.7074575 255.1 38.5510575 562.41 0
2054 11 9.899643 0.8791086 163.1 184.36326 563.84 0
2054 12 1.9237148 -5.9454184 125 53.4384603 565.05 0
2055 1 -4.6535015 -16.67552 143.5 51.0659311 570.52 0
2055 2 1.3092282 -10.85243 209.8 32.593711525 571.44 0
2055 3 4.72631 -6.12019 301.6 83.4168398 572.42 0
2055 4 14.760433 2.551707 391.2 55.298865 573.88 0
2055 5 22.107595 7.367984 461.6 50.7645708 574.42 0
2055 6 24.465647 11.176051 512.7 132.54558 573.87 0
2055 7 29.586937 16.973593 503.7 97.355159 572.35 0
2055 8 29.861862 15.4396515 439.3 37.7481668 569.76 0
2055 9 22.288532 9.606523 346.6 196.245705 568.76 0
2055 10 16.362486 3.9198587 255.1 99.2865706 568.62 0
2055 11 7.14036 -2.5132582 163.1 211.466418 570.05 0
2055 12 3.75434 -4.053026 125 128.083382 571.26 0
2056 1 -0.036711182 -8.804429 143.5 58.0787697 576.84 0
2056 2 -0.9790236 -12.178629 209.8 51.85239475 577.76 0
2056 3 6.507017 -2.860245 301.6 131.939348 578.74 0
2056 4 15.424753 4.1010933 391.2 67.854096 580.2 0
2056 5 22.448519 7.9699926 461.6 94.0972729 580.74 0
2056 6 26.028315 13.009254 512.7 125.308542 580.19 0
2056 7 29.611458 16.099136 503.7 102.2556886 578.67 0
2056 8 28.961643 15.907639 439.3 118.06009 576.08 0
2056 9 24.516302 10.246205 346.6 88.216296 575.08 0
2056 10 19.197847 6.4283705 255.1 61.884401 574.94 0
2056 11 5.6073933 -3.7898326 163.1 94.038306 576.37 0
2056 12 -0.21537508 -10.245997 125 40.6810427 577.58 0
2057 1 0.448744 -7.8581467 143.5 103.9715851 583.3 0
2057 2 0.3084038 -11.320989 209.8 64.572530725 584.22 0
2057 3 8.904826 0.76235384 301.6 176.0762986 585.2 0
2057 4 15.924069 4.4972696 391.2 85.62918 586.66 0
2057 5 20.766666 6.0960865 461.6 32.1503263 587.2 0
2057 6 25.518007 12.347022 512.7 161.58021 586.65 0
2057 7 28.767504 15.240118 503.7 77.249303 585.13 0
2057 8 29.886713 16.156942 439.3 68.3473864 582.54 0
2057 9 25.916563 11.927583 346.6 28.325961 581.54 0
2057 10 18.16093 5.1668906 255.1 63.394659 581.4 0
2057 11 8.84706 -0.9159026 163.1 93.94545 582.83 0
2057 12 3.336405 -6.0776143 125 120.8696417 584.04 0
2058 1 -0.7646535 -10.550167 143.5 49.7697591 589.91 0
2058 2 3.3286889 -9.058783 209.8 68.081694875 590.83 0
2058 3 5.4926314 -6.4433947 301.6 106.3765589 591.81 0
2058 4 13.579674 1.7122837 391.2 67.566396 593.27 0
2058 5 21.439789 7.1950574 461.6 75.0693365 593.81 0
2058 6 26.725018 12.697479 512.7 56.112774 593.26 0
2058 7 28.498903 15.354269 503.7 100.355432 591.74 0
2058 8 29.931303 16.67311 439.3 180.8466406 589.15 0
2058 9 25.178097 11.818169 346.6 53.964789 588.15 0
2058 10 16.90984 4.451721 255.1 84.6404377 588.01 0
2058 11 6.9151416 -1.8970374 163.1 101.98206 589.44 0
2058 12 2.8828366 -7.394362 125 268.6223005 590.65 0
2059 1 -1.3348966 -11.55384 143.5 193.18828 596.65 0
2059 2 2.474399 -9.314838 209.8 101.56736625 597.57 0
2059 3 7.871635 -3.2595382 301.6 101.3018248 598.55 0
2059 4 12.32402 2.0796247 391.2 192.293115 600.01 0
2059 5 21.657509 7.0061755 461.6 70.2918242 600.55 0
2059 6 26.957867 13.356382 512.7 81.076248 600 0
2059 7 28.039854 14.8677225 503.7 75.1703655 598.48 0
2059 8 29.70105 17.016802 439.3 71.5017883 595.89 0
2059 9 25.109776 11.750628 346.6 172.71735 594.89 0
2059 10 16.317488 4.5457697 255.1 91.6043831 594.75 0
2059 11 7.755988 -0.22793022 163.1 137.207235 596.18 0
2059 12 3.2371268 -3.937877 125 95.017263 597.39 0
2060 1 -0.41261315 -9.440756 143.5 73.9072085 603.52 0
2060 2 3.620332 -5.7456303 209.8 79.899918525 604.44 0
2060 3 5.70165 -5.782714 301.6 96.9450724 605.42 0
2060 4 13.913252 3.4631612 391.2 88.69839 606.88 0
2060 5 20.507702 6.7665997 461.6 69.580895 607.42 0
2060 6 27.96956 13.798719 512.7 40.658619 606.87 0
2060 7 29.121862 15.094969 503.7 58.7607046 605.35 0
2060 8 28.063158 13.503197 439.3 83.3488785 602.76 0
2060 9 24.904224 11.276298 346.6 75.352191 601.76 0
2060 10 16.82332 4.4897027 255.1 49.3849778 601.62 0
2060 11 8.2752075 -1.2207232 163.1 102.859518 603.05 0
2060 12 3.7842667 -6.1722054 125 234.245176 604.26 0
2061 1 0.49092877 -8.560504 143.5 128.733297 610.52 0
2061 2 0.9192014 -10.523 209.8 60.558861125 611.44 0
2061 3 7.1703186 -4.4579997 301.6 79.3128645 612.42 0
2061 4 11.447568 0.8915012 391.2 173.797788 613.88 0
2061 5 19.895746 6.233998 461.6 64.6985562 614.42 0
2061 6 24.249626 10.756507 512.7 108.084126 613.87 0
2061 7 28.390245 14.5709095 503.7 99.171356 612.35 0
2061 8 29.000975 15.797106 439.3 60.7917192 609.76 0
2061 9 24.924875 11.516036 346.6 81.478287 608.76 0
2061 10 17.334148 5.9329486 255.1 43.4500588 608.62 0
2061 11 9.499299 0.65962845 163.1 82.12728 610.05 0
2061 12 1.8563124 -6.8497553 125 237.738039 611.26 0
2062 1 0.023643943 -10.293094 143.5 66.5548951 617.61 0
2062 2 0.7169707 -11.321649 209.8 60.5073755 618.53 0
2062 3 6.8300433 -4.0077777 301.6 152.8150053 619.51 0
2062 4 13.824625 2.850498 391.2 78.654771 620.97 0
2062 5 22.184698 7.8706203 461.6 62.78957 621.51 0
2062 6 25.518698 12.433163 512.7 98.266002 620.96 0
2062 7 25.704035 13.217373 503.7 99.0169698 619.44 0
2062 8 28.413437 14.726973 439.3 75.7269333 616.85 0
2062 9 24.198984 10.950075 346.6 34.664619 615.85 0
2062 10 16.350817 4.7687826 255.1 76.4242132 615.71 0
2062 11 6.8174853 -1.9456024 163.1 89.320029 617.14 0
2062 12 3.0248299 -7.0220804 125 79.2631777 618.35 0
2063 1 -0.4897718 -9.562148 143.5 108.246916 624.76 0
2063 2 0.6461771 -9.243753 209.8 109.775982875 625.68 0
2063 3 4.598885 -5.6827407 301.6 94.0396594 626.66 0
2063 4 13.964232 3.1699617 391.2 71.112471 628.12 0
2063 5 18.233158 6.4915733 461.6 81.5450722 628.66 0
2063 6 25.442299 12.19595 512.7 123.36294 628.11 0
2063 7 30.019957 16.833319 503.7 79.5806053 626.59 0
2063 8 27.798016 15.042434 439.3 77.7035026 624 0
2063 9 21.98214 7.4496527 346.6 84.172047 623 0
2063 10 17.873032 4.9270573 255.1 82.0298471 622.86 0
2063 11 8.465819 1.6831695 163.1 150.840138 624.29 0
2063 12 2.6374154 -3.9840374 125 141.8184156 625.5 0
2064 1 1.1652731 -8.636906 143.5 145.0785616 631.99 0
2064 2 0.9150199 -9.557636 209.8 35.2157381 632.91 0
2064 3 7.5047817 -3.4641635 301.6 102.3432295 633.89 0
2064 4 12.407949 2.2923205 391.2 96.251478 635.35 0
2064 5 22.670849 8.799516 461.6 87.9725626 635.89 0
2064 6 26.014275 12.381061 512.7 66.683979 635.34 0
2064 7 30.310593 17.65508 503.7 138.584353 633.82 0
2064 8 29.511627 16.063421 439.3 85.9100954 631.23 0
2064 9 27.335068 13.856468 346.6 55.705119 630.23 0
2064 10 18.864765 5.224763 255.1 31.5917187 630.09 0
2064 11 10.893147 1.5757537 163.1 92.13027 631.52 0
2064 12 2.7142262 -4.698993 125 243.1333534 632.73 0
2065 1 -0.1215203 -10.222234 143.5 136.5757607 639.29 0
2065 2 0.80451494 -10.158886 209.8 72.932920475 640.21 0
2065 3 9.620012 -2.1048381 301.6 53.4313179 641.19 0
2065 4 13.331012 2.517752 391.2 131.513571 642.65 0
2065 5 23.020536 9.266045 461.6 69.7261796 643.19 0
2065 6 27.829178 13.716882 512.7 67.392468 642.64 0
2065 7 31.272007 17.250376 503.7 51.3840717 641.12 0
2065 8 30.851597 17.606148 439.3 45.7738281 638.53 0
2065 9 25.447355 11.6413965 346.6 58.256433 637.53 0
2065 10 18.51645 5.194383 255.1 70.226563 637.39 0
2065 11 10.109313 1.527633 163.1 101.900898 638.82 0
2065 12 4.0684605 -3.8260796 125 114.0158176 640.03 0
2066 1 -0.6213237 -12.783419 143.5 108.152738 646.65 0
2066 2 2.0335042 -10.480507 209.8 103.0095796 647.57 0
2066 3 7.684931 -3.6342263 301.6 152.4538243 648.55 0
2066 4 14.3634615 2.2135167 391.2 97.685715 650.01 0
2066 5 21.625591 6.5941286 461.6 62.248155 650.55 0
2066 6 25.879408 13.183341 512.7 162.467538 650 0
2066 7 27.992826 14.995995 503.7 59.3806147 648.48 0
2066 8 26.545757 13.581517 439.3 124.376185 645.89 0
2066 9 23.95088 10.881899 346.6 28.1270598 644.89 0
2066 10 15.204409 4.683377 255.1 143.538773 644.75 0
2066 11 7.819834 -2.0472422 163.1 102.643611 646.18 0
2066 12 3.0047476 -7.9586897 125 84.4593574 647.39 0
2067 1 1.861221 -7.726747 143.5 88.7005294 654.1 0
2067 2 0.71758544 -9.67901 209.8 85.23583785 655.02 0
2067 3 7.5838346 -3.80611 301.6 75.5559652 656 0
2067 4 12.361519 1.691427 391.2 147.55137 657.46 0
2067 5 16.846846 4.51285 461.6 86.6462214 658 0
2067 6 25.667372 12.45856 512.7 94.150092 657.45 0
2067 7 30.50053 16.83347 503.7 45.2527274 655.93 0
2067 8 29.727697 15.693421 439.3 80.0652221 653.34 0
2067 9 23.776398 10.854685 346.6 167.622255 652.34 0
2067 10 16.708448 4.7757573 255.1 189.4087476 652.2 0
2067 11 11.142333 1.5226003 163.1 92.115096 653.63 0
2067 12 3.7575543 -3.8541636 125 161.383551 654.84 0
2068 1 -2.3377554 -10.765661 143.5 53.5547599 661.64 0
2068 2 1.6309541 -9.392392 209.8 129.932391775 662.56 0
2068 3 6.3528666 -4.6428313 301.6 98.1347315 663.54 0
2068 4 17.994242 5.3888583 391.2 59.984775 665 0
2068 5 23.15141 8.864874 461.6 73.355703 665.54 0
2068 6 25.722399 12.519145 512.7 153.373419 664.99 0
2068 7 30.414242 17.077196 503.7 86.2608635 663.47 0
2068 8 27.484705 14.004527 439.3 165.1184093 660.88 0
2068 9 22.752468 7.6100593 346.6 108.289311 659.88 0
2068 10 17.661077 5.175898 255.1 131.824865 659.74 0
2068 11 6.897926 -1.6149503 163.1 78.384105 661.17 0
2068 12 2.5379784 -4.872878 125 191.829581 662.38 0
2069 1 2.1582406 -6.3429947 143.5 95.7678474 669.3 0
2069 2 4.073622 -4.706839 209.8 132.78249755 670.22 0
2069 3 7.777183 -1.6556752 301.6 76.4017816 671.2 0
2069 4 16.485155 5.704364 391.2 96.704142 672.66 0
2069 5 22.77717 8.159568 461.6 38.506278 673.2 0
2069 6 23.261621 11.434676 512.7 52.243356 672.65 0
2069 7 30.29334 16.364082 503.7 110.353893 671.13 0
2069 8 29.863482 15.991482 439.3 73.0599909 668.54 0
2069 9 25.075943 12.314736 346.6 75.054273 667.54 0
2069 10 16.654413 4.5249786 255.1 29.0568208 667.4 0
2069 11 11.495628 2.293541 163.1 148.253202 668.83 0
2069 12 4.4592834 -3.922718 125 75.2821515 670.04 0
2070 1 0.13495019 -9.298488 143.5 66.2523537 677.08 0
2070 2 1.1191741 -10.690448 209.8 83.72480185 678 0
2070 3 6.932735 -2.376842 301.6 100.7728594 678.98 0
2070 4 12.984782 2.5450513 391.2 112.522008 680.44 0
2070 5 22.67769 8.04621 461.6 81.6349939 680.98 0
2070 6 26.010397 12.461718 512.7 68.361381 680.43 0
2070 7 30.550804 17.050766 503.7 66.9373359 678.91 0
2070 8 30.572891 16.430422 439.3 69.6829718 676.32 0
2070 9 23.911203 8.978113 346.6 43.068867 675.32 0
2070 10 20.192745 8.030908 255.1 73.49325 675.18 0
2070 11 8.960695 -0.90294105 163.1 236.02287 676.61 0
2070 12 -0.7772068 -10.248609 125 77.7442273 677.82 0
2071 1 -3.3370926 -16.343472 143.5 90.2188195 684.95 0
2071 2 1.5034606 -9.097711 209.8 64.40709025 685.87 0
2071 3 7.7814827 -1.2213756 301.6 117.948087 686.85 0
2071 4 15.3627205 4.8290086 391.2 179.177985 688.31 0
2071 5 19.148298 6.7284117 461.6 73.4653097 688.85 0
2071 6 26.35659 12.925401 512.7 59.202147 688.3 0
2071 7 31.807453 18.58238 503.7 92.0086262 686.78 0
2071 8 29.688559 16.110754 439.3 73.6337668 684.19 0
2071 9 25.035936 12.1434355 346.6 114.640275 683.19 0
2071 10 14.965513 4.2215624 255.1 89.9042222 683.05 0
2071 11 7.6637254 -1.2548739 163.1 143.187288 684.48 0
2071 12 4.5640507 -2.9964232 125 241.0823283 685.69 0
2072 1 1.3454311 -8.776421 143.5 145.8207326 692.9 0
2072 2 -0.085831 -13.7704115 209.8 88.0349665 693.82 0
2072 3 7.1028643 -3.8635116 301.6 127.4673283 694.8 0
2072 4 16.596582 4.4304695 391.2 49.386627 696.26 0
2072 5 23.670683 8.583276 461.6 28.8442755 696.8 0
2072 6 28.12165 14.006827 512.7 55.414389 696.25 0
2072 7 31.226702 18.183409 503.7 81.5018303 694.73 0
2072 8 31.414913 18.053473 439.3 50.552971 692.14 0
2072 9 29.296759 16.459196 346.6 66.601632 691.14 0
2072 10 17.778048 4.835892 255.1 52.809523 691 0
2072 11 11.086571 2.3703473 163.1 161.922168 692.43 0
2072 12 3.240738 -4.293618 125 140.849089 693.64 0
2073 1 0.047907382 -8.277454 143.5 23.77646835 700.89 0
2073 2 2.9665372 -6.3468504 209.8 94.71708025 701.81 0
2073 3 5.2678323 -4.996471 301.6 122.4772676 702.79 0
2073 4 15.079953 4.285514 391.2 82.132551 704.25 0
2073 5 23.985022 9.421079 461.6 55.3425981 704.79 0
2073 6 27.164846 13.484363 512.7 67.934682 704.24 0
2073 7 32.404766 18.938494 503.7 79.8453205 702.72 0
2073 8 31.923508 18.675856 439.3 72.9408114 700.13 0
2073 9 26.710741 12.573405 346.6 25.9914582 699.13 0
2073 10 19.512096 7.2860055 255.1 171.0908786 698.99 0
2073 11 10.465532 0.47261727 163.1 236.78463 700.42 0
2073 12 6.287375 -3.1635182 125 169.4775177 701.63 0
2074 1 -0.3056634 -9.997837 143.5 132.44905 708.93 0
2074 2 0.037961256 -10.649244 209.8 61.378450125 709.85 0
2074 3 6.602973 -3.837506 301.6 177.737632 710.83 0
2074 4 13.781089 1.987094 391.2 186.3423 712.29 0
2074 5 21.036436 7.439255 461.6 32.7584192 712.83 0
2074 6 26.945244 13.655805 512.7 98.231178 712.28 0
2074 7 29.315903 16.32815 503.7 106.4767137 710.76 0
2074 8 27.46088 14.49565 439.3 81.46118 708.17 0
2074 9 24.66902 11.977033 346.6 79.84899 707.17 0
2074 10 17.524118 4.7798767 255.1 97.8646595 707.03 0
2074 11 7.704597 -1.6673105 163.1 104.36862 708.46 0
2074 12 -0.16604307 -10.319861 125 71.682974 709.67 0
2075 1 -0.9820626 -11.791889 143.5 89.122613 717.02 0
2075 2 1.0048537 -9.892915 209.8 64.805316375 717.94 0
2075 3 6.2282057 -5.235695 301.6 76.9989873 718.92 0
2075 4 14.45398 3.4344857 391.2 180.302781 720.38 0
2075 5 23.12614 8.531576 461.6 46.464939 720.92 0
2075 6 27.957148 14.318655 512.7 77.23239 720.37 0
2075 7 31.653894 18.58935 503.7 79.2799332 718.85 0
2075 8 31.190144 17.400396 439.3 27.8213003 716.26 0
2075 9 27.57047 15.677568 346.6 95.933097 715.26 0
2075 10 16.490288 4.9975767 255.1 183.5460927 715.12 0
2075 11 7.2683268 -1.224327 163.1 155.61105 716.55 0
2075 12 3.485971 -4.4926033 125 69.5430006 717.76 0
2076 1 1.6302785 -7.590141 143.5 68.9189148 725.14 0
2076 2 0.8018593 -9.628614 209.8 55.728354075 726.06 0
2076 3 7.8046703 -1.9065549 301.6 76.1648858 727.04 0
2076 4 16.379238 5.230262 391.2 79.787091 728.5 0
2076 5 23.370115 9.4977865 461.6 134.076271 729.04 0
2076 6 27.774239 14.566794 512.7 72.27984 728.49 0
2076 7 31.879448 18.50454 503.7 70.4184096 726.97 0
2076 8 30.823072 17.374609 439.3 74.1606676 724.38 0
2076 9 24.451693 10.809491 346.6 97.716135 723.38 0
2076 10 16.793777 5.6061964 255.1 171.5300804 723.24 0
2076 11 10.85383 2.4339566 163.1 122.45586 724.67 0
2076 12 3.7711785 -4.033064 125 243.670726 725.88 0
2077 1 -1.7562833 -11.961655 143.5 74.875137 733.31 0
2077 2 0.9498997 -9.445194 209.8 86.1038078 734.23 0
2077 3 7.4555535 -2.9287317 301.6 57.9930237 735.21 0
2077 4 12.551391 1.8903863 391.2 155.45058 736.67 0
2077 5 22.405197 8.846961 461.6 91.0189512 737.21 0
2077 6 28.292902 14.9250765 512.7 85.715796 736.66 0
2077 7 30.798628 17.32669 503.7 98.6163072 735.14 0
2077 8 30.361185 17.612167 439.3 145.5260683 732.55 0
2077 9 24.890978 11.730751 346.6 37.992201 731.55 0
2077 10 15.761186 5.4425936 255.1 171.250076 731.41 0
2077 11 7.014723 -1.917499 163.1 87.46518 732.84 0
2077 12 3.561436 -4.363767 125 144.3557098 734.05 0
2078 1 1.0733926 -8.140485 143.5 52.4059464 741.52 0
2078 2 0.88511336 -9.809809 209.8 88.636202775 742.44 0
2078 3 6.814805 -2.9541318 301.6 136.5033137 743.42 0
2078 4 15.497534 5.0276694 391.2 187.58802 744.88 0
2078 5 22.526281 7.839277 461.6 27.65974814 745.42 0
2078 6 29.173876 15.520427 512.7 105.93162 744.87 0
2078 7 29.684898 16.491669 503.7 68.4800447 743.35 0
2078 8 30.08862 17.380447 439.3 76.2502753 740.76 0
2078 9 23.558937 9.164827 346.6 54.336474 739.76 0
2078 10 16.163832 4.769119 255.1 157.245857 739.62 0
2078 11 9.551569 0.7791625 163.1 108.97479 741.05 0
2078 12 3.7550185 -4.2838945 125 183.2314427 742.26 0
2079 1 0.42977285 -9.285923 143.5 120.9809255 749.8 0
2079 2 3.807958 -7.5595417 209.8 123.15444555 750.72 0
2079 3 6.676705 -3.3972015 301.6 69.1111303 751.7 0
2079 4 15.648942 4.032775 391.2 130.089084 753.16 0
2079 5 20.449694 6.721306 461.6 127.050369 753.7 0
2079 6 25.155577 12.607848 512.7 118.762845 753.15 0
2079 7 28.539808 16.647379 503.7 139.0920462 751.63 0
2079 8 30.372017 17.652853 439.3 105.8470696 749.04 0
2079 9 25.301113 11.47159 346.6 61.58904 748.04 0
2079 10 19.221737 5.3029118 255.1 117.6511504 747.9 0
2079 11 12.2851095 3.1640062 163.1 235.65063 749.33 0
2079 12 4.574108 -3.3401365 125 55.3216204 750.54 0
2080 1 3.466189 -5.437611 143.5 126.985858 758.18 0
2080 2 2.9028509 -6.9573364 209.8 58.901363 759.1 0
2080 3 6.683551 -2.7988894 301.6 151.0919323 760.08 0
2080 4 13.355401 3.066467 391.2 178.10487 761.54 0
2080 5 20.493553 7.8306704 461.6 91.0737127 762.08 0
2080 6 28.07174 14.425951 512.7 40.08333 761.53 0
2080 7 32.07045 18.357576 503.7 81.3613476 760.01 0
2080 8 30.281784 17.09876 439.3 157.3500356 757.42 0
2080 9 26.947271 12.582648 346.6 26.223021 756.42 0
2080 10 19.171492 7.431512 255.1 106.7315523 756.28 0
2080 11 9.7002125 -0.2735776 163.1 152.182518 757.71 0
2080 12 -0.3711383 -10.173402 125 36.2712617 758.92 0
2081 1 1.9087918 -7.317565 143.5 182.8555243 766.64 0
2081 2 5.7133656 -3.856678 209.8 83.24136525 767.56 0
2081 3 7.1972485 -2.0240607 301.6 25.1449959 768.54 0
2081 4 16.175014 4.6859136 391.2 104.114406 770 0
2081 5 24.225363 9.985332 461.6 107.9782855 770.54 0
2081 6 27.540714 14.459358 512.7 147.687291 769.99 0
2081 7 28.970654 16.125357 503.7 128.1351334 768.47 0
2081 8 28.140705 15.131228 439.3 70.115428 765.88 0
2081 9 27.138887 13.015228 346.6 26.2857342 764.88 0
2081 10 17.369326 4.9082932 255.1 42.5719993 764.74 0
2081 11 13.391586 4.140395 163.1 85.634094 766.17 0
2081 12 2.695805 -6.057883 125 64.4963618 767.38 0
2082 1 3.0236936 -5.717146 143.5 179.411849 775.17 0
2082 2 2.655477 -7.165742 209.8 99.75234895 776.09 0
2082 3 3.711578 -6.689307 301.6 71.2500962 777.07 0
2082 4 16.533762 4.4417434 391.2 52.266759 778.53 0
2082 5 22.709143 8.631309 461.6 59.5495833 779.07 0
2082 6 28.191881 14.752261 512.7 129.23574 778.52 0
2082 7 33.283363 19.572218 503.7 24.16099514 777 0
2082 8 32.237507 20.131067 439.3 196.6752003 774.41 0
2082 9 25.122456 12.219603 346.6 68.873049 773.41 0
2082 10 16.619793 4.524995 255.1 115.2478878 773.27 0
2082 11 10.68467 1.3449981 163.1 92.261058 774.7 0
2082 12 3.9199092 -3.8086655 125 127.1138477 775.91 0
2083 1 1.5701611 -6.748293 143.5 104.012037 783.75 0
2083 2 1.5524293 -8.941106 209.8 63.13768215 784.67 0
2083 3 6.205882 -5.7101912 301.6 46.7406871 785.65 0
2083 4 15.511221 5.6795063 391.2 113.185845 787.11 0
2083 5 17.685715 6.7198057 461.6 109.9255567 787.65 0
2083 6 27.588783 14.134444 512.7 101.26845 787.1 0
2083 7 31.822668 18.445688 503.7 99.3026999 785.58 0
2083 8 30.421055 17.236725 439.3 35.9552291 782.99 0
2083 9 27.619276 13.375147 346.6 29.1299505 781.99 0
2083 10 18.646015 5.4206486 255.1 172.9076243 781.85 0
2083 11 12.61937 4.030419 163.1 153.18324 783.28 0
2083 12 0.6154385 -8.31555 125 46.7063825 784.49 0
2084 1 -2.0771034 -11.269831 143.5 68.7223872 792.37 0
2084 2 2.0662234 -8.061314 209.8 53.77417445 793.29 0
2084 3 7.9431515 -2.4333498 301.6 81.5711556 794.27 0
2084 4 14.17216 3.223924 391.2 165.017625 795.73 0
2084 5 23.530447 8.799194 461.6 52.9028144 796.27 0
2084 6 27.949923 14.336983 512.7 51.061908 795.72 0
2084 7 31.167105 17.575996 503.7 145.6205842 794.2 0
2084 8 27.825403 14.931412 439.3 168.1587467 791.61 0
2084 9 24.926447 9.790589 346.6 128.017488 790.61 0
2084 10 15.10376 4.3119307 255.1 46.9515553 790.47 0
2084 11 9.230763 -0.25949073 163.1 181.14264 791.9 0
2084 12 4.5433135 -3.815817 125 224.4751447 793.11 0
2085 1 -0.38700214 -10.474607 143.5 65.879712 801.02 0
2085 2 2.5843768 -8.54846 209.8 102.40173 801.94 0
2085 3 9.96188 -0.26882437 301.6 96.8061242 802.92 0
2085 4 13.4676695 2.7248604 391.2 196.002 804.38 0
2085 5 21.874136 8.141159 461.6 92.2900225 804.92 0
2085 6 28.104404 14.337705 512.7 134.80752 804.37 0
2085 7 32.25511 18.612816 503.7 72.9867286 802.85 0
2085 8 31.759922 17.979727 439.3 93.5367464 800.26 0
2085 9 27.734549 14.190686 346.6 36.84867 799.26 0
2085 10 18.137432 5.3130198 255.1 122.5736962 799.12 0
2085 11 12.541619 2.9606626 163.1 139.689489 800.55 0
2085 12 5.615605 -3.693872 125 216.5520314 801.76 0
2086 1 0.407646 -8.9171 143.5 101.1770498 809.71 0
2086 2 2.09719 -9.170936 209.8 140.4645935 810.63 0
2086 3 6.124822 -5.5350327 301.6 79.398719 811.61 0
2086 4 13.539248 2.4737635 391.2 175.31265 813.07 0
2086 5 21.447329 7.700682 461.6 86.826598 813.61 0
2086 6 28.090006 14.637345 512.7 101.63019 813.06 0
2086 7 32.28783 18.93694 503.7 80.7539274 811.54 0
2086 8 30.604155 16.626644 439.3 39.1669531 808.95 0
2086 9 24.262058 9.490531 346.6 170.816145 807.95 0
2086 10 20.099758 8.293825 255.1 47.3469107 807.81 0
2086 11 8.320359 0.34423992 163.1 111.34083 809.24 0
2086 12 4.3075175 -4.6152415 125 125.3220105 810.45 0
2087 1 -0.9218888 -10.06894 143.5 53.4047726 818.42 0
2087 2 3.103363 -7.882327 209.8 141.6952313 819.34 0
2087 3 6.793685 -4.2330413 301.6 95.6782977 820.32 0
2087 4 16.115192 6.099067 391.2 139.464699 821.78 0
2087 5 22.648188 9.018879 461.6 68.0755598 822.32 0
2087 6 29.234976 15.203638 512.7 63.70779 821.77 0
2087 7 31.867922 18.271973 503.7 71.300744 820.25 0
2087 8 32.074486 18.885458 439.3 63.2826684 817.66 0
2087 9 28.887962 16.257446 346.6 40.54539 816.66 0
2087 10 16.784307 5.5314903 255.1 116.5991127 816.52 0
2087 11 10.164185 0.4332495 163.1 94.22679 817.95 0
2087 12 4.9140124 -3.4156644 125 35.8044668 819.16 0
2088 1 1.1111923 -8.200617 143.5 126.595041 827.16 0
2088 2 2.3192017 -7.525457 209.8 148.1740072 828.08 0
2088 3 8.740426 -1.2561599 301.6 172.4578267 829.06 0
2088 4 14.370455 4.655374 391.2 183.619752 830.52 0
2088 5 24.377298 9.65461 461.6 76.5586788 831.06 0
2088 6 28.639536 15.107277 512.7 159.692415 830.51 0
2088 7 31.831709 18.921293 503.7 96.3269975 828.99 0
2088 8 31.528404 17.68188 439.3 60.507443 826.4 0
2088 9 25.881075 12.349332 346.6 34.545516 825.4 0
2088 10 16.770653 5.793943 255.1 91.0626984 825.26 0
2088 11 12.878012 4.098413 163.1 136.64952 826.69 0
2088 12 6.241451 -2.0497313 125 188.6632193 827.9 0
2089 1 1.980136 -6.055389 143.5 100.0877532 835.96 0
2089 2 7.149482 -2.0799463 209.8 74.6051425 836.88 0
2089 3 7.549854 -1.6622849 301.6 115.7152035 837.86 0
2089 4 15.505248 4.9326663 391.2 94.099995 839.32 0
2089 5 25.903229 11.150442 461.6 51.4888207 839.86 0
2089 6 30.080303 16.107908 512.7 131.419101 839.31 0
2089 7 31.206205 18.219261 503.7 161.1976874 837.79 0
2089 8 31.487204 18.04126 439.3 74.3379194 835.2 0
2089 9 26.138203 13.070229 346.6 77.20692 834.2 0
2089 10 18.75488 6.1942124 255.1 92.358021 834.06 0
2089 11 11.315156 2.9871805 163.1 65.769252 835.49 0
2089 12 4.81775 -4.2027225 125 66.2088576 836.7 0
2090 1 2.544303 -6.915355 143.5 104.077416 844.8 0
2090 2 1.8015325 -8.224548 209.8 56.55147715 845.72 0
2090 3 7.233496 -2.556222 301.6 139.506014 846.7 0
2090 4 12.567918 3.1018221 391.2 140.489718 848.16 0
2090 5 23.797457 9.484398 461.6 82.5983313 848.7 0
2090 6 25.687698 13.3564205 512.7 97.50018 848.15 0
2090 7 32.39933 18.688892 503.7 25.8288187 846.63 0
2090 8 30.175764 17.741236 439.3 194.822445 844.04 0
2090 9 25.207588 12.574316 346.6 108.364062 843.04 0
2090 10 16.824533 5.5565376 255.1 109.8778632 842.9 0
2090 11 10.878125 2.614336 163.1 48.849495 844.33 0
2090 12 5.3784423 -4.279458 125 140.67707 845.54 0
2091 1 3.57367 -6.3720665 143.5 168.484566 853.73 0
2091 2 2.7072272 -7.2701545 209.8 67.666419875 854.65 0
2091 3 7.518075 -1.0796461 301.6 78.8058533 855.63 0
2091 4 15.266178 4.0001926 391.2 33.259311 857.09 0
2091 5 24.004234 9.21155 461.6 92.4321079 857.63 0
2091 6 28.17277 14.908983 512.7 69.73119 857.08 0
2091 7 32.47104 19.322084 503.7 140.111599 855.56 0
2091 8 31.827469 18.799646 439.3 85.5001266 852.97 0
2091 9 25.947273 12.634609 346.6 28.682304 851.97 0
2091 10 20.101372 7.52755 255.1 50.0584342 851.83 0
2091 11 12.1856575 3.5346024 163.1 237.51957 853.26 0
2091 12 5.9621944 -1.8718716 125 142.544479 854.47 0
2092 1 5.189433 -3.7252865 143.5 89.2130493 862.73 0
2092 2 2.3182387 -6.8615823 209.8 93.5532085 863.65 0
2092 3 9.085331 -0.9494697 301.6 91.6382196 864.63 0
2092 4 14.739519 2.9187036 391.2 189.16983 866.09 0
2092 5 26.306534 11.643993 461.6 114.0705946 866.63 0
2092 6 30.836899 16.727098 512.7 52.24122 866.08 0
2092 7 32.702003 18.1289 503.7 28.7030395 864.56 0
2092 8 33.67949 20.22261 439.3 28.8871609 861.97 0
2092 9 27.873966 14.373256 346.6 69.191952 860.97 0
2092 10 20.638483 8.397143 255.1 178.0063493 860.83 0
2092 11 8.445548 0.42858014 163.1 188.811 862.26 0
2092 12 2.7054784 -6.538746 125 204.6717185 863.47 0
2093 1 3.5854197 -5.0237813 143.5 96.654187 871.78 0
2093 2 2.8741894 -7.096368 209.8 69.16379135 872.7 0
2093 3 8.188053 -0.31767195 301.6 142.1603952 873.68 0
2093 4 13.822697 4.074883 391.2 62.982609 875.14 0
2093 5 25.978674 11.227309 461.6 62.4967316 875.68 0
2093 6 30.133724 16.168058 512.7 47.343018 875.13 0
2093 7 33.354813 19.367363 503.7 63.322739 873.61 0
2093 8 30.910982 17.081264 439.3 46.0188397 871.02 0
2093 9 29.771536 17.950779 346.6 86.036712 870.02 0
2093 10 18.62962 6.5659723 255.1 80.9272856 869.88 0
2093 11 12.236594 4.081218 163.1 123.63354 871.31 0
2093 12 4.4329963 -2.6737893 125 282.64281 872.52 0
2094 1 3.7298687 -5.302866 143.5 99.268603 880.86 0
2094 2 4.590632 -4.6306195 209.8 56.2006291 881.78 0
2094 3 8.134869 -0.012817682 301.6 167.633151 882.76 0
2094 4 15.427066 4.8904014 391.2 198.993831 884.22 0
2094 5 26.09834 10.839848 461.6 29.1442439 884.76 0
2094 6 29.37441 15.490992 512.7 60.014292 884.21 0
2094 7 32.185013 18.712334 503.7 138.0822336 882.69 0
2094 8 31.376226 17.706776 439.3 104.144097 880.1 0
2094 9 23.694181 10.253361 346.6 247.5477 879.1 0
2094 10 16.863777 5.1746283 255.1 50.1057898 878.96 0
2094 11 12.480254 3.5245247 163.1 223.27032 880.39 0
2094 12 5.530212 -2.1205795 125 214.062657 881.6 0
2095 1 -1.4889234 -11.52957 143.5 69.318852 889.98 0
2095 2 2.6216054 -8.356487 209.8 147.467647025 890.9 0
2095 3 7.0660357 -4.1348825 301.6 159.559356 891.88 0
2095 4 15.10736 4.818536 391.2 101.584296 893.34 0
2095 5 22.419687 7.7777133 461.6 169.587298 893.88 0
2095 6 26.283466 14.581544 512.7 178.642731 893.33 0
2095 7 33.832268 20.197844 503.7 58.2241101 891.81 0
2095 8 33.159122 18.592056 439.3 31.7087251 889.22 0
2095 9 25.59029 10.85838 346.6 46.532277 888.22 0
2095 10 19.605885 6.4069686 255.1 44.3763295 888.08 0
2095 11 7.692337 -0.8165339 163.1 61.867125 889.51 0
2095 12 3.8899906 -4.4727063 125 75.1467125 890.72 0
2096 1 3.6992128 -8.279041 143.5 193.1365193 899.12 0
2096 2 5.6111794 -4.9646616 209.8 142.043449275 900.04 0
2096 3 10.342868 0.7128424 301.6 131.564713 901.02 0
2096 4 15.267205 4.296239 391.2 93.810804 902.48 0
2096 5 22.866728 9.169955 461.6 140.6788897 903.02 0
2096 6 29.390722 15.516419 512.7 74.964159 902.47 0
2096 7 33.123955 19.186884 503.7 45.710554 900.95 0
2096 8 31.410275 17.559965 439.3 92.4903538 898.36 0
2096 9 26.49164 11.804195 346.6 177.61068 897.36 0
2096 10 16.25582 5.022154 255.1 99.186019 897.22 0
2096 11 9.748433 0.7602433 163.1 213.55494 898.65 0
2096 12 3.3534825 -4.7196746 125 130.1066466 899.86 0
2097 1 3.596984 -4.6846623 143.5 161.3075917 908.29 0
2097 2 2.6647284 -7.1791167 209.8 119.09965525 909.21 0
2097 3 8.088173 -2.8236966 301.6 121.641737 910.19 0
2097 4 16.081928 5.0729904 391.2 142.552971 911.65 0
2097 5 26.354567 11.170731 461.6 31.5877786 912.19 0
2097 6 30.48017 16.428766 512.7 89.080539 911.64 0
2097 7 33.17552 18.590319 503.7 73.2858662 910.12 0
2097 8 34.24583 20.01461 439.3 47.6347581 907.53 0
2097 9 28.237404 14.42096 346.6 73.423926 906.53 0
2097 10 17.03073 5.7444625 255.1 157.6727704 906.39 0
2097 11 7.7139955 -0.9690854 163.1 97.937115 907.82 0
2097 12 0.5382642 -8.59475 125 107.3299856 909.03 0
2098 1 2.3401358 -7.012188 143.5 159.3984133 917.47 0
2098 2 1.974875 -8.549225 209.8 145.50189055 918.39 0
2098 3 8.713757 -2.175207 301.6 189.723937 919.37 0
2098 4 14.518588 2.876545 391.2 73.0482 920.83 0
2098 5 22.124828 8.86511 461.6 64.0058085 921.37 0
2098 6 28.0807 14.954157 512.7 83.599548 920.82 0
2098 7 33.039448 18.658407 503.7 41.3046635 919.3 0
2098 8 34.985268 21.857271 439.3 89.6376377 916.71 0
2098 9 30.121326 16.958233 346.6 83.54574 915.71 0
2098 10 19.256325 6.227958 255.1 48.5455071 915.57 0
2098 11 13.414527 4.1485467 163.1 110.299071 917 0
2098 12 5.7735047 -0.9127833 125 79.8614684 918.21 0
2099 1 1.7580363 -7.7870455 143.5 93.338706 926.67 0
2099 2 3.2892406 -7.4055533 209.8 147.815110725 927.59 0
2099 3 8.255303 0.4153355 301.6 144.2247844 928.57 0
2099 4 14.576753 3.865643 391.2 254.66418 930.03 0
2099 5 22.796827 9.844241 461.6 139.9808565 930.57 0
2099 6 28.651052 14.802431 512.7 73.0422 930.02 0
2099 7 32.938152 19.098063 503.7 90.6911045 928.5 0
2099 8 34.43896 20.633198 439.3 44.859108 925.91 0
2099 9 27.003597 14.595779 346.6 237.74208 924.91 0
2099 10 21.477428 9.253628 255.1 48.7308437 924.77 0
2099 11 10.443681 1.8043635 163.1 96.092784 926.2 0
2099 12 5.2931256 -3.7521029 125 83.9598172 927.41 0
2100-2200 1 1.7580363 -7.7870455 143.5 93.338706 926.67 0
2100-2200 2 3.2892406 -7.4055533 209.8 147.815110725 927.59 0
2100-2200 3 8.255303 0.4153355 301.6 144.2247844 928.57 0
2100-2200 4 14.576753 3.865643 391.2 254.66418 930.03 0
2100-2200 5 22.796827 9.844241 461.6 139.9808565 930.57 0
2100-2200 6 28.651052 14.802431 512.7 73.0422 930.02 0
2100-2200 7 32.938152 19.098063 503.7 90.6911045 928.5 0
2100-2200 8 34.43896 20.633198 439.3 44.859108 925.91 0
2100-2200 9 27.003597 14.595779 346.6 237.74208 924.91 0
2100-2200 10 21.477428 9.253628 255.1 48.7308437 924.77 0
2100-2200 11 10.443681 1.8043635 163.1 96.092784 926.2 0
2100-2200 12 5.2931256 -3.7521029 125 83.9598172 927.41 0
