Year Month Tmax Tmin PAR Prec CO2 O3
1200-1980 1 -3.88554907812018 -15.5625437034972 143.5 80.7622095941913 390 0
1200-1980 2 -1.59586517524872 -14.0703134197406 209.8 69.5596284328678 390 0
1200-1980 3 3.3694988486617 -8.3658607961515 301.6 87.7790257034441 390 0
1200-1980 4 10.4783192397936 -1.26748122890139 391.2 95.7157385409134 390 0
1200-1980 5 17.845848674087 4.70677291322814 461.6 100.322482600289 390 0
1200-1980 6 22.6622898862035 10.0726574071936 512.7 108.243350517007 390 0
1200-1980 7 25.5312989816314 13.1426497636575 503.7 94.7486432110437 390 0
1200-1980 8 24.8732289125823 12.1487841918047 439.3 98.204257739516 390 0
1200-1980 9 20.1776497250951 7.56345750534465 346.6 99.3281821885529 390 0
1200-1980 10 13.167251288624 1.73843738633831 255.1 112.371045235285 390 0
1200-1980 11 6.05037073827773 -3.22934010751068 163.1 112.049166107283 390 0
1200-1980 12 -0.61483252176909 -10.5152752526648 125 100.333019053559 390 0
1981 1 -6.76977357997579 -20.2540952095493 143.5 40.3324935076471 390 0
1981 2 3.16819292558582 -8.55213045041457 209.8 107.747785509553 390 0
1981 3 4.46846775189406 -5.95899975077018 301.6 37.90032372607 390 0
1981 4 11.2966837127056 -0.461379532144448 391.2 85.6141843660759 390 0
1981 5 19.366824283584 5.61049305761303 461.6 91.0513194414248 390 0
1981 6 23.0584750051278 10.0676735844438 512.7 113.717701911423 390 0
1981 7 25.6698432561276 13.0037820045427 503.7 117.050009299808 390 0
1981 8 24.881730758855 11.1524409013521 439.3 121.883618594832 390 0
1981 9 18.7127036274223 7.23188424524552 346.6 176.901340322443 390 0
1981 10 11.6151089418255 0.51849842952732 255.1 167.316542115468 390 0
1981 11 5.71295722879708 -3.06772071383108 163.1 80.6668423709846 390 0
1981 12 -0.152463531642268 -8.15757226931722 125 124.376368995172 390 0
1982 1 -7.66327459948625 -20.9954332456988 143.5 101.067191351854 390 0
1982 2 -2.71251453433215 -15.9220177237961 209.8 73.0556863954832 390 0
1982 3 2.98810572362864 -9.73096967814808 301.6 68.8275657469634 390 0
1982 4 9.18699674777247 -2.96936239605038 391.2 94.8414660757033 390 0
1982 5 19.2555563804777 4.18308562877198 461.6 26.2488708579592 390 0
1982 6 21.0121079662213 8.67439541302432 512.7 117.058442640565 390 0
1982 7 26.5927031549392 12.3070343270702 503.7 61.6709572496772 390 0
1982 8 22.8583203130986 9.96419037538981 439.3 107.795700580385 390 0
1982 9 19.9343840726054 7.99462506888661 346.6 85.2703071558747 390 0
1982 10 14.3935360988498 0.88444154607154 255.1 34.8184138725693 390 0
1982 11 7.5098648300915 -1.95058195987937 163.1 133.55584754268 390 0
1982 12 1.96106047041763 -8.4341113755817 125 50.0750292837603 390 0
1983 1 -1.82456623077476 -13.1461503237243 143.5 91.2691367722872 390 0
1983 2 -0.303739833966711 -12.4880330760456 209.8 69.6498842063732 390 0
1983 3 4.31453087532944 -4.93562196707463 301.6 141.048862088109 390 0
1983 4 10.417244983269 0.265845071003591 391.2 197.142037370031 390 0
1983 5 15.4355890565463 4.89523538488999 461.6 148.804429489536 390 0
1983 6 24.441230958097 9.70973801501118 512.7 44.6074897531983 390 0
1983 7 26.3973845164074 12.8985394082749 503.7 122.526989984943 390 0
1983 8 25.5700364844852 12.3367525137984 439.3 95.8419228613434 390 0
1983 9 22.3877328113487 7.95978661187874 346.6 66.3018822966855 390 0
1983 10 13.5736764110131 1.29064330812222 255.1 70.5166529661466 390 0
1983 11 6.07184196290928 -2.22365882106988 163.1 237.219823360602 390 0
1983 12 -1.67598495907425 -12.1803850698827 125 167.538799953014 390 0
1984 1 -5.1285143759081 -17.3861840581085 143.5 54.2771351728569 390 0
1984 2 2.12459610506918 -8.8435389111603 209.8 113.206638045719 390 0
1984 3 0.120965280643763 -11.0416022191713 301.6 123.068652278477 390 0
1984 4 10.711129745338 -1.04465200181394 391.2 84.9814641220414 390 0
1984 5 17.0160261810604 3.85611933018707 461.6 187.430733979012 390 0
1984 6 22.3734848401924 9.6525497971342 512.7 173.528994354439 390 0
1984 7 25.674126668144 13.5999745177 503.7 96.428986947793 390 0
1984 8 26.0903342635918 13.6905174451471 439.3 54.6418364616499 390 0
1984 9 19.5657658219768 5.2895070842808 346.6 41.6480694704265 390 0
1984 10 14.7833239643218 1.32776312142801 255.1 60.4665463506432 390 0
1984 11 6.99222446123936 -3.60373134251544 163.1 69.8122180533798 390 0
1984 12 0.409145113469573 -9.68098876833568 125 81.7552286394959 390 0
1985 1 -6.57697708936326 -18.3626898902041 143.5 25.7863793957433 390 0
1985 2 -0.712050924995918 -12.9366527298039 209.8 77.0595969143272 390 0
1985 3 3.69150250910207 -8.8612427233698 301.6 72.6758409364491 390 0
1985 4 10.414497802793 -2.68717666961364 391.2 38.5010446102655 390 0
1985 5 18.3310502383185 3.49026343211263 461.6 79.2750800589004 390 0
1985 6 20.6651287677325 9.10144722386975 512.7 100.995429860797 390 0
1985 7 26.7269239041721 12.7626791496148 503.7 76.7736924420674 390 0
1985 8 24.3754659640451 10.7117319235667 439.3 99.2253788122563 390 0
1985 9 20.6500233940695 7.40908736016417 346.6 92.1803286816567 390 0
1985 10 13.9007993928172 1.5232149505038 255.1 69.5814957573582 390 0
1985 11 4.66349050780202 -3.80392316413276 163.1 111.519938655494 390 0
1985 12 -2.83782860242468 -15.3391353827692 125 55.4513824707558 390 0
1986 1 -1.97931320914288 -14.7658130301217 143.5 146.882147516843 390 0
1986 2 -2.27567441756888 -15.3677736452036 209.8 37.1688105984554 390 0
1986 3 4.01669317060431 -9.12099291017447 301.6 91.791158160517 390 0
1986 4 13.0098909270458 0.330744540709608 391.2 70.5384445488108 390 0
1986 5 18.2101831542168 4.9598549586698 461.6 102.166337570687 390 0
1986 6 21.554586380809 7.88284049502867 512.7 75.6757233482159 390 0
1986 7 23.4349982735516 12.0937088748556 503.7 115.887258271018 390 0
1986 8 22.6940802066655 11.4667688557344 439.3 130.093708625966 390 0
1986 9 18.0230680024845 5.33019076758602 346.6 87.420974744494 390 0
1986 10 12.6403746243776 0.903090983267668 255.1 36.7981483815451 390 0
1986 11 3.84462955285408 -5.89688802332484 163.1 94.6988099283082 390 0
1986 12 -0.703693297627815 -11.6982027101937 125 82.3485594175126 390 0
1987 1 -3.99650802414951 -16.3428475891886 143.5 86.4119529521781 390 0
1987 2 -2.93375096810184 -14.9522697164773 209.8 17.2813904871245 390 0
1987 3 4.57154099120013 -7.70100616394668 301.6 72.8903710293817 390 0
1987 4 13.1019077470414 0.530104373737765 391.2 131.466239860573 390 0
1987 5 18.3744743554548 3.94742886350898 461.6 73.2973370354631 390 0
1987 6 22.6520377310561 10.390509007692 512.7 110.989238649951 390 0
1987 7 25.0421739667819 12.9174165702748 503.7 57.1356032218496 390 0
1987 8 24.3377556601972 10.0850607398931 439.3 46.6876784137545 390 0
1987 9 19.1563763510115 7.43599744179804 346.6 143.280203924969 390 0
1987 10 13.3813908770202 1.11237505473805 255.1 99.0574187081988 390 0
1987 11 4.92268849731449 -4.81343585320866 163.1 56.0377333837808 390 0
1987 12 -0.791597959202515 -8.96643700805229 125 98.0370783816491 390 0
1988 1 -3.5185279373761 -16.9570012029106 143.5 59.7451915324504 390 0
1988 2 -0.903241116981799 -14.8758773488535 209.8 71.4967881329159 390 0
1988 3 3.40607333108727 -9.5969818270532 301.6 36.2346992630006 390 0
1988 4 9.8334438194718 -0.553580026187065 391.2 83.3649348050976 390 0
1988 5 18.9396007741994 5.7150683614634 461.6 60.0347172320878 390 0
1988 6 23.2946782230954 8.68900339367281 512.7 56.6678665541186 390 0
1988 7 26.2731425514981 14.3895361710036 503.7 116.948561142728 390 0
1988 8 25.1178235596496 13.781035478837 439.3 152.364998321283 390 0
1988 9 19.1565736975062 6.41760277379655 346.6 43.1923657738867 390 0
1988 10 10.6497849079625 0.785783830671064 255.1 103.30182841477 390 0
1988 11 6.81786637673879 -2.03929420715396 163.1 157.843533898536 390 0
1988 12 -2.27352456108421 -13.7399588377308 125 34.5184641027193 390 0
1989 1 -1.99741116350478 -15.0376072606824 143.5 46.0877571063576 390 0
1989 2 -2.6285237277857 -15.7521868620733 209.8 57.4299332818358 390 0
1989 3 2.10310340487552 -12.0484831410773 301.6 65.0182713863948 390 0
1989 4 8.17266719459202 -2.50841138140097 391.2 84.8925991636327 390 0
1989 5 19.5083911206985 6.63166608357375 461.6 199.649600217216 390 0
1989 6 22.2666089292094 10.4882347591921 512.7 105.131471546229 390 0
1989 7 25.9801183306678 11.5332474360886 503.7 58.5431213504145 390 0
1989 8 23.8120217591208 11.5068335268367 439.3 136.194538391808 390 0
1989 9 20.057748751673 6.93742888235717 346.6 103.15591174116 390 0
1989 10 13.882594251439 1.06990047298117 255.1 73.6956336293252 390 0
1989 11 4.50783767541116 -5.17300679351679 163.1 137.73714114346 390 0
1989 12 -8.70562562126357 -20.9130887867865 125 48.1214185999519 390 0
1990 1 -0.0771441626522056 -11.1668907270458 143.5 107.825393405721 390 0
1990 2 -1.34480329183218 -15.8051429856673 209.8 53.9685451559569 390 0
1990 3 3.93896922074143 -9.01475551604879 301.6 47.9312936003681 390 0
1990 4 10.3662416601454 -0.884223972850906 391.2 93.873756387532 390 0
1990 5 16.2262826026391 3.69217768010805 461.6 151.98505170677 390 0
1990 6 23.0440517511862 10.1306232924351 512.7 114.694597808931 390 0
1990 7 25.7519377005396 13.2064053209288 503.7 89.8103787193192 390 0
1990 8 26.1003251775937 13.2687744448269 439.3 127.34183065216 390 0
1990 9 19.007826666268 7.48384975951014 346.6 85.2210940673032 390 0
1990 10 13.8424687130232 3.55298705064328 255.1 202.637708829853 390 0
1990 11 5.9396504614802 -2.47128081585067 163.1 104.21652299227 390 0
1990 12 1.56226742318625 -8.79030690747562 125 148.727264012307 390 0
1991 1 -4.55594646553347 -17.2916731484408 143.5 71.0858098656299 390 0
1991 2 -0.0141849763500732 -13.2252002510135 209.8 29.5995134213325 390 0
1991 3 3.93625842858791 -6.56235444508298 301.6 129.777450601478 390 0
1991 4 11.6224632880519 -1.23034543312382 391.2 87.6145737124384 390 0
1991 5 20.4259291910304 4.89926191317959 461.6 93.713035579919 390 0
1991 6 23.9442840494334 9.99063513158141 512.7 63.9265680037769 390 0
1991 7 25.947180188452 12.0879810812454 503.7 53.2459647440797 390 0
1991 8 25.2252880311926 13.0209423431012 439.3 212.177030057514 390 0
1991 9 19.0085305435303 5.70071097411199 346.6 120.632679447052 390 0
1991 10 13.740075450442 2.49523892648895 255.1 107.297155674627 390 0
1991 11 5.74917965947045 -2.21756676791389 163.1 91.8039817214079 390 0
1991 12 -2.29824352578621 -13.395808607553 125 65.9996489884169 390 0
1992 1 -3.97245650164181 -15.7480133944646 143.5 105.189178021896 390 0
1992 2 -2.46610791755863 -15.0918354579286 209.8 78.4878869878555 390 0
1992 3 1.0608860272636 -10.9564054208734 301.6 102.064891682155 390 0
1992 4 8.62271291287044 -2.67831948091217 391.2 49.1687085203333 390 0
1992 5 19.242802395495 2.94133584687148 461.6 23.0957305145959 390 0
1992 6 22.722077627338 9.4947528548023 512.7 111.882647857558 390 0
1992 7 22.926638673289 10.3845514480154 503.7 94.0502333412379 390 0
1992 8 23.4904565469795 12.1275523324085 439.3 97.2899945616101 390 0
1992 9 20.2887904922926 7.18247747515067 346.6 65.9433206401429 390 0
1992 10 11.0128856767501 0.214172015623346 255.1 87.0075821029107 390 0
1992 11 4.39715763256178 -5.05652805732456 163.1 84.5495377040353 390 0
1992 12 -0.723087419976813 -9.86640562744314 125 43.7868071544736 390 0
1993 1 -3.33357781873907 -14.9268797904916 143.5 57.0313919517929 390 0
1993 2 -6.74397470133197 -21.2221967431461 209.8 87.1187430788554 390 0
1993 3 3.14215033618082 -11.5086314414491 301.6 83.1855900830131 390 0
1993 4 10.6389214636109 -1.59228542962661 391.2 149.360020166337 390 0
1993 5 18.371211898739 4.38421728023314 461.6 56.8460553789486 390 0
1993 6 22.8066600437291 8.89842670795532 512.7 106.546846568148 390 0
1993 7 25.3708668362421 12.521883402458 503.7 60.4185366505734 390 0
1993 8 26.1501933648986 12.1833563580957 439.3 60.1413521871575 390 0
1993 9 19.7338216766223 7.07961725544146 346.6 104.767755453261 390 0
1993 10 10.620658791435 -0.906791464164472 255.1 105.719898427781 390 0
1993 11 5.99701230466836 -4.71024358397339 163.1 114.094422102687 390 0
1993 12 -0.500274325738462 -9.66752471095666 125 142.266568427044 390 0
1994 1 -8.63696211355553 -22.1589665256102 143.5 129.090420989078 390 0
1994 2 -4.68680580960206 -18.5269190918626 209.8 32.9363664590421 390 0
1994 3 2.34795173946307 -7.73922337441373 301.6 110.002489032751 390 0
1994 4 9.71055762692473 -1.90648017113369 391.2 97.7114533865221 390 0
1994 5 15.7576418679535 3.62334986670894 461.6 108.849459226333 390 0
1994 6 24.6099480710582 11.2433242907207 512.7 92.7348205112983 390 0
1994 7 26.9617727751069 14.9258295578517 503.7 88.1890996674509 390 0
1994 8 24.3083418649099 11.1999470948658 439.3 63.591839527731 390 0
1994 9 18.711503241549 7.07449444549364 346.6 112.024685944732 390 0
1994 10 14.3374676448069 1.23421989712831 255.1 36.5669335747913 390 0
1994 11 8.37411736760128 -3.08471171897958 163.1 103.281006120225 390 0
1994 12 0.922568710224204 -9.44144933614986 125 65.7039938213837 390 0
1995 1 -2.23040511338978 -11.5155903002687 143.5 111.052278120905 390 0
1995 2 -3.70490918279525 -17.6865225988651 209.8 63.8275817374916 390 0
1995 3 3.35465860312314 -7.39689156624055 301.6 68.1152194077231 390 0
1995 4 8.23016809540926 -3.56899571999218 391.2 58.6333535140617 390 0
1995 5 16.8712697281272 3.91064521020111 461.6 100.631333218768 390 0
1995 6 24.7696215783711 10.1623454474965 512.7 58.6659044871964 390 0
1995 7 26.7137788837216 14.1022781537193 503.7 88.8600689471758 390 0
1995 8 26.0610849261783 11.5626130017893 439.3 45.3878055631073 390 0
1995 9 19.2407352811459 4.02029700725414 346.6 64.9306010575782 390 0
1995 10 15.7479790443405 3.42422394307612 255.1 183.864821770782 390 0
1995 11 4.04896148399973 -4.85090670893265 163.1 171.667026249182 390 0
1995 12 -3.08045674416475 -12.934738729266 125 77.5975002556395 390 0
1996 1 -3.94361758140514 -16.0607906209965 143.5 134.612788955437 390 0
1996 2 -2.81774056619999 -14.0328993411683 209.8 97.2237847453574 390 0
1996 3 2.37897047016396 -9.61544751332838 301.6 61.9778340134515 390 0
1996 4 9.35140956059008 -0.770921713852874 391.2 124.566309544079 390 0
1996 5 16.242282242942 3.25638729573778 461.6 131.271059419462 390 0
1996 6 22.6658966363236 10.4065924092095 512.7 115.447173470765 390 0
1996 7 23.5606445716901 12.9426343483152 503.7 189.883330711123 390 0
1996 8 24.985857696213 11.8817555107696 439.3 36.6199269443258 390 0
1996 9 19.3207414167536 8.43390755545086 346.6 121.589120208595 390 0
1996 10 12.0856544115547 0.758979675519078 255.1 107.446318928389 390 0
1996 11 4.27248394229145 -4.91363209948251 163.1 57.3158135835573 390 0
1996 12 2.07223771473757 -5.75546000054706 125 167.307691213783 390 0
1997 1 -4.19866605493841 -15.6074771175924 143.5 103.142979737625 390 0
1997 2 -1.16411099787416 -14.2605302357428 209.8 60.7787673702114 390 0
1997 3 0.983212904523992 -10.7486682955484 301.6 84.2525722881258 390 0
1997 4 8.60206174759189 -2.71267612576651 391.2 75.8086698982709 390 0
1997 5 14.6021636474178 2.95068168063751 461.6 104.195701764314 390 0
1997 6 23.6489525654443 9.20780007569086 512.7 84.0870486937051 390 0
1997 7 25.8844167277565 12.4266520283299 503.7 91.1453949916139 390 0
1997 8 23.9089615984903 11.4056383357893 439.3 115.194249329585 390 0
1997 9 18.8110814347732 7.63655927255212 346.6 81.5121296216937 390 0
1997 10 12.0968321779257 0.847549894968823 255.1 35.878690125219 390 0
1997 11 4.15302341542822 -4.61594386936202 163.1 110.140975101937 390 0
1997 12 -0.917345446329358 -11.4207691436262 125 69.5211399040988 390 0
1998 1 -2.9631166391669 -12.5342027111301 143.5 141.842079597016 390 0
1998 2 1.30975533421146 -10.222858463137 209.8 95.5845482103143 390 0
1998 3 4.23069382272088 -6.95713580986224 301.6 108.942236554855 390 0
1998 4 11.6573832549854 -0.603365564506527 391.2 86.4314088175527 390 0
1998 5 20.8492869913881 7.1184581424806 461.6 88.2328145514763 390 0
1998 6 20.7080354718566 10.5309493467099 512.7 189.727240390766 390 0
1998 7 25.6362716252992 12.9766214916592 503.7 90.5145700954968 390 0
1998 8 25.6693830456305 11.7950576016093 439.3 57.195772709564 390 0
1998 9 20.0266361944726 8.2133877517892 346.6 65.5370193399918 390 0
1998 10 12.3172487991377 2.57464724548791 255.1 132.808602912533 390 0
1998 11 4.9897170100646 -2.47185755973474 163.1 70.9363063092002 390 0
1998 12 2.45651175776227 -8.14624684429853 125 46.8424102896559 390 0
1999 1 -3.21899911145324 -16.4675067181786 143.5 149.03173964432 390 0
1999 2 0.407839403637402 -12.2291844282396 209.8 62.544908860785 390 0
1999 3 4.23002443915736 -5.49813558606628 301.6 156.303997291469 390 0
1999 4 10.7622248930504 -0.849274434438873 391.2 20.5592276454403 390 0
1999 5 20.4385230897323 5.9818935857364 461.6 72.6021173505872 390 0
1999 6 25.6634165699511 11.6573794458881 512.7 87.2908622084613 390 0
1999 7 26.4709444058327 13.9422918654929 503.7 71.7277631113798 390 0
1999 8 24.623520761542 11.7011429946084 439.3 75.7395371342359 390 0
1999 9 23.096095662128 10.7823898959172 346.6 229.241366181855 390 0
1999 10 12.0098917108341 -0.124310353382546 255.1 110.372020878743 390 0
1999 11 8.25602736213324 -1.58794481296964 163.1 92.1974950705515 390 0
1999 12 0.819176415844467 -7.85888292046084 125 77.9912668512674 390 0
2000 1 -4.25152937124723 -15.5472125199486 143.5 95.0941352270577 390 0
2000 2 -1.18745743036287 -14.7146101962581 209.8 81.6257830120063 390 0
2000 3 6.13211790702445 -5.91319852928359 301.6 102.105963907248 390 0
2000 4 9.31971830907247 -0.958867411893823 391.2 150.591347072306 390 0
2000 5 16.1392312035061 3.95071850475633 461.6 111.972894014887 390 0
2000 6 22.1434529013196 9.15157509210143 512.7 59.6603746114503 390 0
2000 7 23.44828967594 11.5474428061102 503.7 95.5331707286319 390 0
2000 8 23.5203179331443 11.7003434970002 439.3 62.1581853274186 390 0
2000 9 19.4052471042991 6.80313841171085 346.6 56.8670278358895 390 0
2000 10 13.4806904326311 1.24393234239499 255.1 85.8888936050805 390 0
2000 11 5.7751866189531 -1.49658704483913 163.1 77.2626377112253 390 0
2000 12 -2.73342527374566 -12.8277820799639 125 113.844327426472 390 0
2001 1 -3.51100435869724 -16.858602680017 143.5 32.9756734463544 390 0
2001 2 -2.3057367099894 -15.9975042251534 209.8 72.7675859140819 390 0
2001 3 1.58339750465559 -10.1413947956566 301.6 97.1375892009416 390 0
2001 4 9.63977038457676 -2.57343539841865 391.2 23.8033442147463 390 0
2001 5 20.527815961088 5.0753775867919 461.6 47.2020784347168 390 0
2001 6 23.748148020094 11.5281781524156 512.7 90.3418286087607 390 0
2001 7 24.5787711810423 12.1530473380054 503.7 86.6301766596722 390 0
2001 8 27.1784197890097 12.8584497377677 439.3 36.0810090947014 390 0
2001 9 21.5488944080585 7.90499675069353 346.6 99.5322934979634 390 0
2001 10 15.2917552600947 1.72642468825125 255.1 44.245224915381 390 0
2001 11 7.60316247794315 -1.3720891371439 163.1 54.3416688923504 390 0
2001 12 2.70879454871126 -6.45686630238906 125 57.7995453952441 390 0
2002 1 -1.31562305373636 -11.0594631949625 143.5 68.0676213971936 390 0
2002 2 -0.62339164751689 -12.9879183448578 209.8 88.4643190595509 390 0
2002 3 2.68137773905294 -8.05360356779584 301.6 93.8447428748137 390 0
2002 4 9.67461042095687 -0.437836936980049 391.2 118.951444939549 390 0
2002 5 16.2500432190399 3.41611362247992 461.6 80.7678695438468 390 0
2002 6 21.2337287273834 8.97022033070511 512.7 98.5999259691411 390 0
2002 7 25.1958525475545 12.6692669515184 503.7 92.9574740001411 390 0
2002 8 26.9632536839487 12.7723715202821 439.3 25.8710571456087 390 0
2002 9 22.2647133349098 8.82584341524994 346.6 111.932560807937 390 0
2002 10 11.260671607483 0.104471027140884 255.1 78.9636982302872 390 0
2002 11 3.74902335566185 -4.71778865017627 163.1 111.543555902714 390 0
2002 12 -0.846487835060754 -10.9177394680688 125 87.558780008694 390 0
2003 1 -6.98306889522682 -18.2106158142535 143.5 38.4559943089167 390 0
2003 2 -4.80511203196317 -16.9578005566135 209.8 65.9595542785284 390 0
2003 3 2.18193176229004 -10.9820523358344 301.6 95.1561180844525 390 0
2003 4 8.37925012149996 -3.86373710348536 391.2 47.6292822605408 390 0
2003 5 16.2264345348025 4.31767566259682 461.6 84.740169634692 390 0
2003 6 23.1166992864237 10.0244321108153 512.7 79.9039713367321 390 0
2003 7 25.2848309079683 13.458195873521 503.7 82.140231688359 390 0
2003 8 24.9223035839451 13.8936307051612 439.3 85.734706709993 390 0
2003 9 21.538555575327 8.53365121260759 346.6 121.385180257353 390 0
2003 10 12.7371664087056 1.87451776786702 255.1 221.295102508055 390 0
2003 11 7.00071528083937 -2.70778525365138 163.1 117.738505360857 390 0
2003 12 0.419866950032545 -9.91240115235221 125 173.097884454158 390 0
2004 1 -8.99074426276733 -18.9345891338556 143.5 22.1813056695853 390 0
2004 2 -1.48269477285818 -14.288829598836 209.8 38.790636858279 390 0
2004 3 3.81396701482632 -7.17194126227136 301.6 39.0082521242693 390 0
2004 4 10.204442581463 -1.47998241191216 391.2 95.1139481201357 390 0
2004 5 18.0831702951531 5.03782146505243 461.6 91.0964505514241 390 0
2004 6 21.0828112466169 8.14143328112709 512.7 57.6843786629356 390 0
2004 7 23.8331667368344 12.9939555745548 503.7 113.63024255174 390 0
2004 8 24.5929840112526 12.7775352225261 439.3 155.64640322239 390 0
2004 9 20.6311040567152 7.20409524898671 346.6 69.0980663931195 390 0
2004 10 13.9096932295258 1.80388452792683 255.1 59.8343949408342 390 0
2004 11 5.88319198286084 -3.75036103338156 163.1 113.522920956843 390 0
2004 12 -1.65468972438667 -11.8819850441142 125 111.588287802522 390 0
2005 1 -5.14630383228882 -17.2080374748505 143.5 62.6441874079024 390 0
2005 2 -0.41690337863733 -13.4787220177931 209.8 69.4685465375658 390 0
2005 3 2.46276603248142 -9.65418630908685 301.6 111.018569364633 390 0
2005 4 11.5488411482385 -0.614252610556425 391.2 195.259811685951 390 0
2005 5 13.821869564055 3.97608942263777 461.6 161.813416561116 390 0
2005 6 24.2998022221903 11.4715354216689 512.7 87.7836406978171 390 0
2005 7 25.9786514496963 13.166207169784 503.7 102.010712705872 390 0
2005 8 25.4774979943407 12.6387235046662 439.3 104.14915081359 390 0
2005 9 21.6255536092714 9.27892663654398 346.6 117.400692458598 390 0
2005 10 13.0524149364696 4.25883643292215 255.1 300.971536670495 390 0
2005 11 6.93880487743931 -2.7711258493029 163.1 167.901353493562 390 0
2005 12 -0.836720895392439 -9.91525092708136 125 145.22356111329 390 0
2006 1 -0.0189141131410447 -10.0244318917156 143.5 113.315427505782 390 0
2006 2 -1.70896626319046 -11.7897416984221 209.8 64.9945404436435 390 0
2006 3 3.80039812942293 -6.82014382581342 301.6 29.965135186332 390 0
2006 4 12.4448375140005 -0.259248235632263 391.2 60.7142685655276 390 0
2006 5 18.1784534782391 6.30015651557381 461.6 159.125450193953 390 0
2006 6 22.841128519826 12.8074316180747 512.7 183.484192491428 390 0
2006 7 26.8925945584187 14.9121734941603 503.7 139.322544086757 390 0
2006 8 23.230509128358 10.8041468762819 439.3 101.559789816405 390 0
2006 9 20.2191919536017 7.61232320727507 346.6 75.0053765921053 390 0
2006 10 12.9228285569207 2.18433833420398 255.1 194.414390406276 390 0
2006 11 8.23269505877373 -0.221055083346891 163.1 139.080108750327 390 0
2006 12 2.44065889554009 -6.38332235296669 125 77.7840338814204 390 0
2007 1 -2.47506632657024 -13.3929522779472 143.5 72.0050109798535 390 0
2007 2 -4.98143110368566 -17.9557763218394 209.8 51.5522746934931 390 0
2007 3 2.88072870095125 -9.33139438984296 301.6 104.937950811598 390 0
2007 4 8.46695412399423 -2.17307996368241 391.2 173.582535563568 390 0
2007 5 17.9673860510796 4.24474296398847 461.6 84.7142296067893 390 0
2007 6 23.1189029955301 10.272964653168 512.7 65.922967840169 390 0
2007 7 24.6384519051279 12.4965835576779 503.7 78.9776329891602 390 0
2007 8 25.0457769827558 11.2533949784415 439.3 102.082880761061 390 0
2007 9 21.3164810255154 7.82359531511694 346.6 51.642848919546 390 0
2007 10 15.8609879401733 4.30936618022007 255.1 119.46816389627 390 0
2007 11 4.81870250300416 -4.41370006928817 163.1 190.421503904036 390 0
2007 12 -2.7396934874658 -12.7285727423601 125 115.359165610275 390 0
2008 1 -1.772544644925 -13.226677313728 143.5 77.6601620088397 390 0
2008 2 -1.60745327463643 -13.5755779751598 209.8 143.541001705439 390 0
2008 3 1.29785240264306 -10.8287475797925 301.6 115.611413112627 390 0
2008 4 12.155021587767 -1.18623464923967 391.2 109.433678461489 390 0
2008 5 17.4236019777513 3.78572527069567 461.6 36.0843930488303 390 0
2008 6 21.7868244257903 11.3745757950839 512.7 156.652754722506 390 0
2008 7 26.2610392867892 14.5130769342951 503.7 121.809172987787 390 0
2008 8 22.9988012559206 12.2320949984511 439.3 126.571052894487 390 0
2008 9 19.9618136316095 7.78220312422504 346.6 149.879118794591 390 0
2008 10 12.7835634861339 1.42437200965208 255.1 112.792103457564 390 0
2008 11 6.12003015554837 -2.62223887708595 163.1 154.229523060862 390 0
2008 12 -0.396516818842921 -11.9102000066425 125 144.103184837399 390 0
2009 1 -6.74189011449385 -19.9924380624065 143.5 66.901257794601 390 0
2009 2 -1.22060560838993 -13.609678991089 209.8 68.4000979840528 390 0
2009 3 3.37630381730808 -9.78163433046859 301.6 64.4375005623936 390 0
2009 4 12.0120933809654 -0.316943181012159 391.2 101.246962161321 390 0
2009 5 17.6643317213744 4.72130344099308 461.6 101.372453618612 390 0
2009 6 20.3676361829107 10.1314121693709 512.7 179.040174548451 390 0
2009 7 22.4122311261438 12.8218032870329 503.7 160.416059370526 390 0
2009 8 25.6114043988862 13.4336532743957 439.3 107.412915199853 390 0
2009 9 20.1604290825801 6.12709777595255 346.6 40.359141078287 390 0
2009 10 9.99988833353182 0.905480091262101 255.1 149.459804557751 390 0
2009 11 9.12502462180172 -1.1240412084101 163.1 127.53898715365 390 0
2009 12 -0.938262955481025 -9.39950109997916 125 115.747947020263 390 0
2010 1 -1.76809349300664 -10.8658666185021 143.5 90.129066319099 390 0
2010 2 -0.382332402351987 -7.96588748021188 209.8 70.5451464357271 390 0
2010 3 7.24524645012793 -3.80529455520819 301.6 134.16362666858 390 0
2010 4 13.6394449521683 1.43288085171633 391.2 74.5269985088201 390 0
2010 5 20.1458137766478 6.06760681827063 461.6 51.1857896220638 390 0
2010 6 22.1049297525952 10.6624500056683 512.7 146.249304064862 390 0
2010 7 26.9334392782453 15.4272707042925 503.7 58.2356900383392 390 0
2010 8 25.6227652392862 12.2313246258571 439.3 60.6093836520664 390 0
2010 9 20.6843988313283 9.95511325007642 346.6 129.135909279329 390 0
2010 10 13.0602027157536 2.74721153066782 255.1 152.280298379527 390 0
2010 11 6.1823623077552 -2.81365573120511 163.1 140.663791008934 390 0
2010 12 -0.276447980580516 -8.58733408285993 125 183.671159462794 390 0
2011 1 -3.41361250148707 -13.9962847578191 143.5 54.0260843177841 390 0
2011 2 -2.58073014191355 -15.4718458779878 209.8 71.8510718742499 390 0
2011 3 3.14000313949161 -8.3648812985777 301.6 128.038481801659 390 0
2011 4 9.84382516926513 -1.25000187225142 391.2 132.99669296683 390 0
2011 5 16.6343196037325 6.65232893897231 461.6 136.255110753382 390 0
2011 6 22.0850939884259 10.2935315600188 512.7 93.8066589063093 390 0
2011 7 26.7861998416878 13.7006639566667 503.7 77.9232161491831 390 0
2011 8 24.5310665745888 13.1786347001315 439.3 204.247983593598 390 0
2011 9 21.4080214213548 9.66913778063147 346.6 94.3811661815756 390 0
2011 10 13.876380218328 4.40006310885291 255.1 127.792706396054 390 0
2011 11 9.46503157827674 -1.9259023617579 163.1 68.9640275210493 390 0
2011 12 2.13826180024179 -8.41927179618569 125 94.1494907069877 390 0
2012 1 -2.02067782196243 -12.7254348333082 143.5 81.5677628630423 390 0
2012 2 0.125735335566965 -11.9266898294454 209.8 44.7204200693009 390 0
2012 3 7.56532826582253 -5.01359365927242 301.6 49.4763360862304 390 0
2012 4 12.3919727538119 -0.289600392372574 391.2 109.21037882155 390 0
2012 5 18.0895927820937 6.89024956207185 461.6 124.602905920088 390 0
2012 6 21.5428702049254 10.4019393946677 512.7 190.413368155064 390 0
2012 7 26.8593223553176 13.9119041114266 503.7 40.6241823871562 390 0
2012 8 26.3556813307474 14.2840631590787 439.3 114.002399035552 390 0
2012 9 20.2813763511243 7.6670111128857 346.6 121.174205797052 390 0
2012 10 14.4318360996529 4.03745911671161 255.1 201.242535759571 390 0
2012 11 5.88487500564157 -3.71019407232639 163.1 36.1742212930818 390 0
2012 12 0.477482559857909 -8.61459219085686 125 140.013400323512 390 0
2013 1 -3.22828901625887 -14.7955227776863 143.5 28.3657817646634 390 0
2013 2 -1.08472215450551 -11.6059896771729 209.8 76.6195998197306 390 0
2013 3 3.74728410944664 -5.2177904843956 301.6 69.7968492571253 390 0
2013 4 10.3551452821508 -1.96178517006154 391.2 50.4887819930097 390 0
2013 5 18.295852876287 4.83997275896236 461.6 140.327929711663 390 0
2013 6 22.4822546044508 10.7867941609456 512.7 159.110957826065 390 0
2013 7 26.4141585328502 14.9128032842116 503.7 135.684198731369 390 0
2013 8 24.5047902256936 12.0093997510935 439.3 119.204868407035 390 0
2013 9 19.9265214028093 8.79316280575247 346.6 149.2852682551 390 0
2013 10 15.2194614093125 2.86144806239097 255.1 34.4432256195988 390 0
2013 11 5.66269680580887 -4.36884230278025 163.1 118.944701238558 390 0
2013 12 -3.59513461313485 -12.6617910556927 125 103.082239962327 390 0
2014 1 -3.9271345 -13.814193 143.5 101.5543539 399 0
2014 2 2.4990442 -9.236187 209.8 86.011116725 399.92 0
2014 3 3.5247405 -8.276724 301.6 109.7689044 400.9 0
2014 4 12.810539 1.2888044 391.2 91.392261 402.36 0
2014 5 21.566664 7.3410053 461.6 119.321821 402.9 0
2014 6 23.642704 10.109058 512.7 106.083318 402.35 0
2014 7 26.230764 12.515954 503.7 108.9300072 400.83 0
2014 8 25.206753 12.691068 439.3 90.081412 398.24 0
2014 9 20.450262 7.7840457 346.6 55.394283 397.24 0
2014 10 12.849741 0.79507565 255.1 94.4552237 397.1 0
2014 11 5.679811 -3.8770776 163.1 93.025596 398.53 0
2014 12 2.1541967 -6.6963596 125 130.700588 399.74 0
2015 1 -2.007893 -12.871385 143.5 73.047129 401.63 0
2015 2 -0.7536532 -13.756286 209.8 144.188226 402.55 0
2015 3 5.147074 -6.669554 301.6 90.2997574 403.53 0
2015 4 9.879081 -1.6556429 391.2 85.631469 404.99 0
2015 5 21.111122 6.148275 461.6 28.4356614 405.53 0
2015 6 25.036442 11.40074 512.7 112.508784 404.98 0
2015 7 27.613771 13.794555 503.7 85.4914621 403.46 0
2015 8 25.878191 12.467656 439.3 91.1482708 400.87 0
2015 9 18.985594 5.3154793 346.6 66.796989 399.87 0
2015 10 14.637748 1.4067931 255.1 46.3595793 399.73 0
2015 11 5.7926426 -4.0927687 163.1 87.00795 401.16 0
2015 12 -2.5359046 -10.412366 125 96.1392212 402.37 0
2016 1 -3.5242276 -15.104407 143.5 71.462471 404.33 0
2016 2 -0.80540913 -13.396636 209.8 101.25051425 405.25 0
2016 3 9.72385 -1.1758492 301.6 57.8859342 406.23 0
2016 4 14.300768 1.2674441 391.2 24.1859205 407.69 0
2016 5 17.936651 3.8266706 461.6 114.100894 408.23 0
2016 6 23.421429 11.445861 512.7 189.294261 407.68 0
2016 7 27.223904 13.786552 503.7 85.3360839 406.16 0
2016 8 26.21858 12.633489 439.3 71.0566593 403.57 0
2016 9 23.494812 11.513313 346.6 96.869067 402.57 0
2016 10 14.843552 2.3013184 255.1 49.1101349 402.43 0
2016 11 9.789611 -0.052304678 163.1 95.01615 403.86 0
2016 12 1.9875948 -6.8644085 125 51.1887438 405.07 0
2017 1 -1.3709437 -12.827037 143.5 91.054471 407.1 0
2017 2 -1.1623349 -12.997891 209.8 30.833725225 408.02 0
2017 3 4.685898 -7.6499305 301.6 89.670476 409 0
2017 4 9.110136 -1.9485836 391.2 190.18593 410.46 0
2017 5 21.222506 7.554235 461.6 101.0798307 411 0
2017 6 26.304607 11.817981 512.7 101.721438 410.45 0
2017 7 27.070415 14.63439 503.7 96.8465885 408.93 0
2017 8 27.679567 15.707124 439.3 203.4507897 406.34 0
2017 9 22.199106 8.788803 346.6 42.073344 405.34 0
2017 10 17.789099 3.776283 255.1 43.2679741 405.2 0
2017 11 6.225365 -3.04498 163.1 80.43309 406.63 0
2017 12 -1.1619874 -13.063836 125 126.3012695 407.84 0
2018 1 -1.1095898 -10.724389 143.5 157.798339 409.93 0
2018 2 -2.2004876 -14.347144 209.8 165.4556735 410.85 0
2018 3 5.190483 -7.857053 301.6 89.8473124 411.83 0
2018 4 10.3187475 -0.32942095 391.2 75.005664 413.29 0
2018 5 17.032366 5.1670814 461.6 191.9204823 413.83 0
2018 6 25.429285 11.088921 512.7 47.783268 413.28 0
2018 7 29.479746 14.335513 503.7 40.9393874 411.76 0
2018 8 26.327503 11.423873 439.3 50.6813234 409.17 0
2018 9 20.73852 6.99775 346.6 97.639089 408.17 0
2018 10 15.459345 1.2272527 255.1 30.1104116 408.03 0
2018 11 5.6518455 -4.2984567 163.1 87.368997 409.46 0
2018 12 2.4462478 -7.2945895 125 186.536982 410.67 0
2019 1 -3.8965423 -15.768839 143.5 114.6522848 412.82 0
2019 2 -3.2799053 -15.2176485 209.8 50.346248825 413.74 0
2019 3 4.0751305 -7.3078213 301.6 136.108538 414.72 0
2019 4 12.660996 0.42854512 391.2 22.6765089 416.18 0
2019 5 22.724932 7.6804733 461.6 50.7499357 416.72 0
2019 6 24.920923 11.365572 512.7 94.175898 416.17 0
2019 7 26.284266 14.75018 503.7 161.2199485 414.65 0
2019 8 25.927462 12.721204 439.3 109.3024598 412.06 0
2019 9 24.318697 12.041811 346.6 82.854465 411.06 0
2019 10 14.246569 1.6170901 255.1 75.1763299 410.92 0
2019 11 10.3653555 1.0236287 163.1 85.677309 412.35 0
2019 12 0.9229055 -10.074814 125 140.677876 413.56 0
2020 1 -0.54821277 -11.855396 143.5 63.9965302 415.78 0
2020 2 3.1012015 -8.318612 209.8 91.451575175 416.7 0
2020 3 7.143803 -4.239758 301.6 111.9481703 417.68 0
2020 4 12.629374 0.21209742 391.2 46.645656 419.14 0
2020 5 20.882792 7.499256 461.6 141.088781 419.68 0
2020 6 25.664251 11.673351 512.7 54.730482 419.13 0
2020 7 28.251865 15.762336 503.7 116.628479 417.61 0
2020 8 27.65333 14.892407 439.3 118.7337603 415.02 0
2020 9 20.936886 8.411148 346.6 120.79455 414.02 0
2020 10 13.751345 2.288057 255.1 159.6225526 413.88 0
2020 11 7.868921 -0.969071 163.1 144.0966 415.31 0
2020 12 3.2721202 -6.5699353 125 132.636569 416.52 0
2021 1 -0.32838926 -9.4062805 143.5 71.8138994 418.8 0
2021 2 0.82076496 -11.2921095 209.8 94.3287501 419.72 0
2021 3 6.2273073 -5.0042257 301.6 34.0898909 420.7 0
2021 4 10.660218 -1.628818 391.2 97.00332 422.16 0
2021 5 19.086132 5.9327693 461.6 81.625108 422.7 0
2021 6 24.536833 11.010128 512.7 125.0082 422.15 0
2021 7 26.856485 14.136202 503.7 142.2573074 420.63 0
2021 8 27.191431 14.532707 439.3 94.8846853 418.04 0
2021 9 22.68817 9.711935 346.6 120.81342 417.04 0
2021 10 14.137199 2.8721063 255.1 100.7848037 416.9 0
2021 11 10.486004 0.16421087 163.1 77.03211 418.33 0
2021 12 2.4587767 -7.562963 125 65.1859971 419.54 0
2022 1 -2.1240175 -16.460411 143.5 179.080149 421.86 0
2022 2 -1.0140666 -14.037519 209.8 81.2313495 422.78 0
2022 3 5.771332 -4.922056 301.6 57.0998486 423.76 0
2022 4 10.341699 -1.0629576 391.2 106.584042 425.22 0
2022 5 21.136509 5.9817057 461.6 34.5550583 425.76 0
2022 6 21.770248 10.481732 512.7 161.57352 425.21 0
2022 7 27.341541 13.81253 503.7 112.403303 423.69 0
2022 8 26.700632 13.054892 439.3 65.859376 421.1 0
2022 9 22.010542 8.620897 346.6 96.30357 420.1 0
2022 10 12.105804 -0.1388269 255.1 73.9991762 419.96 0
2022 11 6.085443 -3.6000626 163.1 97.475754 421.39 0
2022 12 0.35528886 -9.083343 125 220.4975285 422.6 0
2023 1 -3.7718465 -12.531322 143.5 118.8863082 424.99 0
2023 2 -1.1191605 -13.559655 209.8 84.559490475 425.91 0
2023 3 1.6808369 -10.745459 301.6 112.5944738 426.89 0
2023 4 14.7842455 2.3073297 391.2 103.202106 428.35 0
2023 5 18.397137 6.3335066 461.6 166.264873 428.89 0
2023 6 24.918852 10.710663 512.7 38.616213 428.34 0
2023 7 28.270151 14.650572 503.7 85.745225 426.82 0
2023 8 25.628983 13.253537 439.3 135.490863 424.23 0
2023 9 20.671274 6.343465 346.6 65.060469 423.23 0
2023 10 11.7736025 0.6455664 255.1 115.0813155 423.09 0
2023 11 3.0938137 -4.4878697 163.1 139.00119 424.52 0
2023 12 1.2128611 -7.9160066 125 212.3387346 425.73 0
2024 1 -1.1901172 -13.092784 143.5 92.1210074 428.2 0
2024 2 -1.866095 -14.770617 209.8 88.699576 429.12 0
2024 3 1.3188747 -11.375733 301.6 85.9848395 430.1 0
2024 4 11.689704 0.68322086 391.2 43.956858 431.56 0
2024 5 17.379047 4.2103567 461.6 113.1850734 432.1 0
2024 6 23.800596 10.939599 512.7 126.00198 431.55 0
2024 7 27.988731 14.292974 503.7 104.7795536 430.03 0
2024 8 26.524002 13.532331 439.3 135.690906 427.44 0
2024 9 22.726944 10.6711445 346.6 167.85147 426.44 0
2024 10 16.094845 4.496295 255.1 75.8031127 426.3 0
2024 11 10.2903385 0.3802414 163.1 176.36634 427.73 0
2024 12 2.7120793 -7.203341 125 143.1575877 428.94 0
2025 1 -2.934368 -16.455294 143.5 92.351759 431.47 0
2025 2 -0.98938507 -11.985267 209.8 66.675763 432.39 0
2025 3 3.4621077 -7.595067 301.6 106.369773 433.37 0
2025 4 8.893062 -2.3794801 391.2 28.2258582 434.83 0
2025 5 19.044006 6.0390296 461.6 87.9428956 435.37 0
2025 6 25.380045 9.554512 512.7 34.887057 434.82 0
2025 7 28.175734 15.039732 503.7 78.752183 433.3 0
2025 8 26.337236 13.311646 439.3 95.2446914 430.71 0
2025 9 20.706408 8.067835 346.6 112.444389 429.71 0
2025 10 15.352656 2.516519 255.1 98.4543198 429.57 0
2025 11 7.724252 -3.2054949 163.1 79.97319 431 0
2025 12 2.0498354 -8.5214405 125 112.4186356 432.21 0
2026 1 -3.58123 -15.514744 143.5 211.923781 434.83 0
2026 2 -1.0823584 -10.652579 209.8 190.703475375 435.75 0
2026 3 2.737147 -8.1082735 301.6 88.9313058 436.73 0
2026 4 12.224292 1.4505596 391.2 105.441462 438.19 0
2026 5 19.895336 6.44558 461.6 110.632707 438.73 0
2026 6 25.1617 10.76693 512.7 56.338584 438.18 0
2026 7 27.079515 14.696852 503.7 102.4196228 436.66 0
2026 8 27.51573 14.725216 439.3 96.8409124 434.07 0
2026 9 22.338888 9.308172 346.6 82.914735 433.07 0
2026 10 14.79927 2.419511 255.1 113.400666 432.93 0
2026 11 5.7363014 -3.4933758 163.1 89.238804 434.36 0
2026 12 4.485787 -5.7408156 125 158.5525628 435.57 0
2027 1 -0.95376545 -12.226876 143.5 91.7986198 438.24 0
2027 2 -1.2618282 -13.960096 209.8 96.59010045 439.16 0
2027 3 4.005123 -7.025001 301.6 54.3632368 440.14 0
2027 4 11.016269 0.030513315 391.2 97.12275 441.6 0
2027 5 20.025833 6.1998715 461.6 52.026215 442.14 0
2027 6 24.010286 11.045883 512.7 174.034452 441.59 0
2027 7 27.39051 13.9043045 503.7 138.7168966 440.07 0
2027 8 25.416174 12.087577 439.3 85.7704652 437.48 0
2027 9 23.74415 8.504866 346.6 95.34954 436.48 0
2027 10 14.830672 2.9017076 255.1 122.739075 436.34 0
2027 11 5.811788 -3.2690442 163.1 82.159095 437.77 0
2027 12 5.859392 -5.2195888 125 139.944664 438.98 0
2028 1 -1.6674746 -13.309228 143.5 24.8091853 441.72 0
2028 2 1.0234698 -11.606558 209.8 99.1192834 442.64 0
2028 3 5.542652 -6.046425 301.6 88.5206395 443.62 0
2028 4 11.30456 0.76148957 391.2 133.108821 445.08 0
2028 5 18.62104 5.590102 461.6 73.7844454 445.62 0
2028 6 25.350964 11.879192 512.7 173.5917 445.07 0
2028 7 28.27613 16.968729 503.7 153.8962605 443.55 0
2028 8 26.332874 13.1034155 439.3 153.8278063 440.96 0
2028 9 21.729942 8.140975 346.6 61.810998 439.96 0
2028 10 14.230507 2.3022213 255.1 41.5431186 439.82 0
2028 11 6.2129345 -2.7756407 163.1 86.239506 441.25 0
2028 12 -0.9803919 -13.369889 125 130.699658 442.46 0
2029 1 -6.270979 -18.93812 143.5 108.3987819 445.25 0
2029 2 -2.2874424 -14.330265 209.8 66.812428025 446.17 0
2029 3 3.9557147 -7.7203374 301.6 84.195876 447.15 0
2029 4 10.086345 -1.0836245 391.2 33.471816 448.61 0
2029 5 22.022375 5.8367834 461.6 27.19942883 449.15 0
2029 6 25.441908 12.404817 512.7 121.816665 448.6 0
2029 7 28.943941 16.100142 503.7 102.1030818 447.08 0
2029 8 26.503717 12.190277 439.3 41.4522576 444.49 0
2029 9 19.905529 7.558358 346.6 142.30029 443.49 0
2029 10 12.609197 1.5191871 255.1 104.204795 443.35 0
2029 11 10.059951 1.0289719 163.1 131.755458 444.78 0
2029 12 -1.741774 -8.625964 125 76.0355228 445.99 0
2030 1 0.25845298 -9.09929 143.5 96.646003 448.83 0
2030 2 2.0908196 -8.760093 209.8 162.83346895 449.75 0
2030 3 8.229159 -2.0910084 301.6 59.6488794 450.73 0
2030 4 11.812618 0.09775131 391.2 131.003052 452.19 0
2030 5 17.846989 5.6174927 461.6 90.7235584 452.73 0
2030 6 26.261494 10.942794 512.7 57.758232 452.18 0
2030 7 28.611244 15.9658 503.7 163.733258 450.66 0
2030 8 26.00301 13.104768 439.3 155.308326 448.07 0
2030 9 20.313759 7.90838 346.6 99.71058 447.07 0
2030 10 15.526711 2.2806532 255.1 39.0756612 446.93 0
2030 11 8.772053 -0.030526996 163.1 100.242492 448.36 0
2030 12 1.9800224 -6.776235 125 143.0240335 449.57 0
2031 1 1.6316408 -9.097251 143.5 216.74301 452.47 0
2031 2 -1.3313695 -14.068356 209.8 93.835988175 453.39 0
2031 3 7.4537954 -4.864584 301.6 63.6793568 454.37 0
2031 4 13.752258 1.7844292 391.2 66.933252 455.83 0
2031 5 22.172632 8.423744 461.6 120.0528134 456.37 0
2031 6 25.777779 12.297445 512.7 117.23217 455.82 0
2031 7 28.103735 14.393723 503.7 90.0544513 454.3 0
2031 8 27.474928 13.629001 439.3 100.4729654 451.71 0
2031 9 21.312754 8.909839 346.6 114.595449 450.71 0
2031 10 14.412227 1.6787112 255.1 33.8207985 450.57 0
2031 11 7.0878067 -2.5185637 163.1 106.813224 452 0
2031 12 1.2631205 -8.117196 125 275.398172 453.21 0
2032 1 -4.3422627 -18.132828 143.5 111.9565744 456.18 0
2032 2 -0.40518412 -12.948499 209.8 166.779171875 457.1 0
2032 3 7.5206547 -5.326165 301.6 57.3352812 458.08 0
2032 4 10.282298 -1.1777838 391.2 94.411125 459.54 0
2032 5 22.903011 8.350646 461.6 41.9236033 460.08 0
2032 6 25.502401 10.671536 512.7 56.809266 459.53 0
2032 7 26.936995 14.729745 503.7 149.474901 458.01 0
2032 8 25.890585 11.6888485 439.3 146.9436735 455.42 0
2032 9 19.864689 5.264669 346.6 58.939722 454.42 0
2032 10 14.23897 1.3256136 255.1 34.5064131 454.28 0
2032 11 10.719009 1.0457588 163.1 144.609819 455.71 0
2032 12 0.82417166 -7.554158 125 154.1165124 456.92 0
2033 1 -2.3846474 -14.464885 143.5 68.5218048 459.96 0
2033 2 1.5645664 -11.057967 209.8 48.199553925 460.88 0
2033 3 7.635976 -3.4922092 301.6 94.5375597 461.86 0
2033 4 13.8024 1.7059128 391.2 53.325462 463.32 0
2033 5 18.170132 3.7274094 461.6 67.241139 463.86 0
2033 6 25.462946 11.444781 512.7 94.051059 463.31 0
2033 7 28.545973 14.836542 503.7 94.1218094 461.79 0
2033 8 27.318024 13.794477 439.3 102.8400355 459.2 0
2033 9 20.359285 7.6755595 346.6 91.843086 458.2 0
2033 10 13.570623 1.5523874 255.1 91.3528832 458.06 0
2033 11 8.307357 0.22559234 163.1 103.393656 459.49 0
2033 12 2.704462 -6.384847 125 281.376956 460.7 0
2034 1 0.22084177 -10.8722315 143.5 79.9481568 463.85 0
2034 2 0.8742531 -10.928037 209.8 56.6046267 464.77 0
2034 3 8.183441 -2.85658 301.6 79.3492523 465.75 0
2034 4 13.710749 2.8892066 391.2 96.342495 467.21 0
2034 5 19.834139 5.566799 461.6 72.7373956 467.75 0
2034 6 25.808886 11.82224 512.7 122.50176 467.2 0
2034 7 26.954115 13.015761 503.7 158.4310087 465.68 0
2034 8 25.931118 13.131729 439.3 121.1326054 463.09 0
2034 9 21.939001 8.667714 346.6 73.933746 462.09 0
2034 10 16.351082 3.4951954 255.1 63.0717723 461.95 0
2034 11 5.2106204 -4.077509 163.1 82.910064 463.38 0
2034 12 -4.25861 -13.552224 125 31.7928343 464.59 0
2035 1 -2.8936427 -14.70033 143.5 105.3637858 467.85 0
2035 2 -0.699542 -12.277931 209.8 135.558932975 468.77 0
2035 3 7.0841513 -5.118793 301.6 94.8674617 469.75 0
2035 4 13.765286 1.4555632 391.2 58.568418 471.21 0
2035 5 18.404406 4.509668 461.6 61.77339 471.75 0
2035 6 27.176603 13.349593 512.7 113.521992 471.2 0
2035 7 28.630278 16.56184 503.7 124.569656 469.68 0
2035 8 27.54061 15.246995 439.3 133.5652546 467.09 0
2035 9 22.000235 8.253431 346.6 86.029695 466.09 0
2035 10 16.778408 3.225954 255.1 81.0433744 465.95 0
2035 11 8.938226 0.76563716 163.1 103.567179 467.38 0
2035 12 -0.39226428 -11.620089 125 49.8872646 468.59 0
2036 1 -0.69360566 -12.562816 143.5 124.5775765 471.96 0
2036 2 2.5854855 -10.024254 209.8 55.21198645 472.88 0
2036 3 5.004522 -7.194853 301.6 73.4576527 473.86 0
2036 4 13.224534 1.1203511 391.2 64.527684 475.32 0
2036 5 18.80362 5.528377 461.6 100.4284618 475.86 0
2036 6 23.600271 10.700255 512.7 89.685066 475.31 0
2036 7 27.337086 13.934336 503.7 116.295632 473.79 0
2036 8 25.884848 13.254592 439.3 157.0892667 471.2 0
2036 9 22.117548 8.595509 346.6 83.472012 470.2 0
2036 10 15.614954 2.284127 255.1 35.9428818 470.06 0
2036 11 7.628228 -3.253993 163.1 59.280645 471.49 0
2036 12 -0.15865219 -9.901579 125 56.5038147 472.7 0
2037 1 -1.2906905 -12.785724 143.5 229.3426934 476.18 0
2037 2 -1.3292862 -14.21494 209.8 57.9027594 477.1 0
2037 3 4.3768377 -7.5914145 301.6 40.0827086 478.08 0
2037 4 13.488929 2.0354128 391.2 112.381161 479.54 0
2037 5 21.39155 6.7149134 461.6 69.5553448 480.08 0
2037 6 26.045872 11.316706 512.7 90.582942 479.53 0
2037 7 27.759089 15.157205 503.7 133.3542128 478.01 0
2037 8 26.289122 12.919371 439.3 147.697299 475.42 0
2037 9 19.605907 5.0724993 346.6 112.693776 474.42 0
2037 10 16.34105 3.8541641 255.1 108.2736504 474.28 0
2037 11 5.532727 -4.048512 163.1 190.433451 475.71 0
2037 12 1.0522847 -8.008995 125 123.306995 476.92 0
2038 1 0.10772302 -10.345084 143.5 81.3744172 480.51 0
2038 2 2.8812613 -7.349592 209.8 67.6211775 481.43 0
2038 3 7.53361 -3.4452 301.6 97.2125962 482.41 0
2038 4 10.336557 -1.1493037 391.2 153.322248 483.87 0
2038 5 19.107706 6.4704022 461.6 165.221909 484.41 0
2038 6 23.765251 9.464624 512.7 46.207377 483.86 0
2038 7 26.84651 14.256868 503.7 110.0453407 482.34 0
2038 8 27.344746 13.645642 439.3 55.0318479 479.75 0
2038 9 20.249079 7.3273664 346.6 84.702288 478.75 0
2038 10 14.504839 3.1529365 255.1 65.7534397 478.61 0
2038 11 10.299998 -0.4529114 163.1 113.931564 480.04 0
2038 12 2.3715787 -7.984355 125 133.7683573 481.25 0
2039 1 -4.509913 -15.713814 143.5 54.5571914 484.93 0
2039 2 3.8023708 -8.566593 209.8 116.916537625 485.85 0
2039 3 5.18536 -6.5369473 301.6 72.1163385 486.83 0
2039 4 13.233557 0.4349352 391.2 28.5605352 488.29 0
2039 5 21.859785 6.9113235 461.6 110.893665 488.83 0
2039 6 25.814745 11.053097 512.7 75.15069 488.28 0
2039 7 27.474813 16.143858 503.7 128.7131966 486.76 0
2039 8 26.691936 14.038666 439.3 154.684296 484.17 0
2039 9 22.347622 7.978526 346.6 89.324556 483.17 0
2039 10 18.014826 5.0414977 255.1 84.4847464 483.03 0
2039 11 10.051631 -0.26223168 163.1 71.430258 484.46 0
2039 12 1.9346886 -6.598683 125 60.1938718 485.67 0
2040 1 -4.427771 -16.787365 143.5 89.7407065 489.44 0
2040 2 -0.38531163 -13.719719 209.8 41.263653475 490.36 0
2040 3 5.8161497 -5.4672656 301.6 79.642999 491.34 0
2040 4 13.232633 1.2277293 391.2 73.909335 492.8 0
2040 5 20.699049 7.544473 461.6 118.2389352 493.34 0
2040 6 25.375774 12.066443 512.7 109.243626 492.79 0
2040 7 29.15255 15.340655 503.7 43.7171176 491.27 0
2040 8 27.999601 14.621974 439.3 48.1627811 488.68 0
2040 9 21.570103 9.016469 346.6 101.742603 487.68 0
2040 10 14.613857 2.963762 255.1 83.0845167 487.54 0
2040 11 5.886188 -3.5899298 163.1 82.03812 488.97 0
2040 12 2.8893423 -5.620322 125 53.7666263 490.18 0
2041 1 -0.5025225 -11.250403 143.5 54.5876582 494.03 0
2041 2 3.575192 -9.070634 209.8 56.59680145 494.95 0
2041 3 4.9205647 -6.4763007 301.6 103.7438932 495.93 0
2041 4 12.313886 0.7669154 391.2 76.688346 497.39 0
2041 5 17.390146 4.728868 461.6 64.8565694 497.93 0
2041 6 26.827076 11.873641 512.7 73.707975 497.38 0
2041 7 29.970291 14.718731 503.7 43.334528 495.86 0
2041 8 27.174091 13.283468 439.3 213.5048213 493.27 0
2041 9 20.216417 5.945631 346.6 92.972724 492.27 0
2041 10 19.851982 5.8154187 255.1 73.6055382 492.13 0
2041 11 10.155945 0.31995127 163.1 123.339129 493.56 0
2041 12 2.5480049 -6.8735743 125 137.397611 494.77 0
2042 1 0.4095755 -10.312383 143.5 110.1181721 498.73 0
2042 2 2.0322251 -10.125269 209.8 16.8766242975 499.65 0
2042 3 5.7529006 -5.580626 301.6 123.5807467 500.63 0
2042 4 12.858828 0.97549266 391.2 47.550702 502.09 0
2042 5 19.157398 5.585625 461.6 42.4827875 502.63 0
2042 6 26.012964 11.913964 512.7 69.342255 502.08 0
2042 7 28.143353 15.849648 503.7 151.278233 500.56 0
2042 8 27.699282 13.268049 439.3 45.264681 497.97 0
2042 9 22.507149 9.322383 346.6 82.489614 496.97 0
2042 10 15.79431 4.232482 255.1 113.2520861 496.83 0
2042 11 5.5612407 -3.4435818 163.1 107.897208 498.26 0
2042 12 2.890709 -6.1294694 125 44.6655812 499.47 0
2043 1 -0.007395098 -11.543835 143.5 90.6472674 503.53 0
2043 2 3.864049 -7.874743 209.8 122.965195975 504.45 0
2043 3 7.207349 -4.8760133 301.6 72.9693686 505.43 0
2043 4 12.226777 0.19610617 391.2 68.193705 506.89 0
2043 5 19.261568 4.233385 461.6 58.0287481 507.43 0
2043 6 27.243763 12.795862 512.7 103.53414 506.88 0
2043 7 28.56849 14.921426 503.7 135.264346 505.36 0
2043 8 27.35319 13.494256 439.3 92.1213763 502.77 0
2043 9 21.09259 8.363075 346.6 106.368792 501.77 0
2043 10 17.470596 3.4076715 255.1 59.7046019 501.63 0
2043 11 9.7023115 0.70327044 163.1 128.123559 503.06 0
2043 12 4.4693184 -4.783018 125 111.2185202 504.27 0
2044 1 -2.1117518 -14.011976 143.5 96.058119 508.43 0
2044 2 0.9919396 -11.9217615 209.8 76.75321035 509.35 0
2044 3 7.313657 -4.203735 301.6 76.1895432 510.33 0
2044 4 12.030773 0.13865373 391.2 71.566866 511.79 0
2044 5 20.525864 6.8454146 461.6 110.8203748 512.33 0
2044 6 21.694702 12.066932 512.7 195.62259 511.78 0
2044 7 27.269756 14.404993 503.7 105.4859227 510.26 0
2044 8 26.806854 11.87537 439.3 110.656546 507.67 0
2044 9 22.048183 8.2566 346.6 57.9048 506.67 0
2044 10 13.789094 2.8888183 255.1 90.844973 506.53 0
2044 11 8.980679 0.20697248 163.1 132.74976 507.96 0
2044 12 3.4081755 -5.4104953 125 139.9761414 509.17 0
2045 1 -0.12146615 -10.973962 143.5 107.5550053 513.46 0
2045 2 1.1270328 -11.073881 209.8 31.75349155 514.38 0
2045 3 6.1572566 -6.0375795 301.6 120.0872916 515.36 0
2045 4 12.107727 1.3237194 391.2 135.160875 516.82 0
2045 5 16.983358 5.2051563 461.6 166.597441 517.36 0
2045 6 22.976637 11.571371 512.7 143.12385 516.81 0
2045 7 27.823505 15.990448 503.7 127.1058063 515.29 0
2045 8 27.217724 13.798163 439.3 81.5674542 512.7 0
2045 9 21.688677 7.9722896 346.6 52.669647 511.7 0
2045 10 17.296085 3.5855916 255.1 37.4410901 511.56 0
2045 11 5.8019695 -3.624357 163.1 79.711746 512.99 0
2045 12 1.4816996 -8.429076 125 52.9756024 514.2 0
2046 1 -3.2113006 -14.091814 143.5 93.8939687 518.61 0
2046 2 4.128583 -6.940829 209.8 98.60161345 519.53 0
2046 3 6.09157 -6.708675 301.6 103.7095824 520.51 0
2046 4 11.464347 0.7901908 391.2 157.3338 521.97 0
2046 5 20.085196 6.1355925 461.6 172.102359 522.51 0
2046 6 27.112082 13.435458 512.7 92.020218 521.96 0
2046 7 28.023481 14.099938 503.7 54.837574 520.44 0
2046 8 29.22242 15.163498 439.3 115.879984 517.85 0
2046 9 22.2715 9.457578 346.6 148.259568 516.85 0
2046 10 15.3505945 3.4788144 255.1 95.3727245 516.71 0
2046 11 7.043201 -0.016309377 163.1 245.94471 518.14 0
2046 12 -2.501135 -13.046298 125 143.8343208 519.35 0
2047 1 -5.2068357 -17.915802 143.5 170.0376784 523.9 0
2047 2 3.302631 -8.854091 209.8 111.002733475 524.82 0
2047 3 6.588729 -6.05186 301.6 89.257866 525.8 0
2047 4 14.438538 2.9167008 391.2 159.702945 527.26 0
2047 5 19.530005 5.647776 461.6 106.4645028 527.8 0
2047 6 22.629557 11.728876 512.7 211.580328 527.25 0
2047 7 30.244713 15.216959 503.7 88.3792795 525.73 0
2047 8 27.828226 13.741329 439.3 65.398282 523.14 0
2047 9 22.892048 9.725305 346.6 82.422402 522.14 0
2047 10 14.894628 2.4936402 255.1 73.1231596 522 0
2047 11 8.047294 -1.6961638 163.1 76.936269 523.43 0
2047 12 2.6734257 -6.2864146 125 59.8823559 524.64 0
2048 1 0.8840064 -8.786619 143.5 181.4863907 529.32 0
2048 2 -1.5836967 -13.869602 209.8 75.12146775 530.24 0
2048 3 5.5637608 -6.601301 301.6 100.039077 531.22 0
2048 4 14.308709 1.7383689 391.2 32.220504 532.68 0
2048 5 20.980066 5.845746 461.6 64.5513713 533.22 0
2048 6 25.28126 12.795168 512.7 114.295584 532.67 0
2048 7 27.86621 14.360979 503.7 80.0473599 531.15 0
2048 8 28.108286 14.286735 439.3 137.835641 528.56 0
2048 9 20.924707 8.249238 346.6 99.69762 527.56 0
2048 10 15.18632 2.7035086 255.1 36.7015603 527.42 0
2048 11 10.002981 1.3289913 163.1 159.2205 528.85 0
2048 12 5.177467 -4.88735 125 139.8541905 530.06 0
2049 1 -4.122641 -15.582708 143.5 51.2183023 534.88 0
2049 2 2.710533 -8.657524 209.8 108.535926525 535.8 0
2049 3 5.1001496 -7.2003646 301.6 77.3803245 536.78 0
2049 4 14.255346 1.9180081 391.2 98.411886 538.24 0
2049 5 17.64152 4.853513 461.6 187.057224 538.78 0
2049 6 25.169815 11.367006 512.7 78.006807 538.23 0
2049 7 27.15542 15.724458 503.7 146.1382656 536.71 0
2049 8 27.223333 14.18252 439.3 124.439642 534.12 0
2049 9 21.787823 9.114923 346.6 105.822867 533.12 0
2049 10 13.869431 2.096876 255.1 166.403288 532.98 0
2049 11 8.078513 -1.5214988 163.1 140.40474 534.41 0
2049 12 2.5652938 -6.259782 125 184.079767 535.62 0
2050 1 1.6904885 -6.411454 143.5 179.329823 540.54 0
2050 2 4.1398215 -8.053739 209.8 26.9981069 541.46 0
2050 3 6.423783 -5.1503687 301.6 82.4718947 542.44 0
2050 4 14.916084 3.0800073 391.2 55.304775 543.9 0
2050 5 19.75689 4.5989904 461.6 47.5768687 544.44 0
2050 6 26.579216 13.232913 512.7 102.50562 543.89 0
2050 7 29.006695 16.603842 503.7 129.031455 542.37 0
2050 8 27.904144 15.345745 439.3 110.2357272 539.78 0
2050 9 21.489155 9.269325 346.6 78.108351 538.78 0
2050 10 16.173304 2.8045197 255.1 83.6442372 538.64 0
2050 11 7.1541615 -1.7171994 163.1 68.687082 540.07 0
2050 12 0.74637836 -7.783597 125 93.507501 541.28 0
2051 1 -1.2221901 -12.954613 143.5 106.4648345 546.32 0
2051 2 -0.21417867 -12.422832 209.8 67.156981975 547.24 0
2051 3 5.0507407 -7.2392163 301.6 48.9392226 548.22 0
2051 4 14.766687 2.1553817 391.2 52.567563 549.68 0
2051 5 21.914343 7.5490246 461.6 120.4036404 550.22 0
2051 6 25.015364 12.07975 512.7 104.961204 549.67 0
2051 7 28.110638 15.462522 503.7 112.794678 548.15 0
2051 8 27.838858 14.813837 439.3 138.923338 545.56 0
2051 9 21.511261 8.510605 346.6 88.80663 544.56 0
2051 10 17.136219 3.8821964 255.1 81.7476665 544.42 0
2051 11 8.641989 -1.5581053 163.1 69.1437 545.85 0
2051 12 1.7475258 -8.012973 125 37.9620513 547.06 0
2052 1 -4.085165 -14.330894 143.5 84.5656843 552.21 0
2052 2 2.2285733 -9.447159 209.8 227.35365525 553.13 0
2052 3 5.824996 -5.721522 301.6 61.1848736 554.11 0
2052 4 12.510169 -0.54890776 391.2 47.799837 555.57 0
2052 5 21.632462 7.403671 461.6 101.795785 556.11 0
2052 6 25.89693 11.696814 512.7 108.721884 555.56 0
2052 7 28.298065 14.2452965 503.7 60.0894576 554.04 0
2052 8 26.838741 14.540327 439.3 104.1247933 551.45 0
2052 9 21.02434 6.783719 346.6 70.927626 550.45 0
2052 10 16.13076 3.4884694 255.1 108.9455785 550.31 0
2052 11 11.470423 1.0005659 163.1 88.249956 551.74 0
2052 12 5.3105445 -4.8534613 125 87.1449587 552.95 0
2053 1 -2.712903 -16.919939 143.5 122.9444934 558.21 0
2053 2 -1.0415802 -13.808175 209.8 156.303196125 559.13 0
2053 3 7.8266225 -3.628681 301.6 72.8811054 560.11 0
2053 4 13.576752 1.8597516 391.2 94.80669 561.57 0
2053 5 20.331635 5.6235332 461.6 147.723277 562.11 0
2053 6 26.669695 12.568739 512.7 87.05577 561.56 0
2053 7 28.706055 15.594686 503.7 111.022284 560.04 0
2053 8 29.47569 14.646848 439.3 65.8926855 557.45 0
2053 9 22.428045 10.435915 346.6 190.96707 556.45 0
2053 10 15.072029 3.2129622 255.1 65.4733144 556.31 0
2053 11 10.744112 1.8055656 163.1 138.04854 557.74 0
2053 12 1.496273 -7.4494147 125 119.6358944 558.95 0
2054 1 3.2782462 -6.6817474 143.5 99.6804163 564.31 0
2054 2 1.8960421 -10.77403 209.8 22.0265885625 565.23 0
2054 3 9.1093 -2.481679 301.6 88.0244907 566.21 0
2054 4 13.087368 0.89950687 391.2 123.59109 567.67 0
2054 5 20.12806 6.7633085 461.6 178.354873 568.21 0
2054 6 27.420708 12.5322275 512.7 90.439725 567.66 0
2054 7 29.566711 15.671417 503.7 92.600472 566.14 0
2054 8 27.631802 13.56074 439.3 104.0169226 563.55 0
2054 9 22.46353 10.706797 346.6 151.77744 562.55 0
2054 10 16.237278 4.3566566 255.1 92.0095066 562.41 0
2054 11 10.796327 0.56820774 163.1 119.18577 563.84 0
2054 12 -2.3576727 -11.049969 125 193.1314353 565.05 0
2055 1 -3.6176467 -16.931538 143.5 92.2511764 570.52 0
2055 2 1.3257614 -11.125105 209.8 83.341299625 571.44 0
2055 3 7.5603104 -4.263343 301.6 129.6823 572.42 0
2055 4 14.262953 2.7761114 391.2 156.63003 573.88 0
2055 5 20.99859 7.1865964 461.6 86.7327176 574.42 0
2055 6 26.57739 12.088888 512.7 76.530168 573.87 0
2055 7 30.12664 15.6737175 503.7 53.6899106 572.35 0
2055 8 26.66844 15.584989 439.3 173.3384313 569.76 0
2055 9 23.072977 10.690199 346.6 80.895909 568.76 0
2055 10 17.536905 5.468535 255.1 85.1019285 568.62 0
2055 11 6.450266 -2.7639294 163.1 97.513689 570.05 0
2055 12 -2.9355307 -11.693986 125 35.8925068 571.26 0
2056 1 0.77275676 -9.811101 143.5 123.434436 576.84 0
2056 2 3.1697707 -9.300916 209.8 94.596122225 577.76 0
2056 3 7.569792 -4.3174934 301.6 38.9545566 578.74 0
2056 4 13.270736 1.2463765 391.2 95.991798 580.2 0
2056 5 22.425947 6.885871 461.6 52.0425923 580.74 0
2056 6 24.608225 11.6933975 512.7 75.509883 580.19 0
2056 7 29.601723 15.3198185 503.7 118.2936037 578.67 0
2056 8 26.843565 15.994228 439.3 184.5491814 576.08 0
2056 9 22.023079 9.151958 346.6 105.86541 575.08 0
2056 10 14.951332 2.7481427 255.1 104.8879916 574.94 0
2056 11 7.757193 -2.326623 163.1 88.38876 576.37 0
2056 12 3.2276635 -5.445853 125 37.9737662 577.58 0
2057 1 1.1884584 -9.863295 143.5 82.858133 583.3 0
2057 2 -0.18320511 -11.987157 209.8 73.94692315 584.22 0
2057 3 7.349611 -4.2855506 301.6 123.4747236 585.2 0
2057 4 14.059205 2.3461595 391.2 139.59051 586.66 0
2057 5 18.063906 4.188329 461.6 58.1814665 587.2 0
2057 6 24.222004 12.508447 512.7 67.351728 586.65 0
2057 7 28.814772 15.950446 503.7 122.3064018 585.13 0
2057 8 30.74329 15.192347 439.3 73.326966 582.54 0
2057 9 24.837242 11.1305065 346.6 80.644041 581.54 0
2057 10 14.836504 2.90046 255.1 124.2185965 581.4 0
2057 11 7.2399397 -0.11244099 163.1 96.269124 582.83 0
2057 12 2.6386948 -5.3410883 125 80.153476 584.04 0
2058 1 2.7229033 -5.766554 143.5 76.2942302 589.91 0
2058 2 2.3297963 -9.26554 209.8 143.76574725 590.83 0
2058 3 7.972135 -4.1343017 301.6 97.3807805 591.81 0
2058 4 16.30544 3.7998624 391.2 86.88363 593.27 0
2058 5 22.025635 7.867927 461.6 156.357366 593.81 0
2058 6 25.494242 12.359834 512.7 174.621264 593.26 0
2058 7 30.372538 16.510109 503.7 84.7192552 591.74 0
2058 8 28.561796 16.420193 439.3 119.6536853 589.15 0
2058 9 23.872036 9.538505 346.6 46.708911 588.15 0
2058 10 17.338163 3.54365 255.1 33.3291044 588.01 0
2058 11 9.382312 -1.420537 163.1 74.45565 589.44 0
2058 12 3.0163302 -5.920284 125 62.6374933 590.65 0
2059 1 0.89758086 -9.748579 143.5 61.8893455 596.65 0
2059 2 0.4451858 -11.239435 209.8 70.2862599 597.57 0
2059 3 9.551048 -2.716127 301.6 71.778144 598.55 0
2059 4 15.341379 4.2449174 391.2 96.72576 600.01 0
2059 5 22.918785 6.533351 461.6 65.0103511 600.55 0
2059 6 28.589876 14.028202 512.7 117.561858 600 0
2059 7 29.567953 16.961565 503.7 102.3512027 598.48 0
2059 8 28.366686 14.176924 439.3 114.441305 595.89 0
2059 9 21.98187 9.407661 346.6 109.453896 594.89 0
2059 10 15.769507 3.531455 255.1 71.1224382 594.75 0
2059 11 9.574236 0.5601615 163.1 65.217504 596.18 0
2059 12 2.7351213 -8.020781 125 128.832652 597.39 0
2060 1 1.0468895 -8.412663 143.5 116.2988901 603.52 0
2060 2 1.4869419 -9.530798 209.8 129.306247475 604.44 0
2060 3 7.8030195 -4.0071354 301.6 69.6483975 605.42 0
2060 4 15.003762 2.5651615 391.2 49.561416 606.88 0
2060 5 23.093542 7.5553813 461.6 72.75297 607.42 0
2060 6 27.239834 12.869351 512.7 129.16761 606.87 0
2060 7 28.21237 14.2563715 503.7 106.3567065 605.35 0
2060 8 29.022846 13.417153 439.3 64.994538 602.76 0
2060 9 21.760057 9.191881 346.6 92.77851 601.76 0
2060 10 18.009102 5.329091 255.1 42.4852427 601.62 0
2060 11 8.837001 -1.839745 163.1 138.40542 603.05 0
2060 12 3.1733613 -5.058952 125 68.101885 604.26 0
2061 1 -0.09044046 -11.189223 143.5 104.730276 610.52 0
2061 2 1.096526 -11.20802 209.8 80.572771375 611.44 0
2061 3 11.384428 1.1520975 301.6 74.8114878 612.42 0
2061 4 12.675161 -0.37334844 391.2 35.529117 613.88 0
2061 5 17.637964 3.568142 461.6 116.9714103 614.42 0
2061 6 26.804464 13.013762 512.7 67.695693 613.87 0
2061 7 31.595644 17.288359 503.7 107.3954793 612.35 0
2061 8 27.97974 15.356649 439.3 87.0606046 609.76 0
2061 9 22.766842 8.219724 346.6 38.947956 608.76 0
2061 10 15.590384 3.5666745 255.1 83.7242668 608.62 0
2061 11 6.570604 -2.3791282 163.1 86.486706 610.05 0
2061 12 1.6756321 -8.098218 125 94.7711819 611.26 0
2062 1 -3.050519 -13.633505 143.5 112.2104768 617.61 0
2062 2 -0.9286241 -13.357836 209.8 53.514977875 618.53 0
2062 3 7.2519083 -5.231004 301.6 48.2636644 619.51 0
2062 4 13.537411 0.78320515 391.2 35.585601 620.97 0
2062 5 22.57838 9.112108 461.6 74.8179048 621.51 0
2062 6 25.75024 11.4539 512.7 61.490292 620.96 0
2062 7 27.189978 16.419092 503.7 161.2549227 619.44 0
2062 8 30.38246 16.20417 439.3 131.6763254 616.85 0
2062 9 23.478655 10.999291 346.6 98.685729 615.85 0
2062 10 15.588071 3.8593502 255.1 79.4322672 615.71 0
2062 11 7.804819 -0.1766655 163.1 73.506726 617.14 0
2062 12 2.9655967 -6.2267194 125 196.736447 618.35 0
2063 1 -0.60648155 -12.341824 143.5 69.4313076 624.76 0
2063 2 3.288978 -8.4221115 209.8 89.083744925 625.68 0
2063 3 4.991913 -6.0118527 301.6 150.6943883 626.66 0
2063 4 15.088529 3.231985 391.2 199.100532 628.12 0
2063 5 18.021732 6.572524 461.6 273.498647 628.66 0
2063 6 27.786312 13.182544 512.7 39.236565 628.11 0
2063 7 28.572899 15.043405 503.7 143.741668 626.59 0
2063 8 27.347816 13.013669 439.3 99.6433558 624 0
2063 9 22.843271 9.690664 346.6 65.08326 623 0
2063 10 19.276503 5.6944985 255.1 59.5219375 622.86 0
2063 11 7.2575727 -1.8486267 163.1 200.50809 624.29 0
2063 12 -1.9169077 -9.9035635 125 76.095111 625.5 0
2064 1 0.6262693 -9.317233 143.5 65.8197983 631.99 0
2064 2 5.1165934 -5.0158296 209.8 105.631250225 632.91 0
2064 3 5.956518 -5.8815517 301.6 84.921338 633.89 0
2064 4 12.47897 0.22042376 391.2 61.526034 635.35 0
2064 5 19.769073 5.13703 461.6 60.3144463 635.89 0
2064 6 26.341867 12.843946 512.7 85.855824 635.34 0
2064 7 31.830122 17.001564 503.7 69.4515444 633.82 0
2064 8 28.77633 13.781612 439.3 72.2367146 631.23 0
2064 9 22.878319 11.493764 346.6 111.278595 630.23 0
2064 10 15.37707 6.0562325 255.1 164.6421935 630.09 0
2064 11 11.735257 2.020095 163.1 161.960019 631.52 0
2064 12 3.6766798 -5.2385874 125 255.581825 632.73 0
2065 1 -0.25719893 -11.026737 143.5 64.7778232 639.29 0
2065 2 -0.21390392 -12.473443 209.8 25.90646475 640.21 0
2065 3 7.6069427 -3.6894073 301.6 85.6894684 641.19 0
2065 4 12.364898 0.39371243 391.2 97.580658 642.65 0
2065 5 21.540442 7.926995 461.6 138.0835356 643.19 0
2065 6 27.142517 13.022352 512.7 120.332595 642.64 0
2065 7 30.136099 16.611416 503.7 79.1741302 641.12 0
2065 8 29.26943 15.279376 439.3 88.3461839 638.53 0
2065 9 25.063099 10.026319 346.6 42.220161 637.53 0
2065 10 15.948619 5.805269 255.1 104.5490345 637.39 0
2065 11 7.2953157 -2.1191826 163.1 72.68082 638.82 0
2065 12 6.389961 -3.6514213 125 218.7703015 640.03 0
2066 1 -0.040795997 -9.92727 143.5 37.1690062 646.65 0
2066 2 -0.3577235 -12.041003 209.8 94.688414975 647.57 0
2066 3 8.1923275 -1.9169581 301.6 67.6321296 648.55 0
2066 4 14.726468 2.9527762 391.2 84.371745 650.01 0
2066 5 22.373384 6.3030667 461.6 45.2545936 650.55 0
2066 6 28.094585 13.433542 512.7 90.21051 650 0
2066 7 30.750982 16.081007 503.7 69.9672945 648.48 0
2066 8 27.697489 15.754401 439.3 108.321037 645.89 0
2066 9 22.087831 10.404236 346.6 127.62468 644.89 0
2066 10 19.212055 7.3900476 255.1 59.8993687 644.75 0
2066 11 8.481934 -1.1244128 163.1 113.635005 646.18 0
2066 12 4.2552752 -3.4429936 125 156.4949564 647.39 0
2067 1 -2.348935 -13.9870825 143.5 72.565451 654.1 0
2067 2 3.1049857 -7.4921 209.8 98.3149381 655.02 0
2067 3 6.741235 -3.7502913 301.6 107.1522471 656 0
2067 4 15.763243 3.7154527 391.2 60.4263 657.46 0
2067 5 23.575706 9.616566 461.6 60.2716384 658 0
2067 6 27.152653 15.201438 512.7 146.359161 657.45 0
2067 7 29.57128 16.12239 503.7 129.204001 655.93 0
2067 8 30.085764 15.129508 439.3 128.8633203 653.34 0
2067 9 22.538164 8.590679 346.6 53.384322 652.34 0
2067 10 19.341187 6.744313 255.1 49.894872 652.2 0
2067 11 10.866474 1.583106 163.1 111.663402 653.63 0
2067 12 6.497529 -3.3748367 125 291.305202 654.84 0
2068 1 -3.0193474 -13.732142 143.5 124.7710723 661.64 0
2068 2 -1.5267348 -13.742918 209.8 179.489349725 662.56 0
2068 3 7.0655785 -5.1319137 301.6 40.5682027 663.54 0
2068 4 17.095537 4.570416 391.2 104.063922 665 0
2068 5 22.199924 7.795125 461.6 101.579777 665.54 0
2068 6 26.544853 13.18222 512.7 153.968025 664.99 0
2068 7 30.434519 17.080797 503.7 93.475106 663.47 0
2068 8 30.622274 16.356264 439.3 92.3093355 660.88 0
2068 9 24.59327 11.348802 346.6 78.869691 659.88 0
2068 10 16.464285 5.17094 255.1 110.4727904 659.74 0
2068 11 10.071092 2.1718118 163.1 86.503428 661.17 0
2068 12 5.0175076 -3.026027 125 96.7787171 662.38 0
2069 1 1.6553017 -6.7671847 143.5 146.9468975 669.3 0
2069 2 -1.1850166 -13.194635 209.8 100.59349835 670.22 0
2069 3 6.824433 -4.3244395 301.6 103.2547876 671.2 0
2069 4 14.331194 2.9657292 391.2 101.386734 672.66 0
2069 5 21.923046 6.2067637 461.6 36.0602168 673.2 0
2069 6 27.63879 13.050809 512.7 49.329111 672.65 0
2069 7 30.510887 17.448948 503.7 98.258065 671.13 0
2069 8 31.390741 18.635738 439.3 134.777615 668.54 0
2069 9 22.476458 9.526191 346.6 55.623819 667.54 0
2069 10 16.99931 5.9269233 255.1 163.5906797 667.4 0
2069 11 8.566366 0.6340679 163.1 95.39385 668.83 0
2069 12 1.9869794 -5.8436856 125 38.8055582 670.04 0
2070 1 1.3122607 -9.042537 143.5 68.5321898 677.08 0
2070 2 1.9940956 -9.126733 209.8 78.62143935 678 0
2070 3 6.604866 -4.959849 301.6 79.269015 678.98 0
2070 4 11.376215 0.34885445 391.2 81.692769 680.44 0
2070 5 18.84032 6.5031276 461.6 91.6415676 680.98 0
2070 6 25.747622 11.990852 512.7 157.25676 680.43 0
2070 7 29.722904 18.115162 503.7 197.9622955 678.91 0
2070 8 29.198809 15.316515 439.3 93.7273902 676.32 0
2070 9 22.036354 8.758061 346.6 98.867376 675.32 0
2070 10 16.505442 3.8514216 255.1 37.2793414 675.18 0
2070 11 7.8158197 -0.13821009 163.1 108.27735 676.61 0
2070 12 3.729505 -5.727864 125 124.1735845 677.82 0
2071 1 0.8286418 -9.881028 143.5 159.1294263 684.95 0
2071 2 -2.000511 -14.261351 209.8 87.84689495 685.87 0
2071 3 6.8141527 -3.64874 301.6 113.2260647 686.85 0
2071 4 14.195626 1.4579664 391.2 90.180186 688.31 0
2071 5 22.718237 8.070425 461.6 85.5254629 688.85 0
2071 6 28.423101 13.270564 512.7 65.26563 688.3 0
2071 7 29.232504 14.583705 503.7 57.3094303 686.78 0
2071 8 27.222137 14.045589 439.3 113.470571 684.19 0
2071 9 22.183771 10.255195 346.6 92.901522 683.19 0
2071 10 16.711643 5.43243 255.1 131.2402143 683.05 0
2071 11 11.681912 3.982403 163.1 127.34775 684.48 0
2071 12 5.190807 -2.8201497 125 253.630034 685.69 0
2072 1 2.70737 -7.508468 143.5 87.0700782 692.9 0
2072 2 -0.5281684 -11.980816 209.8 132.728896 693.82 0
2072 3 7.624757 -2.5764427 301.6 143.0983715 694.8 0
2072 4 14.935125 2.781606 391.2 73.918641 696.26 0
2072 5 18.492739 5.785752 461.6 132.7236883 696.8 0
2072 6 26.659729 13.617776 512.7 86.675655 696.25 0
2072 7 29.13613 16.032402 503.7 153.9042864 694.73 0
2072 8 29.588854 15.451299 439.3 66.012981 692.14 0
2072 9 21.933308 9.766091 346.6 126.68208 691.14 0
2072 10 19.062487 7.0647783 255.1 79.6164134 691 0
2072 11 14.634452 4.202359 163.1 75.904785 692.43 0
2072 12 5.3601933 -3.4205801 125 145.352118 693.64 0
2073 1 2.3684647 -8.523696 143.5 65.5564347 700.89 0
2073 2 -0.1046006 -10.89894 209.8 79.2554089 701.81 0
2073 3 5.8503437 -5.9972525 301.6 37.5812101 702.79 0
2073 4 12.833708 1.0202376 391.2 47.028015 704.25 0
2073 5 18.704895 6.614433 461.6 156.1346 704.79 0
2073 6 28.35444 13.500696 512.7 56.443776 704.24 0
2073 7 31.00668 16.862692 503.7 52.4144001 702.72 0
2073 8 29.460348 16.03968 439.3 95.8016746 700.13 0
2073 9 23.538445 10.955559 346.6 72.394866 699.13 0
2073 10 17.600664 6.5202684 255.1 110.75494 698.99 0
2073 11 8.397265 1.5225703 163.1 152.80053 700.42 0
2073 12 3.8232493 -3.5837154 125 50.786835 701.63 0
2074 1 1.3753198 -9.466528 143.5 92.6776868 708.93 0
2074 2 0.7656932 -9.62649 209.8 151.466705725 709.85 0
2074 3 5.74933 -7.0010695 301.6 108.4047742 710.83 0
2074 4 16.005356 4.382139 391.2 75.95541 712.29 0
2074 5 23.117859 8.434696 461.6 62.404426 712.83 0
2074 6 27.936989 12.437942 512.7 70.541424 712.28 0
2074 7 30.784071 15.63803 503.7 106.560981 710.76 0
2074 8 29.969624 16.73551 439.3 60.5376525 708.17 0
2074 9 25.31442 12.418376 346.6 106.961739 707.17 0
2074 10 17.702637 4.057469 255.1 33.2041961 707.03 0
2074 11 9.783616 0.7869646 163.1 122.371458 708.46 0
2074 12 4.858518 -3.978854 125 213.108353 709.67 0
2075 1 2.259378 -8.079427 143.5 143.926893 717.02 0
2075 2 3.9584842 -4.4938655 209.8 110.26128115 717.94 0
2075 3 6.776286 -4.4728703 301.6 101.376417 718.92 0
2075 4 16.440182 3.3188763 391.2 31.690464 720.38 0
2075 5 21.54868 7.245341 461.6 86.426853 720.92 0
2075 6 27.52301 14.897771 512.7 114.536406 720.37 0
2075 7 30.906195 16.451052 503.7 84.6855365 718.85 0
2075 8 31.18069 17.014652 439.3 82.1737057 716.26 0
2075 9 26.958527 13.415401 346.6 92.062455 715.26 0
2075 10 18.003056 4.97983 255.1 117.4238336 715.12 0
2075 11 9.496735 2.4826703 163.1 213.113622 716.55 0
2075 12 3.791527 -3.292007 125 53.1570361 717.76 0
2076 1 2.931406 -7.148101 143.5 105.8597889 725.14 0
2076 2 1.0378712 -9.988726 209.8 71.222699375 726.06 0
2076 3 5.1784115 -6.7531233 301.6 82.3060044 727.04 0
2076 4 16.074272 4.0154767 391.2 65.993565 728.5 0
2076 5 22.995636 8.694782 461.6 66.2369653 729.04 0
2076 6 27.594069 14.63457 512.7 102.834249 728.49 0
2076 7 31.964102 16.8789 503.7 70.3801556 726.97 0
2076 8 29.405418 15.628309 439.3 69.0826847 724.38 0
2076 9 25.275482 11.23483 346.6 46.019571 723.38 0
2076 10 17.502317 5.063122 255.1 109.58128 723.24 0
2076 11 7.6573377 -1.8219544 163.1 90.062307 724.67 0
2076 12 3.7214596 -4.076463 125 84.47624 725.88 0
2077 1 -0.04159389 -9.295701 143.5 73.5704338 733.31 0
2077 2 3.9873626 -7.060635 209.8 178.6912505 734.23 0
2077 3 6.3755293 -5.157853 301.6 105.0660432 735.21 0
2077 4 15.469694 2.9677699 391.2 112.900851 736.67 0
2077 5 23.784454 7.771869 461.6 59.4108924 737.21 0
2077 6 29.037155 14.898534 512.7 77.137536 736.66 0
2077 7 30.748978 16.09166 503.7 61.8191739 735.14 0
2077 8 30.537817 16.814354 439.3 98.6830626 732.55 0
2077 9 22.775257 8.529768 346.6 80.264598 731.55 0
2077 10 17.91769 4.9834037 255.1 82.557836 731.41 0
2077 11 7.1022463 -1.842654 163.1 92.292582 732.84 0
2077 12 -0.6189818 -7.9574785 125 144.116303 734.05 0
2078 1 0.124400504 -11.01446 143.5 100.480703 741.52 0
2078 2 3.2649615 -8.529302 209.8 69.207395225 742.44 0
2078 3 9.371501 -1.4099733 301.6 86.3392005 743.42 0
2078 4 16.913452 5.2895126 391.2 81.923418 744.88 0
2078 5 18.77221 6.3091507 461.6 208.83987 745.42 0
2078 6 26.217352 14.208331 512.7 158.41206 744.87 0
2078 7 29.199177 16.876453 503.7 161.752761 743.35 0
2078 8 29.310991 16.292023 439.3 189.738135 740.76 0
2078 9 24.738617 11.04619 346.6 103.897776 739.76 0
2078 10 16.147228 4.282238 255.1 98.0962698 739.62 0
2078 11 9.615727 0.6933431 163.1 255.91398 741.05 0
2078 12 -0.30841997 -7.439467 125 172.597057 742.26 0
2079 1 2.0555882 -6.4676633 143.5 195.4466145 749.8 0
2079 2 5.97166 -5.8220086 209.8 96.262553 750.72 0
2079 3 9.905782 0.4893292 301.6 156.3789203 751.7 0
2079 4 15.275607 2.834018 391.2 131.41077 753.16 0
2079 5 25.856262 10.927149 461.6 56.5997659 753.7 0
2079 6 26.330416 12.536206 512.7 97.230534 753.15 0
2079 7 32.584595 17.405 503.7 87.7634118 751.63 0
2079 8 29.34767 16.075094 439.3 106.0070978 749.04 0
2079 9 23.3615 9.77402 346.6 92.545116 748.04 0
2079 10 17.525251 4.9172106 255.1 82.2367132 747.9 0
2079 11 13.217888 2.6076546 163.1 136.650525 749.33 0
2079 12 4.45039 -3.3335092 125 34.556196 750.54 0
2080 1 2.3147223 -6.3696647 143.5 183.602615 758.18 0
2080 2 2.3315578 -9.883069 209.8 19.980434 759.1 0
2080 3 8.203289 -3.713087 301.6 82.1475355 760.08 0
2080 4 16.860394 4.872349 391.2 59.93754 761.54 0
2080 5 22.003136 8.326201 461.6 49.3357064 762.08 0
2080 6 28.884789 14.446006 512.7 114.371739 761.53 0
2080 7 31.56067 18.492294 503.7 106.112287 760.01 0
2080 8 30.220053 16.307114 439.3 49.6488808 757.42 0
2080 9 24.185593 11.451487 346.6 126.39198 756.42 0
2080 10 19.19103 5.7334557 255.1 74.0155907 756.28 0
2080 11 10.33691 2.0171576 163.1 162.216225 757.71 0
2080 12 3.2293274 -4.6102285 125 72.4776094 758.92 0
2081 1 -2.846256 -14.472516 143.5 89.1632912 766.64 0
2081 2 2.9128854 -9.3669405 209.8 127.62036375 767.56 0
2081 3 8.15602 -3.6735718 301.6 157.286529 768.54 0
2081 4 16.501919 4.271926 391.2 63.67953 770 0
2081 5 25.354734 10.047137 461.6 80.1560149 770.54 0
2081 6 30.670685 14.716487 512.7 67.649382 769.99 0
2081 7 31.369637 16.69354 503.7 94.05338 768.47 0
2081 8 29.376415 16.252888 439.3 109.4429332 765.88 0
2081 9 26.756788 11.520817 346.6 78.206979 764.88 0
2081 10 19.739508 7.059399 255.1 54.7617666 764.74 0
2081 11 7.2734475 -1.6314884 163.1 125.58603 766.17 0
2081 12 4.0691314 -3.690921 125 53.0845271 767.38 0
2082 1 0.9017271 -8.703384 143.5 105.7047021 775.17 0
2082 2 7.750664 -2.363304 209.8 183.63977475 776.09 0
2082 3 10.41248 0.3540112 301.6 103.4130643 777.07 0
2082 4 16.631552 4.5013113 391.2 207.971808 778.53 0
2082 5 21.22135 7.9987693 461.6 132.431132 779.07 0
2082 6 27.759235 14.371555 512.7 89.38116 778.52 0
2082 7 30.536154 17.84939 503.7 84.340274 777 0
2082 8 29.612772 16.058323 439.3 112.7170757 774.41 0
2082 9 23.983229 10.900348 346.6 171.47847 773.41 0
2082 10 17.62149 6.1969533 255.1 72.7818744 773.27 0
2082 11 8.986183 -0.6796264 163.1 72.585189 774.7 0
2082 12 2.4166362 -5.4069943 125 30.8273393 775.91 0
2083 1 2.1223257 -7.830786 143.5 93.951142 783.75 0
2083 2 1.0177695 -11.122241 209.8 45.979527675 784.67 0
2083 3 6.9311624 -4.4261174 301.6 73.6258804 785.65 0
2083 4 15.3272295 2.7881951 391.2 152.024931 787.11 0
2083 5 21.740618 9.249936 461.6 147.4818986 787.65 0
2083 6 28.267475 14.333199 512.7 51.404025 787.1 0
2083 7 31.693808 17.735743 503.7 112.0823538 785.58 0
2083 8 31.123814 17.392899 439.3 100.2881961 782.99 0
2083 9 23.501905 10.255195 346.6 117.536667 781.99 0
2083 10 16.782944 5.3898005 255.1 114.185865 781.85 0
2083 11 7.62759 -1.3157337 163.1 186.43767 783.28 0
2083 12 5.192512 -3.6574135 125 217.2091787 784.49 0
2084 1 0.5664447 -11.597367 143.5 82.634468 792.37 0
2084 2 1.7498482 -10.037899 209.8 46.462625275 793.29 0
2084 3 8.684221 -3.8760595 301.6 59.9324488 794.27 0
2084 4 19.010576 5.850181 391.2 54.54039 795.73 0
2084 5 22.333672 7.1273403 461.6 53.3956276 796.27 0
2084 6 28.542135 14.470153 512.7 117.663954 795.72 0
2084 7 31.95087 17.672617 503.7 114.169001 794.2 0
2084 8 30.404959 16.283873 439.3 83.8634444 791.61 0
2084 9 25.760609 11.099596 346.6 44.022696 790.61 0
2084 10 17.207277 6.341798 255.1 101.8662294 790.47 0
2084 11 7.562798 -1.700469 163.1 80.018784 791.9 0
2084 12 4.319292 -4.43663 125 210.161307 793.11 0
2085 1 2.0074093 -9.663281 143.5 114.9041784 801.02 0
2085 2 1.4861448 -9.875954 209.8 52.877742625 801.94 0
2085 3 10.205519 -0.48233804 301.6 111.8394285 802.92 0
2085 4 16.345558 4.102384 391.2 127.12452 804.38 0
2085 5 23.171328 7.703195 461.6 50.1709456 804.92 0
2085 6 31.105404 14.352666 512.7 34.533048 804.37 0
2085 7 30.663677 17.270184 503.7 99.5011247 802.85 0
2085 8 31.026413 17.37226 439.3 91.7733207 800.26 0
2085 9 22.76131 8.742361 346.6 127.029132 799.26 0
2085 10 16.70954 5.24354 255.1 62.5637474 799.12 0
2085 11 8.526425 1.2185997 163.1 101.34321 800.55 0
2085 12 3.1979535 -6.974691 125 315.195135 801.76 0
2086 1 0.1424775 -11.687518 143.5 122.8377232 809.71 0
2086 2 0.65828454 -9.946909 209.8 75.31248295 810.63 0
2086 3 9.051342 -3.3468912 301.6 28.70575603 811.61 0
2086 4 14.610077 3.366518 391.2 167.15946 813.07 0
2086 5 24.049793 8.886666 461.6 68.1704074 813.61 0
2086 6 28.06794 14.35641 512.7 136.808238 813.06 0
2086 7 31.53006 18.057766 503.7 146.6755576 811.54 0
2086 8 30.599142 17.052383 439.3 129.9957813 808.95 0
2086 9 24.742226 11.86836 346.6 78.99039 807.95 0
2086 10 19.56965 6.060286 255.1 44.5809326 807.81 0
2086 11 10.692341 -0.12970766 163.1 83.078499 809.24 0
2086 12 3.086955 -5.683044 125 113.6663205 810.45 0
2087 1 3.2891564 -4.5068364 143.5 155.247256 818.42 0
2087 2 2.2861063 -8.808251 209.8 122.550231725 819.34 0
2087 3 10.468299 0.33440793 301.6 152.4528633 820.32 0
2087 4 14.695555 1.9925538 391.2 53.462628 821.78 0
2087 5 25.09584 7.8135915 461.6 22.081827 822.32 0
2087 6 28.001839 14.7400875 512.7 167.706915 821.77 0
2087 7 31.03762 16.950514 503.7 96.3316661 820.25 0
2087 8 30.807535 17.677794 439.3 149.3507367 817.66 0
2087 9 27.646667 14.723862 346.6 129.14973 816.66 0
2087 10 19.47386 7.705404 255.1 91.3229589 816.52 0
2087 11 7.9856777 -1.3677083 163.1 68.685564 817.95 0
2087 12 -1.3183463 -10.243126 125 68.3583976 819.16 0
2088 1 0.3360825 -8.211478 143.5 82.6083257 827.16 0
2088 2 1.6333971 -9.193801 209.8 97.1876049 828.08 0
2088 3 7.110306 -4.88814 301.6 153.9988333 829.06 0
2088 4 13.970909 2.5761728 391.2 102.50661 830.52 0
2088 5 23.658947 11.003961 461.6 135.7043507 831.06 0
2088 6 28.110302 13.651975 512.7 102.57621 830.51 0
2088 7 30.997772 16.777054 503.7 97.7815268 828.99 0
2088 8 30.333107 17.891212 439.3 133.6482385 826.4 0
2088 9 25.210205 11.05436 346.6 45.575223 825.4 0
2088 10 18.36475 6.336681 255.1 123.952942 825.26 0
2088 11 8.049397 0.29435012 163.1 100.026306 826.69 0
2088 12 -1.5504645 -10.820879 125 52.6449936 827.9 0
2089 1 2.7436128 -7.793815 143.5 92.0465206 835.96 0
2089 2 4.209522 -7.3051953 209.8 52.38020645 836.88 0
2089 3 9.327301 -2.7908955 301.6 70.4936342 837.86 0
2089 4 15.544869 3.2703295 391.2 54.221865 839.32 0
2089 5 22.33913 7.6252165 461.6 58.5129557 839.86 0
2089 6 26.618221 13.373645 512.7 60.234582 839.31 0
2089 7 33.972168 18.77441 503.7 48.5118814 837.79 0
2089 8 30.00554 17.246405 439.3 147.450756 835.2 0
2089 9 24.476055 11.479532 346.6 67.56264 834.2 0
2089 10 19.1845 6.6801014 255.1 102.3120838 834.06 0
2089 11 11.750703 2.515172 163.1 81.32979 835.49 0
2089 12 3.1173048 -5.240126 125 96.1250883 836.7 0
2090 1 5.3134937 -1.2890954 143.5 186.219077 844.8 0
2090 2 4.8804927 -5.4634027 209.8 114.15336275 845.72 0
2090 3 7.9290404 -2.8485224 301.6 109.5795192 846.7 0
2090 4 14.14939 3.6921153 391.2 88.974489 848.16 0
2090 5 23.929918 8.234113 461.6 25.01595375 848.7 0
2090 6 29.176876 13.748583 512.7 82.298076 848.15 0
2090 7 31.032026 18.175362 503.7 108.732934 846.63 0
2090 8 30.85449 17.201883 439.3 104.6049337 844.04 0
2090 9 24.18231 11.859504 346.6 160.437468 843.04 0
2090 10 20.801058 8.768982 255.1 101.6935036 842.9 0
2090 11 13.273872 2.5413842 163.1 100.307838 844.33 0
2090 12 2.6826227 -4.768506 125 53.6781306 845.54 0
2091 1 1.2428099 -7.993576 143.5 283.990039 853.73 0
2091 2 6.221016 -4.6910806 209.8 184.00465175 854.65 0
2091 3 7.37682 -3.588779 301.6 93.7135456 855.63 0
2091 4 16.175314 4.4487033 391.2 86.61486 857.09 0
2091 5 25.31438 9.846334 461.6 49.3899719 857.63 0
2091 6 30.402588 14.342755 512.7 131.834379 857.08 0
2091 7 31.975014 18.101961 503.7 63.3844848 855.56 0
2091 8 30.34709 16.657568 439.3 109.8205535 852.97 0
2091 9 24.34456 11.515553 346.6 82.79745 851.97 0
2091 10 21.088026 7.5536838 255.1 54.8096337 851.83 0
2091 11 9.062207 0.18489206 163.1 91.604511 853.26 0
2091 12 4.278765 -4.140468 125 238.207906 854.47 0
2092 1 0.28960523 -9.787789 143.5 58.2717819 862.73 0
2092 2 1.4586968 -9.20155 209.8 113.339771225 863.65 0
2092 3 5.7042503 -6.3257127 301.6 59.3686301 864.63 0
2092 4 14.597591 2.587986 391.2 188.32923 866.09 0
2092 5 23.936401 9.796059 461.6 86.7795338 866.63 0
2092 6 25.980618 12.001778 512.7 91.69515 866.08 0
2092 7 31.885033 19.243177 503.7 137.5653985 864.56 0
2092 8 32.216557 17.41073 439.3 72.1093542 861.97 0
2092 9 23.872513 11.149196 346.6 138.63282 860.97 0
2092 10 16.801302 5.302447 255.1 142.8604713 860.83 0
2092 11 8.481562 -0.5933818 163.1 122.470521 862.26 0
2092 12 5.55454 -3.1394389 125 38.2329045 863.47 0
2093 1 2.4224303 -8.085963 143.5 62.1289941 871.78 0
2093 2 1.8354576 -9.373577 209.8 110.1003748 872.7 0
2093 3 8.322098 -2.9558935 301.6 114.2720574 873.68 0
2093 4 16.625284 3.684125 391.2 31.234725 875.14 0
2093 5 22.993237 7.3262386 461.6 42.1348776 875.68 0
2093 6 29.431944 14.801454 512.7 154.199382 875.13 0
2093 7 34.06906 18.651173 503.7 46.4524274 873.61 0
2093 8 32.43396 17.967365 439.3 59.1780049 871.02 0
2093 9 23.898523 12.345488 346.6 133.89078 870.02 0
2093 10 21.250134 8.258055 255.1 88.8247712 869.88 0
2093 11 12.9010725 3.347034 163.1 146.82759 871.31 0
2093 12 3.4690504 -6.3108945 125 52.0433766 872.52 0
2094 1 1.3594236 -10.42714 143.5 169.0523155 880.86 0
2094 2 2.1509423 -9.628674 209.8 120.357331125 881.78 0
2094 3 6.75327 -5.0153275 301.6 115.657931 882.76 0
2094 4 16.515736 3.9917982 391.2 66.432546 884.22 0
2094 5 23.68629 11.189544 461.6 177.408598 884.76 0
2094 6 28.860144 13.561664 512.7 50.449878 884.21 0
2094 7 33.51055 18.214043 503.7 97.6624713 882.69 0
2094 8 30.674625 17.619099 439.3 121.7200399 880.1 0
2094 9 27.314528 13.808202 346.6 71.984325 879.1 0
2094 10 18.351633 6.912904 255.1 123.2054545 878.96 0
2094 11 14.241679 4.6031413 163.1 185.429979 880.39 0
2094 12 1.9551657 -8.346401 125 196.8186156 881.6 0
2095 1 0.9243191 -9.14992 143.5 92.766105 889.98 0
2095 2 5.881466 -5.214233 209.8 114.349446 890.9 0
2095 3 8.650222 -1.5318396 301.6 116.215528 891.88 0
2095 4 16.260374 3.1082356 391.2 106.549194 893.34 0
2095 5 24.038126 9.305471 461.6 81.779705 893.88 0
2095 6 28.385937 14.297639 512.7 106.48029 893.33 0
2095 7 32.276123 17.956762 503.7 97.424041 891.81 0
2095 8 31.643578 17.822607 439.3 134.3365904 889.22 0
2095 9 24.737097 11.670656 346.6 73.753689 888.22 0
2095 10 21.070692 8.607016 255.1 50.5053519 888.08 0
2095 11 9.722101 0.7427881 163.1 123.55473 889.51 0
2095 12 1.8557856 -5.9700174 125 171.659617 890.72 0
2096 1 -0.12180541 -10.702572 143.5 138.466894 899.12 0
2096 2 1.5014983 -9.132674 209.8 86.723745575 900.04 0
2096 3 6.314511 -4.0524006 301.6 144.8979835 901.02 0
2096 4 15.617134 3.6943421 391.2 98.904375 902.48 0
2096 5 26.512825 12.111663 461.6 82.3753018 903.02 0
2096 6 29.13314 14.419349 512.7 99.287802 902.47 0
2096 7 31.267967 18.733402 503.7 90.0062928 900.95 0
2096 8 31.42852 17.392786 439.3 91.5277325 898.36 0
2096 9 25.316282 12.090458 346.6 131.635638 897.36 0
2096 10 17.852907 6.406496 255.1 112.5571064 897.22 0
2096 11 11.378521 2.0195138 163.1 226.68087 898.65 0
2096 12 4.102441 -3.9238243 125 61.0048628 899.86 0
2097 1 1.2974374 -9.208953 143.5 97.5872746 908.29 0
2097 2 4.761259 -6.4226084 209.8 48.411321575 909.21 0
2097 3 6.6529016 -5.0759816 301.6 65.2508615 910.19 0
2097 4 14.767819 1.7942921 391.2 45.285753 911.65 0
2097 5 21.886911 8.820776 461.6 74.1474616 912.19 0
2097 6 30.126522 14.387317 512.7 72.38619 911.64 0
2097 7 32.23372 19.14713 503.7 114.3423313 910.12 0
2097 8 31.173706 17.377415 439.3 87.621376 907.53 0
2097 9 25.419868 13.17351 346.6 83.994984 906.53 0
2097 10 20.110338 8.154735 255.1 99.639146 906.39 0
2097 11 13.297213 3.9783177 163.1 72.673602 907.82 0
2097 12 4.109752 -4.0475383 125 213.8483106 909.03 0
2098 1 -3.1427057 -14.659637 143.5 130.819473 917.47 0
2098 2 6.538856 -2.9443333 209.8 141.988757275 918.39 0
2098 3 7.712071 -3.5749252 301.6 41.5802597 919.37 0
2098 4 13.574497 1.1905129 391.2 159.519438 920.83 0
2098 5 24.350256 9.523737 461.6 167.3164395 921.37 0
2098 6 25.522743 12.260217 512.7 101.64243 920.82 0
2098 7 30.75585 17.52024 503.7 126.293721 919.3 0
2098 8 30.831831 17.266172 439.3 84.8830747 916.71 0
2098 9 24.46944 10.246773 346.6 68.913996 915.71 0
2098 10 18.805069 8.087891 255.1 164.9403143 915.57 0
2098 11 12.416367 1.9634268 163.1 59.271759 917 0
2098 12 4.588395 -3.905458 125 152.0450893 918.21 0
2099 1 3.452489 -5.6193757 143.5 109.0841082 926.67 0
2099 2 3.9247947 -6.220385 209.8 65.0786549 927.59 0
2099 3 7.773613 -3.5669677 301.6 69.9187206 928.57 0
2099 4 18.096214 5.126827 391.2 90.523788 930.03 0
2099 5 24.977415 9.046641 461.6 56.0057718 930.57 0
2099 6 28.032394 13.27988 512.7 69.69879 930.02 0
2099 7 33.66014 18.65191 503.7 77.2666878 928.5 0
2099 8 31.42397 17.308685 439.3 100.0424777 925.91 0
2099 9 26.239134 13.389885 346.6 87.626811 924.91 0
2099 10 19.103863 8.031587 255.1 99.6857576 924.77 0
2099 11 14.865011 3.9314053 163.1 112.417338 926.2 0
2099 12 5.149223 -3.0962982 125 125.04098 927.41 0
2100-2200 1 3.452489 -5.6193757 143.5 109.0841082 926.67 0
2100-2200 2 3.9247947 -6.220385 209.8 65.0786549 927.59 0
2100-2200 3 7.773613 -3.5669677 301.6 69.9187206 928.57 0
2100-2200 4 18.096214 5.126827 391.2 90.523788 930.03 0
2100-2200 5 24.977415 9.046641 461.6 56.0057718 930.57 0
2100-2200 6 28.032394 13.27988 512.7 69.69879 930.02 0
2100-2200 7 33.66014 18.65191 503.7 77.2666878 928.5 0
2100-2200 8 31.42397 17.308685 439.3 100.0424777 925.91 0
2100-2200 9 26.239134 13.389885 346.6 87.626811 924.91 0
2100-2200 10 19.103863 8.031587 255.1 99.6857576 924.77 0
2100-2200 11 14.865011 3.9314053 163.1 112.417338 926.2 0
2100-2200 12 5.149223 -3.0962982 125 125.04098 927.41 0
