Year Month Tmax Tmin PAR Prec CO2 O3
1200-1980 1 -6.2960909962018 -17.8378362559614 143.5 75.1472501670476 390 0
1200-1980 2 -3.99386302384423 -16.5087891095732 209.8 64.3230553998291 390 0
1200-1980 3 1.26780993104644 -10.8653639015785 301.6 75.7486609415672 390 0
1200-1980 4 8.38824935702822 -2.82070769874359 391.2 86.5193023131215 390 0
1200-1980 5 16.3063222521697 3.51239080484877 461.6 99.3467622622627 390 0
1200-1980 6 21.3429814463007 8.89587797152157 512.7 118.553888351624 390 0
1200-1980 7 23.8651980262405 11.8324159815844 503.7 114.803375069656 390 0
1200-1980 8 23.0962722806667 10.7126898120538 439.3 112.21895244013 390 0
1200-1980 9 18.4642534802057 6.28990752131689 346.6 101.76211629504 390 0
1200-1980 10 11.0789705867485 0.701257167048496 255.1 109.278920614274 390 0
1200-1980 11 3.71199395212813 -4.85582137078398 163.1 98.8005748461941 390 0
1200-1980 12 -3.08465227930456 -12.67558091623 125 91.4622460322697 390 0
1981 1 -9.32396266477519 -22.3962946546272 143.5 31.9609381358047 390 0
1981 2 1.50381216582411 -9.77668511749546 209.8 102.207670990873 390 0
1981 3 2.02768804795997 -8.58669045947115 301.6 47.2843737265026 390 0
1981 4 9.26557771325268 -2.0512280370311 391.2 72.6628306922854 390 0
1981 5 17.6179582681674 4.21076933207042 461.6 99.8175216278998 390 0
1981 6 21.4825471375273 8.93634191128622 512.7 121.527747500271 390 0
1981 7 24.2832291930433 11.6037500879194 503.7 111.012528893895 390 0
1981 8 22.8116618609338 9.79048294265988 439.3 171.324639357282 390 0
1981 9 16.9398144162418 5.92868667469972 346.6 162.757512965476 390 0
1981 10 9.43965527489605 -0.640059400187666 255.1 157.354047503547 390 0
1981 11 3.4323578205662 -4.2561535864523 163.1 69.3173456286863 390 0
1981 12 -2.51911158178681 -9.99631911402689 125 104.012315533482 390 0
1982 1 -10.3672933679789 -23.3991967979806 143.5 80.0413187305971 390 0
1982 2 -5.40769111401793 -18.2356484507538 209.8 64.3994150377386 390 0
1982 3 0.867216582071646 -12.3680572007831 301.6 68.4910695515269 390 0
1982 4 6.37670601561465 -5.08309865668178 391.2 80.1444106360271 390 0
1982 5 17.813728269246 3.00902268167378 461.6 31.0754051433461 390 0
1982 6 19.9154333012381 7.61764874605293 512.7 122.830579733282 390 0
1982 7 24.3595602278514 10.4961971397309 503.7 63.2411421092554 390 0
1982 8 20.7557036881659 8.21668097776197 439.3 118.465105464324 390 0
1982 9 18.149489628638 6.79907255385502 346.6 92.9173106369951 390 0
1982 10 12.4158324710768 0.196196196858496 255.1 38.8033024291715 390 0
1982 11 5.4757607229714 -3.94709106815833 163.1 127.092160409053 390 0
1982 12 -0.239668269566481 -10.6174593506016 125 56.7645348350989 390 0
1983 1 -4.43739503717547 -15.237700939393 143.5 89.3315866266315 390 0
1983 2 -2.54150407394083 -15.0746930845848 209.8 64.6815400796027 390 0
1983 3 2.11041294188334 -7.49557383570842 301.6 112.583687994529 390 0
1983 4 8.28690478301177 -1.27524608585728 391.2 161.240395590721 390 0
1983 5 13.5984327871584 3.46403893050181 461.6 143.073634715788 390 0
1983 6 23.1512018217671 8.54280382832503 512.7 55.2637426574043 390 0
1983 7 24.3824570592939 11.5263846152436 503.7 115.926059687259 390 0
1983 8 23.7144682783928 10.952750850616 439.3 99.1665069714249 390 0
1983 9 20.409675822147 6.89426669594971 346.6 78.6613731446909 390 0
1983 10 11.5249962557793 0.362865131148474 255.1 73.2941512009086 390 0
1983 11 3.29426088407872 -3.84608079129169 163.1 206.46548954356 390 0
1983 12 -4.64425478838681 -14.7523638319256 125 144.637336928234 390 0
1984 1 -7.38516005828836 -19.919051196028 143.5 42.1102839202193 390 0
1984 2 0.260586697666634 -10.7504164869424 209.8 84.9476398943969 390 0
1984 3 -2.06674197920579 -14.3013338753965 301.6 98.8876123195188 390 0
1984 4 9.3512014854714 -2.60999484828293 391.2 72.251246340445 390 0
1984 5 14.6645676286097 2.57481014773351 461.6 182.884121391875 390 0
1984 6 21.0724685828156 8.33858695046276 512.7 148.068361677569 390 0
1984 7 23.7526290796151 12.1639918611779 503.7 138.386138798362 390 0
1984 8 24.3684621940426 12.3098766932346 439.3 65.5562584041968 390 0
1984 9 17.3647655994994 4.0761758378235 346.6 44.2912525665625 390 0
1984 10 13.1337311416885 0.263272114986735 255.1 60.7966674594478 390 0
1984 11 4.39205477010873 -5.22577829326587 163.1 78.0065587715927 390 0
1984 12 -1.81232214779298 -11.670169512325 125 82.9248596448879 390 0
1985 1 -9.16415780374998 -20.1048429016148 143.5 28.0490870842177 390 0
1985 2 -3.10867388584162 -14.9938926102027 209.8 75.402300172675 390 0
1985 3 0.968449033611527 -11.454679856835 301.6 64.3795367285098 390 0
1985 4 7.6366086107683 -4.6489034529518 391.2 47.0228114965588 390 0
1985 5 16.2740670252864 2.19179755013158 461.6 82.7552275594428 390 0
1985 6 19.1350723402697 8.02348220756223 512.7 107.484078377088 390 0
1985 7 24.4991346685997 11.3519564393606 503.7 141.224462035634 390 0
1985 8 22.49730997138 9.40973044634811 439.3 83.9875926295307 390 0
1985 9 18.9776229006642 6.28629853155162 346.6 95.7594625877348 390 0
1985 10 11.8421286579232 0.637175171658571 255.1 67.5105153303826 390 0
1985 11 2.60091836653334 -5.57325668545403 163.1 99.4447584274381 390 0
1985 12 -5.45428220722311 -16.6419544136854 125 54.0532716654438 390 0
1986 1 -4.70004139449962 -17.0469625030408 143.5 143.328143511371 390 0
1986 2 -4.86522275452694 -17.8095021028698 209.8 34.5079382949237 390 0
1986 3 1.87502870985427 -11.1683562628237 301.6 76.3163229632461 390 0
1986 4 11.4957894398794 -0.854364118900962 391.2 53.9572633548039 390 0
1986 5 17.3360646401102 4.06304347209833 461.6 106.008911323757 390 0
1986 6 19.6797142067359 6.21434255923776 512.7 92.7302297269015 390 0
1986 7 21.9130566684837 10.700231895616 503.7 115.067943676374 390 0
1986 8 21.2326995758785 10.1291153015876 439.3 157.120023165377 390 0
1986 9 16.1031832306229 4.18196326923411 346.6 107.052287577126 390 0
1986 10 10.3454364930048 0.144916127738169 255.1 47.7153168170741 390 0
1986 11 1.48857306509947 -7.63225545308595 163.1 89.1874098081622 390 0
1986 12 -2.80384582220687 -13.7330657332648 125 65.2585842758422 390 0
1987 1 -6.32447335272485 -18.2903866621048 143.5 79.776307889979 390 0
1987 2 -5.87651295964224 -17.6876807190358 209.8 12.8197845938054 390 0
1987 3 3.29361175780315 -9.42223308111252 301.6 59.4270632360082 390 0
1987 4 11.9550150711941 -0.776268406851171 391.2 106.728661605546 390 0
1987 5 16.7472184680344 2.75424309887704 461.6 76.7405503687864 390 0
1987 6 21.1535361049828 9.46539448942952 512.7 123.227299618653 390 0
1987 7 24.0183275952079 11.9086181964139 503.7 94.4666845204691 390 0
1987 8 22.2708086263316 8.62436148573387 439.3 58.2146703777568 390 0
1987 9 17.3639908894817 6.52866382866713 346.6 131.660881881786 390 0
1987 10 11.4213869682117 0.135387010851365 255.1 100.864209650415 390 0
1987 11 2.8352838420333 -6.38182390248099 163.1 62.3986103963266 390 0
1987 12 -2.95162323057295 -10.7351904028714 125 81.9218660286549 390 0
1988 1 -5.40478779587428 -18.0374521838135 143.5 58.0643003786841 390 0
1988 2 -3.57385098917822 -17.7222742329297 209.8 65.4867873588542 390 0
1988 3 1.03210236706181 -12.1923839050867 301.6 30.9015826405778 390 0
1988 4 8.00724672699488 -1.75740861726052 391.2 83.670963558489 390 0
1988 5 17.9305858220195 4.45531739779201 461.6 56.1943749154042 390 0
1988 6 21.0708076206988 7.17384356499571 512.7 76.2143485974201 390 0
1988 7 24.668156471107 12.9672223295753 503.7 111.882420872269 390 0
1988 8 23.2154838536443 12.0341249935491 439.3 173.666513571532 390 0
1988 9 16.9767823331644 5.3646526427884 346.6 58.3985980539051 390 0
1988 10 8.43839900690193 -0.168235703060401 255.1 94.7112807106729 390 0
1988 11 4.22589707314678 -3.76077864942937 163.1 131.766626685588 390 0
1988 12 -4.67005199506368 -16.1668787268935 125 37.5669716934591 390 0
1989 1 -4.07180624589714 -17.5009727346429 143.5 51.9969870031903 390 0
1989 2 -5.14449820901532 -18.7477996016729 209.8 47.684991906605 390 0
1989 3 0.058578937851328 -14.8413301451646 301.6 59.1675193655814 390 0
1989 4 6.50277913094094 -3.65736481557006 391.2 72.4248225710616 390 0
1989 5 18.1837902456536 5.7817680061133 461.6 159.531433585155 390 0
1989 6 21.1347054196386 9.12987321630351 512.7 106.302979573751 390 0
1989 7 24.5679247202812 10.0596097242381 503.7 72.5650792648236 390 0
1989 8 22.3561357421544 10.325458458207 439.3 137.651807592704 390 0
1989 9 18.8062295037308 6.26640307529423 346.6 108.635736047605 390 0
1989 10 11.9015052893875 0.33786250276137 255.1 70.8269044595307 390 0
1989 11 2.22698704759651 -6.95843520442097 163.1 115.444998175262 390 0
1989 12 -11.3866488045243 -23.0491185865712 125 48.5666117461396 390 0
1990 1 -1.86163945050029 -13.0764027947519 143.5 108.382106703575 390 0
1990 2 -3.69122891568261 -17.760988983539 209.8 57.2760363325577 390 0
1990 3 2.06797742610002 -11.5686157571058 301.6 47.0042900565547 390 0
1990 4 8.40828716761981 -2.25128996645294 391.2 77.1277730945942 390 0
1990 5 14.9021268515808 2.30628266938035 461.6 111.982161157221 390 0
1990 6 21.5890196245362 9.4342968082666 512.7 130.188188647667 390 0
1990 7 23.955988369201 11.5962780095635 503.7 95.0031198093654 390 0
1990 8 24.2725567272433 11.5059473530323 439.3 148.637878876778 390 0
1990 9 17.4110491521956 5.96113100767761 346.6 93.9306269084651 390 0
1990 10 11.3790979407355 2.35799298216772 255.1 210.724310818533 390 0
1990 11 3.28853613157798 -4.22757377547245 163.1 103.090660776133 390 0
1990 12 -0.83493131124028 -11.7023281533922 125 129.196461152797 390 0
1991 1 -7.22021475990347 -19.6828207038489 143.5 66.3506072429564 390 0
1991 2 -2.27929640925727 -16.0045865806105 209.8 33.4803949205201 390 0
1991 3 1.81286772641287 -9.07829120162709 301.6 113.764767860446 390 0
1991 4 9.77063919023747 -2.51636531921864 391.2 85.7776520729393 390 0
1991 5 18.1205651229511 3.61630628871637 461.6 97.3886683738534 390 0
1991 6 22.193569185691 8.51406797189004 512.7 71.455301255188 390 0
1991 7 24.0850621333144 10.6710821674128 503.7 56.9758279493545 390 0
1991 8 23.5326612396588 11.6113898851684 439.3 199.024031111869 390 0
1991 9 16.6034213535694 4.07051433905117 346.6 106.263737399474 390 0
1991 10 11.7404254858612 1.17823740733746 255.1 123.571444227436 390 0
1991 11 3.46399516113463 -4.30871421242221 163.1 73.1268828156706 390 0
1991 12 -4.48505551551355 -15.3535133081341 125 63.9775911239858 390 0
1992 1 -6.59360088531104 -18.1293673776805 143.5 89.055635434844 390 0
1992 2 -5.05231936072454 -17.5649816771987 209.8 69.4456554102167 390 0
1992 3 -1.10245165234243 -14.0515201260124 301.6 93.5244777267897 390 0
1992 4 6.84765640237234 -4.15509656754726 391.2 56.335389700042 390 0
1992 5 18.0721407589983 2.16359443052997 461.6 31.8217636022776 390 0
1992 6 20.9687835622427 8.42599716892908 512.7 125.112137492568 390 0
1992 7 21.1350337973253 8.96886708597681 503.7 125.013886379489 390 0
1992 8 21.844241367589 10.9111546160657 439.3 107.474913581574 390 0
1992 9 18.9334022814359 6.11246281484605 346.6 79.6167481110872 390 0
1992 10 8.89328179180777 -0.758767584473221 255.1 85.7353053346888 390 0
1992 11 2.40353729266031 -6.29604721014425 163.1 75.9324487801543 390 0
1992 12 -2.60636314041547 -11.7116845207768 125 44.8027068861691 390 0
1993 1 -5.65224046578133 -17.231470741507 143.5 61.0709924500674 390 0
1993 2 -9.20037395248102 -24.0701088811489 209.8 77.187173498645 390 0
1993 3 1.57112281924045 -13.8291553209092 301.6 69.8153273540116 390 0
1993 4 8.99489278819344 -2.70029110644929 391.2 126.470870817421 390 0
1993 5 16.5138589660653 3.19788474640064 461.6 70.8498789401029 390 0
1993 6 21.1018635501632 7.87090618754441 512.7 115.775368542695 390 0
1993 7 23.5905014485221 11.339540886886 503.7 90.2562985607787 390 0
1993 8 24.3664261703853 11.1044688181588 439.3 91.8061523074471 390 0
1993 9 17.8374514763578 5.50326329684052 346.6 123.990005889585 390 0
1993 10 8.49289385210069 -1.8720859108343 255.1 100.365970667082 390 0
1993 11 3.41953354045257 -6.28626343991184 163.1 89.2365965191878 390 0
1993 12 -2.99406128923593 -12.6469501773256 125 104.771343337512 390 0
1994 1 -11.2504158400091 -24.7364040510822 143.5 109.855833592432 390 0
1994 2 -6.98889829642513 -20.9686658318182 209.8 39.8502328271531 390 0
1994 3 0.36621421045404 -10.3769635616974 301.6 86.4281438419814 390 0
1994 4 7.21984197814988 -3.63025653875448 391.2 107.897189083508 390 0
1994 5 14.423966596789 1.85312106041576 461.6 105.548165259313 390 0
1994 6 22.9497689979103 9.99496589600945 512.7 125.912576122387 390 0
1994 7 25.09416999543 13.2973879503801 503.7 126.853343354673 390 0
1994 8 22.1805967463137 9.30148635080384 439.3 74.0132158216666 390 0
1994 9 16.6876817785062 5.67357896255515 346.6 102.088593476224 390 0
1994 10 12.4439474451861 0.538981481664212 255.1 30.848720936975 390 0
1994 11 5.97484211522069 -4.43398533014833 163.1 97.114383796386 390 0
1994 12 -1.37389967005242 -11.784589913047 125 60.8496542684285 390 0
1995 1 -4.03480215255574 -13.4495172349788 143.5 107.584170767387 390 0
1995 2 -6.41597558148804 -19.8835705044693 209.8 62.0512802862179 390 0
1995 3 2.03105909947749 -9.53117893863496 301.6 58.6784464096976 390 0
1995 4 5.74773026116844 -5.56781497198175 391.2 50.1852683093067 390 0
1995 5 15.3590886803854 2.58911179335193 461.6 100.795648834714 390 0
1995 6 23.682244529316 8.75505958621024 512.7 52.5430769242583 390 0
1995 7 25.2337402895381 12.8791300337005 503.7 116.310746976458 390 0
1995 8 24.2988473961576 10.2086335635284 439.3 74.3847651761019 390 0
1995 9 17.2893516755393 2.83701538047497 346.6 66.6614698579295 390 0
1995 10 13.7744991521053 2.39597942091183 255.1 184.404482157405 390 0
1995 11 1.63920804974448 -6.89075694978831 163.1 147.342209720527 390 0
1995 12 -5.90963090051016 -15.5490318881263 125 76.9359372111759 390 0
1996 1 -6.19619840716276 -18.904758958357 143.5 124.37734925606 390 0
1996 2 -5.28138102908512 -16.7402399019785 209.8 94.9198969728612 390 0
1996 3 0.126344105986856 -11.7392366679654 301.6 43.9906856936609 390 0
1996 4 7.24240794200352 -2.45834565219724 391.2 124.175109189531 390 0
1996 5 14.3450959593936 1.8802396161605 461.6 127.056400455175 390 0
1996 6 21.7136019418895 9.35519902955345 512.7 124.29893874454 390 0
1996 7 22.3527737480301 12.1319189323993 503.7 194.482171661948 390 0
1996 8 23.2165536689265 10.3478031507167 439.3 56.2323181305042 390 0
1996 9 18.0809757697709 6.95401808434315 346.6 111.245067855671 390 0
1996 10 10.2391527010577 -0.260012716063252 255.1 104.22024063839 390 0
1996 11 1.95369419337854 -6.68669630278353 163.1 47.7328596216946 390 0
1996 12 -0.405417231065198 -7.56620088627842 125 138.188023999173 390 0
1997 1 -7.03866324561416 -18.3451864533462 143.5 101.733300262453 390 0
1997 2 -3.52899762008774 -17.2075292462603 209.8 68.3518514544016 390 0
1997 3 -1.19733703510826 -13.6487353537294 301.6 76.8500788411002 390 0
1997 4 6.48106636232027 -4.41455116084793 391.2 62.3302073518756 390 0
1997 5 12.1696889002904 1.67793697433035 461.6 111.127640989904 390 0
1997 6 22.0597289266665 7.96784974253264 512.7 89.4617529855889 390 0
1997 7 23.7420252014426 11.1447782380807 503.7 100.084127803907 390 0
1997 8 21.8910006602868 9.5511510385848 439.3 143.09632534374 390 0
1997 9 17.1044345459834 6.30301330615621 346.6 74.8708912433326 390 0
1997 10 10.2439028869083 -0.443251511652042 255.1 39.4199393299578 390 0
1997 11 2.27144374384071 -6.3536014169332 163.1 99.4385550154732 390 0
1997 12 -3.23102109999271 -13.546415761102 125 69.8364497607662 390 0
1998 1 -5.11178566936236 -15.3645987883178 143.5 130.370946110758 390 0
1998 2 -0.428071769764538 -13.4715776555304 209.8 78.1230583269903 390 0
1998 3 2.31516150190178 -9.08227256109529 301.6 90.665425330954 390 0
1998 4 9.51410013939716 -2.28406516199898 391.2 73.9755471174325 390 0
1998 5 19.7934036733606 6.15532351270714 461.6 75.1733743088153 390 0
1998 6 20.1061770873629 9.79911936710479 512.7 201.531766073823 390 0
1998 7 23.8628222589957 11.8106965366529 503.7 155.564762065223 390 0
1998 8 23.6735941780449 10.1478029801372 439.3 90.7144581991439 390 0
1998 9 18.1913644380435 7.00036695947553 346.6 89.0807106160993 390 0
1998 10 10.3290582328085 1.82666964372231 255.1 104.903478228666 390 0
1998 11 2.2254824427424 -4.06791216651697 163.1 69.9474509326368 390 0
1998 12 0.216214005469491 -10.3301786582465 125 50.208660162221 390 0
1999 1 -5.60372982305666 -19.1435102169979 143.5 134.155642020713 390 0
1999 2 -1.7674593518627 -15.5612179215454 209.8 46.0769255555232 390 0
1999 3 2.25747594696623 -7.34441417788529 301.6 118.411347315041 390 0
1999 4 7.94935101937057 -2.67891369607708 391.2 24.4266535909003 390 0
1999 5 19.6025238661566 4.94725762574239 461.6 72.7501962053286 390 0
1999 6 24.3317264923956 10.6660430061718 512.7 109.566443114342 390 0
1999 7 24.6772748009623 12.7310242898068 503.7 105.607223599522 390 0
1999 8 22.7609019572093 10.3065843824451 439.3 86.2787482102954 390 0
1999 9 21.6831123963364 9.39361460581585 346.6 220.615145758397 390 0
1999 10 9.64786181650064 -1.01779042239299 255.1 115.638160160697 390 0
1999 11 5.7996330535844 -3.26322202924608 163.1 83.4948566134421 390 0
1999 12 -2.01368925826933 -9.9889429738272 125 64.6839478695689 390 0
2000 1 -7.0343371297539 -18.1464433582969 143.5 88.5674893875381 390 0
2000 2 -3.16632312710439 -16.9533862559835 209.8 78.8186614261821 390 0
2000 3 4.30248616873082 -7.45223623498608 301.6 77.0234059469413 390 0
2000 4 7.04509602654987 -2.35485535596302 391.2 146.364070104676 390 0
2000 5 14.6326685705242 3.06626113790087 461.6 127.161891121472 390 0
2000 6 20.5203728319076 8.04807355419928 512.7 71.2964766105202 390 0
2000 7 21.9211918365623 10.5694081399678 503.7 103.897714032983 390 0
2000 8 21.9866980779549 10.5188751764972 439.3 80.8166106319697 390 0
2000 9 17.6892470335269 5.64736779740266 346.6 68.2861302105067 390 0
2000 10 11.27438638439 0.183717247867799 255.1 82.7931597203047 390 0
2000 11 3.47890416506307 -2.70554218208793 163.1 72.5928504292332 390 0
2000 12 -5.60104719895324 -15.3072361715617 125 116.338310081166 390 0
2001 1 -5.71542310220404 -18.2321952789912 143.5 32.8907237076752 390 0
2001 2 -4.61275738567101 -17.840035943743 209.8 71.2864466541249 390 0
2001 3 -0.533479375198273 -12.9587522208363 301.6 86.7722206748124 390 0
2001 4 7.72727354564928 -4.33604013761277 391.2 23.26937244679 390 0
2001 5 19.4717116483522 4.15368905387711 461.6 55.0173215450722 390 0
2001 6 22.107344063522 9.88603591999409 512.7 98.4034645683891 390 0
2001 7 22.6959823422125 11.0944056030774 503.7 118.183673956382 390 0
2001 8 25.4303919512356 11.0876357826509 439.3 53.1689275257907 390 0
2001 9 19.7297710168463 6.96362017542872 346.6 103.031727989997 390 0
2001 10 13.3011797272317 1.28711742446404 255.1 56.7758652982301 390 0
2001 11 5.47125393808289 -2.62757120154413 163.1 54.556524971784 390 0
2001 12 0.560634409288347 -7.34530261068231 125 48.825755055982 390 0
2002 1 -3.30813220510224 -12.7043411869958 143.5 61.6729418390699 390 0
2002 2 -2.79932434568081 -14.7922184803676 209.8 76.6219241654362 390 0
2002 3 0.473798817997594 -10.7426088724352 301.6 79.9722138081602 390 0
2002 4 7.88323836531579 -2.04240991365203 391.2 105.332696743295 390 0
2002 5 14.2702510727167 2.05356429744859 461.6 92.753790216618 390 0
2002 6 20.0668890870724 7.59031467939896 512.7 124.478000040473 390 0
2002 7 23.4602947561312 11.6561966630428 503.7 114.609742645623 390 0
2002 8 25.1045895306528 11.1649085696316 439.3 29.0511058709255 390 0
2002 9 21.2027379950978 7.49312010609051 346.6 106.78582590987 390 0
2002 10 8.85678882397268 -0.866367898389539 255.1 75.8037554862883 390 0
2002 11 1.44491180160366 -6.68688846939569 163.1 88.5532772093007 390 0
2002 12 -3.38351664598619 -13.2703679827083 125 59.359316502553 390 0
2003 1 -9.48469706445585 -20.4391764158718 143.5 35.8863591280195 390 0
2003 2 -7.20056680374549 -19.838168784815 209.8 58.9065479418365 390 0
2003 3 0.529602695557586 -13.367493230084 301.6 74.0632552779485 390 0
2003 4 6.44856899071784 -5.6486835136522 391.2 46.8398664399179 390 0
2003 5 14.9748808304526 3.02778153371303 461.6 87.275905623165 390 0
2003 6 22.0582991130812 8.79317010382711 512.7 89.3921524967302 390 0
2003 7 23.3178061090015 12.2197249736822 503.7 118.981561720098 390 0
2003 8 23.4007798092213 12.6542766460072 439.3 97.7804735880599 390 0
2003 9 20.2300892504056 7.25392906477814 346.6 99.8345352344903 390 0
2003 10 10.5796136024199 0.516698113494257 255.1 192.168578295428 390 0
2003 11 4.76267633247491 -4.53900661825417 163.1 111.125783838711 390 0
2003 12 -2.30606402977565 -12.3904564063031 125 178.806675443178 390 0
2004 1 -11.6252285039076 -21.5806789491183 143.5 25.2527227550758 390 0
2004 2 -3.8311048495639 -16.9859872529327 209.8 35.3726522564495 390 0
2004 3 2.27085862021662 -9.68766222984709 301.6 37.1865579212561 390 0
2004 4 8.36982084217028 -2.78431684775671 391.2 77.9159293317882 390 0
2004 5 16.6455268722799 4.02901082430575 461.6 92.89226102293 390 0
2004 6 19.7679699612196 6.86607571142487 512.7 78.5684638885354 390 0
2004 7 22.6960348140448 11.8786454068364 503.7 133.76972182694 390 0
2004 8 22.7398893170581 11.5085816186595 439.3 175.38468824272 390 0
2004 9 19.1301796346995 5.86994728554696 346.6 77.090951451381 390 0
2004 10 12.0417885620697 0.182338224836851 255.1 60.5172705539348 390 0
2004 11 3.29245081403134 -5.48579545393496 163.1 99.4037258362566 390 0
2004 12 -4.29148783851187 -15.082163792622 125 112.113658650201 390 0
2005 1 -7.35459338849783 -19.7075143735148 143.5 56.541051320103 390 0
2005 2 -2.22027199076897 -15.651759570366 209.8 61.7452926783563 390 0
2005 3 0.0533499489111029 -12.2479997141104 301.6 91.9826920719887 390 0
2005 4 9.05950831006308 -1.91585503543922 391.2 170.803315579009 390 0
2005 5 12.6244972897659 2.880893908667 461.6 127.701001242893 390 0
2005 6 23.3650207824047 10.8155272038572 512.7 105.35196886613 390 0
2005 7 24.884808770143 11.9529625605889 503.7 115.793976641988 390 0
2005 8 23.8198013316914 11.1828874783733 439.3 100.503653446448 390 0
2005 9 19.7894858419294 7.71205099492374 346.6 145.139126427172 390 0
2005 10 11.4191446812041 3.17190540256908 255.1 259.430349658742 390 0
2005 11 4.07489912431172 -4.26900059477344 163.1 148.710853121806 390 0
2005 12 -3.47348133182428 -12.2611160142808 125 135.108875004161 390 0
2006 1 -2.37313003706047 -12.5857729739133 143.5 108.113972307429 390 0
2006 2 -4.72088770253896 -14.3926313759755 209.8 63.3728908359635 390 0
2006 3 0.958673939914073 -8.97710703722932 301.6 32.1404069448854 390 0
2006 4 10.3295755708461 -1.7899380542353 391.2 60.1857623964474 390 0
2006 5 16.3742484396834 5.29007937477626 461.6 148.621877740383 390 0
2006 6 22.2109695571623 11.3049973390207 512.7 168.455518779024 390 0
2006 7 25.3840421710138 13.8134039901314 503.7 128.971273023274 390 0
2006 8 21.3902315347683 9.39766963559854 439.3 118.093176544304 390 0
2006 9 18.3020634187321 6.19641167195038 346.6 73.2140401099636 390 0
2006 10 10.4355933509187 0.839597148525024 255.1 202.079978712574 390 0
2006 11 6.09807162038617 -1.79119008649365 163.1 107.245981043887 390 0
2006 12 -0.0283728885321073 -8.44246123437022 125 75.7311940264404 390 0
2007 1 -5.09820550241887 -15.9008233791668 143.5 64.4409626915663 390 0
2007 2 -7.80428234910644 -20.1271906153038 209.8 56.4571034918523 390 0
2007 3 0.375333004616079 -12.1316871049374 301.6 93.8438431086056 390 0
2007 4 6.29842664306873 -4.14667010268947 391.2 146.582973493226 390 0
2007 5 16.1760205647399 2.89580847749929 461.6 86.9562113499962 390 0
2007 6 21.6980214741356 9.08527136464728 512.7 87.8814072633609 390 0
2007 7 22.833181541031 11.0653533208807 503.7 115.007158002676 390 0
2007 8 22.878354520947 9.68119015459928 439.3 121.387834507248 390 0
2007 9 19.6977806498252 6.37151206748146 346.6 64.020358971949 390 0
2007 10 13.8892365502198 3.15766179691825 255.1 120.183385330917 390 0
2007 11 2.1774975396335 -6.17001290681248 163.1 168.686103399803 390 0
2007 12 -4.94456928174221 -14.615552324612 125 112.476942875964 390 0
2008 1 -3.85714098882048 -15.3695535052716 143.5 68.4163549581008 390 0
2008 2 -3.88111522666888 -16.1084788528706 209.8 125.57220016158 390 0
2008 3 -0.813605332675846 -14.3863139488126 301.6 110.295080391498 390 0
2008 4 10.2740080751813 -2.25608513882731 391.2 101.40375879265 390 0
2008 5 15.379912377149 2.29216552212761 461.6 41.1857831147674 390 0
2008 6 20.698711311187 10.6554419670172 512.7 201.979180924248 390 0
2008 7 24.6352550705858 12.9159813462367 503.7 141.385431502555 390 0
2008 8 22.0996837486775 11.1839011453889 439.3 150.347553446554 390 0
2008 9 18.645898439069 6.4806292883589 346.6 109.476490068015 390 0
2008 10 10.5924221303554 0.272527679540714 255.1 111.158972697593 390 0
2008 11 3.98763807711318 -3.69018692458229 163.1 123.779655622852 390 0
2008 12 -3.19376352703109 -14.8057414324318 125 130.374338280628 390 0
2009 1 -9.70124505738202 -22.6205250775012 143.5 64.5747969932949 390 0
2009 2 -3.49202987673919 -15.9470653614878 209.8 66.4296261581824 390 0
2009 3 1.50556975050696 -12.2839084436549 301.6 55.3930149510119 390 0
2009 4 9.72981825983365 -1.9046134221646 391.2 85.4010735780923 390 0
2009 5 15.786368480032 3.07807676450351 461.6 104.344664884712 390 0
2009 6 19.8950482168473 9.12420295700904 512.7 149.931791814612 390 0
2009 7 21.4765019314598 11.8571564175189 503.7 174.381688616587 390 0
2009 8 23.9012972712283 12.1236838745931 439.3 92.1031689382852 390 0
2009 9 18.6184289304149 4.98046442693392 346.6 51.5446013430642 390 0
2009 10 7.59954033147199 -0.126034926303079 255.1 133.007135853622 390 0
2009 11 7.12602949783086 -2.80426321183217 163.1 117.274712221757 390 0
2009 12 -3.80184792026457 -11.2996824233553 125 104.135351679395 390 0
2010 1 -4.13018105813315 -13.0363637867557 143.5 70.4120123014633 390 0
2010 2 -3.20079720771496 -9.67858650014702 209.8 64.3581419164804 390 0
2010 3 4.86505606309454 -6.45297307051635 301.6 105.576288208815 390 0
2010 4 11.4936150191391 -0.202802328520108 391.2 83.409656536419 390 0
2010 5 18.3258520438603 4.74654873817795 461.6 52.9326889834872 390 0
2010 6 20.7301070573845 9.27331386517988 512.7 150.407900044792 390 0
2010 7 25.3417438654971 14.129263061712 503.7 99.7635873771167 390 0
2010 8 23.6188201694018 10.9346683135335 439.3 81.9164291148552 390 0
2010 9 18.4274502390228 8.51584947275551 346.6 138.336892398903 390 0
2010 10 10.522750338077 1.25079625514567 255.1 162.675620285199 390 0
2010 11 3.81094072278475 -4.53457228475077 163.1 111.698075714023 390 0
2010 12 -2.9836268295666 -10.9518419969431 125 156.140959726727 390 0
2011 1 -6.05931499562109 -15.5006640092324 143.5 47.103621231544 390 0
2011 2 -5.21398205964004 -17.5486076241484 209.8 73.3011503250891 390 0
2011 3 0.543466053204982 -11.3980862851003 301.6 125.269378144334 390 0
2011 4 7.39971490806766 -3.34260307924694 391.2 117.322210120766 390 0
2011 5 15.5714544575899 5.28303882105031 461.6 158.249692486993 390 0
2011 6 20.9212737480332 9.30097813580876 512.7 125.395689865439 390 0
2011 7 24.7659569211412 12.2995184754046 503.7 108.254796888642 390 0
2011 8 22.9335236816561 11.9730192453026 439.3 235.317799539392 390 0
2011 9 19.8570742144762 8.30535941421186 346.6 117.432992035361 390 0
2011 10 11.7556141063987 3.27092764765 255.1 121.178551820217 390 0
2011 11 7.57902896809304 -3.01070670246669 163.1 63.785517746658 390 0
2011 12 -0.491068517179379 -10.0890237210155 125 84.8820180569958 390 0
2012 1 -4.66415488792566 -15.5372097400873 143.5 82.80611569479 390 0
2012 2 -2.51265103551192 -14.582743114753 209.8 43.396258478774 390 0
2012 3 5.2276687904385 -7.01741623875108 301.6 48.6653577574169 390 0
2012 4 9.61859951327942 -1.48582336298702 391.2 104.094673715931 390 0
2012 5 16.9738200058051 6.00621745182076 461.6 114.760008793506 390 0
2012 6 20.8511322375432 9.42127701252118 512.7 183.823007655499 390 0
2012 7 24.9412149792159 12.2633343428471 503.7 67.4530330243 390 0
2012 8 24.9369461580692 12.6492949558127 439.3 119.636167356021 390 0
2012 9 18.9411058351993 6.08756042826611 346.6 113.47404695838 390 0
2012 10 12.6086990601438 2.88137610776058 255.1 177.805253607504 390 0
2012 11 3.55359308195081 -5.72586926969026 163.1 29.9451653338296 390 0
2012 12 -1.86504350710954 -10.2653336848167 125 131.688544375323 390 0
2013 1 -5.62285053315555 -17.2904365178951 143.5 35.5845940749594 390 0
2013 2 -3.75382841687348 -14.3111212924356 209.8 68.121357789493 390 0
2013 3 1.66416803123748 -7.3717418317461 301.6 64.9503369078066 390 0
2013 4 8.08116248408806 -3.50179058487844 391.2 47.4065508805136 390 0
2013 5 17.4325491383929 4.21389131941431 461.6 146.014977770514 390 0
2013 6 20.9352578525753 9.17347100843818 512.7 177.418375420443 390 0
2013 7 25.0236520316528 13.405706670222 503.7 118.134050020424 390 0
2013 8 22.6758642567006 10.6691669127871 439.3 110.901917478472 390 0
2013 9 18.1452531556134 7.5539641422289 346.6 141.984706049111 390 0
2013 10 13.0820788498841 1.90389434537787 255.1 38.91805488951 390 0
2013 11 3.2259054203973 -5.80507286184595 163.1 97.4798809975313 390 0
2013 12 -5.87060585191253 -14.6255345274663 125 93.1150511831465 390 0
2014 1 -5.3560977 -19.537169 143.5 49.1231487 399 0
2014 2 2.6119735 -9.640302 209.8 113.51230245 399.92 0
2014 3 2.6655698 -8.943764 301.6 116.2958304 400.9 0
2014 4 10.323759 -1.3202999 391.2 109.755 402.36 0
2014 5 19.468372 4.8268995 461.6 56.6630121 402.9 0
2014 6 23.17207 9.635042 512.7 61.87404 402.35 0
2014 7 23.1313 10.605152 503.7 144.633166 400.83 0
2014 8 23.33344 9.390101 439.3 46.1780929 398.24 0
2014 9 17.757874 3.3877525 346.6 48.248385 397.24 0
2014 10 13.297719 1.7632437 255.1 67.024511 397.1 0
2014 11 3.710067 -5.7460103 163.1 86.847831 398.53 0
2014 12 -0.39152384 -9.1554165 125 34.4077525 399.74 0
2015 1 -2.9679651 -13.713515 143.5 97.71975 401.63 0
2015 2 -0.04514614 -12.582426 209.8 99.788257525 402.55 0
2015 3 5.4435005 -5.165833 301.6 67.923263 403.53 0
2015 4 9.873087 -1.761275 391.2 76.97532 404.99 0
2015 5 14.025196 3.1138546 461.6 167.8668166 405.53 0
2015 6 23.61028 9.791873 512.7 73.197984 404.98 0
2015 7 25.254726 12.1481085 503.7 168.827891 403.46 0
2015 8 23.120998 10.217011 439.3 117.3092142 400.87 0
2015 9 18.844067 7.1835923 346.6 119.955846 399.87 0
2015 10 10.924079 0.4950229 255.1 129.3057306 399.73 0
2015 11 4.722428 -3.332712 163.1 76.063185 401.16 0
2015 12 -2.8384876 -13.957536 125 75.5888934 402.37 0
2016 1 -6.1954136 -18.082382 143.5 59.1366106 404.33 0
2016 2 -3.6222026 -15.181373 209.8 34.6970907 405.25 0
2016 3 3.7512145 -7.5384183 301.6 62.65038 406.23 0
2016 4 13.498954 0.6664206 391.2 42.488763 407.69 0
2016 5 19.382269 3.8039918 461.6 34.72496 408.23 0
2016 6 25.382528 11.442277 512.7 93.13185 407.68 0
2016 7 25.079403 11.70992 503.7 112.482353 406.16 0
2016 8 21.49312 8.190275 439.3 119.5591756 403.57 0
2016 9 18.465828 7.377102 346.6 101.499201 402.57 0
2016 10 10.13737 0.22478887 255.1 53.6436245 402.43 0
2016 11 7.3519034 -1.379455 163.1 88.659411 403.86 0
2016 12 0.6362637 -7.916241 125 35.9429469 405.07 0
2017 1 -2.3457615 -12.85146 143.5 104.1071946 407.1 0
2017 2 -1.5318577 -14.892261 209.8 68.38269015 408.02 0
2017 3 6.739248 -5.472209 301.6 46.0034544 409 0
2017 4 12.704073 1.347339 391.2 114.303726 410.46 0
2017 5 16.78429 3.067906 461.6 97.8673038 411 0
2017 6 22.709393 9.455555 512.7 95.65179 410.45 0
2017 7 26.669434 13.30371 503.7 112.0428877 408.93 0
2017 8 24.629337 12.141985 439.3 176.295078 406.34 0
2017 9 20.845533 7.47099 346.6 43.890435 405.34 0
2017 10 15.726798 3.1984575 255.1 76.492376 405.2 0
2017 11 6.796864 -2.1770623 163.1 39.322854 406.63 0
2017 12 -0.8556677 -9.413589 125 56.0595475 407.84 0
2018 1 -3.460517 -14.977031 143.5 76.8318632 409.93 0
2018 2 3.515273 -11.121987 209.8 84.6860759 410.85 0
2018 3 4.530274 -6.759263 301.6 65.212592 411.83 0
2018 4 10.39597 -2.4778318 391.2 61.736568 413.29 0
2018 5 15.9551935 4.2560234 461.6 147.6924227 413.83 0
2018 6 24.605442 10.175782 512.7 39.642198 413.28 0
2018 7 25.894236 11.808681 503.7 93.6569241 411.76 0
2018 8 25.748169 11.768201 439.3 45.1314213 409.17 0
2018 9 20.971542 8.314918 346.6 173.54625 408.17 0
2018 10 12.774527 0.32847166 255.1 61.799182 408.03 0
2018 11 4.858328 -4.396059 163.1 67.77498 409.46 0
2018 12 1.8090134 -7.3745685 125 107.9711245 410.67 0
2019 1 -1.1839824 -12.694516 143.5 73.7533586 412.82 0
2019 2 4.106254 -9.380169 209.8 100.9061185 413.74 0
2019 3 2.4451952 -10.035469 301.6 88.6366477 414.72 0
2019 4 11.7569895 -0.35269025 391.2 129.52074 416.18 0
2019 5 19.906563 5.196788 461.6 67.2533344 416.72 0
2019 6 24.59236 11.27698 512.7 77.937198 416.17 0
2019 7 23.148886 10.772094 503.7 87.7290142 414.65 0
2019 8 24.348967 10.251562 439.3 102.7242784 412.06 0
2019 9 21.29862 7.719797 346.6 102.927612 411.06 0
2019 10 14.60339 2.9184737 255.1 167.398233 410.92 0
2019 11 5.9577727 -3.9802635 163.1 41.118594 412.35 0
2019 12 0.2956116 -10.078874 125 117.275821 413.56 0
2020 1 -6.013032 -17.130255 143.5 85.270708 415.78 0
2020 2 -1.6378125 -13.883949 209.8 88.36014095 416.7 0
2020 3 3.166189 -8.510575 301.6 90.0361954 417.68 0
2020 4 12.368387 -0.8858982 391.2 37.538874 419.14 0
2020 5 20.321709 5.2336926 461.6 78.2060746 419.68 0
2020 6 25.77179 12.0274515 512.7 107.967204 419.13 0
2020 7 26.52928 13.274491 503.7 108.6148767 417.61 0
2020 8 23.56966 10.818479 439.3 89.1161154 415.02 0
2020 9 20.271133 7.747326 346.6 234.526935 414.02 0
2020 10 11.102077 -0.3754851 255.1 69.6256404 413.88 0
2020 11 4.3973446 -5.4295793 163.1 104.30202 415.31 0
2020 12 -4.7007113 -15.465425 125 56.2342635 416.52 0
2021 1 -7.8254356 -19.440083 143.5 25.90754723 418.8 0
2021 2 -3.7161021 -16.486467 209.8 111.19598325 419.72 0
2021 3 3.3747082 -9.636785 301.6 44.8940078 420.7 0
2021 4 11.00981 -0.91617227 391.2 91.912479 422.16 0
2021 5 21.28642 6.3167605 461.6 31.5696994 422.7 0
2021 6 23.42602 10.285797 512.7 100.62498 422.15 0
2021 7 25.757664 12.043354 503.7 107.5597483 420.63 0
2021 8 23.912561 11.466924 439.3 108.6361799 418.04 0
2021 9 19.889496 7.971305 346.6 88.835658 417.04 0
2021 10 9.424503 -0.61700267 255.1 76.013209 416.9 0
2021 11 3.668841 -4.026396 163.1 135.791001 418.33 0
2021 12 -5.1545177 -16.307 125 66.9525383 419.54 0
2022 1 -6.7797294 -19.436089 143.5 31.7955468 421.86 0
2022 2 -3.16727 -15.85832 209.8 53.7897967 422.78 0
2022 3 4.498671 -6.367167 301.6 60.3924826 423.76 0
2022 4 12.2991295 0.34327337 391.2 39.820929 425.22 0
2022 5 15.275029 2.9359684 461.6 88.0508562 425.76 0
2022 6 22.098063 8.816825 512.7 116.117748 425.21 0
2022 7 24.686247 11.791236 503.7 131.56834 423.69 0
2022 8 23.631702 9.807418 439.3 69.5193507 421.1 0
2022 9 21.464579 7.392979 346.6 58.26306 420.1 0
2022 10 11.244345 -0.39914384 255.1 112.2508698 419.96 0
2022 11 4.852349 -3.6366873 163.1 79.548384 421.39 0
2022 12 -0.25031114 -9.607357 125 181.5238914 422.6 0
2023 1 -2.7867258 -13.50715 143.5 114.4301636 424.99 0
2023 2 -7.3150997 -20.97321 209.8 39.3172426 425.91 0
2023 3 4.086657 -6.8459115 301.6 62.762538 426.89 0
2023 4 12.151207 0.19424513 391.2 137.423859 428.35 0
2023 5 19.284279 5.088614 461.6 81.7763756 428.89 0
2023 6 23.265774 9.711193 512.7 71.18565 428.34 0
2023 7 23.651407 10.433339 503.7 96.3829618 426.82 0
2023 8 26.029764 12.74549 439.3 61.2378619 424.23 0
2023 9 19.604927 6.9506903 346.6 207.88032 423.23 0
2023 10 11.572332 -0.06872967 255.1 110.0916547 423.09 0
2023 11 2.8219507 -4.14547 163.1 131.29446 424.52 0
2023 12 -1.3744845 -9.435938 125 86.6260373 425.73 0
2024 1 -3.9335852 -16.20354 143.5 94.9514686 428.2 0
2024 2 -0.44249538 -12.901502 209.8 63.9262018 429.12 0
2024 3 2.651051 -7.8077307 301.6 52.4248533 430.1 0
2024 4 9.028 -1.9258904 391.2 70.680192 431.56 0
2024 5 17.793686 3.2103379 461.6 91.1067277 432.1 0
2024 6 20.22201 7.123451 512.7 113.024391 431.55 0
2024 7 25.665617 12.839727 503.7 91.230272 430.03 0
2024 8 23.996946 12.648991 439.3 150.6637603 427.44 0
2024 9 18.846197 7.2875996 346.6 181.15101 426.44 0
2024 10 10.191062 -0.3947703 255.1 64.3612545 426.3 0
2024 11 6.7955585 -1.7000067 163.1 109.311804 427.73 0
2024 12 -4.9014587 -15.652551 125 112.3170858 428.94 0
2025 1 -4.105472 -15.275115 143.5 65.05288 431.47 0
2025 2 0.7795451 -12.056676 209.8 92.8750051 432.39 0
2025 3 2.4857545 -8.917245 301.6 74.046383 433.37 0
2025 4 8.070425 -3.2215824 391.2 133.939161 434.83 0
2025 5 19.800224 4.5781407 461.6 33.31818 435.37 0
2025 6 23.257515 9.563532 512.7 78.689319 434.82 0
2025 7 26.698935 12.629125 503.7 64.6054508 433.3 0
2025 8 23.761976 10.853456 439.3 174.528698 430.71 0
2025 9 16.273895 1.964391 346.6 101.837727 429.71 0
2025 10 10.732439 -0.45996684 255.1 152.897146 429.57 0
2025 11 5.1691346 -4.495422 163.1 128.95353 431 0
2025 12 -4.324803 -14.996571 125 41.4144035 432.21 0
2026 1 -3.6890085 -15.70903 143.5 79.2624089 434.83 0
2026 2 -2.8781264 -16.09775 209.8 77.813006275 435.75 0
2026 3 3.51499 -8.156338 301.6 76.5006964 436.73 0
2026 4 10.300676 -0.08905846 391.2 129.29667 438.19 0
2026 5 19.60751 5.203023 461.6 61.2514678 438.73 0
2026 6 23.0129 9.399319 512.7 55.225662 438.18 0
2026 7 24.399387 11.455183 503.7 133.84343 436.66 0
2026 8 24.918186 11.484609 439.3 58.5781487 434.07 0
2026 9 19.529903 6.1008744 346.6 179.250642 433.07 0
2026 10 9.746353 0.4782482 255.1 99.928004 432.93 0
2026 11 2.2071228 -5.8517003 163.1 81.579594 434.36 0
2026 12 -1.4962195 -10.62131 125 121.1025974 435.57 0
2027 1 -4.611313 -15.477202 143.5 37.6503897 438.24 0
2027 2 -2.7613335 -16.828257 209.8 65.110501125 439.16 0
2027 3 3.0816448 -8.712164 301.6 68.0937413 440.14 0
2027 4 11.956736 -0.25849482 391.2 73.64523 441.6 0
2027 5 17.04637 3.2067635 461.6 63.3512993 442.14 0
2027 6 20.864218 7.540798 512.7 140.016261 441.59 0
2027 7 25.69616 12.588315 503.7 96.4478231 440.07 0
2027 8 25.1298 11.672576 439.3 74.405704 437.48 0
2027 9 19.458216 6.6257076 346.6 117.301992 436.48 0
2027 10 14.139565 2.7709348 255.1 157.7662664 436.34 0
2027 11 4.9177547 -3.5618625 163.1 82.210314 437.77 0
2027 12 -5.8773003 -15.777354 125 106.4059376 438.98 0
2028 1 -5.1019125 -19.63228 143.5 80.889788 441.72 0
2028 2 -1.9005743 -17.330927 209.8 90.22755635 442.64 0
2028 3 2.9052515 -8.816816 301.6 97.431357 443.62 0
2028 4 11.055395 -0.5906051 391.2 146.03226 445.08 0
2028 5 19.74641 6.3650208 461.6 115.8932365 445.62 0
2028 6 25.367558 11.30219 512.7 89.7414 445.07 0
2028 7 26.119942 12.71108 503.7 112.247559 443.55 0
2028 8 24.451897 11.217927 439.3 90.305542 440.96 0
2028 9 18.717361 5.344276 346.6 84.345231 439.96 0
2028 10 13.991094 1.0538744 255.1 55.7451362 439.82 0
2028 11 7.3062334 -1.3986518 163.1 59.801667 441.25 0
2028 12 -1.0698344 -10.849703 125 83.2129807 442.46 0
2029 1 -8.162179 -19.376278 143.5 70.9130363 445.25 0
2029 2 -5.0943904 -18.243145 209.8 96.99968025 446.17 0
2029 3 3.5958095 -8.4906 301.6 64.898965 447.15 0
2029 4 12.083212 -1.0220749 391.2 73.668681 448.61 0
2029 5 19.127253 4.6818237 461.6 72.0406985 449.15 0
2029 6 23.06226 9.72864 512.7 92.837421 448.6 0
2029 7 26.575348 13.583499 503.7 135.389927 447.08 0
2029 8 26.142008 11.94408 439.3 94.532702 444.49 0
2029 9 21.1779 7.1173534 346.6 64.234887 443.49 0
2029 10 15.126017 2.1246293 255.1 45.1935825 443.35 0
2029 11 7.2538095 -0.87722063 163.1 60.663615 444.78 0
2029 12 1.2645717 -8.438809 125 107.197442 445.99 0
2030 1 -3.539454 -13.818732 143.5 44.9267686 448.83 0
2030 2 -0.7793997 -14.610927 209.8 112.4036199 449.75 0
2030 3 2.1882868 -10.546067 301.6 79.0499473 450.73 0
2030 4 12.891689 0.924882 391.2 77.227242 452.19 0
2030 5 19.323875 4.653246 461.6 63.9804133 452.73 0
2030 6 24.757092 11.190903 512.7 113.371488 452.18 0
2030 7 26.746624 13.190197 503.7 49.5464692 450.66 0
2030 8 26.017452 12.629756 439.3 102.0448855 448.07 0
2030 9 24.671423 12.124965 346.6 84.46926 447.07 0
2030 10 13.658839 1.0063468 255.1 43.6388674 446.93 0
2030 11 3.652611 -6.665061 163.1 126.459075 448.36 0
2030 12 -1.3812317 -11.0396805 125 85.550297 449.57 0
2031 1 -3.3071058 -13.498964 143.5 86.7384092 452.47 0
2031 2 -2.789297 -15.441369 209.8 62.301484975 453.39 0
2031 3 4.5425816 -6.3930926 301.6 54.9034924 454.37 0
2031 4 11.84021 0.4231932 391.2 142.753515 455.83 0
2031 5 16.76576 4.0240803 461.6 83.5022045 456.37 0
2031 6 22.895903 9.406711 512.7 104.59818 455.82 0
2031 7 25.803093 11.981403 503.7 86.357227 454.3 0
2031 8 26.398554 13.444669 439.3 108.0090096 451.71 0
2031 9 19.603537 7.945989 346.6 167.534751 450.71 0
2031 10 10.4565935 1.1745954 255.1 85.9078324 450.57 0
2031 11 4.8062196 -4.9799347 163.1 192.86034 452 0
2031 12 -1.9898196 -10.513058 125 105.341534 453.21 0
2032 1 -6.0689273 -16.862606 143.5 55.3896995 456.18 0
2032 2 -3.9250224 -17.228506 209.8 60.65523035 457.1 0
2032 3 3.8035192 -6.6037188 301.6 88.3341497 458.08 0
2032 4 12.817407 0.6300957 391.2 41.068623 459.54 0
2032 5 19.007414 4.289456 461.6 97.324066 460.08 0
2032 6 21.019472 8.0750885 512.7 93.755766 459.53 0
2032 7 26.200539 12.335989 503.7 71.578783 458.01 0
2032 8 24.204515 10.846592 439.3 93.521389 455.42 0
2032 9 18.283474 5.2590313 346.6 103.917996 454.42 0
2032 10 14.223969 2.7966413 255.1 105.4569873 454.28 0
2032 11 4.7926965 -3.8747354 163.1 112.425906 455.71 0
2032 12 0.51509964 -8.465481 125 116.3323577 456.92 0
2033 1 -6.9667325 -19.42902 143.5 53.4169587 459.96 0
2033 2 -3.5349581 -15.984768 209.8 75.42327945 460.88 0
2033 3 4.1263742 -8.055118 301.6 32.3009119 461.86 0
2033 4 12.202351 1.281404 391.2 104.210415 463.32 0
2033 5 17.051325 3.4120069 461.6 117.7838118 463.86 0
2033 6 23.501171 9.66496 512.7 109.781478 463.31 0
2033 7 26.050001 12.895407 503.7 128.4387846 461.79 0
2033 8 25.117573 12.119249 439.3 68.685336 459.2 0
2033 9 19.77649 7.5359583 346.6 209.932851 458.2 0
2033 10 10.836583 0.7026656 255.1 100.6098893 458.06 0
2033 11 7.0517077 -2.6130848 163.1 122.138229 459.49 0
2033 12 -0.6586976 -9.141624 125 52.8260088 460.7 0
2034 1 -6.6479144 -19.245743 143.5 101.7071839 463.85 0
2034 2 -0.18370095 -11.840886 209.8 109.12333725 464.77 0
2034 3 4.411772 -5.905257 301.6 81.0879927 465.75 0
2034 4 10.439772 0.011552449 391.2 113.57526 467.21 0
2034 5 18.274343 4.58944 461.6 80.1806258 467.75 0
2034 6 24.818302 11.556185 512.7 162.00207 467.2 0
2034 7 26.215746 12.868051 503.7 117.7832445 465.68 0
2034 8 25.149845 11.73496 439.3 67.698451 463.09 0
2034 9 19.045095 4.0414495 346.6 53.829027 462.09 0
2034 10 13.6443 1.152942 255.1 146.619677 461.95 0
2034 11 6.1493196 -1.9236374 163.1 79.490289 463.38 0
2034 12 -0.9724706 -9.197167 125 77.1213226 464.59 0
2035 1 -4.4979424 -15.303525 143.5 59.1087881 467.85 0
2035 2 0.9808407 -12.768757 209.8 78.81700845 468.77 0
2035 3 5.14425 -6.557253 301.6 56.0135683 469.75 0
2035 4 12.095459 0.3903954 391.2 56.537355 471.21 0
2035 5 19.216763 4.5697093 461.6 69.6167837 471.75 0
2035 6 23.857185 10.0860815 512.7 78.4158 471.2 0
2035 7 25.747694 12.658156 503.7 100.9972808 469.68 0
2035 8 26.255777 12.801843 439.3 88.059871 467.09 0
2035 9 20.100515 7.078185 346.6 71.418921 466.09 0
2035 10 12.842269 1.4263319 255.1 93.9261994 465.95 0
2035 11 5.9017706 -4.511307 163.1 131.827182 467.38 0
2035 12 -4.884817 -16.198742 125 34.7252762 468.59 0
2036 1 -0.55916977 -12.605711 143.5 89.1970998 471.96 0
2036 2 -4.576951 -16.18665 209.8 56.681639025 472.88 0
2036 3 2.7134335 -9.095288 301.6 102.2553786 473.86 0
2036 4 9.452867 -3.1728578 391.2 59.665347 475.32 0
2036 5 18.81245 3.6740582 461.6 119.0999385 475.86 0
2036 6 24.954042 10.901785 512.7 73.862679 475.31 0
2036 7 26.301367 13.472584 503.7 123.837839 473.79 0
2036 8 24.131054 10.127763 439.3 89.8971046 471.2 0
2036 9 18.849096 4.075969 346.6 60.006882 470.2 0
2036 10 12.856982 1.5349805 255.1 71.4083047 470.06 0
2036 11 5.808686 -3.460549 163.1 77.061804 471.49 0
2036 12 1.1618707 -8.021365 125 107.4267118 472.7 0
2037 1 -0.24955395 -11.971064 143.5 88.9505134 476.18 0
2037 2 -2.5500174 -13.932372 209.8 54.478698375 477.1 0
2037 3 4.5643897 -7.852287 301.6 22.9259167 478.08 0
2037 4 8.703694 -1.423172 391.2 90.32079 479.54 0
2037 5 17.019526 2.8441596 461.6 96.75689 480.08 0
2037 6 22.508549 9.325839 512.7 51.320355 479.53 0
2037 7 26.376554 13.166444 503.7 80.801469 478.01 0
2037 8 23.821337 9.980854 439.3 55.5149116 475.42 0
2037 9 20.464024 7.497795 346.6 150.65685 474.42 0
2037 10 14.651968 3.6853817 255.1 78.7202344 474.28 0
2037 11 3.7947485 -5.2190175 163.1 62.712429 475.71 0
2037 12 -2.0070016 -13.876689 125 108.5084847 476.92 0
2038 1 -3.5216942 -14.866586 143.5 172.386815 480.51 0
2038 2 -1.1054884 -14.923041 209.8 82.121396825 481.43 0
2038 3 7.1339436 -2.9491298 301.6 100.50603 482.41 0
2038 4 11.770331 -0.03287624 391.2 52.85484 483.87 0
2038 5 21.301622 6.142519 461.6 76.7199997 484.41 0
2038 6 23.447002 9.815472 512.7 102.67092 483.86 0
2038 7 26.305948 12.637999 503.7 43.7921438 482.34 0
2038 8 28.130077 14.631536 439.3 78.7298444 479.75 0
2038 9 23.393822 11.39435 346.6 87.749592 478.75 0
2038 10 15.513614 4.417429 255.1 119.2517796 478.61 0
2038 11 5.9321804 -3.109636 163.1 90.401322 480.04 0
2038 12 -0.38890263 -9.732126 125 138.8637095 481.25 0
2039 1 -3.9144166 -13.209167 143.5 49.3826869 484.93 0
2039 2 -1.7730622 -13.211381 209.8 52.381553975 485.85 0
2039 3 4.6348076 -7.3197412 301.6 45.7064961 486.83 0
2039 4 10.458739 0.40265632 391.2 153.31161 488.29 0
2039 5 18.91359 4.6235046 461.6 32.2640157 488.83 0
2039 6 23.78983 10.430996 512.7 44.469255 488.28 0
2039 7 24.958689 11.35746 503.7 98.672039 486.76 0
2039 8 27.00535 12.956681 439.3 63.7432354 484.17 0
2039 9 22.911623 7.94322 346.6 40.841787 483.17 0
2039 10 11.368212 0.52602834 255.1 95.9490889 483.03 0
2039 11 7.787478 -0.8876783 163.1 244.67838 484.46 0
2039 12 1.2009428 -6.6477613 125 151.6072453 485.67 0
2040 1 -3.76392 -13.122446 143.5 80.1766206 489.44 0
2040 2 -1.5314466 -14.486665 209.8 20.64875555 490.36 0
2040 3 2.8840039 -9.404638 301.6 107.1553967 491.34 0
2040 4 10.038577 -0.84799474 391.2 61.832499 492.8 0
2040 5 20.155535 4.923288 461.6 76.025082 493.34 0
2040 6 25.10953 11.292826 512.7 83.03352 492.79 0
2040 7 27.289272 13.634956 503.7 108.0148717 491.27 0
2040 8 27.935131 14.844628 439.3 77.3966801 488.68 0
2040 9 23.738014 10.10711 346.6 64.672158 487.68 0
2040 10 15.567248 4.2447524 255.1 168.812143 487.54 0
2040 11 3.538616 -4.2070336 163.1 70.744965 488.97 0
2040 12 -3.8102658 -14.040879 125 61.1718009 490.18 0
2041 1 -1.5261545 -13.663297 143.5 123.560017 494.03 0
2041 2 -1.6129826 -13.939449 209.8 59.999985725 494.95 0
2041 3 4.0085826 -7.7507143 301.6 94.7609674 495.93 0
2041 4 11.092027 -0.91507447 391.2 76.278942 497.39 0
2041 5 19.818996 5.576791 461.6 97.912012 497.93 0
2041 6 23.398716 9.424298 512.7 87.800211 497.38 0
2041 7 27.258978 13.504895 503.7 112.8355825 495.86 0
2041 8 27.409275 13.057272 439.3 70.0688164 493.27 0
2041 9 21.947628 6.998839 346.6 99.398853 492.27 0
2041 10 13.470706 1.4267566 255.1 100.7673259 492.13 0
2041 11 5.8361297 -3.7692375 163.1 135.674859 493.56 0
2041 12 -1.4943733 -10.773712 125 75.9472534 494.77 0
2042 1 -1.226041 -12.30919 143.5 93.0617582 498.73 0
2042 2 -3.9603379 -14.712004 209.8 52.322240275 499.65 0
2042 3 0.16536912 -13.78592 301.6 102.586564 500.63 0
2042 4 11.249795 -2.1361036 391.2 73.307376 502.09 0
2042 5 18.896385 5.006176 461.6 116.7646775 502.63 0
2042 6 22.992382 10.046099 512.7 73.804629 502.08 0
2042 7 26.25428 12.5765505 503.7 78.4289708 500.56 0
2042 8 26.359428 12.51819 439.3 79.4148173 497.97 0
2042 9 24.743464 12.59125 346.6 109.18614 496.97 0
2042 10 11.421066 1.3329048 255.1 126.8558874 496.83 0
2042 11 7.9270535 -0.85097647 163.1 68.998875 498.26 0
2042 12 -0.915234 -8.863533 125 93.3159706 499.47 0
2043 1 -1.1783168 -9.550221 143.5 142.5074185 503.53 0
2043 2 -2.756245 -14.650074 209.8 102.67469845 504.45 0
2043 3 3.773714 -5.4688497 301.6 93.9580705 505.43 0
2043 4 11.490777 1.4089445 391.2 109.132074 506.89 0
2043 5 14.551082 4.5154757 461.6 95.2587778 507.43 0
2043 6 25.158514 12.120922 512.7 107.469384 506.88 0
2043 7 28.255518 15.378225 503.7 134.673796 505.36 0
2043 8 26.705992 13.47503 439.3 93.3913812 502.77 0
2043 9 23.091784 9.17506 346.6 65.951694 501.77 0
2043 10 9.837333 -0.35185695 255.1 76.0429132 501.63 0
2043 11 5.653095 -3.4787986 163.1 82.948215 503.06 0
2043 12 -1.4870218 -9.928567 125 37.8793526 504.27 0
2044 1 -3.2864494 -12.866289 143.5 64.437282 508.43 0
2044 2 0.47937962 -13.70929 209.8 75.34603265 509.35 0
2044 3 5.621549 -3.768647 301.6 87.1802708 510.33 0
2044 4 12.794522 1.33122 391.2 73.005009 511.79 0
2044 5 17.22704 3.8076043 461.6 103.5206188 512.33 0
2044 6 23.881372 10.492184 512.7 64.400976 511.78 0
2044 7 27.91907 14.002404 503.7 46.9019987 510.26 0
2044 8 27.55796 13.848188 439.3 131.158706 507.67 0
2044 9 22.97282 9.198235 346.6 71.38467 506.67 0
2044 10 13.0657425 1.8878789 255.1 68.4858758 506.53 0
2044 11 8.17483 -0.017436575 163.1 113.48979 507.96 0
2044 12 -2.402041 -14.489697 125 194.1671174 509.17 0
2045 1 -3.2362304 -14.273266 143.5 69.086166 513.46 0
2045 2 1.2778795 -13.20371 209.8 70.1836785 514.38 0
2045 3 4.6341186 -6.692208 301.6 77.829716 515.36 0
2045 4 12.478138 0.45148128 391.2 71.03202 516.82 0
2045 5 18.103617 5.493262 461.6 111.0072924 517.36 0
2045 6 24.148857 10.965053 512.7 98.070072 516.81 0
2045 7 26.692604 13.117545 503.7 114.2048804 515.29 0
2045 8 26.327396 12.737771 439.3 114.909963 512.7 0
2045 9 23.97051 8.951405 346.6 30.859191 511.7 0
2045 10 14.079136 3.2843184 255.1 242.23121 511.56 0
2045 11 5.436448 -2.9079325 163.1 139.641195 512.99 0
2045 12 -2.185182 -13.04848 125 116.6556381 514.2 0
2046 1 -5.4405484 -18.370516 143.5 43.6059547 518.61 0
2046 2 -4.3625126 -18.996006 209.8 59.7417327 519.53 0
2046 3 1.5791607 -12.521227 301.6 71.3669538 520.51 0
2046 4 11.175713 0.038149506 391.2 94.528176 521.97 0
2046 5 19.84903 5.52589 461.6 78.8672116 522.51 0
2046 6 24.672997 10.646526 512.7 110.815722 521.96 0
2046 7 26.890085 13.256006 503.7 117.139669 520.44 0
2046 8 25.530071 12.2105255 439.3 178.6798584 517.85 0
2046 9 19.303013 7.7733674 346.6 291.70749 516.85 0
2046 10 11.923521 1.8769051 255.1 142.8587105 516.71 0
2046 11 7.1939545 -0.011734179 163.1 86.076144 518.14 0
2046 12 -0.9421041 -10.79062 125 58.8040054 519.35 0
2047 1 -1.2926372 -10.352267 143.5 119.3815704 523.9 0
2047 2 -4.9534163 -17.118149 209.8 54.8139722 524.82 0
2047 3 3.8852153 -9.509799 301.6 61.124312 525.8 0
2047 4 9.283804 -1.3136818 391.2 73.369404 527.26 0
2047 5 18.606356 4.860936 461.6 38.1242123 527.8 0
2047 6 26.478739 12.61075 512.7 95.33859 527.25 0
2047 7 25.47772 12.665319 503.7 95.5706037 525.73 0
2047 8 28.035036 14.186143 439.3 82.5320564 523.14 0
2047 9 23.65052 9.23878 346.6 59.010831 522.14 0
2047 10 13.664783 1.3034837 255.1 112.0097983 522 0
2047 11 5.563633 -3.8232574 163.1 57.914556 523.43 0
2047 12 1.991877 -8.088576 125 54.3486575 524.64 0
2048 1 -0.12987153 -9.604629 143.5 102.4019652 529.32 0
2048 2 -5.71888 -18.024197 209.8 28.9263615 530.24 0
2048 3 4.7798395 -6.898263 301.6 105.566005 531.22 0
2048 4 9.61126 -1.8703657 391.2 95.668782 532.68 0
2048 5 16.930374 3.9415894 461.6 138.063398 533.22 0
2048 6 24.681927 10.899621 512.7 79.346052 532.67 0
2048 7 26.861221 13.381056 503.7 115.466661 531.15 0
2048 8 26.037441 13.103076 439.3 97.8087975 528.56 0
2048 9 21.949142 9.296125 346.6 166.20018 527.56 0
2048 10 16.197968 3.599737 255.1 91.8335196 527.42 0
2048 11 6.5172124 -2.1483777 163.1 59.816328 528.85 0
2048 12 -1.4214184 -11.6287365 125 64.3910548 530.06 0
2049 1 -4.8370385 -16.384624 143.5 59.700172 534.88 0
2049 2 -1.5365316 -13.369488 209.8 83.9349988 535.8 0
2049 3 5.2774987 -5.104876 301.6 90.4277254 536.78 0
2049 4 11.70193 0.26795965 391.2 100.71885 538.24 0
2049 5 19.855907 6.4340725 461.6 118.1189776 538.78 0
2049 6 25.48535 12.274201 512.7 112.715949 538.23 0
2049 7 26.225649 13.043421 503.7 105.9218943 536.71 0
2049 8 26.249199 14.405414 439.3 310.517452 534.12 0
2049 9 22.1226 12.443222 346.6 197.06652 533.12 0
2049 10 10.959778 1.2651478 255.1 66.5063956 532.98 0
2049 11 6.324768 -2.3854995 163.1 127.65849 534.41 0
2049 12 -0.6021842 -8.874129 125 192.389224 535.62 0
2050 1 -2.568719 -12.710059 143.5 94.1173082 540.54 0
2050 2 -3.2374232 -17.228079 209.8 62.722345 541.46 0
2050 3 2.7697713 -8.847632 301.6 67.0836466 542.44 0
2050 4 10.344072 -0.7032464 391.2 148.624005 543.9 0
2050 5 19.196041 5.5578465 461.6 91.3341933 544.44 0
2050 6 25.964413 11.814218 512.7 78.407256 543.89 0
2050 7 27.495064 13.596286 503.7 72.6277424 542.37 0
2050 8 26.126913 12.694803 439.3 153.351358 539.78 0
2050 9 20.46901 7.0989695 346.6 76.938894 538.78 0
2050 10 13.105151 1.1442876 255.1 82.188161 538.64 0
2050 11 6.4147024 -3.3621452 163.1 173.156532 540.07 0
2050 12 -4.4551897 -14.912577 125 97.7325747 541.28 0
2051 1 -4.3870077 -15.011511 143.5 75.653547 546.32 0
2051 2 1.1716069 -11.41895 209.8 117.594904875 547.24 0
2051 3 3.0232632 -8.570355 301.6 92.1469482 548.22 0
2051 4 11.664681 0.29207474 391.2 108.210162 549.68 0
2051 5 17.312414 3.3011005 461.6 106.6923218 550.22 0
2051 6 21.548197 8.523473 512.7 174.68373 549.67 0
2051 7 26.055092 13.027257 503.7 123.8934592 548.15 0
2051 8 26.071499 13.257307 439.3 68.9871923 545.56 0
2051 9 20.85734 6.185453 346.6 31.211607 544.56 0
2051 10 12.954243 1.1885937 255.1 65.19269 544.42 0
2051 11 3.5946107 -5.2366524 163.1 78.610932 545.85 0
2051 12 -0.038016118 -7.9638557 125 107.274136 547.06 0
2052 1 -5.170243 -16.851738 143.5 29.32906466 552.21 0
2052 2 -6.5340023 -21.015392 209.8 89.6892978 553.13 0
2052 3 2.6681597 -8.703849 301.6 79.9997377 554.11 0
2052 4 10.780694 -1.5181719 391.2 66.22953 555.57 0
2052 5 19.966616 5.876543 461.6 76.3785006 556.11 0
2052 6 25.594662 11.110872 512.7 62.788125 555.56 0
2052 7 28.272552 14.673552 503.7 83.7672886 554.04 0
2052 8 26.43125 12.92438 439.3 51.270187 551.45 0
2052 9 21.071508 7.895091 346.6 57.383769 550.45 0
2052 10 13.998985 2.3867028 255.1 169.850922 550.31 0
2052 11 8.144971 -2.0781825 163.1 94.457811 551.74 0
2052 12 -1.8854533 -13.68197 125 113.7361666 552.95 0
2053 1 -3.2007263 -12.392796 143.5 37.1885269 558.21 0
2053 2 -2.0951643 -13.955067 209.8 74.4424677 559.13 0
2053 3 5.0207157 -5.8057504 301.6 61.4586563 560.11 0
2053 4 11.250582 0.4395161 391.2 109.120881 561.57 0
2053 5 17.196335 2.9923913 461.6 131.4395784 562.11 0
2053 6 24.315777 10.893469 512.7 85.436589 561.56 0
2053 7 28.335718 14.869704 503.7 122.6693653 560.04 0
2053 8 24.953707 11.308431 439.3 114.1703557 557.45 0
2053 9 20.407223 6.0944448 346.6 81.967965 556.45 0
2053 10 13.637009 2.1144888 255.1 125.5440945 556.31 0
2053 11 5.194441 -3.3007817 163.1 58.318578 557.74 0
2053 12 1.3610379 -7.1150756 125 209.290703 558.95 0
2054 1 -6.240748 -16.824749 143.5 61.3564865 564.31 0
2054 2 -1.9419075 -14.194451 209.8 75.219023475 565.23 0
2054 3 4.1344843 -7.521867 301.6 69.1536158 566.21 0
2054 4 10.588894 -1.1743106 391.2 145.168818 567.67 0
2054 5 18.65767 4.784735 461.6 86.9365984 568.21 0
2054 6 23.880093 10.718076 512.7 122.731935 567.66 0
2054 7 28.675447 15.39666 503.7 97.878346 566.14 0
2054 8 28.778494 15.329183 439.3 38.7389361 563.55 0
2054 9 21.646708 8.784548 346.6 93.931824 562.55 0
2054 10 11.626308 1.2330118 255.1 39.7897648 562.41 0
2054 11 7.8065276 -0.75146294 163.1 109.23012 563.84 0
2054 12 -0.1757088 -7.9681053 125 52.0690477 565.05 0
2055 1 -6.7130423 -18.86022 143.5 46.6100872 570.52 0
2055 2 -0.7729571 -13.673357 209.8 40.2976645 571.44 0
2055 3 2.771145 -8.440913 301.6 74.940392 572.42 0
2055 4 12.878951 0.71137315 391.2 61.41459 573.88 0
2055 5 20.4553 5.497395 461.6 62.0286254 574.42 0
2055 6 22.899351 9.062367 512.7 128.148192 573.87 0
2055 7 28.024122 15.408233 503.7 117.8058807 572.35 0
2055 8 28.319904 13.620991 439.3 70.3721514 569.76 0
2055 9 20.64161 7.9521194 346.6 170.91702 568.76 0
2055 10 14.454377 2.507843 255.1 93.8647884 568.62 0
2055 11 4.9504285 -4.319591 163.1 155.544261 570.05 0
2055 12 1.5224375 -6.1076736 125 110.7061832 571.26 0
2056 1 -2.1302168 -11.210806 143.5 51.8963467 576.84 0
2056 2 -3.3465757 -15.331112 209.8 49.67168685 577.76 0
2056 3 4.5569563 -5.4472294 301.6 116.1373832 578.74 0
2056 4 13.762849 2.2265134 391.2 62.259666 580.2 0
2056 5 20.94965 6.130116 461.6 96.241608 580.74 0
2056 6 24.655981 11.445062 512.7 129.695865 580.19 0
2056 7 28.092613 14.330451 503.7 109.114172 578.67 0
2056 8 27.680727 14.441604 439.3 107.300176 576.08 0
2056 9 22.982038 8.289624 346.6 95.609709 575.08 0
2056 10 17.622606 4.8861694 255.1 64.7760655 574.94 0
2056 11 3.0099077 -6.0934324 163.1 81.758544 576.37 0
2056 12 -2.8599808 -12.758732 125 42.6316774 577.58 0
2057 1 -1.7209209 -10.3133135 143.5 81.3640012 583.3 0
2057 2 -2.1320283 -14.458628 209.8 57.377012775 584.22 0
2057 3 7.3322544 -1.4587501 301.6 131.962443 585.2 0
2057 4 14.718764 3.0184698 391.2 77.370315 586.66 0
2057 5 19.169352 4.1843405 461.6 36.4590752 587.2 0
2057 6 23.848858 10.471861 512.7 172.63248 586.65 0
2057 7 27.309902 13.458562 503.7 75.4114215 585.13 0
2057 8 28.35173 14.644062 439.3 83.8186928 582.54 0
2057 9 24.63954 10.41097 346.6 35.648949 581.54 0
2057 10 16.755003 3.8369706 255.1 62.5366658 581.4 0
2057 11 6.376972 -2.9222631 163.1 85.921248 582.83 0
2057 12 1.1306778 -8.242328 125 98.5889745 584.04 0
2058 1 -2.8755288 -12.882621 143.5 49.4886387 589.91 0
2058 2 0.9573227 -11.988602 209.8 61.09345 590.83 0
2058 3 3.3504915 -9.399927 301.6 91.620686 591.81 0
2058 4 11.5745945 -0.3494026 391.2 65.238219 593.27 0
2058 5 19.370987 5.1868825 461.6 83.2432894 593.81 0
2058 6 25.112936 11.169457 512.7 66.229755 593.26 0
2058 7 26.7172 13.468874 503.7 127.9481414 591.74 0
2058 8 28.259949 14.982217 439.3 226.9665093 589.15 0
2058 9 24.050522 9.9384775 346.6 66.35913 588.15 0
2058 10 14.8703985 2.882551 255.1 73.168277 588.01 0
2058 11 4.8176694 -3.5275526 163.1 81.811923 589.44 0
2058 12 0.40182823 -10.013842 125 221.473889 590.65 0
2059 1 -3.8464358 -14.715222 143.5 156.995501 596.65 0
2059 2 0.0453593 -12.424418 209.8 84.48967625 597.57 0
2059 3 5.754872 -5.823782 301.6 81.0419763 598.55 0
2059 4 10.556926 0.19092858 391.2 153.585048 600.01 0
2059 5 20.409418 5.532273 461.6 75.7916272 600.55 0
2059 6 25.104618 11.91293 512.7 107.739129 600 0
2059 7 26.682335 13.109355 503.7 74.9553464 598.48 0
2059 8 28.250914 15.327569 439.3 100.568867 595.89 0
2059 9 23.046663 9.89994 346.6 179.539548 594.89 0
2059 10 14.517437 3.140996 255.1 80.4798502 594.75 0
2059 11 5.6445007 -1.9227552 163.1 106.678119 596.18 0
2059 12 1.284941 -5.8188944 125 86.8422902 597.39 0
2060 1 -2.1327386 -11.181139 143.5 61.0498748 603.52 0
2060 2 2.1856654 -8.58838 209.8 69.666711975 604.44 0
2060 3 3.7188015 -8.305615 301.6 82.543483 605.42 0
2060 4 12.1582155 1.7396472 391.2 79.716561 606.88 0
2060 5 19.081615 5.2105265 461.6 72.40794 607.42 0
2060 6 26.645992 12.473972 512.7 55.073484 606.87 0
2060 7 27.39209 13.332221 503.7 60.5672234 605.35 0
2060 8 26.536316 11.53976 439.3 99.4916356 602.76 0
2060 9 23.07853 9.67054 346.6 81.55308 601.76 0
2060 10 14.876142 2.881285 255.1 50.8921575 601.62 0
2060 11 6.274698 -3.2251751 163.1 89.82765 603.05 0
2060 12 1.5791634 -7.7714214 125 204.727844 604.26 0
2061 1 -1.2662959 -10.436836 143.5 110.460812 610.52 0
2061 2 -1.5440856 -13.616143 209.8 57.3058482 611.44 0
2061 3 5.39562 -6.920925 301.6 68.7618254 612.42 0
2061 4 9.684268 -0.98508185 391.2 149.87775 613.88 0
2061 5 18.134087 4.284259 461.6 82.6781904 614.42 0
2061 6 22.997135 8.923185 512.7 111.753825 613.87 0
2061 7 27.175508 12.871897 503.7 95.955106 612.35 0
2061 8 27.792084 14.243777 439.3 73.6530426 609.76 0
2061 9 23.056093 9.434723 346.6 94.106676 608.76 0
2061 10 15.486919 4.5037856 255.1 52.6695611 608.62 0
2061 11 7.4325476 -1.1599745 163.1 66.7602 610.05 0
2061 12 -0.8259953 -10.085471 125 199.0577394 611.26 0
2062 1 -1.8559709 -12.186684 143.5 66.3347269 617.61 0
2062 2 -1.679632 -14.585719 209.8 51.53174595 618.53 0
2062 3 4.860488 -6.7225823 301.6 129.8475486 619.51 0
2062 4 11.748599 0.7789711 391.2 71.10543 620.97 0
2062 5 20.635561 6.0590367 461.6 71.6671609 621.51 0
2062 6 23.880396 10.771226 512.7 103.831179 620.96 0
2062 7 24.258108 11.397656 503.7 109.3410331 619.44 0
2062 8 26.8929 12.98456 439.3 109.375595 616.85 0
2062 9 22.548832 9.398597 346.6 45.057345 615.85 0
2062 10 14.414365 3.3395455 255.1 69.8209373 615.71 0
2062 11 4.595834 -3.879134 163.1 82.022766 617.14 0
2062 12 1.112905 -8.633983 125 79.1626137 618.35 0
2063 1 -2.3901758 -11.584646 143.5 91.943551 624.76 0
2063 2 -1.55539 -12.165416 209.8 79.737469725 625.68 0
2063 3 2.6383948 -8.402045 301.6 79.3097707 626.66 0
2063 4 12.157337 1.3545632 391.2 74.94786 628.12 0
2063 5 16.375677 4.6185102 461.6 87.9639446 628.66 0
2063 6 24.31817 10.68582 512.7 115.784241 628.11 0
2063 7 28.375198 15.302611 503.7 94.1378116 626.59 0
2063 8 26.265263 13.173754 439.3 93.7180251 624 0
2063 9 20.314823 5.7431817 346.6 98.62533 623 0
2063 10 16.677603 3.5667224 255.1 71.2822246 622.86 0
2063 11 6.7271085 0.20502779 163.1 105.395064 624.29 0
2063 12 0.9616268 -5.778899 125 118.5408566 625.5 0
2064 1 -0.81513155 -10.636636 143.5 119.9169156 631.99 0
2064 2 -1.226449 -11.972009 209.8 18.403843875 632.91 0
2064 3 5.4414406 -6.367301 301.6 103.2518395 633.89 0
2064 4 10.393124 0.39147636 391.2 84.845604 635.35 0
2064 5 21.450474 7.554399 461.6 81.0950235 635.89 0
2064 6 24.466455 10.614375 512.7 77.428665 635.34 0
2064 7 29.053967 15.97173 503.7 125.3303464 633.82 0
2064 8 27.963877 14.600522 439.3 96.9212365 631.23 0
2064 9 26.145546 12.451737 346.6 58.672779 630.23 0
2064 10 17.503744 3.7120757 255.1 29.359883 630.09 0
2064 11 8.730448 -0.31468245 163.1 84.77427 631.52 0
2064 12 0.6394167 -7.116571 125 195.9882837 632.73 0
2065 1 -2.71683 -12.934783 143.5 111.3454528 639.29 0
2065 2 -1.4958719 -13.355308 209.8 62.746603275 640.21 0
2065 3 8.136184 -4.8700724 301.6 52.4612814 641.19 0
2065 4 11.430062 0.4900927 391.2 125.866071 642.65 0
2065 5 21.91382 7.898921 461.6 68.7656694 643.19 0
2065 6 26.347328 12.388139 512.7 78.696405 642.64 0
2065 7 29.703163 15.2875595 503.7 63.854978 641.12 0
2065 8 29.48004 15.779374 439.3 53.6473135 638.53 0
2065 9 23.947105 9.828592 346.6 68.125218 637.53 0
2065 10 16.654049 3.5538924 255.1 65.9285339 637.39 0
2065 11 8.010173 -0.370951 163.1 85.133115 638.82 0
2065 12 1.8171537 -6.0200024 125 91.0612941 640.03 0
2066 1 -3.14062 -15.423694 143.5 93.8950413 646.65 0
2066 2 -0.244546 -13.2671995 209.8 83.48951325 647.57 0
2066 3 5.7233267 -6.3231764 301.6 132.924621 648.55 0
2066 4 12.495747 0.32347065 391.2 82.007346 650.01 0
2066 5 20.212488 4.5843334 461.6 65.8339715 650.55 0
2066 6 24.748083 11.89671 512.7 144.010161 650 0
2066 7 26.065828 12.954793 503.7 59.9895694 648.48 0
2066 8 24.743637 11.478852 439.3 121.8547039 645.89 0
2066 9 22.158539 9.420054 346.6 35.479071 644.89 0
2066 10 13.155235 3.097201 255.1 113.9243707 644.75 0
2066 11 5.2829638 -3.9695065 163.1 95.568024 646.18 0
2066 12 0.8296614 -10.553745 125 75.8711484 647.39 0
2067 1 0.15890618 -9.912384 143.5 86.0457793 654.1 0
2067 2 -1.7937579 -12.911101 209.8 69.19496805 655.02 0
2067 3 5.6900964 -6.6504564 301.6 75.5840016 656 0
2067 4 10.693842 -0.2444867 391.2 138.94335 657.46 0
2067 5 15.25738 2.7796586 461.6 81.2374034 658 0
2067 6 24.227013 10.885953 512.7 107.565681 657.45 0
2067 7 29.01489 15.097651 503.7 63.501051 655.93 0
2067 8 28.22175 14.012034 439.3 76.495352 653.34 0
2067 9 22.106358 8.955017 346.6 121.44576 652.34 0
2067 10 14.847312 3.3158762 255.1 190.3238397 652.2 0
2067 11 9.003606 -0.17830579 163.1 84.41493 653.63 0
2067 12 1.7928898 -5.875855 125 142.056415 654.84 0
2068 1 -4.362307 -13.180658 143.5 47.3452956 661.64 0
2068 2 -0.5036322 -12.168798 209.8 110.890044225 662.56 0
2068 3 4.1481457 -7.097801 301.6 75.8798842 663.54 0
2068 4 16.456715 3.6101186 391.2 58.637001 665 0
2068 5 21.77677 7.2110815 461.6 89.370117 665.54 0
2068 6 23.884003 10.55777 512.7 171.67887 664.99 0
2068 7 28.853891 15.297637 503.7 144.800504 663.47 0
2068 8 25.947477 11.985923 439.3 188.804167 660.88 0
2068 9 20.557379 5.8347993 346.6 105.748116 659.88 0
2068 10 16.175781 3.8585052 255.1 120.5101502 659.74 0
2068 11 4.912213 -3.4871457 163.1 58.84674 661.17 0
2068 12 0.26611874 -7.0203204 125 158.392454 662.38 0
2069 1 0.3841713 -8.884651 143.5 76.9877746 669.3 0
2069 2 1.7385637 -7.9229965 209.8 111.4573692 670.22 0
2069 3 5.924113 -4.136421 301.6 82.3894471 671.2 0
2069 4 14.986752 4.0726724 391.2 90.67665 672.66 0
2069 5 21.261438 6.557977 461.6 46.5469526 673.2 0
2069 6 21.8302 9.039115 512.7 53.768982 672.65 0
2069 7 29.017374 14.542672 503.7 102.6191543 671.13 0
2069 8 28.812632 14.356577 439.3 81.4736854 668.54 0
2069 9 23.514072 10.646271 346.6 98.745054 667.54 0
2069 10 14.754867 2.9624825 255.1 28.4724739 667.4 0
2069 11 9.241302 0.54799914 163.1 110.215395 668.83 0
2069 12 2.181959 -6.9100924 125 87.9290138 670.04 0
2070 1 -2.0779505 -11.506948 143.5 60.0552708 677.08 0
2070 2 -1.3535352 -13.91173 209.8 68.517033025 678 0
2070 3 4.943184 -5.0878706 301.6 79.1110545 678.98 0
2070 4 10.936791 0.69404566 391.2 116.348205 680.44 0
2070 5 20.941828 6.2888093 461.6 94.4084602 680.98 0
2070 6 24.61948 10.851401 512.7 94.527255 680.43 0
2070 7 28.892357 15.256963 503.7 77.5293198 678.91 0
2070 8 29.117031 14.701631 439.3 85.3352934 676.32 0
2070 9 22.428257 7.3472085 346.6 35.989269 675.32 0
2070 10 18.789438 6.628502 255.1 70.913089 675.18 0
2070 11 6.532613 -2.8255095 163.1 190.42584 676.61 0
2070 12 -3.0704925 -12.339454 125 71.0819863 677.82 0
2071 1 -5.7596602 -19.108702 143.5 72.0772568 684.95 0
2071 2 -0.7476114 -12.023418 209.8 59.06464235 685.87 0
2071 3 5.8565145 -4.020069 301.6 114.3424615 686.85 0
2071 4 13.63916 3.1356313 391.2 153.250308 688.31 0
2071 5 17.63212 4.661201 461.6 68.3601274 688.85 0
2071 6 24.815216 11.258151 512.7 77.594334 688.3 0
2071 7 30.512985 17.125647 503.7 104.857779 686.78 0
2071 8 28.545805 14.290884 439.3 79.905476 684.19 0
2071 9 23.397488 10.716092 346.6 121.8789 683.19 0
2071 10 12.986953 2.6212926 255.1 77.5372806 683.05 0
2071 11 5.5622587 -2.9768434 163.1 110.55543 684.48 0
2071 12 2.3488126 -5.1596766 125 213.823833 685.69 0
2072 1 -0.90406555 -11.09061 143.5 114.5476815 692.9 0
2072 2 -3.0006022 -17.264166 209.8 67.41967025 693.82 0
2072 3 4.9920273 -6.8128047 301.6 109.3609382 694.8 0
2072 4 14.718447 2.3486593 391.2 53.613879 696.26 0
2072 5 22.175102 6.6499977 461.6 32.3921821 696.8 0
2072 6 26.56186 12.487531 512.7 77.184198 696.25 0
2072 7 29.715197 16.534204 503.7 88.1495974 694.73 0
2072 8 29.988426 16.109947 439.3 59.7256199 692.14 0
2072 9 27.89001 14.984917 346.6 72.153069 691.14 0
2072 10 15.741119 3.173399 255.1 46.3904398 691 0
2072 11 8.853989 0.6366124 163.1 125.632125 692.43 0
2072 12 1.0086956 -6.6816616 125 117.9068725 693.64 0
2073 1 -1.8376116 -10.768686 143.5 21.6156366 700.89 0
2073 2 0.30006665 -9.491103 209.8 81.608840125 701.81 0
2073 3 3.1583228 -7.555806 301.6 103.3372693 702.79 0
2073 4 13.185157 2.3090289 391.2 83.385801 704.25 0
2073 5 22.392012 7.490627 461.6 72.017805 704.79 0
2073 6 25.837374 11.882089 512.7 65.550729 704.24 0
2073 7 31.406687 17.527044 503.7 82.4941558 702.72 0
2073 8 31.080702 17.318356 439.3 76.3159953 700.13 0
2073 9 25.827837 11.20622 346.6 31.668909 699.13 0
2073 10 18.182556 5.8166738 255.1 155.8820833 698.99 0
2073 11 8.231214 -1.5444787 163.1 184.674684 700.42 0
2073 12 4.1638813 -5.113615 125 175.267552 701.63 0
2074 1 -2.7428389 -12.325344 143.5 100.019423 708.93 0
2074 2 -2.4941673 -13.692407 209.8 51.976816225 709.85 0
2074 3 4.517581 -6.7435856 301.6 127.197557 710.83 0
2074 4 11.578432 -0.18547499 391.2 155.503908 712.29 0
2074 5 19.214954 5.473356 461.6 40.6303174 712.83 0
2074 6 25.669598 12.015112 512.7 100.344765 712.28 0
2074 7 27.952663 14.611375 503.7 113.0441877 710.76 0
2074 8 26.169321 12.565729 439.3 99.8540876 708.17 0
2074 9 23.17284 10.360541 346.6 125.41923 707.17 0
2074 10 15.449798 3.1726677 255.1 101.9539005 707.03 0
2074 11 5.65636 -3.5619457 163.1 85.81131 708.46 0
2074 12 -2.7995932 -13.093661 125 68.4172511 709.67 0
2075 1 -3.2963228 -14.886529 143.5 74.121837 717.02 0
2075 2 -1.4543778 -13.445317 209.8 57.488199125 717.94 0
2075 3 3.9518285 -8.088046 301.6 71.0637242 718.92 0
2075 4 12.843938 1.6377963 391.2 153.09963 720.38 0
2075 5 22.15908 6.9300404 461.6 41.546696 720.92 0
2075 6 26.813742 12.942134 512.7 88.813833 720.37 0
2075 7 29.858583 16.632524 503.7 114.9622321 718.85 0
2075 8 29.614586 15.590227 439.3 34.8312466 716.26 0
2075 9 26.39486 14.154376 346.6 102.37068 715.26 0
2075 10 14.466498 3.4777575 255.1 191.633103 715.12 0
2075 11 4.924645 -3.1330693 163.1 112.404951 716.55 0
2075 12 1.6360155 -6.51939 125 63.2979824 717.76 0
2076 1 -0.5366293 -9.508042 143.5 67.6316863 725.14 0
2076 2 -1.5843278 -12.385178 209.8 52.845526325 726.06 0
2076 3 6.189232 -4.3466268 301.6 73.403722 727.04 0
2076 4 14.424265 3.073481 391.2 96.91389 728.5 0
2076 5 21.747248 7.510588 461.6 133.4420606 729.04 0
2076 6 26.463497 13.007354 512.7 89.655132 728.49 0
2076 7 30.276333 16.573895 503.7 90.3900976 726.97 0
2076 8 29.184034 15.425529 439.3 84.7073109 724.38 0
2076 9 22.795567 8.792156 346.6 97.734438 723.38 0
2076 10 14.994658 4.0073333 255.1 167.3839637 723.24 0
2076 11 8.834509 0.7743081 163.1 101.425281 724.67 0
2076 12 1.371071 -6.562625 125 213.3494772 725.88 0
2077 1 -4.189045 -15.154654 143.5 68.963778 733.31 0
2077 2 -1.32102 -12.389629 209.8 64.2352455 734.23 0
2077 3 5.5928836 -5.919662 301.6 62.5909096 735.21 0
2077 4 10.423353 -0.24384353 391.2 131.43273 736.67 0
2077 5 21.121784 7.353911 461.6 99.5215816 737.21 0
2077 6 27.074562 13.494102 512.7 96.28647 736.66 0
2077 7 29.221657 15.620009 503.7 117.4663253 735.14 0
2077 8 29.199377 16.155249 439.3 171.0049063 732.55 0
2077 9 23.408577 10.094919 346.6 55.736481 731.55 0
2077 10 13.715458 4.0659213 255.1 162.4691865 731.41 0
2077 11 4.741968 -3.6370552 163.1 77.31429 732.84 0
2077 12 1.5815406 -6.402167 125 109.8451737 734.05 0
2078 1 -1.0508252 -10.216339 143.5 41.1974097 741.52 0
2078 2 -1.4105012 -13.113178 209.8 63.052454725 742.44 0
2078 3 4.9056697 -5.680639 301.6 109.2954383 743.42 0
2078 4 13.871575 3.2976182 391.2 157.01538 744.88 0
2078 5 21.340338 6.2441983 461.6 34.7164939 745.42 0
2078 6 28.293243 14.382227 512.7 99.53133 744.87 0
2078 7 28.857002 15.091435 503.7 65.668323 743.35 0
2078 8 28.950153 15.903338 439.3 79.572288 740.76 0
2078 9 22.321716 7.661393 346.6 42.493905 739.76 0
2078 10 14.411341 3.2506723 255.1 113.8009101 739.62 0
2078 11 7.794138 -0.8237087 163.1 81.85917 741.05 0
2078 12 1.7177523 -6.184288 125 173.9217986 742.26 0
2079 1 -2.0839834 -11.989041 143.5 94.7431827 749.8 0
2079 2 1.5720191 -10.420884 209.8 100.17415535 750.72 0
2079 3 4.7842503 -6.1974716 301.6 69.370281 751.7 0
2079 4 13.874604 2.1786792 391.2 104.885088 753.16 0
2079 5 18.617579 4.979559 461.6 104.4819195 753.7 0
2079 6 23.859766 10.555184 512.7 115.267347 753.15 0
2079 7 27.00743 14.786475 503.7 147.5669533 751.63 0
2079 8 28.729681 15.896494 439.3 145.561213 749.04 0
2079 9 23.693882 9.440474 346.6 48.814695 748.04 0
2079 10 17.71609 3.7817833 255.1 97.3880283 747.9 0
2079 11 10.143481 1.357833 163.1 193.85808 749.33 0
2079 12 2.2405019 -5.2475767 125 57.032343 750.54 0
2080 1 0.9732634 -7.782054 143.5 93.361088 758.18 0
2080 2 0.7122664 -9.349191 209.8 45.360005175 759.1 0
2080 3 4.7428336 -5.3758864 301.6 120.9055397 760.08 0
2080 4 11.578004 1.0734379 391.2 134.56722 761.54 0
2080 5 19.338232 6.3170156 461.6 86.4606275 762.08 0
2080 6 27.057774 12.973352 512.7 44.940168 761.53 0
2080 7 31.32407 17.329617 503.7 67.5722128 760.01 0
2080 8 28.897871 15.285558 439.3 185.9637393 757.42 0
2080 9 26.010553 11.322171 346.6 31.085187 756.42 0
2080 10 17.287882 5.6917953 255.1 102.2646848 756.28 0
2080 11 7.42232 -2.2343037 163.1 141.455625 757.71 0
2080 12 -2.845796 -12.569873 125 29.6371129 758.92 0
2081 1 -0.28143385 -9.5853405 143.5 151.5081476 766.64 0
2081 2 3.9765337 -6.8873816 209.8 78.5513737 767.56 0
2081 3 5.1618013 -4.6807165 301.6 29.5550249 768.54 0
2081 4 14.6219225 3.0274022 391.2 67.4886 770 0
2081 5 22.686954 8.306844 461.6 114.7382943 770.54 0
2081 6 26.126968 12.8828335 512.7 154.407591 769.99 0
2081 7 26.892345 13.868095 503.7 151.6155843 768.47 0
2081 8 26.465145 13.148138 439.3 92.1741383 765.88 0
2081 9 25.906586 11.5807495 346.6 35.24499 764.88 0
2081 10 15.454021 3.3329556 255.1 49.8719506 764.74 0
2081 11 11.519206 2.532456 163.1 77.723916 766.17 0
2081 12 0.69608796 -8.080966 125 64.9956354 767.38 0
2082 1 0.64006066 -8.206747 143.5 154.3279975 775.17 0
2082 2 0.3039253 -9.84786 209.8 90.6682959 776.09 0
2082 3 1.4596363 -9.626086 301.6 60.7798927 777.07 0
2082 4 15.0812435 2.590476 391.2 43.71009 778.53 0
2082 5 21.15899 6.90694 461.6 80.781939 779.07 0
2082 6 26.883635 13.2971 512.7 125.81394 778.52 0
2082 7 32.427834 18.183279 503.7 35.8179642 777 0
2082 8 31.37012 18.613861 439.3 174.3269283 774.41 0
2082 9 23.749523 10.636738 346.6 74.702259 773.41 0
2082 10 14.90441 2.83243 255.1 83.823163 773.27 0
2082 11 8.842815 -0.34220797 163.1 84.897393 774.7 0
2082 12 2.0479908 -5.7898316 125 81.6505125 775.91 0
2083 1 -0.45678103 -9.065909 143.5 88.0067308 783.75 0
2083 2 -0.95805794 -11.790972 209.8 56.25027565 784.67 0
2083 3 4.273562 -8.278428 301.6 44.9675026 785.65 0
2083 4 13.773781 3.887967 391.2 117.071322 787.11 0
2083 5 16.187698 4.8351817 461.6 96.0564357 787.65 0
2083 6 26.454365 12.642891 512.7 113.801058 787.1 0
2083 7 30.401482 16.798567 503.7 111.5383937 785.58 0
2083 8 29.034695 15.581788 439.3 53.5324244 782.99 0
2083 9 26.39239 11.77507 346.6 48.180417 781.99 0
2083 10 17.175844 3.8459027 255.1 158.733237 781.85 0
2083 11 10.540721 2.3790092 163.1 138.105282 783.28 0
2083 12 -2.0935154 -10.338425 125 46.2514048 784.49 0
2084 1 -4.0864453 -13.781236 143.5 63.6250913 792.37 0
2084 2 -0.23131905 -11.0535555 209.8 55.111232825 793.29 0
2084 3 6.4658675 -5.002929 301.6 65.8507642 794.27 0
2084 4 12.210596 1.1749005 391.2 127.30452 795.73 0
2084 5 22.692118 7.327981 461.6 60.8436256 796.27 0
2084 6 26.797594 12.680475 512.7 53.877114 795.72 0
2084 7 30.002237 16.122583 503.7 150.8638312 794.2 0
2084 8 26.444937 13.082704 439.3 149.941079 791.61 0
2084 9 23.589933 8.437453 346.6 120.672942 790.61 0
2084 10 13.073047 2.8755698 255.1 45.0460597 790.47 0
2084 11 7.0849705 -1.9356844 163.1 146.09109 791.9 0
2084 12 2.3123682 -6.295982 125 192.058702 793.11 0
2085 1 -2.6337404 -13.334929 143.5 59.2731191 801.02 0
2085 2 0.010669069 -12.05904 209.8 80.5590447 801.94 0
2085 3 8.4058895 -2.9878452 301.6 106.0171356 802.92 0
2085 4 11.25301 0.5387174 391.2 166.757928 804.38 0
2085 5 19.931427 6.1363854 461.6 88.962033 804.92 0
2085 6 26.841019 12.730887 512.7 149.262141 804.37 0
2085 7 30.74498 16.914211 503.7 83.4522108 802.85 0
2085 8 30.33431 16.461111 439.3 98.9258856 800.26 0
2085 9 26.416046 12.40591 346.6 50.370888 799.26 0
2085 10 16.55499 3.865188 255.1 104.8685112 799.12 0
2085 11 10.377561 1.290928 163.1 131.499969 800.55 0
2085 12 3.4178376 -5.8382277 125 178.072866 801.76 0
2086 1 -2.1692 -11.661394 143.5 84.9187743 809.71 0
2086 2 -0.60507447 -12.120976 209.8 104.1406644 810.63 0
2086 3 3.950544 -7.8713827 301.6 81.712993 811.61 0
2086 4 11.726697 0.34948555 391.2 123.431868 813.07 0
2086 5 19.835356 5.7672668 461.6 87.4394277 813.61 0
2086 6 26.715868 13.042596 512.7 111.770046 813.06 0
2086 7 30.77585 17.203474 503.7 96.3034499 811.54 0
2086 8 29.02802 14.719052 439.3 45.778878 808.95 0
2086 9 22.421484 7.5111012 346.6 183.090261 807.95 0
2086 10 18.638971 6.893515 255.1 51.4192288 807.81 0
2086 11 6.180617 -1.4509488 163.1 97.427931 809.24 0
2086 12 2.3603444 -6.072236 125 96.4958638 810.45 0
2087 1 -3.125348 -12.225401 143.5 45.1947574 818.42 0
2087 2 0.6075963 -10.624026 209.8 116.55988985 819.34 0
2087 3 4.568936 -6.742357 301.6 83.686856 820.32 0
2087 4 14.545617 4.2888856 391.2 141.02361 821.78 0
2087 5 20.79829 7.2365503 461.6 75.2902549 822.32 0
2087 6 28.21563 14.133474 512.7 68.765145 821.77 0
2087 7 30.115004 16.36785 503.7 112.8052893 820.25 0
2087 8 30.374525 17.109697 439.3 77.6435021 817.66 0
2087 9 27.353895 14.598711 346.6 56.045028 816.66 0
2087 10 14.790313 3.9756913 255.1 105.3243414 816.52 0
2087 11 7.68965 -1.5235995 163.1 83.646498 817.95 0
2087 12 2.9947917 -5.224076 125 39.828304 819.16 0
2088 1 -1.3854768 -10.185036 143.5 93.943888 827.16 0
2088 2 -0.05465037 -10.077049 209.8 114.593336725 828.08 0
2088 3 6.4705644 -3.9362535 301.6 143.770033 829.06 0
2088 4 12.483086 2.8941112 391.2 163.66353 830.52 0
2088 5 22.490038 7.722228 461.6 95.0119434 831.06 0
2088 6 27.16712 13.449302 512.7 185.39838 830.51 0
2088 7 30.366974 17.161613 503.7 108.2713316 828.99 0
2088 8 30.079508 15.893599 439.3 84.392788 826.4 0
2088 9 24.00025 10.564783 346.6 48.261783 825.4 0
2088 10 14.270331 4.222438 255.1 84.698789 825.26 0
2088 11 10.763224 2.4060988 163.1 119.12079 826.69 0
2088 12 4.018523 -4.1211457 125 171.1150617 827.9 0
2089 1 0.058017083 -8.225032 143.5 93.0010261 835.96 0
2089 2 5.581574 -4.672614 209.8 61.64459055 836.88 0
2089 3 5.7451596 -3.9676535 301.6 103.9571143 837.86 0
2089 4 13.719186 3.197996 391.2 89.995431 839.32 0
2089 5 24.065409 9.39913 461.6 64.2876171 839.86 0
2089 6 28.84996 14.889204 512.7 110.541444 839.31 0
2089 7 30.04974 16.642246 503.7 174.849021 837.79 0
2089 8 30.144533 16.381346 439.3 89.8734392 835.2 0
2089 9 24.602983 11.438669 346.6 76.94166 834.2 0
2089 10 17.513767 4.7452908 255.1 75.1692123 834.06 0
2089 11 9.778143 1.1869959 163.1 50.996514 835.49 0
2089 12 2.7534378 -6.0267067 125 57.4518381 836.7 0
2090 1 0.39482105 -9.182343 143.5 103.9750664 844.8 0
2090 2 -0.49164346 -11.146969 209.8 44.8543104 845.72 0
2090 3 5.142609 -5.27028 301.6 117.6365308 846.7 0
2090 4 10.859652 1.178248 391.2 108.219666 848.16 0
2090 5 22.324474 7.913173 461.6 85.2364902 848.7 0
2090 6 24.658562 11.592662 512.7 109.66053 848.15 0
2090 7 30.97762 16.99766 503.7 39.0689683 846.63 0
2090 8 28.935688 15.985905 439.3 231.74887 844.04 0
2090 9 23.525702 10.738342 346.6 113.794878 843.04 0
2090 10 14.846904 3.949984 255.1 92.600782 842.9 0
2090 11 9.381563 1.2059677 163.1 45.707364 844.33 0
2090 12 3.2122865 -6.3020916 125 111.8509791 845.54 0
2091 1 1.3125087 -8.503305 143.5 142.84583 853.73 0
2091 2 0.3269291 -9.9945345 209.8 59.419171375 854.65 0
2091 3 5.476125 -3.4334414 301.6 77.792516 855.63 0
2091 4 13.2122 1.9183112 391.2 36.037434 857.09 0
2091 5 22.562057 7.1909146 461.6 88.6129978 857.63 0
2091 6 27.16744 13.588497 512.7 68.306214 857.08 0
2091 7 31.078934 17.633307 503.7 161.7865138 855.56 0
2091 8 30.58924 17.35769 439.3 95.208843 852.97 0
2091 9 24.327318 11.06485 346.6 37.848153 851.97 0
2091 10 18.730097 6.208899 255.1 40.40106 851.83 0
2091 11 10.432804 1.7584568 163.1 183.05904 853.26 0
2091 12 3.827191 -3.848972 125 140.163555 854.47 0
2092 1 3.5266216 -5.9041147 143.5 82.7176875 862.73 0
2092 2 0.06005703 -9.363657 209.8 71.0587279 863.65 0
2092 3 7.183417 -3.4612968 301.6 89.6274976 864.63 0
2092 4 12.19564 0.60206676 391.2 170.614758 866.09 0
2092 5 24.731165 9.842643 461.6 119.1064206 866.63 0
2092 6 29.407415 15.210414 512.7 67.07112 866.08 0
2092 7 31.304644 16.407267 503.7 40.0657299 864.56 0
2092 8 32.33137 18.391058 439.3 36.9726615 861.97 0
2092 9 26.650366 12.461638 346.6 85.908066 860.97 0
2092 10 18.823956 6.7298703 255.1 176.0522333 860.83 0
2092 11 6.0081 -1.4452263 163.1 146.72763 862.26 0
2092 12 -0.77659637 -9.299788 125 160.918768 863.47 0
2093 1 1.5527835 -7.113669 143.5 79.0020523 871.78 0
2093 2 0.39229333 -9.982507 209.8 58.33161135 872.7 0
2093 3 6.489399 -2.6384783 301.6 105.1346896 873.68 0
2093 4 11.950752 2.2506227 391.2 73.754955 875.14 0
2093 5 24.559296 9.441575 461.6 66.3673513 875.68 0
2093 6 28.66098 14.786062 512.7 45.939108 875.13 0
2093 7 32.320065 18.236914 503.7 75.983604 873.61 0
2093 8 29.858858 15.454967 439.3 58.7780088 871.02 0
2093 9 28.384817 16.616354 346.6 84.647721 870.02 0
2093 10 16.723488 4.996787 255.1 80.9512827 869.88 0
2093 11 10.28048 2.4914422 163.1 94.385391 871.31 0
2093 12 2.3582096 -4.769039 125 208.133287 872.52 0
2094 1 1.7523245 -7.2694306 143.5 79.2680323 880.86 0
2094 2 2.5386457 -7.482523 209.8 48.807454375 881.78 0
2094 3 6.172542 -2.5966344 301.6 127.2442554 882.76 0
2094 4 13.615578 2.9613605 391.2 182.01255 884.22 0
2094 5 25.40395 9.561311 461.6 28.4708402 884.76 0
2094 6 28.230604 14.087335 512.7 64.83093 884.21 0
2094 7 31.14805 17.161688 503.7 161.9087747 882.69 0
2094 8 30.203913 16.170137 439.3 108.953468 880.1 0
2094 9 21.959517 8.508283 346.6 239.09019 879.1 0
2094 10 14.7705145 3.5995018 255.1 59.980722 878.96 0
2094 11 10.390499 1.3336389 163.1 174.867939 880.39 0
2094 12 3.198265 -4.3901887 125 187.418591 881.6 0
2095 1 -3.8752666 -13.441545 143.5 53.3120578 889.98 0
2095 2 -0.090508856 -11.6926775 209.8 118.9001255 890.9 0
2095 3 4.3583117 -7.287369 301.6 113.7267519 891.88 0
2095 4 13.308905 2.9379842 391.2 82.918782 893.34 0
2095 5 19.753565 5.585784 461.6 149.9804335 893.88 0
2095 6 25.19676 12.956275 512.7 164.263272 893.33 0
2095 7 32.663315 19.01009 503.7 72.1842688 891.81 0
2095 8 31.887156 16.704039 439.3 41.6084356 889.22 0
2095 9 23.835651 8.971812 346.6 49.615407 888.22 0
2095 10 17.716627 4.725687 255.1 40.9183539 888.08 0
2095 11 5.342003 -2.6065755 163.1 46.713792 889.51 0
2095 12 1.8000343 -6.2830987 125 55.8733305 890.72 0
2096 1 1.2570027 -11.290866 143.5 149.2268204 899.12 0
2096 2 3.472958 -7.6816325 209.8 113.6912323 900.04 0
2096 3 9.096317 -1.9790623 301.6 113.0798253 901.02 0
2096 4 13.309947 2.3693469 391.2 89.395209 902.48 0
2096 5 21.02791 7.3569245 461.6 106.8494236 903.02 0
2096 6 28.138159 13.941886 512.7 70.071939 902.47 0
2096 7 31.667715 17.351831 503.7 57.135604 900.95 0
2096 8 29.901249 15.497553 439.3 122.4443611 898.36 0
2096 9 24.691551 9.581887 346.6 151.53234 897.36 0
2096 10 14.124505 3.4832857 255.1 82.3003562 897.22 0
2096 11 7.1892385 -1.1036907 163.1 173.060802 898.65 0
2096 12 1.5263267 -5.8273163 125 104.8262334 899.86 0
2097 1 1.6615407 -6.8472643 143.5 126.096158 908.29 0
2097 2 0.21159476 -9.652672 209.8 104.015728775 909.21 0
2097 3 6.1672206 -5.443525 301.6 109.7292678 910.19 0
2097 4 14.27486 3.298785 391.2 122.721132 911.65 0
2097 5 25.207132 9.626944 461.6 36.8430102 912.19 0
2097 6 29.172688 15.230488 512.7 77.456946 911.64 0
2097 7 31.905739 16.928038 503.7 84.282676 910.12 0
2097 8 32.855583 18.57212 439.3 75.4545022 907.53 0
2097 9 26.774176 12.601773 346.6 76.898547 906.53 0
2097 10 14.55305 4.0585346 255.1 168.639938 906.39 0
2097 11 5.455279 -2.8050063 163.1 86.70141 907.82 0
2097 12 -1.9702194 -10.511198 125 81.8217999 909.03 0
2098 1 0.085857496 -9.13377 143.5 123.225496 917.47 0
2098 2 -0.695607 -11.445168 209.8 112.7035445 918.39 0
2098 3 6.523666 -5.099654 301.6 141.9337883 919.37 0
2098 4 12.320491 0.70348245 391.2 83.83254 920.83 0
2098 5 20.545393 6.979992 461.6 77.0329137 921.37 0
2098 6 26.207466 13.094034 512.7 99.868176 920.82 0
2098 7 31.483198 16.778313 503.7 45.8698847 919.3 0
2098 8 33.75432 19.89386 439.3 103.5609219 916.71 0
2098 9 28.79299 15.196583 346.6 91.047135 915.71 0
2098 10 17.759634 4.6826105 255.1 58.2530827 915.57 0
2098 11 11.577739 2.3467941 163.1 123.429222 917 0
2098 12 3.658107 -3.138991 125 72.8363445 918.21 0
2099 1 -0.8181444 -10.713327 143.5 75.755382 926.67 0
2099 2 0.7527473 -10.446844 209.8 117.383967775 927.59 0
2099 3 6.4792867 -1.8209062 301.6 119.919191 928.57 0
2099 4 12.510209 1.7249478 391.2 211.304268 930.03 0
2099 5 21.192944 8.259696 461.6 137.3550635 930.57 0
2099 6 27.642462 13.371192 512.7 68.037456 930.02 0
2099 7 31.923769 17.812325 503.7 92.7469563 928.5 0
2099 8 33.375168 19.327896 439.3 45.9516906 925.91 0
2099 9 25.892752 13.123816 346.6 238.47894 924.91 0
2099 10 19.873213 7.7157397 255.1 52.4814314 924.77 0
2099 11 8.476779 0.16629024 163.1 85.14777 926.2 0
2099 12 3.2325935 -5.3169975 125 78.9408862 927.41 0
2100-2200 1 -0.8181444 -10.713327 143.5 75.755382 926.67 0
2100-2200 2 0.7527473 -10.446844 209.8 117.383967775 927.59 0
2100-2200 3 6.4792867 -1.8209062 301.6 119.919191 928.57 0
2100-2200 4 12.510209 1.7249478 391.2 211.304268 930.03 0
2100-2200 5 21.192944 8.259696 461.6 137.3550635 930.57 0
2100-2200 6 27.642462 13.371192 512.7 68.037456 930.02 0
2100-2200 7 31.923769 17.812325 503.7 92.7469563 928.5 0
2100-2200 8 33.375168 19.327896 439.3 45.9516906 925.91 0
2100-2200 9 25.892752 13.123816 346.6 238.47894 924.91 0
2100-2200 10 19.873213 7.7157397 255.1 52.4814314 924.77 0
2100-2200 11 8.476779 0.16629024 163.1 85.14777 926.2 0
2100-2200 12 3.2325935 -5.3169975 125 78.9408862 927.41 0
