Year Month Tmax Tmin PAR Prec CO2 O3
1200-1980 1 -6.2960909962018 -17.8378362559614 143.5 75.1472501670476 390 0
1200-1980 2 -3.99386302384423 -16.5087891095732 209.8 64.3230553998291 390 0
1200-1980 3 1.26780993104644 -10.8653639015785 301.6 75.7486609415672 390 0
1200-1980 4 8.38824935702822 -2.82070769874359 391.2 86.5193023131215 390 0
1200-1980 5 16.3063222521697 3.51239080484877 461.6 99.3467622622627 390 0
1200-1980 6 21.3429814463007 8.89587797152157 512.7 118.553888351624 390 0
1200-1980 7 23.8651980262405 11.8324159815844 503.7 114.803375069656 390 0
1200-1980 8 23.0962722806667 10.7126898120538 439.3 112.21895244013 390 0
1200-1980 9 18.4642534802057 6.28990752131689 346.6 101.76211629504 390 0
1200-1980 10 11.0789705867485 0.701257167048496 255.1 109.278920614274 390 0
1200-1980 11 3.71199395212813 -4.85582137078398 163.1 98.8005748461941 390 0
1200-1980 12 -3.08465227930456 -12.67558091623 125 91.4622460322697 390 0
1981 1 -9.32396266477519 -22.3962946546272 143.5 31.9609381358047 390 0
1981 2 1.50381216582411 -9.77668511749546 209.8 102.207670990873 390 0
1981 3 2.02768804795997 -8.58669045947115 301.6 47.2843737265026 390 0
1981 4 9.26557771325268 -2.0512280370311 391.2 72.6628306922854 390 0
1981 5 17.6179582681674 4.21076933207042 461.6 99.8175216278998 390 0
1981 6 21.4825471375273 8.93634191128622 512.7 121.527747500271 390 0
1981 7 24.2832291930433 11.6037500879194 503.7 111.012528893895 390 0
1981 8 22.8116618609338 9.79048294265988 439.3 171.324639357282 390 0
1981 9 16.9398144162418 5.92868667469972 346.6 162.757512965476 390 0
1981 10 9.43965527489605 -0.640059400187666 255.1 157.354047503547 390 0
1981 11 3.4323578205662 -4.2561535864523 163.1 69.3173456286863 390 0
1981 12 -2.51911158178681 -9.99631911402689 125 104.012315533482 390 0
1982 1 -10.3672933679789 -23.3991967979806 143.5 80.0413187305971 390 0
1982 2 -5.40769111401793 -18.2356484507538 209.8 64.3994150377386 390 0
1982 3 0.867216582071646 -12.3680572007831 301.6 68.4910695515269 390 0
1982 4 6.37670601561465 -5.08309865668178 391.2 80.1444106360271 390 0
1982 5 17.813728269246 3.00902268167378 461.6 31.0754051433461 390 0
1982 6 19.9154333012381 7.61764874605293 512.7 122.830579733282 390 0
1982 7 24.3595602278514 10.4961971397309 503.7 63.2411421092554 390 0
1982 8 20.7557036881659 8.21668097776197 439.3 118.465105464324 390 0
1982 9 18.149489628638 6.79907255385502 346.6 92.9173106369951 390 0
1982 10 12.4158324710768 0.196196196858496 255.1 38.8033024291715 390 0
1982 11 5.4757607229714 -3.94709106815833 163.1 127.092160409053 390 0
1982 12 -0.239668269566481 -10.6174593506016 125 56.7645348350989 390 0
1983 1 -4.43739503717547 -15.237700939393 143.5 89.3315866266315 390 0
1983 2 -2.54150407394083 -15.0746930845848 209.8 64.6815400796027 390 0
1983 3 2.11041294188334 -7.49557383570842 301.6 112.583687994529 390 0
1983 4 8.28690478301177 -1.27524608585728 391.2 161.240395590721 390 0
1983 5 13.5984327871584 3.46403893050181 461.6 143.073634715788 390 0
1983 6 23.1512018217671 8.54280382832503 512.7 55.2637426574043 390 0
1983 7 24.3824570592939 11.5263846152436 503.7 115.926059687259 390 0
1983 8 23.7144682783928 10.952750850616 439.3 99.1665069714249 390 0
1983 9 20.409675822147 6.89426669594971 346.6 78.6613731446909 390 0
1983 10 11.5249962557793 0.362865131148474 255.1 73.2941512009086 390 0
1983 11 3.29426088407872 -3.84608079129169 163.1 206.46548954356 390 0
1983 12 -4.64425478838681 -14.7523638319256 125 144.637336928234 390 0
1984 1 -7.38516005828836 -19.919051196028 143.5 42.1102839202193 390 0
1984 2 0.260586697666634 -10.7504164869424 209.8 84.9476398943969 390 0
1984 3 -2.06674197920579 -14.3013338753965 301.6 98.8876123195188 390 0
1984 4 9.3512014854714 -2.60999484828293 391.2 72.251246340445 390 0
1984 5 14.6645676286097 2.57481014773351 461.6 182.884121391875 390 0
1984 6 21.0724685828156 8.33858695046276 512.7 148.068361677569 390 0
1984 7 23.7526290796151 12.1639918611779 503.7 138.386138798362 390 0
1984 8 24.3684621940426 12.3098766932346 439.3 65.5562584041968 390 0
1984 9 17.3647655994994 4.0761758378235 346.6 44.2912525665625 390 0
1984 10 13.1337311416885 0.263272114986735 255.1 60.7966674594478 390 0
1984 11 4.39205477010873 -5.22577829326587 163.1 78.0065587715927 390 0
1984 12 -1.81232214779298 -11.670169512325 125 82.9248596448879 390 0
1985 1 -9.16415780374998 -20.1048429016148 143.5 28.0490870842177 390 0
1985 2 -3.10867388584162 -14.9938926102027 209.8 75.402300172675 390 0
1985 3 0.968449033611527 -11.454679856835 301.6 64.3795367285098 390 0
1985 4 7.6366086107683 -4.6489034529518 391.2 47.0228114965588 390 0
1985 5 16.2740670252864 2.19179755013158 461.6 82.7552275594428 390 0
1985 6 19.1350723402697 8.02348220756223 512.7 107.484078377088 390 0
1985 7 24.4991346685997 11.3519564393606 503.7 141.224462035634 390 0
1985 8 22.49730997138 9.40973044634811 439.3 83.9875926295307 390 0
1985 9 18.9776229006642 6.28629853155162 346.6 95.7594625877348 390 0
1985 10 11.8421286579232 0.637175171658571 255.1 67.5105153303826 390 0
1985 11 2.60091836653334 -5.57325668545403 163.1 99.4447584274381 390 0
1985 12 -5.45428220722311 -16.6419544136854 125 54.0532716654438 390 0
1986 1 -4.70004139449962 -17.0469625030408 143.5 143.328143511371 390 0
1986 2 -4.86522275452694 -17.8095021028698 209.8 34.5079382949237 390 0
1986 3 1.87502870985427 -11.1683562628237 301.6 76.3163229632461 390 0
1986 4 11.4957894398794 -0.854364118900962 391.2 53.9572633548039 390 0
1986 5 17.3360646401102 4.06304347209833 461.6 106.008911323757 390 0
1986 6 19.6797142067359 6.21434255923776 512.7 92.7302297269015 390 0
1986 7 21.9130566684837 10.700231895616 503.7 115.067943676374 390 0
1986 8 21.2326995758785 10.1291153015876 439.3 157.120023165377 390 0
1986 9 16.1031832306229 4.18196326923411 346.6 107.052287577126 390 0
1986 10 10.3454364930048 0.144916127738169 255.1 47.7153168170741 390 0
1986 11 1.48857306509947 -7.63225545308595 163.1 89.1874098081622 390 0
1986 12 -2.80384582220687 -13.7330657332648 125 65.2585842758422 390 0
1987 1 -6.32447335272485 -18.2903866621048 143.5 79.776307889979 390 0
1987 2 -5.87651295964224 -17.6876807190358 209.8 12.8197845938054 390 0
1987 3 3.29361175780315 -9.42223308111252 301.6 59.4270632360082 390 0
1987 4 11.9550150711941 -0.776268406851171 391.2 106.728661605546 390 0
1987 5 16.7472184680344 2.75424309887704 461.6 76.7405503687864 390 0
1987 6 21.1535361049828 9.46539448942952 512.7 123.227299618653 390 0
1987 7 24.0183275952079 11.9086181964139 503.7 94.4666845204691 390 0
1987 8 22.2708086263316 8.62436148573387 439.3 58.2146703777568 390 0
1987 9 17.3639908894817 6.52866382866713 346.6 131.660881881786 390 0
1987 10 11.4213869682117 0.135387010851365 255.1 100.864209650415 390 0
1987 11 2.8352838420333 -6.38182390248099 163.1 62.3986103963266 390 0
1987 12 -2.95162323057295 -10.7351904028714 125 81.9218660286549 390 0
1988 1 -5.40478779587428 -18.0374521838135 143.5 58.0643003786841 390 0
1988 2 -3.57385098917822 -17.7222742329297 209.8 65.4867873588542 390 0
1988 3 1.03210236706181 -12.1923839050867 301.6 30.9015826405778 390 0
1988 4 8.00724672699488 -1.75740861726052 391.2 83.670963558489 390 0
1988 5 17.9305858220195 4.45531739779201 461.6 56.1943749154042 390 0
1988 6 21.0708076206988 7.17384356499571 512.7 76.2143485974201 390 0
1988 7 24.668156471107 12.9672223295753 503.7 111.882420872269 390 0
1988 8 23.2154838536443 12.0341249935491 439.3 173.666513571532 390 0
1988 9 16.9767823331644 5.3646526427884 346.6 58.3985980539051 390 0
1988 10 8.43839900690193 -0.168235703060401 255.1 94.7112807106729 390 0
1988 11 4.22589707314678 -3.76077864942937 163.1 131.766626685588 390 0
1988 12 -4.67005199506368 -16.1668787268935 125 37.5669716934591 390 0
1989 1 -4.07180624589714 -17.5009727346429 143.5 51.9969870031903 390 0
1989 2 -5.14449820901532 -18.7477996016729 209.8 47.684991906605 390 0
1989 3 0.058578937851328 -14.8413301451646 301.6 59.1675193655814 390 0
1989 4 6.50277913094094 -3.65736481557006 391.2 72.4248225710616 390 0
1989 5 18.1837902456536 5.7817680061133 461.6 159.531433585155 390 0
1989 6 21.1347054196386 9.12987321630351 512.7 106.302979573751 390 0
1989 7 24.5679247202812 10.0596097242381 503.7 72.5650792648236 390 0
1989 8 22.3561357421544 10.325458458207 439.3 137.651807592704 390 0
1989 9 18.8062295037308 6.26640307529423 346.6 108.635736047605 390 0
1989 10 11.9015052893875 0.33786250276137 255.1 70.8269044595307 390 0
1989 11 2.22698704759651 -6.95843520442097 163.1 115.444998175262 390 0
1989 12 -11.3866488045243 -23.0491185865712 125 48.5666117461396 390 0
1990 1 -1.86163945050029 -13.0764027947519 143.5 108.382106703575 390 0
1990 2 -3.69122891568261 -17.760988983539 209.8 57.2760363325577 390 0
1990 3 2.06797742610002 -11.5686157571058 301.6 47.0042900565547 390 0
1990 4 8.40828716761981 -2.25128996645294 391.2 77.1277730945942 390 0
1990 5 14.9021268515808 2.30628266938035 461.6 111.982161157221 390 0
1990 6 21.5890196245362 9.4342968082666 512.7 130.188188647667 390 0
1990 7 23.955988369201 11.5962780095635 503.7 95.0031198093654 390 0
1990 8 24.2725567272433 11.5059473530323 439.3 148.637878876778 390 0
1990 9 17.4110491521956 5.96113100767761 346.6 93.9306269084651 390 0
1990 10 11.3790979407355 2.35799298216772 255.1 210.724310818533 390 0
1990 11 3.28853613157798 -4.22757377547245 163.1 103.090660776133 390 0
1990 12 -0.83493131124028 -11.7023281533922 125 129.196461152797 390 0
1991 1 -7.22021475990347 -19.6828207038489 143.5 66.3506072429564 390 0
1991 2 -2.27929640925727 -16.0045865806105 209.8 33.4803949205201 390 0
1991 3 1.81286772641287 -9.07829120162709 301.6 113.764767860446 390 0
1991 4 9.77063919023747 -2.51636531921864 391.2 85.7776520729393 390 0
1991 5 18.1205651229511 3.61630628871637 461.6 97.3886683738534 390 0
1991 6 22.193569185691 8.51406797189004 512.7 71.455301255188 390 0
1991 7 24.0850621333144 10.6710821674128 503.7 56.9758279493545 390 0
1991 8 23.5326612396588 11.6113898851684 439.3 199.024031111869 390 0
1991 9 16.6034213535694 4.07051433905117 346.6 106.263737399474 390 0
1991 10 11.7404254858612 1.17823740733746 255.1 123.571444227436 390 0
1991 11 3.46399516113463 -4.30871421242221 163.1 73.1268828156706 390 0
1991 12 -4.48505551551355 -15.3535133081341 125 63.9775911239858 390 0
1992 1 -6.59360088531104 -18.1293673776805 143.5 89.055635434844 390 0
1992 2 -5.05231936072454 -17.5649816771987 209.8 69.4456554102167 390 0
1992 3 -1.10245165234243 -14.0515201260124 301.6 93.5244777267897 390 0
1992 4 6.84765640237234 -4.15509656754726 391.2 56.335389700042 390 0
1992 5 18.0721407589983 2.16359443052997 461.6 31.8217636022776 390 0
1992 6 20.9687835622427 8.42599716892908 512.7 125.112137492568 390 0
1992 7 21.1350337973253 8.96886708597681 503.7 125.013886379489 390 0
1992 8 21.844241367589 10.9111546160657 439.3 107.474913581574 390 0
1992 9 18.9334022814359 6.11246281484605 346.6 79.6167481110872 390 0
1992 10 8.89328179180777 -0.758767584473221 255.1 85.7353053346888 390 0
1992 11 2.40353729266031 -6.29604721014425 163.1 75.9324487801543 390 0
1992 12 -2.60636314041547 -11.7116845207768 125 44.8027068861691 390 0
1993 1 -5.65224046578133 -17.231470741507 143.5 61.0709924500674 390 0
1993 2 -9.20037395248102 -24.0701088811489 209.8 77.187173498645 390 0
1993 3 1.57112281924045 -13.8291553209092 301.6 69.8153273540116 390 0
1993 4 8.99489278819344 -2.70029110644929 391.2 126.470870817421 390 0
1993 5 16.5138589660653 3.19788474640064 461.6 70.8498789401029 390 0
1993 6 21.1018635501632 7.87090618754441 512.7 115.775368542695 390 0
1993 7 23.5905014485221 11.339540886886 503.7 90.2562985607787 390 0
1993 8 24.3664261703853 11.1044688181588 439.3 91.8061523074471 390 0
1993 9 17.8374514763578 5.50326329684052 346.6 123.990005889585 390 0
1993 10 8.49289385210069 -1.8720859108343 255.1 100.365970667082 390 0
1993 11 3.41953354045257 -6.28626343991184 163.1 89.2365965191878 390 0
1993 12 -2.99406128923593 -12.6469501773256 125 104.771343337512 390 0
1994 1 -11.2504158400091 -24.7364040510822 143.5 109.855833592432 390 0
1994 2 -6.98889829642513 -20.9686658318182 209.8 39.8502328271531 390 0
1994 3 0.36621421045404 -10.3769635616974 301.6 86.4281438419814 390 0
1994 4 7.21984197814988 -3.63025653875448 391.2 107.897189083508 390 0
1994 5 14.423966596789 1.85312106041576 461.6 105.548165259313 390 0
1994 6 22.9497689979103 9.99496589600945 512.7 125.912576122387 390 0
1994 7 25.09416999543 13.2973879503801 503.7 126.853343354673 390 0
1994 8 22.1805967463137 9.30148635080384 439.3 74.0132158216666 390 0
1994 9 16.6876817785062 5.67357896255515 346.6 102.088593476224 390 0
1994 10 12.4439474451861 0.538981481664212 255.1 30.848720936975 390 0
1994 11 5.97484211522069 -4.43398533014833 163.1 97.114383796386 390 0
1994 12 -1.37389967005242 -11.784589913047 125 60.8496542684285 390 0
1995 1 -4.03480215255574 -13.4495172349788 143.5 107.584170767387 390 0
1995 2 -6.41597558148804 -19.8835705044693 209.8 62.0512802862179 390 0
1995 3 2.03105909947749 -9.53117893863496 301.6 58.6784464096976 390 0
1995 4 5.74773026116844 -5.56781497198175 391.2 50.1852683093067 390 0
1995 5 15.3590886803854 2.58911179335193 461.6 100.795648834714 390 0
1995 6 23.682244529316 8.75505958621024 512.7 52.5430769242583 390 0
1995 7 25.2337402895381 12.8791300337005 503.7 116.310746976458 390 0
1995 8 24.2988473961576 10.2086335635284 439.3 74.3847651761019 390 0
1995 9 17.2893516755393 2.83701538047497 346.6 66.6614698579295 390 0
1995 10 13.7744991521053 2.39597942091183 255.1 184.404482157405 390 0
1995 11 1.63920804974448 -6.89075694978831 163.1 147.342209720527 390 0
1995 12 -5.90963090051016 -15.5490318881263 125 76.9359372111759 390 0
1996 1 -6.19619840716276 -18.904758958357 143.5 124.37734925606 390 0
1996 2 -5.28138102908512 -16.7402399019785 209.8 94.9198969728612 390 0
1996 3 0.126344105986856 -11.7392366679654 301.6 43.9906856936609 390 0
1996 4 7.24240794200352 -2.45834565219724 391.2 124.175109189531 390 0
1996 5 14.3450959593936 1.8802396161605 461.6 127.056400455175 390 0
1996 6 21.7136019418895 9.35519902955345 512.7 124.29893874454 390 0
1996 7 22.3527737480301 12.1319189323993 503.7 194.482171661948 390 0
1996 8 23.2165536689265 10.3478031507167 439.3 56.2323181305042 390 0
1996 9 18.0809757697709 6.95401808434315 346.6 111.245067855671 390 0
1996 10 10.2391527010577 -0.260012716063252 255.1 104.22024063839 390 0
1996 11 1.95369419337854 -6.68669630278353 163.1 47.7328596216946 390 0
1996 12 -0.405417231065198 -7.56620088627842 125 138.188023999173 390 0
1997 1 -7.03866324561416 -18.3451864533462 143.5 101.733300262453 390 0
1997 2 -3.52899762008774 -17.2075292462603 209.8 68.3518514544016 390 0
1997 3 -1.19733703510826 -13.6487353537294 301.6 76.8500788411002 390 0
1997 4 6.48106636232027 -4.41455116084793 391.2 62.3302073518756 390 0
1997 5 12.1696889002904 1.67793697433035 461.6 111.127640989904 390 0
1997 6 22.0597289266665 7.96784974253264 512.7 89.4617529855889 390 0
1997 7 23.7420252014426 11.1447782380807 503.7 100.084127803907 390 0
1997 8 21.8910006602868 9.5511510385848 439.3 143.09632534374 390 0
1997 9 17.1044345459834 6.30301330615621 346.6 74.8708912433326 390 0
1997 10 10.2439028869083 -0.443251511652042 255.1 39.4199393299578 390 0
1997 11 2.27144374384071 -6.3536014169332 163.1 99.4385550154732 390 0
1997 12 -3.23102109999271 -13.546415761102 125 69.8364497607662 390 0
1998 1 -5.11178566936236 -15.3645987883178 143.5 130.370946110758 390 0
1998 2 -0.428071769764538 -13.4715776555304 209.8 78.1230583269903 390 0
1998 3 2.31516150190178 -9.08227256109529 301.6 90.665425330954 390 0
1998 4 9.51410013939716 -2.28406516199898 391.2 73.9755471174325 390 0
1998 5 19.7934036733606 6.15532351270714 461.6 75.1733743088153 390 0
1998 6 20.1061770873629 9.79911936710479 512.7 201.531766073823 390 0
1998 7 23.8628222589957 11.8106965366529 503.7 155.564762065223 390 0
1998 8 23.6735941780449 10.1478029801372 439.3 90.7144581991439 390 0
1998 9 18.1913644380435 7.00036695947553 346.6 89.0807106160993 390 0
1998 10 10.3290582328085 1.82666964372231 255.1 104.903478228666 390 0
1998 11 2.2254824427424 -4.06791216651697 163.1 69.9474509326368 390 0
1998 12 0.216214005469491 -10.3301786582465 125 50.208660162221 390 0
1999 1 -5.60372982305666 -19.1435102169979 143.5 134.155642020713 390 0
1999 2 -1.7674593518627 -15.5612179215454 209.8 46.0769255555232 390 0
1999 3 2.25747594696623 -7.34441417788529 301.6 118.411347315041 390 0
1999 4 7.94935101937057 -2.67891369607708 391.2 24.4266535909003 390 0
1999 5 19.6025238661566 4.94725762574239 461.6 72.7501962053286 390 0
1999 6 24.3317264923956 10.6660430061718 512.7 109.566443114342 390 0
1999 7 24.6772748009623 12.7310242898068 503.7 105.607223599522 390 0
1999 8 22.7609019572093 10.3065843824451 439.3 86.2787482102954 390 0
1999 9 21.6831123963364 9.39361460581585 346.6 220.615145758397 390 0
1999 10 9.64786181650064 -1.01779042239299 255.1 115.638160160697 390 0
1999 11 5.7996330535844 -3.26322202924608 163.1 83.4948566134421 390 0
1999 12 -2.01368925826933 -9.9889429738272 125 64.6839478695689 390 0
2000 1 -7.0343371297539 -18.1464433582969 143.5 88.5674893875381 390 0
2000 2 -3.16632312710439 -16.9533862559835 209.8 78.8186614261821 390 0
2000 3 4.30248616873082 -7.45223623498608 301.6 77.0234059469413 390 0
2000 4 7.04509602654987 -2.35485535596302 391.2 146.364070104676 390 0
2000 5 14.6326685705242 3.06626113790087 461.6 127.161891121472 390 0
2000 6 20.5203728319076 8.04807355419928 512.7 71.2964766105202 390 0
2000 7 21.9211918365623 10.5694081399678 503.7 103.897714032983 390 0
2000 8 21.9866980779549 10.5188751764972 439.3 80.8166106319697 390 0
2000 9 17.6892470335269 5.64736779740266 346.6 68.2861302105067 390 0
2000 10 11.27438638439 0.183717247867799 255.1 82.7931597203047 390 0
2000 11 3.47890416506307 -2.70554218208793 163.1 72.5928504292332 390 0
2000 12 -5.60104719895324 -15.3072361715617 125 116.338310081166 390 0
2001 1 -5.71542310220404 -18.2321952789912 143.5 32.8907237076752 390 0
2001 2 -4.61275738567101 -17.840035943743 209.8 71.2864466541249 390 0
2001 3 -0.533479375198273 -12.9587522208363 301.6 86.7722206748124 390 0
2001 4 7.72727354564928 -4.33604013761277 391.2 23.26937244679 390 0
2001 5 19.4717116483522 4.15368905387711 461.6 55.0173215450722 390 0
2001 6 22.107344063522 9.88603591999409 512.7 98.4034645683891 390 0
2001 7 22.6959823422125 11.0944056030774 503.7 118.183673956382 390 0
2001 8 25.4303919512356 11.0876357826509 439.3 53.1689275257907 390 0
2001 9 19.7297710168463 6.96362017542872 346.6 103.031727989997 390 0
2001 10 13.3011797272317 1.28711742446404 255.1 56.7758652982301 390 0
2001 11 5.47125393808289 -2.62757120154413 163.1 54.556524971784 390 0
2001 12 0.560634409288347 -7.34530261068231 125 48.825755055982 390 0
2002 1 -3.30813220510224 -12.7043411869958 143.5 61.6729418390699 390 0
2002 2 -2.79932434568081 -14.7922184803676 209.8 76.6219241654362 390 0
2002 3 0.473798817997594 -10.7426088724352 301.6 79.9722138081602 390 0
2002 4 7.88323836531579 -2.04240991365203 391.2 105.332696743295 390 0
2002 5 14.2702510727167 2.05356429744859 461.6 92.753790216618 390 0
2002 6 20.0668890870724 7.59031467939896 512.7 124.478000040473 390 0
2002 7 23.4602947561312 11.6561966630428 503.7 114.609742645623 390 0
2002 8 25.1045895306528 11.1649085696316 439.3 29.0511058709255 390 0
2002 9 21.2027379950978 7.49312010609051 346.6 106.78582590987 390 0
2002 10 8.85678882397268 -0.866367898389539 255.1 75.8037554862883 390 0
2002 11 1.44491180160366 -6.68688846939569 163.1 88.5532772093007 390 0
2002 12 -3.38351664598619 -13.2703679827083 125 59.359316502553 390 0
2003 1 -9.48469706445585 -20.4391764158718 143.5 35.8863591280195 390 0
2003 2 -7.20056680374549 -19.838168784815 209.8 58.9065479418365 390 0
2003 3 0.529602695557586 -13.367493230084 301.6 74.0632552779485 390 0
2003 4 6.44856899071784 -5.6486835136522 391.2 46.8398664399179 390 0
2003 5 14.9748808304526 3.02778153371303 461.6 87.275905623165 390 0
2003 6 22.0582991130812 8.79317010382711 512.7 89.3921524967302 390 0
2003 7 23.3178061090015 12.2197249736822 503.7 118.981561720098 390 0
2003 8 23.4007798092213 12.6542766460072 439.3 97.7804735880599 390 0
2003 9 20.2300892504056 7.25392906477814 346.6 99.8345352344903 390 0
2003 10 10.5796136024199 0.516698113494257 255.1 192.168578295428 390 0
2003 11 4.76267633247491 -4.53900661825417 163.1 111.125783838711 390 0
2003 12 -2.30606402977565 -12.3904564063031 125 178.806675443178 390 0
2004 1 -11.6252285039076 -21.5806789491183 143.5 25.2527227550758 390 0
2004 2 -3.8311048495639 -16.9859872529327 209.8 35.3726522564495 390 0
2004 3 2.27085862021662 -9.68766222984709 301.6 37.1865579212561 390 0
2004 4 8.36982084217028 -2.78431684775671 391.2 77.9159293317882 390 0
2004 5 16.6455268722799 4.02901082430575 461.6 92.89226102293 390 0
2004 6 19.7679699612196 6.86607571142487 512.7 78.5684638885354 390 0
2004 7 22.6960348140448 11.8786454068364 503.7 133.76972182694 390 0
2004 8 22.7398893170581 11.5085816186595 439.3 175.38468824272 390 0
2004 9 19.1301796346995 5.86994728554696 346.6 77.090951451381 390 0
2004 10 12.0417885620697 0.182338224836851 255.1 60.5172705539348 390 0
2004 11 3.29245081403134 -5.48579545393496 163.1 99.4037258362566 390 0
2004 12 -4.29148783851187 -15.082163792622 125 112.113658650201 390 0
2005 1 -7.35459338849783 -19.7075143735148 143.5 56.541051320103 390 0
2005 2 -2.22027199076897 -15.651759570366 209.8 61.7452926783563 390 0
2005 3 0.0533499489111029 -12.2479997141104 301.6 91.9826920719887 390 0
2005 4 9.05950831006308 -1.91585503543922 391.2 170.803315579009 390 0
2005 5 12.6244972897659 2.880893908667 461.6 127.701001242893 390 0
2005 6 23.3650207824047 10.8155272038572 512.7 105.35196886613 390 0
2005 7 24.884808770143 11.9529625605889 503.7 115.793976641988 390 0
2005 8 23.8198013316914 11.1828874783733 439.3 100.503653446448 390 0
2005 9 19.7894858419294 7.71205099492374 346.6 145.139126427172 390 0
2005 10 11.4191446812041 3.17190540256908 255.1 259.430349658742 390 0
2005 11 4.07489912431172 -4.26900059477344 163.1 148.710853121806 390 0
2005 12 -3.47348133182428 -12.2611160142808 125 135.108875004161 390 0
2006 1 -2.37313003706047 -12.5857729739133 143.5 108.113972307429 390 0
2006 2 -4.72088770253896 -14.3926313759755 209.8 63.3728908359635 390 0
2006 3 0.958673939914073 -8.97710703722932 301.6 32.1404069448854 390 0
2006 4 10.3295755708461 -1.7899380542353 391.2 60.1857623964474 390 0
2006 5 16.3742484396834 5.29007937477626 461.6 148.621877740383 390 0
2006 6 22.2109695571623 11.3049973390207 512.7 168.455518779024 390 0
2006 7 25.3840421710138 13.8134039901314 503.7 128.971273023274 390 0
2006 8 21.3902315347683 9.39766963559854 439.3 118.093176544304 390 0
2006 9 18.3020634187321 6.19641167195038 346.6 73.2140401099636 390 0
2006 10 10.4355933509187 0.839597148525024 255.1 202.079978712574 390 0
2006 11 6.09807162038617 -1.79119008649365 163.1 107.245981043887 390 0
2006 12 -0.0283728885321073 -8.44246123437022 125 75.7311940264404 390 0
2007 1 -5.09820550241887 -15.9008233791668 143.5 64.4409626915663 390 0
2007 2 -7.80428234910644 -20.1271906153038 209.8 56.4571034918523 390 0
2007 3 0.375333004616079 -12.1316871049374 301.6 93.8438431086056 390 0
2007 4 6.29842664306873 -4.14667010268947 391.2 146.582973493226 390 0
2007 5 16.1760205647399 2.89580847749929 461.6 86.9562113499962 390 0
2007 6 21.6980214741356 9.08527136464728 512.7 87.8814072633609 390 0
2007 7 22.833181541031 11.0653533208807 503.7 115.007158002676 390 0
2007 8 22.878354520947 9.68119015459928 439.3 121.387834507248 390 0
2007 9 19.6977806498252 6.37151206748146 346.6 64.020358971949 390 0
2007 10 13.8892365502198 3.15766179691825 255.1 120.183385330917 390 0
2007 11 2.1774975396335 -6.17001290681248 163.1 168.686103399803 390 0
2007 12 -4.94456928174221 -14.615552324612 125 112.476942875964 390 0
2008 1 -3.85714098882048 -15.3695535052716 143.5 68.4163549581008 390 0
2008 2 -3.88111522666888 -16.1084788528706 209.8 125.57220016158 390 0
2008 3 -0.813605332675846 -14.3863139488126 301.6 110.295080391498 390 0
2008 4 10.2740080751813 -2.25608513882731 391.2 101.40375879265 390 0
2008 5 15.379912377149 2.29216552212761 461.6 41.1857831147674 390 0
2008 6 20.698711311187 10.6554419670172 512.7 201.979180924248 390 0
2008 7 24.6352550705858 12.9159813462367 503.7 141.385431502555 390 0
2008 8 22.0996837486775 11.1839011453889 439.3 150.347553446554 390 0
2008 9 18.645898439069 6.4806292883589 346.6 109.476490068015 390 0
2008 10 10.5924221303554 0.272527679540714 255.1 111.158972697593 390 0
2008 11 3.98763807711318 -3.69018692458229 163.1 123.779655622852 390 0
2008 12 -3.19376352703109 -14.8057414324318 125 130.374338280628 390 0
2009 1 -9.70124505738202 -22.6205250775012 143.5 64.5747969932949 390 0
2009 2 -3.49202987673919 -15.9470653614878 209.8 66.4296261581824 390 0
2009 3 1.50556975050696 -12.2839084436549 301.6 55.3930149510119 390 0
2009 4 9.72981825983365 -1.9046134221646 391.2 85.4010735780923 390 0
2009 5 15.786368480032 3.07807676450351 461.6 104.344664884712 390 0
2009 6 19.8950482168473 9.12420295700904 512.7 149.931791814612 390 0
2009 7 21.4765019314598 11.8571564175189 503.7 174.381688616587 390 0
2009 8 23.9012972712283 12.1236838745931 439.3 92.1031689382852 390 0
2009 9 18.6184289304149 4.98046442693392 346.6 51.5446013430642 390 0
2009 10 7.59954033147199 -0.126034926303079 255.1 133.007135853622 390 0
2009 11 7.12602949783086 -2.80426321183217 163.1 117.274712221757 390 0
2009 12 -3.80184792026457 -11.2996824233553 125 104.135351679395 390 0
2010 1 -4.13018105813315 -13.0363637867557 143.5 70.4120123014633 390 0
2010 2 -3.20079720771496 -9.67858650014702 209.8 64.3581419164804 390 0
2010 3 4.86505606309454 -6.45297307051635 301.6 105.576288208815 390 0
2010 4 11.4936150191391 -0.202802328520108 391.2 83.409656536419 390 0
2010 5 18.3258520438603 4.74654873817795 461.6 52.9326889834872 390 0
2010 6 20.7301070573845 9.27331386517988 512.7 150.407900044792 390 0
2010 7 25.3417438654971 14.129263061712 503.7 99.7635873771167 390 0
2010 8 23.6188201694018 10.9346683135335 439.3 81.9164291148552 390 0
2010 9 18.4274502390228 8.51584947275551 346.6 138.336892398903 390 0
2010 10 10.522750338077 1.25079625514567 255.1 162.675620285199 390 0
2010 11 3.81094072278475 -4.53457228475077 163.1 111.698075714023 390 0
2010 12 -2.9836268295666 -10.9518419969431 125 156.140959726727 390 0
2011 1 -6.05931499562109 -15.5006640092324 143.5 47.103621231544 390 0
2011 2 -5.21398205964004 -17.5486076241484 209.8 73.3011503250891 390 0
2011 3 0.543466053204982 -11.3980862851003 301.6 125.269378144334 390 0
2011 4 7.39971490806766 -3.34260307924694 391.2 117.322210120766 390 0
2011 5 15.5714544575899 5.28303882105031 461.6 158.249692486993 390 0
2011 6 20.9212737480332 9.30097813580876 512.7 125.395689865439 390 0
2011 7 24.7659569211412 12.2995184754046 503.7 108.254796888642 390 0
2011 8 22.9335236816561 11.9730192453026 439.3 235.317799539392 390 0
2011 9 19.8570742144762 8.30535941421186 346.6 117.432992035361 390 0
2011 10 11.7556141063987 3.27092764765 255.1 121.178551820217 390 0
2011 11 7.57902896809304 -3.01070670246669 163.1 63.785517746658 390 0
2011 12 -0.491068517179379 -10.0890237210155 125 84.8820180569958 390 0
2012 1 -4.66415488792566 -15.5372097400873 143.5 82.80611569479 390 0
2012 2 -2.51265103551192 -14.582743114753 209.8 43.396258478774 390 0
2012 3 5.2276687904385 -7.01741623875108 301.6 48.6653577574169 390 0
2012 4 9.61859951327942 -1.48582336298702 391.2 104.094673715931 390 0
2012 5 16.9738200058051 6.00621745182076 461.6 114.760008793506 390 0
2012 6 20.8511322375432 9.42127701252118 512.7 183.823007655499 390 0
2012 7 24.9412149792159 12.2633343428471 503.7 67.4530330243 390 0
2012 8 24.9369461580692 12.6492949558127 439.3 119.636167356021 390 0
2012 9 18.9411058351993 6.08756042826611 346.6 113.47404695838 390 0
2012 10 12.6086990601438 2.88137610776058 255.1 177.805253607504 390 0
2012 11 3.55359308195081 -5.72586926969026 163.1 29.9451653338296 390 0
2012 12 -1.86504350710954 -10.2653336848167 125 131.688544375323 390 0
2013 1 -5.62285053315555 -17.2904365178951 143.5 35.5845940749594 390 0
2013 2 -3.75382841687348 -14.3111212924356 209.8 68.121357789493 390 0
2013 3 1.66416803123748 -7.3717418317461 301.6 64.9503369078066 390 0
2013 4 8.08116248408806 -3.50179058487844 391.2 47.4065508805136 390 0
2013 5 17.4325491383929 4.21389131941431 461.6 146.014977770514 390 0
2013 6 20.9352578525753 9.17347100843818 512.7 177.418375420443 390 0
2013 7 25.0236520316528 13.405706670222 503.7 118.134050020424 390 0
2013 8 22.6758642567006 10.6691669127871 439.3 110.901917478472 390 0
2013 9 18.1452531556134 7.5539641422289 346.6 141.984706049111 390 0
2013 10 13.0820788498841 1.90389434537787 255.1 38.91805488951 390 0
2013 11 3.2259054203973 -5.80507286184595 163.1 97.4798809975313 390 0
2013 12 -5.87060585191253 -14.6255345274663 125 93.1150511831465 390 0
2014 1 -5.404787796 -18.03745218 143.5 58.06430038 390 0
2014 2 -3.573850989 -17.72227423 209.8 65.48678736 390 0
2014 3 1.032102367 -12.19238391 301.6 30.90158264 390 0
2014 4 8.007246727 -1.757408617 391.2 83.67096356 390 0
2014 5 17.93058582 4.455317398 461.6 56.19437492 390 0
2014 6 21.07080762 7.173843565 512.7 76.2143486 390 0
2014 7 24.66815647 12.96722233 503.7 111.8824209 390 0
2014 8 23.21548385 12.03412499 439.3 173.6665136 390 0
2014 9 16.97678233 5.364652643 346.6 58.39859805 390 0
2014 10 8.438399007 -0.168235703 255.1 94.71128071 390 0
2014 11 4.225897073 -3.760778649 163.1 131.7666267 390 0
2014 12 -4.670051995 -16.16687873 125 37.56697169 390 0
2015 1 -3.308132205 -12.70434119 143.5 61.67294184 390 0
2015 2 -2.799324346 -14.79221848 209.8 76.62192417 390 0
2015 3 0.473798818 -10.74260887 301.6 79.97221381 390 0
2015 4 7.883238365 -2.042409914 391.2 105.3326967 390 0
2015 5 14.27025107 2.053564297 461.6 92.75379022 390 0
2015 6 20.06688909 7.590314679 512.7 124.478 390 0
2015 7 23.46029476 11.65619666 503.7 114.6097426 390 0
2015 8 25.10458953 11.16490857 439.3 29.05110587 390 0
2015 9 21.202738 7.493120106 346.6 106.7858259 390 0
2015 10 8.856788824 -0.866367898 255.1 75.80375549 390 0
2015 11 1.444911802 -6.686888469 163.1 88.55327721 390 0
2015 12 -3.383516646 -13.27036798 125 59.3593165 390 0
2016 1 -9.484697064 -20.43917642 143.5 35.88635913 390 0
2016 2 -7.200566804 -19.83816878 209.8 58.90654794 390 0
2016 3 0.529602696 -13.36749323 301.6 74.06325528 390 0
2016 4 6.448568991 -5.648683514 391.2 46.83986644 390 0
2016 5 14.97488083 3.027781534 461.6 87.27590562 390 0
2016 6 22.05829911 8.793170104 512.7 89.3921525 390 0
2016 7 23.31780611 12.21972497 503.7 118.9815617 390 0
2016 8 23.40077981 12.65427665 439.3 97.78047359 390 0
2016 9 20.23008925 7.253929065 346.6 99.83453523 390 0
2016 10 10.5796136 0.516698113 255.1 192.1685783 390 0
2016 11 4.762676332 -4.539006618 163.1 111.1257838 390 0
2016 12 -2.30606403 -12.39045641 125 178.8066754 390 0
2017 1 -4.071806246 -17.50097273 143.5 51.996987 390 0
2017 2 -5.144498209 -18.7477996 209.8 47.68499191 390 0
2017 3 0.058578938 -14.84133015 301.6 59.16751937 390 0
2017 4 6.502779131 -3.657364816 391.2 72.42482257 390 0
2017 5 18.18379025 5.781768006 461.6 159.5314336 390 0
2017 6 21.13470542 9.129873216 512.7 106.3029796 390 0
2017 7 24.56792472 10.05960972 503.7 72.56507926 390 0
2017 8 22.35613574 10.32545846 439.3 137.6518076 390 0
2017 9 18.8062295 6.266403075 346.6 108.635736 390 0
2017 10 11.90150529 0.337862503 255.1 70.82690446 390 0
2017 11 2.226987048 -6.958435204 163.1 115.4449982 390 0
2017 12 -11.3866488 -23.04911859 125 48.56661175 390 0
2018 1 -3.308132205 -12.70434119 143.5 61.67294184 390 0
2018 2 -2.799324346 -14.79221848 209.8 76.62192417 390 0
2018 3 0.473798818 -10.74260887 301.6 79.97221381 390 0
2018 4 7.883238365 -2.042409914 391.2 105.3326967 390 0
2018 5 14.27025107 2.053564297 461.6 92.75379022 390 0
2018 6 20.06688909 7.590314679 512.7 124.478 390 0
2018 7 23.46029476 11.65619666 503.7 114.6097426 390 0
2018 8 25.10458953 11.16490857 439.3 29.05110587 390 0
2018 9 21.202738 7.493120106 346.6 106.7858259 390 0
2018 10 8.856788824 -0.866367898 255.1 75.80375549 390 0
2018 11 1.444911802 -6.686888469 163.1 88.55327721 390 0
2018 12 -3.383516646 -13.27036798 125 59.3593165 390 0
2019 1 -4.437395037 -15.23770094 143.5 89.33158663 390 0
2019 2 -2.541504074 -15.07469308 209.8 64.68154008 390 0
2019 3 2.110412942 -7.495573836 301.6 112.583688 390 0
2019 4 8.286904783 -1.275246086 391.2 161.2403956 390 0
2019 5 13.59843279 3.464038931 461.6 143.0736347 390 0
2019 6 23.15120182 8.542803828 512.7 55.26374266 390 0
2019 7 24.38245706 11.52638462 503.7 115.9260597 390 0
2019 8 23.71446828 10.95275085 439.3 99.16650697 390 0
2019 9 20.40967582 6.894266696 346.6 78.66137314 390 0
2019 10 11.52499626 0.362865131 255.1 73.2941512 390 0
2019 11 3.294260884 -3.846080791 163.1 206.4654895 390 0
2019 12 -4.644254788 -14.75236383 125 144.6373369 390 0
2020 1 -2.373130037 -12.58577297 143.5 108.1139723 390 0
2020 2 -4.720887703 -14.39263138 209.8 63.37289084 390 0
2020 3 0.95867394 -8.977107037 301.6 32.14040694 390 0
2020 4 10.32957557 -1.789938054 391.2 60.1857624 390 0
2020 5 16.37424844 5.290079375 461.6 148.6218777 390 0
2020 6 22.21096956 11.30499734 512.7 168.4555188 390 0
2020 7 25.38404217 13.81340399 503.7 128.971273 390 0
2020 8 21.39023153 9.397669636 439.3 118.0931765 390 0
2020 9 18.30206342 6.196411672 346.6 73.21404011 390 0
2020 10 10.43559335 0.839597149 255.1 202.0799787 390 0
2020 11 6.09807162 -1.791190086 163.1 107.245981 390 0
2020 12 -0.028372889 -8.442461234 125 75.73119403 390 0
2021 1 -4.700041394 -17.0469625 143.5 143.3281435 390 0
2021 2 -4.865222755 -17.8095021 209.8 34.50793829 390 0
2021 3 1.87502871 -11.16835626 301.6 76.31632296 390 0
2021 4 11.49578944 -0.854364119 391.2 53.95726335 390 0
2021 5 17.33606464 4.063043472 461.6 106.0089113 390 0
2021 6 19.67971421 6.214342559 512.7 92.73022973 390 0
2021 7 21.91305667 10.7002319 503.7 115.0679437 390 0
2021 8 21.23269958 10.1291153 439.3 157.1200232 390 0
2021 9 16.10318323 4.181963269 346.6 107.0522876 390 0
2021 10 10.34543649 0.144916128 255.1 47.71531682 390 0
2021 11 1.488573065 -7.632255453 163.1 89.18740981 390 0
2021 12 -2.803845822 -13.73306573 125 65.25858428 390 0
2022 1 -5.715423102 -18.23219528 143.5 32.89072371 390 0
2022 2 -4.612757386 -17.84003594 209.8 71.28644665 390 0
2022 3 -0.533479375 -12.95875222 301.6 86.77222067 390 0
2022 4 7.727273546 -4.336040138 391.2 23.26937245 390 0
2022 5 19.47171165 4.153689054 461.6 55.01732155 390 0
2022 6 22.10734406 9.88603592 512.7 98.40346457 390 0
2022 7 22.69598234 11.0944056 503.7 118.183674 390 0
2022 8 25.43039195 11.08763578 439.3 53.16892753 390 0
2022 9 19.72977102 6.963620175 346.6 103.031728 390 0
2022 10 13.30117973 1.287117424 255.1 56.7758653 390 0
2022 11 5.471253938 -2.627571202 163.1 54.55652497 390 0
2022 12 0.560634409 -7.345302611 125 48.82575506 390 0
2023 1 -5.622850533 -17.29043652 143.5 35.58459407 390 0
2023 2 -3.753828417 -14.31112129 209.8 68.12135779 390 0
2023 3 1.664168031 -7.371741832 301.6 64.95033691 390 0
2023 4 8.081162484 -3.501790585 391.2 47.40655088 390 0
2023 5 17.43254914 4.213891319 461.6 146.0149778 390 0
2023 6 20.93525785 9.173471008 512.7 177.4183754 390 0
2023 7 25.02365203 13.40570667 503.7 118.13405 390 0
2023 8 22.67586426 10.66916691 439.3 110.9019175 390 0
2023 9 18.14525316 7.553964142 346.6 141.984706 390 0
2023 10 13.08207885 1.903894345 255.1 38.91805489 390 0
2023 11 3.22590542 -5.805072862 163.1 97.479881 390 0
2023 12 -5.870605852 -14.62553453 125 93.11505118 390 0
2024 1 -6.593600885 -18.12936738 143.5 89.05563543 390 0
2024 2 -5.052319361 -17.56498168 209.8 69.44565541 390 0
2024 3 -1.102451652 -14.05152013 301.6 93.52447773 390 0
2024 4 6.847656402 -4.155096568 391.2 56.3353897 390 0
2024 5 18.07214076 2.163594431 461.6 31.8217636 390 0
2024 6 20.96878356 8.425997169 512.7 125.1121375 390 0
2024 7 21.1350338 8.968867086 503.7 125.0138864 390 0
2024 8 21.84424137 10.91115462 439.3 107.4749136 390 0
2024 9 18.93340228 6.112462815 346.6 79.61674811 390 0
2024 10 8.893281792 -0.758767584 255.1 85.73530533 390 0
2024 11 2.403537293 -6.29604721 163.1 75.93244878 390 0
2024 12 -2.60636314 -11.71168452 125 44.80270689 390 0
2025 1 -9.323962665 -22.39629465 143.5 31.96093814 390 0
2025 2 1.503812166 -9.776685117 209.8 102.207671 390 0
2025 3 2.027688048 -8.586690459 301.6 47.28437373 390 0
2025 4 9.265577713 -2.051228037 391.2 72.66283069 390 0
2025 5 17.61795827 4.210769332 461.6 99.81752163 390 0
2025 6 21.48254714 8.936341911 512.7 121.5277475 390 0
2025 7 24.28322919 11.60375009 503.7 111.0125289 390 0
2025 8 22.81166186 9.790482943 439.3 171.3246394 390 0
2025 9 16.93981442 5.928686675 346.6 162.757513 390 0
2025 10 9.439655275 -0.6400594 255.1 157.3540475 390 0
2025 11 3.432357821 -4.256153586 163.1 69.31734563 390 0
2025 12 -2.519111582 -9.996319114 125 104.0123155 390 0
2026 1 -5.404787796 -18.03745218 143.5 58.06430038 390 0
2026 2 -3.573850989 -17.72227423 209.8 65.48678736 390 0
2026 3 1.032102367 -12.19238391 301.6 30.90158264 390 0
2026 4 8.007246727 -1.757408617 391.2 83.67096356 390 0
2026 5 17.93058582 4.455317398 461.6 56.19437492 390 0
2026 6 21.07080762 7.173843565 512.7 76.2143486 390 0
2026 7 24.66815647 12.96722233 503.7 111.8824209 390 0
2026 8 23.21548385 12.03412499 439.3 173.6665136 390 0
2026 9 16.97678233 5.364652643 346.6 58.39859805 390 0
2026 10 8.438399007 -0.168235703 255.1 94.71128071 390 0
2026 11 4.225897073 -3.760778649 163.1 131.7666267 390 0
2026 12 -4.670051995 -16.16687873 125 37.56697169 390 0
2027 1 -11.6252285 -21.58067895 143.5 25.25272276 390 0
2027 2 -3.83110485 -16.98598725 209.8 35.37265226 390 0
2027 3 2.27085862 -9.68766223 301.6 37.18655792 390 0
2027 4 8.369820842 -2.784316848 391.2 77.91592933 390 0
2027 5 16.64552687 4.029010824 461.6 92.89226102 390 0
2027 6 19.76796996 6.866075711 512.7 78.56846389 390 0
2027 7 22.69603481 11.87864541 503.7 133.7697218 390 0
2027 8 22.73988932 11.50858162 439.3 175.3846882 390 0
2027 9 19.13017963 5.869947286 346.6 77.09095145 390 0
2027 10 12.04178856 0.182338225 255.1 60.51727055 390 0
2027 11 3.292450814 -5.485795454 163.1 99.40372584 390 0
2027 12 -4.291487839 -15.08216379 125 112.1136587 390 0
2028 1 -7.22021476 -19.6828207 143.5 66.35060724 390 0
2028 2 -2.279296409 -16.00458658 209.8 33.48039492 390 0
2028 3 1.812867726 -9.078291202 301.6 113.7647679 390 0
2028 4 9.77063919 -2.516365319 391.2 85.77765207 390 0
2028 5 18.12056512 3.616306289 461.6 97.38866837 390 0
2028 6 22.19356919 8.514067972 512.7 71.45530126 390 0
2028 7 24.08506213 10.67108217 503.7 56.97582795 390 0
2028 8 23.53266124 11.61138989 439.3 199.0240311 390 0
2028 9 16.60342135 4.070514339 346.6 106.2637374 390 0
2028 10 11.74042549 1.178237407 255.1 123.5714442 390 0
2028 11 3.463995161 -4.308714212 163.1 73.12688282 390 0
2028 12 -4.485055516 -15.35351331 125 63.97759112 390 0
2029 1 -9.484697064 -20.43917642 143.5 35.88635913 390 0
2029 2 -7.200566804 -19.83816878 209.8 58.90654794 390 0
2029 3 0.529602696 -13.36749323 301.6 74.06325528 390 0
2029 4 6.448568991 -5.648683514 391.2 46.83986644 390 0
2029 5 14.97488083 3.027781534 461.6 87.27590562 390 0
2029 6 22.05829911 8.793170104 512.7 89.3921525 390 0
2029 7 23.31780611 12.21972497 503.7 118.9815617 390 0
2029 8 23.40077981 12.65427665 439.3 97.78047359 390 0
2029 9 20.23008925 7.253929065 346.6 99.83453523 390 0
2029 10 10.5796136 0.516698113 255.1 192.1685783 390 0
2029 11 4.762676332 -4.539006618 163.1 111.1257838 390 0
2029 12 -2.30606403 -12.39045641 125 178.8066754 390 0
2030 1 -4.664154888 -15.53720974 143.5 82.80611569 390 0
2030 2 -2.512651036 -14.58274311 209.8 43.39625848 390 0
2030 3 5.22766879 -7.017416239 301.6 48.66535776 390 0
2030 4 9.618599513 -1.485823363 391.2 104.0946737 390 0
2030 5 16.97382001 6.006217452 461.6 114.7600088 390 0
2030 6 20.85113224 9.421277013 512.7 183.8230077 390 0
2030 7 24.94121498 12.26333434 503.7 67.45303302 390 0
2030 8 24.93694616 12.64929496 439.3 119.6361674 390 0
2030 9 18.94110584 6.087560428 346.6 113.474047 390 0
2030 10 12.60869906 2.881376108 255.1 177.8052536 390 0
2030 11 3.553593082 -5.72586927 163.1 29.94516533 390 0
2030 12 -1.865043507 -10.26533368 125 131.6885444 390 0
2031 1 -6.324473353 -18.29038666 143.5 79.77630789 390 0
2031 2 -5.87651296 -17.68768072 209.8 12.81978459 390 0
2031 3 3.293611758 -9.422233081 301.6 59.42706324 390 0
2031 4 11.95501507 -0.776268407 391.2 106.7286616 390 0
2031 5 16.74721847 2.754243099 461.6 76.74055037 390 0
2031 6 21.1535361 9.465394489 512.7 123.2272996 390 0
2031 7 24.0183276 11.9086182 503.7 94.46668452 390 0
2031 8 22.27080863 8.624361486 439.3 58.21467038 390 0
2031 9 17.36399089 6.528663829 346.6 131.6608819 390 0
2031 10 11.42138697 0.135387011 255.1 100.8642097 390 0
2031 11 2.835283842 -6.381823902 163.1 62.3986104 390 0
2031 12 -2.951623231 -10.7351904 125 81.92186603 390 0
2032 1 -3.857140989 -15.36955351 143.5 68.41635496 390 0
2032 2 -3.881115227 -16.10847885 209.8 125.5722002 390 0
2032 3 -0.813605333 -14.38631395 301.6 110.2950804 390 0
2032 4 10.27400808 -2.256085139 391.2 101.4037588 390 0
2032 5 15.37991238 2.292165522 461.6 41.18578311 390 0
2032 6 20.69871131 10.65544197 512.7 201.9791809 390 0
2032 7 24.63525507 12.91598135 503.7 141.3854315 390 0
2032 8 22.09968375 11.18390115 439.3 150.3475534 390 0
2032 9 18.64589844 6.480629288 346.6 109.4764901 390 0
2032 10 10.59242213 0.27252768 255.1 111.1589727 390 0
2032 11 3.987638077 -3.690186925 163.1 123.7796556 390 0
2032 12 -3.193763527 -14.80574143 125 130.3743383 390 0
2033 1 -5.404787796 -18.03745218 143.5 58.06430038 390 0
2033 2 -3.573850989 -17.72227423 209.8 65.48678736 390 0
2033 3 1.032102367 -12.19238391 301.6 30.90158264 390 0
2033 4 8.007246727 -1.757408617 391.2 83.67096356 390 0
2033 5 17.93058582 4.455317398 461.6 56.19437492 390 0
2033 6 21.07080762 7.173843565 512.7 76.2143486 390 0
2033 7 24.66815647 12.96722233 503.7 111.8824209 390 0
2033 8 23.21548385 12.03412499 439.3 173.6665136 390 0
2033 9 16.97678233 5.364652643 346.6 58.39859805 390 0
2033 10 8.438399007 -0.168235703 255.1 94.71128071 390 0
2033 11 4.225897073 -3.760778649 163.1 131.7666267 390 0
2033 12 -4.670051995 -16.16687873 125 37.56697169 390 0
2034 1 -2.373130037 -12.58577297 143.5 108.1139723 390 0
2034 2 -4.720887703 -14.39263138 209.8 63.37289084 390 0
2034 3 0.95867394 -8.977107037 301.6 32.14040694 390 0
2034 4 10.32957557 -1.789938054 391.2 60.1857624 390 0
2034 5 16.37424844 5.290079375 461.6 148.6218777 390 0
2034 6 22.21096956 11.30499734 512.7 168.4555188 390 0
2034 7 25.38404217 13.81340399 503.7 128.971273 390 0
2034 8 21.39023153 9.397669636 439.3 118.0931765 390 0
2034 9 18.30206342 6.196411672 346.6 73.21404011 390 0
2034 10 10.43559335 0.839597149 255.1 202.0799787 390 0
2034 11 6.09807162 -1.791190086 163.1 107.245981 390 0
2034 12 -0.028372889 -8.442461234 125 75.73119403 390 0
2035 1 -4.664154888 -15.53720974 143.5 82.80611569 390 0
2035 2 -2.512651036 -14.58274311 209.8 43.39625848 390 0
2035 3 5.22766879 -7.017416239 301.6 48.66535776 390 0
2035 4 9.618599513 -1.485823363 391.2 104.0946737 390 0
2035 5 16.97382001 6.006217452 461.6 114.7600088 390 0
2035 6 20.85113224 9.421277013 512.7 183.8230077 390 0
2035 7 24.94121498 12.26333434 503.7 67.45303302 390 0
2035 8 24.93694616 12.64929496 439.3 119.6361674 390 0
2035 9 18.94110584 6.087560428 346.6 113.474047 390 0
2035 10 12.60869906 2.881376108 255.1 177.8052536 390 0
2035 11 3.553593082 -5.72586927 163.1 29.94516533 390 0
2035 12 -1.865043507 -10.26533368 125 131.6885444 390 0
2036 1 -7.22021476 -19.6828207 143.5 66.35060724 390 0
2036 2 -2.279296409 -16.00458658 209.8 33.48039492 390 0
2036 3 1.812867726 -9.078291202 301.6 113.7647679 390 0
2036 4 9.77063919 -2.516365319 391.2 85.77765207 390 0
2036 5 18.12056512 3.616306289 461.6 97.38866837 390 0
2036 6 22.19356919 8.514067972 512.7 71.45530126 390 0
2036 7 24.08506213 10.67108217 503.7 56.97582795 390 0
2036 8 23.53266124 11.61138989 439.3 199.0240311 390 0
2036 9 16.60342135 4.070514339 346.6 106.2637374 390 0
2036 10 11.74042549 1.178237407 255.1 123.5714442 390 0
2036 11 3.463995161 -4.308714212 163.1 73.12688282 390 0
2036 12 -4.485055516 -15.35351331 125 63.97759112 390 0
2037 1 -7.038663246 -18.34518645 143.5 101.7333003 390 0
2037 2 -3.52899762 -17.20752925 209.8 68.35185145 390 0
2037 3 -1.197337035 -13.64873535 301.6 76.85007884 390 0
2037 4 6.481066362 -4.414551161 391.2 62.33020735 390 0
2037 5 12.1696889 1.677936974 461.6 111.127641 390 0
2037 6 22.05972893 7.967849743 512.7 89.46175299 390 0
2037 7 23.7420252 11.14477824 503.7 100.0841278 390 0
2037 8 21.89100066 9.551151039 439.3 143.0963253 390 0
2037 9 17.10443455 6.303013306 346.6 74.87089124 390 0
2037 10 10.24390289 -0.443251512 255.1 39.41993933 390 0
2037 11 2.271443744 -6.353601417 163.1 99.43855502 390 0
2037 12 -3.2310211 -13.54641576 125 69.83644976 390 0
2038 1 -4.071806246 -17.50097273 143.5 51.996987 390 0
2038 2 -5.144498209 -18.7477996 209.8 47.68499191 390 0
2038 3 0.058578938 -14.84133015 301.6 59.16751937 390 0
2038 4 6.502779131 -3.657364816 391.2 72.42482257 390 0
2038 5 18.18379025 5.781768006 461.6 159.5314336 390 0
2038 6 21.13470542 9.129873216 512.7 106.3029796 390 0
2038 7 24.56792472 10.05960972 503.7 72.56507926 390 0
2038 8 22.35613574 10.32545846 439.3 137.6518076 390 0
2038 9 18.8062295 6.266403075 346.6 108.635736 390 0
2038 10 11.90150529 0.337862503 255.1 70.82690446 390 0
2038 11 2.226987048 -6.958435204 163.1 115.4449982 390 0
2038 12 -11.3866488 -23.04911859 125 48.56661175 390 0
2039 1 -4.437395037 -15.23770094 143.5 89.33158663 390 0
2039 2 -2.541504074 -15.07469308 209.8 64.68154008 390 0
2039 3 2.110412942 -7.495573836 301.6 112.583688 390 0
2039 4 8.286904783 -1.275246086 391.2 161.2403956 390 0
2039 5 13.59843279 3.464038931 461.6 143.0736347 390 0
2039 6 23.15120182 8.542803828 512.7 55.26374266 390 0
2039 7 24.38245706 11.52638462 503.7 115.9260597 390 0
2039 8 23.71446828 10.95275085 439.3 99.16650697 390 0
2039 9 20.40967582 6.894266696 346.6 78.66137314 390 0
2039 10 11.52499626 0.362865131 255.1 73.2941512 390 0
2039 11 3.294260884 -3.846080791 163.1 206.4654895 390 0
2039 12 -4.644254788 -14.75236383 125 144.6373369 390 0
2040 1 -3.308132205 -12.70434119 143.5 61.67294184 390 0
2040 2 -2.799324346 -14.79221848 209.8 76.62192417 390 0
2040 3 0.473798818 -10.74260887 301.6 79.97221381 390 0
2040 4 7.883238365 -2.042409914 391.2 105.3326967 390 0
2040 5 14.27025107 2.053564297 461.6 92.75379022 390 0
2040 6 20.06688909 7.590314679 512.7 124.478 390 0
2040 7 23.46029476 11.65619666 503.7 114.6097426 390 0
2040 8 25.10458953 11.16490857 439.3 29.05110587 390 0
2040 9 21.202738 7.493120106 346.6 106.7858259 390 0
2040 10 8.856788824 -0.866367898 255.1 75.80375549 390 0
2040 11 1.444911802 -6.686888469 163.1 88.55327721 390 0
2040 12 -3.383516646 -13.27036798 125 59.3593165 390 0
2041 1 -5.111785669 -15.36459879 143.5 130.3709461 390 0
2041 2 -0.42807177 -13.47157766 209.8 78.12305833 390 0
2041 3 2.315161502 -9.082272561 301.6 90.66542533 390 0
2041 4 9.514100139 -2.284065162 391.2 73.97554712 390 0
2041 5 19.79340367 6.155323513 461.6 75.17337431 390 0
2041 6 20.10617709 9.799119367 512.7 201.5317661 390 0
2041 7 23.86282226 11.81069654 503.7 155.5647621 390 0
2041 8 23.67359418 10.14780298 439.3 90.7144582 390 0
2041 9 18.19136444 7.000366959 346.6 89.08071062 390 0
2041 10 10.32905823 1.826669644 255.1 104.9034782 390 0
2041 11 2.225482443 -4.067912167 163.1 69.94745093 390 0
2041 12 0.216214005 -10.33017866 125 50.20866016 390 0
2042 1 -7.22021476 -19.6828207 143.5 66.35060724 390 0
2042 2 -2.279296409 -16.00458658 209.8 33.48039492 390 0
2042 3 1.812867726 -9.078291202 301.6 113.7647679 390 0
2042 4 9.77063919 -2.516365319 391.2 85.77765207 390 0
2042 5 18.12056512 3.616306289 461.6 97.38866837 390 0
2042 6 22.19356919 8.514067972 512.7 71.45530126 390 0
2042 7 24.08506213 10.67108217 503.7 56.97582795 390 0
2042 8 23.53266124 11.61138989 439.3 199.0240311 390 0
2042 9 16.60342135 4.070514339 346.6 106.2637374 390 0
2042 10 11.74042549 1.178237407 255.1 123.5714442 390 0
2042 11 3.463995161 -4.308714212 163.1 73.12688282 390 0
2042 12 -4.485055516 -15.35351331 125 63.97759112 390 0
2043 1 -5.652240466 -17.23147074 143.5 61.07099245 390 0
2043 2 -9.200373952 -24.07010888 209.8 77.1871735 390 0
2043 3 1.571122819 -13.82915532 301.6 69.81532735 390 0
2043 4 8.994892788 -2.700291106 391.2 126.4708708 390 0
2043 5 16.51385897 3.197884746 461.6 70.84987894 390 0
2043 6 21.10186355 7.870906188 512.7 115.7753685 390 0
2043 7 23.59050145 11.33954089 503.7 90.25629856 390 0
2043 8 24.36642617 11.10446882 439.3 91.80615231 390 0
2043 9 17.83745148 5.503263297 346.6 123.9900059 390 0
2043 10 8.492893852 -1.872085911 255.1 100.3659707 390 0
2043 11 3.41953354 -6.28626344 163.1 89.23659652 390 0
2043 12 -2.994061289 -12.64695018 125 104.7713433 390 0
2044 1 -7.354593388 -19.70751437 143.5 56.54105132 390 0
2044 2 -2.220271991 -15.65175957 209.8 61.74529268 390 0
2044 3 0.053349949 -12.24799971 301.6 91.98269207 390 0
2044 4 9.05950831 -1.915855035 391.2 170.8033156 390 0
2044 5 12.62449729 2.880893909 461.6 127.7010012 390 0
2044 6 23.36502078 10.8155272 512.7 105.3519689 390 0
2044 7 24.88480877 11.95296256 503.7 115.7939766 390 0
2044 8 23.81980133 11.18288748 439.3 100.5036534 390 0
2044 9 19.78948584 7.712050995 346.6 145.1391264 390 0
2044 10 11.41914468 3.171905403 255.1 259.4303497 390 0
2044 11 4.074899124 -4.269000595 163.1 148.7108531 390 0
2044 12 -3.473481332 -12.26111601 125 135.108875 390 0
2045 1 -6.593600885 -18.12936738 143.5 89.05563543 390 0
2045 2 -5.052319361 -17.56498168 209.8 69.44565541 390 0
2045 3 -1.102451652 -14.05152013 301.6 93.52447773 390 0
2045 4 6.847656402 -4.155096568 391.2 56.3353897 390 0
2045 5 18.07214076 2.163594431 461.6 31.8217636 390 0
2045 6 20.96878356 8.425997169 512.7 125.1121375 390 0
2045 7 21.1350338 8.968867086 503.7 125.0138864 390 0
2045 8 21.84424137 10.91115462 439.3 107.4749136 390 0
2045 9 18.93340228 6.112462815 346.6 79.61674811 390 0
2045 10 8.893281792 -0.758767584 255.1 85.73530533 390 0
2045 11 2.403537293 -6.29604721 163.1 75.93244878 390 0
2045 12 -2.60636314 -11.71168452 125 44.80270689 390 0
2046 1 -7.385160058 -19.9190512 143.5 42.11028392 390 0
2046 2 0.260586698 -10.75041649 209.8 84.94763989 390 0
2046 3 -2.066741979 -14.30133388 301.6 98.88761232 390 0
2046 4 9.351201485 -2.609994848 391.2 72.25124634 390 0
2046 5 14.66456763 2.574810148 461.6 182.8841214 390 0
2046 6 21.07246858 8.33858695 512.7 148.0683617 390 0
2046 7 23.75262908 12.16399186 503.7 138.3861388 390 0
2046 8 24.36846219 12.30987669 439.3 65.5562584 390 0
2046 9 17.3647656 4.076175838 346.6 44.29125257 390 0
2046 10 13.13373114 0.263272115 255.1 60.79666746 390 0
2046 11 4.39205477 -5.225778293 163.1 78.00655877 390 0
2046 12 -1.812322148 -11.67016951 125 82.92485964 390 0
2047 1 -9.484697064 -20.43917642 143.5 35.88635913 390 0
2047 2 -7.200566804 -19.83816878 209.8 58.90654794 390 0
2047 3 0.529602696 -13.36749323 301.6 74.06325528 390 0
2047 4 6.448568991 -5.648683514 391.2 46.83986644 390 0
2047 5 14.97488083 3.027781534 461.6 87.27590562 390 0
2047 6 22.05829911 8.793170104 512.7 89.3921525 390 0
2047 7 23.31780611 12.21972497 503.7 118.9815617 390 0
2047 8 23.40077981 12.65427665 439.3 97.78047359 390 0
2047 9 20.23008925 7.253929065 346.6 99.83453523 390 0
2047 10 10.5796136 0.516698113 255.1 192.1685783 390 0
2047 11 4.762676332 -4.539006618 163.1 111.1257838 390 0
2047 12 -2.30606403 -12.39045641 125 178.8066754 390 0
2048 1 -4.034802153 -13.44951723 143.5 107.5841708 390 0
2048 2 -6.415975581 -19.8835705 209.8 62.05128029 390 0
2048 3 2.031059099 -9.531178939 301.6 58.67844641 390 0
2048 4 5.747730261 -5.567814972 391.2 50.18526831 390 0
2048 5 15.35908868 2.589111793 461.6 100.7956488 390 0
2048 6 23.68224453 8.755059586 512.7 52.54307692 390 0
2048 7 25.23374029 12.87913003 503.7 116.310747 390 0
2048 8 24.2988474 10.20863356 439.3 74.38476518 390 0
2048 9 17.28935168 2.83701538 346.6 66.66146986 390 0
2048 10 13.77449915 2.395979421 255.1 184.4044822 390 0
2048 11 1.63920805 -6.89075695 163.1 147.3422097 390 0
2048 12 -5.909630901 -15.54903189 125 76.93593721 390 0
2049 1 -1.861639451 -13.07640279 143.5 108.3821067 390 0
2049 2 -3.691228916 -17.76098898 209.8 57.27603633 390 0
2049 3 2.067977426 -11.56861576 301.6 47.00429006 390 0
2049 4 8.408287168 -2.251289966 391.2 77.12777309 390 0
2049 5 14.90212685 2.306282669 461.6 111.9821612 390 0
2049 6 21.58901962 9.434296808 512.7 130.1881886 390 0
2049 7 23.95598837 11.59627801 503.7 95.00311981 390 0
2049 8 24.27255673 11.50594735 439.3 148.6378789 390 0
2049 9 17.41104915 5.961131008 346.6 93.93062691 390 0
2049 10 11.37909794 2.357992982 255.1 210.7243108 390 0
2049 11 3.288536132 -4.227573775 163.1 103.0906608 390 0
2049 12 -0.834931311 -11.70232815 125 129.1964612 390 0
2050 1 -4.071806246 -17.50097273 143.5 51.996987 390 0
2050 2 -5.144498209 -18.7477996 209.8 47.68499191 390 0
2050 3 0.058578938 -14.84133015 301.6 59.16751937 390 0
2050 4 6.502779131 -3.657364816 391.2 72.42482257 390 0
2050 5 18.18379025 5.781768006 461.6 159.5314336 390 0
2050 6 21.13470542 9.129873216 512.7 106.3029796 390 0
2050 7 24.56792472 10.05960972 503.7 72.56507926 390 0
2050 8 22.35613574 10.32545846 439.3 137.6518076 390 0
2050 9 18.8062295 6.266403075 346.6 108.635736 390 0
2050 10 11.90150529 0.337862503 255.1 70.82690446 390 0
2050 11 2.226987048 -6.958435204 163.1 115.4449982 390 0
2050 12 -11.3866488 -23.04911859 125 48.56661175 390 0
2051 1 -4.071806246 -17.50097273 143.5 51.996987 390 0
2051 2 -5.144498209 -18.7477996 209.8 47.68499191 390 0
2051 3 0.058578938 -14.84133015 301.6 59.16751937 390 0
2051 4 6.502779131 -3.657364816 391.2 72.42482257 390 0
2051 5 18.18379025 5.781768006 461.6 159.5314336 390 0
2051 6 21.13470542 9.129873216 512.7 106.3029796 390 0
2051 7 24.56792472 10.05960972 503.7 72.56507926 390 0
2051 8 22.35613574 10.32545846 439.3 137.6518076 390 0
2051 9 18.8062295 6.266403075 346.6 108.635736 390 0
2051 10 11.90150529 0.337862503 255.1 70.82690446 390 0
2051 11 2.226987048 -6.958435204 163.1 115.4449982 390 0
2051 12 -11.3866488 -23.04911859 125 48.56661175 390 0
2052 1 -7.385160058 -19.9190512 143.5 42.11028392 390 0
2052 2 0.260586698 -10.75041649 209.8 84.94763989 390 0
2052 3 -2.066741979 -14.30133388 301.6 98.88761232 390 0
2052 4 9.351201485 -2.609994848 391.2 72.25124634 390 0
2052 5 14.66456763 2.574810148 461.6 182.8841214 390 0
2052 6 21.07246858 8.33858695 512.7 148.0683617 390 0
2052 7 23.75262908 12.16399186 503.7 138.3861388 390 0
2052 8 24.36846219 12.30987669 439.3 65.5562584 390 0
2052 9 17.3647656 4.076175838 346.6 44.29125257 390 0
2052 10 13.13373114 0.263272115 255.1 60.79666746 390 0
2052 11 4.39205477 -5.225778293 163.1 78.00655877 390 0
2052 12 -1.812322148 -11.67016951 125 82.92485964 390 0
2053 1 -4.664154888 -15.53720974 143.5 82.80611569 390 0
2053 2 -2.512651036 -14.58274311 209.8 43.39625848 390 0
2053 3 5.22766879 -7.017416239 301.6 48.66535776 390 0
2053 4 9.618599513 -1.485823363 391.2 104.0946737 390 0
2053 5 16.97382001 6.006217452 461.6 114.7600088 390 0
2053 6 20.85113224 9.421277013 512.7 183.8230077 390 0
2053 7 24.94121498 12.26333434 503.7 67.45303302 390 0
2053 8 24.93694616 12.64929496 439.3 119.6361674 390 0
2053 9 18.94110584 6.087560428 346.6 113.474047 390 0
2053 10 12.60869906 2.881376108 255.1 177.8052536 390 0
2053 11 3.553593082 -5.72586927 163.1 29.94516533 390 0
2053 12 -1.865043507 -10.26533368 125 131.6885444 390 0
2054 1 -6.593600885 -18.12936738 143.5 89.05563543 390 0
2054 2 -5.052319361 -17.56498168 209.8 69.44565541 390 0
2054 3 -1.102451652 -14.05152013 301.6 93.52447773 390 0
2054 4 6.847656402 -4.155096568 391.2 56.3353897 390 0
2054 5 18.07214076 2.163594431 461.6 31.8217636 390 0
2054 6 20.96878356 8.425997169 512.7 125.1121375 390 0
2054 7 21.1350338 8.968867086 503.7 125.0138864 390 0
2054 8 21.84424137 10.91115462 439.3 107.4749136 390 0
2054 9 18.93340228 6.112462815 346.6 79.61674811 390 0
2054 10 8.893281792 -0.758767584 255.1 85.73530533 390 0
2054 11 2.403537293 -6.29604721 163.1 75.93244878 390 0
2054 12 -2.60636314 -11.71168452 125 44.80270689 390 0
2055 1 -4.071806246 -17.50097273 143.5 51.996987 390 0
2055 2 -5.144498209 -18.7477996 209.8 47.68499191 390 0
2055 3 0.058578938 -14.84133015 301.6 59.16751937 390 0
2055 4 6.502779131 -3.657364816 391.2 72.42482257 390 0
2055 5 18.18379025 5.781768006 461.6 159.5314336 390 0
2055 6 21.13470542 9.129873216 512.7 106.3029796 390 0
2055 7 24.56792472 10.05960972 503.7 72.56507926 390 0
2055 8 22.35613574 10.32545846 439.3 137.6518076 390 0
2055 9 18.8062295 6.266403075 346.6 108.635736 390 0
2055 10 11.90150529 0.337862503 255.1 70.82690446 390 0
2055 11 2.226987048 -6.958435204 163.1 115.4449982 390 0
2055 12 -11.3866488 -23.04911859 125 48.56661175 390 0
2056 1 -9.164157804 -20.1048429 143.5 28.04908708 390 0
2056 2 -3.108673886 -14.99389261 209.8 75.40230017 390 0
2056 3 0.968449034 -11.45467986 301.6 64.37953673 390 0
2056 4 7.636608611 -4.648903453 391.2 47.0228115 390 0
2056 5 16.27406703 2.19179755 461.6 82.75522756 390 0
2056 6 19.13507234 8.023482208 512.7 107.4840784 390 0
2056 7 24.49913467 11.35195644 503.7 141.224462 390 0
2056 8 22.49730997 9.409730446 439.3 83.98759263 390 0
2056 9 18.9776229 6.286298532 346.6 95.75946259 390 0
2056 10 11.84212866 0.637175172 255.1 67.51051533 390 0
2056 11 2.600918367 -5.573256685 163.1 99.44475843 390 0
2056 12 -5.454282207 -16.64195441 125 54.05327167 390 0
2057 1 -4.664154888 -15.53720974 143.5 82.80611569 390 0
2057 2 -2.512651036 -14.58274311 209.8 43.39625848 390 0
2057 3 5.22766879 -7.017416239 301.6 48.66535776 390 0
2057 4 9.618599513 -1.485823363 391.2 104.0946737 390 0
2057 5 16.97382001 6.006217452 461.6 114.7600088 390 0
2057 6 20.85113224 9.421277013 512.7 183.8230077 390 0
2057 7 24.94121498 12.26333434 503.7 67.45303302 390 0
2057 8 24.93694616 12.64929496 439.3 119.6361674 390 0
2057 9 18.94110584 6.087560428 346.6 113.474047 390 0
2057 10 12.60869906 2.881376108 255.1 177.8052536 390 0
2057 11 3.553593082 -5.72586927 163.1 29.94516533 390 0
2057 12 -1.865043507 -10.26533368 125 131.6885444 390 0
2058 1 -7.038663246 -18.34518645 143.5 101.7333003 390 0
2058 2 -3.52899762 -17.20752925 209.8 68.35185145 390 0
2058 3 -1.197337035 -13.64873535 301.6 76.85007884 390 0
2058 4 6.481066362 -4.414551161 391.2 62.33020735 390 0
2058 5 12.1696889 1.677936974 461.6 111.127641 390 0
2058 6 22.05972893 7.967849743 512.7 89.46175299 390 0
2058 7 23.7420252 11.14477824 503.7 100.0841278 390 0
2058 8 21.89100066 9.551151039 439.3 143.0963253 390 0
2058 9 17.10443455 6.303013306 346.6 74.87089124 390 0
2058 10 10.24390289 -0.443251512 255.1 39.41993933 390 0
2058 11 2.271443744 -6.353601417 163.1 99.43855502 390 0
2058 12 -3.2310211 -13.54641576 125 69.83644976 390 0
2059 1 -9.164157804 -20.1048429 143.5 28.04908708 390 0
2059 2 -3.108673886 -14.99389261 209.8 75.40230017 390 0
2059 3 0.968449034 -11.45467986 301.6 64.37953673 390 0
2059 4 7.636608611 -4.648903453 391.2 47.0228115 390 0
2059 5 16.27406703 2.19179755 461.6 82.75522756 390 0
2059 6 19.13507234 8.023482208 512.7 107.4840784 390 0
2059 7 24.49913467 11.35195644 503.7 141.224462 390 0
2059 8 22.49730997 9.409730446 439.3 83.98759263 390 0
2059 9 18.9776229 6.286298532 346.6 95.75946259 390 0
2059 10 11.84212866 0.637175172 255.1 67.51051533 390 0
2059 11 2.600918367 -5.573256685 163.1 99.44475843 390 0
2059 12 -5.454282207 -16.64195441 125 54.05327167 390 0
2060 1 -9.323962665 -22.39629465 143.5 31.96093814 390 0
2060 2 1.503812166 -9.776685117 209.8 102.207671 390 0
2060 3 2.027688048 -8.586690459 301.6 47.28437373 390 0
2060 4 9.265577713 -2.051228037 391.2 72.66283069 390 0
2060 5 17.61795827 4.210769332 461.6 99.81752163 390 0
2060 6 21.48254714 8.936341911 512.7 121.5277475 390 0
2060 7 24.28322919 11.60375009 503.7 111.0125289 390 0
2060 8 22.81166186 9.790482943 439.3 171.3246394 390 0
2060 9 16.93981442 5.928686675 346.6 162.757513 390 0
2060 10 9.439655275 -0.6400594 255.1 157.3540475 390 0
2060 11 3.432357821 -4.256153586 163.1 69.31734563 390 0
2060 12 -2.519111582 -9.996319114 125 104.0123155 390 0
2061 1 -5.098205502 -15.90082338 143.5 64.44096269 390 0
2061 2 -7.804282349 -20.12719062 209.8 56.45710349 390 0
2061 3 0.375333005 -12.1316871 301.6 93.84384311 390 0
2061 4 6.298426643 -4.146670103 391.2 146.5829735 390 0
2061 5 16.17602056 2.895808477 461.6 86.95621135 390 0
2061 6 21.69802147 9.085271365 512.7 87.88140726 390 0
2061 7 22.83318154 11.06535332 503.7 115.007158 390 0
2061 8 22.87835452 9.681190155 439.3 121.3878345 390 0
2061 9 19.69778065 6.371512067 346.6 64.02035897 390 0
2061 10 13.88923655 3.157661797 255.1 120.1833853 390 0
2061 11 2.17749754 -6.170012907 163.1 168.6861034 390 0
2061 12 -4.944569282 -14.61555232 125 112.4769429 390 0
2062 1 -4.437395037 -15.23770094 143.5 89.33158663 390 0
2062 2 -2.541504074 -15.07469308 209.8 64.68154008 390 0
2062 3 2.110412942 -7.495573836 301.6 112.583688 390 0
2062 4 8.286904783 -1.275246086 391.2 161.2403956 390 0
2062 5 13.59843279 3.464038931 461.6 143.0736347 390 0
2062 6 23.15120182 8.542803828 512.7 55.26374266 390 0
2062 7 24.38245706 11.52638462 503.7 115.9260597 390 0
2062 8 23.71446828 10.95275085 439.3 99.16650697 390 0
2062 9 20.40967582 6.894266696 346.6 78.66137314 390 0
2062 10 11.52499626 0.362865131 255.1 73.2941512 390 0
2062 11 3.294260884 -3.846080791 163.1 206.4654895 390 0
2062 12 -4.644254788 -14.75236383 125 144.6373369 390 0
2063 1 -4.664154888 -15.53720974 143.5 82.80611569 390 0
2063 2 -2.512651036 -14.58274311 209.8 43.39625848 390 0
2063 3 5.22766879 -7.017416239 301.6 48.66535776 390 0
2063 4 9.618599513 -1.485823363 391.2 104.0946737 390 0
2063 5 16.97382001 6.006217452 461.6 114.7600088 390 0
2063 6 20.85113224 9.421277013 512.7 183.8230077 390 0
2063 7 24.94121498 12.26333434 503.7 67.45303302 390 0
2063 8 24.93694616 12.64929496 439.3 119.6361674 390 0
2063 9 18.94110584 6.087560428 346.6 113.474047 390 0
2063 10 12.60869906 2.881376108 255.1 177.8052536 390 0
2063 11 3.553593082 -5.72586927 163.1 29.94516533 390 0
2063 12 -1.865043507 -10.26533368 125 131.6885444 390 0
2064 1 -7.03433713 -18.14644336 143.5 88.56748939 390 0
2064 2 -3.166323127 -16.95338626 209.8 78.81866143 390 0
2064 3 4.302486169 -7.452236235 301.6 77.02340595 390 0
2064 4 7.045096027 -2.354855356 391.2 146.3640701 390 0
2064 5 14.63266857 3.066261138 461.6 127.1618911 390 0
2064 6 20.52037283 8.048073554 512.7 71.29647661 390 0
2064 7 21.92119184 10.56940814 503.7 103.897714 390 0
2064 8 21.98669808 10.51887518 439.3 80.81661063 390 0
2064 9 17.68924703 5.647367797 346.6 68.28613021 390 0
2064 10 11.27438638 0.183717248 255.1 82.79315972 390 0
2064 11 3.478904165 -2.705542182 163.1 72.59285043 390 0
2064 12 -5.601047199 -15.30723617 125 116.3383101 390 0
2065 1 -9.323962665 -22.39629465 143.5 31.96093814 390 0
2065 2 1.503812166 -9.776685117 209.8 102.207671 390 0
2065 3 2.027688048 -8.586690459 301.6 47.28437373 390 0
2065 4 9.265577713 -2.051228037 391.2 72.66283069 390 0
2065 5 17.61795827 4.210769332 461.6 99.81752163 390 0
2065 6 21.48254714 8.936341911 512.7 121.5277475 390 0
2065 7 24.28322919 11.60375009 503.7 111.0125289 390 0
2065 8 22.81166186 9.790482943 439.3 171.3246394 390 0
2065 9 16.93981442 5.928686675 346.6 162.757513 390 0
2065 10 9.439655275 -0.6400594 255.1 157.3540475 390 0
2065 11 3.432357821 -4.256153586 163.1 69.31734563 390 0
2065 12 -2.519111582 -9.996319114 125 104.0123155 390 0
2066 1 -9.701245057 -22.62052508 143.5 64.57479699 390 0
2066 2 -3.492029877 -15.94706536 209.8 66.42962616 390 0
2066 3 1.505569751 -12.28390844 301.6 55.39301495 390 0
2066 4 9.72981826 -1.904613422 391.2 85.40107358 390 0
2066 5 15.78636848 3.078076765 461.6 104.3446649 390 0
2066 6 19.89504822 9.124202957 512.7 149.9317918 390 0
2066 7 21.47650193 11.85715642 503.7 174.3816886 390 0
2066 8 23.90129727 12.12368387 439.3 92.10316894 390 0
2066 9 18.61842893 4.980464427 346.6 51.54460134 390 0
2066 10 7.599540331 -0.126034926 255.1 133.0071359 390 0
2066 11 7.126029498 -2.804263212 163.1 117.2747122 390 0
2066 12 -3.80184792 -11.29968242 125 104.1353517 390 0
2067 1 -7.385160058 -19.9190512 143.5 42.11028392 390 0
2067 2 0.260586698 -10.75041649 209.8 84.94763989 390 0
2067 3 -2.066741979 -14.30133388 301.6 98.88761232 390 0
2067 4 9.351201485 -2.609994848 391.2 72.25124634 390 0
2067 5 14.66456763 2.574810148 461.6 182.8841214 390 0
2067 6 21.07246858 8.33858695 512.7 148.0683617 390 0
2067 7 23.75262908 12.16399186 503.7 138.3861388 390 0
2067 8 24.36846219 12.30987669 439.3 65.5562584 390 0
2067 9 17.3647656 4.076175838 346.6 44.29125257 390 0
2067 10 13.13373114 0.263272115 255.1 60.79666746 390 0
2067 11 4.39205477 -5.225778293 163.1 78.00655877 390 0
2067 12 -1.812322148 -11.67016951 125 82.92485964 390 0
2068 1 -4.034802153 -13.44951723 143.5 107.5841708 390 0
2068 2 -6.415975581 -19.8835705 209.8 62.05128029 390 0
2068 3 2.031059099 -9.531178939 301.6 58.67844641 390 0
2068 4 5.747730261 -5.567814972 391.2 50.18526831 390 0
2068 5 15.35908868 2.589111793 461.6 100.7956488 390 0
2068 6 23.68224453 8.755059586 512.7 52.54307692 390 0
2068 7 25.23374029 12.87913003 503.7 116.310747 390 0
2068 8 24.2988474 10.20863356 439.3 74.38476518 390 0
2068 9 17.28935168 2.83701538 346.6 66.66146986 390 0
2068 10 13.77449915 2.395979421 255.1 184.4044822 390 0
2068 11 1.63920805 -6.89075695 163.1 147.3422097 390 0
2068 12 -5.909630901 -15.54903189 125 76.93593721 390 0
2069 1 -4.664154888 -15.53720974 143.5 82.80611569 390 0
2069 2 -2.512651036 -14.58274311 209.8 43.39625848 390 0
2069 3 5.22766879 -7.017416239 301.6 48.66535776 390 0
2069 4 9.618599513 -1.485823363 391.2 104.0946737 390 0
2069 5 16.97382001 6.006217452 461.6 114.7600088 390 0
2069 6 20.85113224 9.421277013 512.7 183.8230077 390 0
2069 7 24.94121498 12.26333434 503.7 67.45303302 390 0
2069 8 24.93694616 12.64929496 439.3 119.6361674 390 0
2069 9 18.94110584 6.087560428 346.6 113.474047 390 0
2069 10 12.60869906 2.881376108 255.1 177.8052536 390 0
2069 11 3.553593082 -5.72586927 163.1 29.94516533 390 0
2069 12 -1.865043507 -10.26533368 125 131.6885444 390 0
2070 1 -11.25041584 -24.73640405 143.5 109.8558336 390 0
2070 2 -6.988898296 -20.96866583 209.8 39.85023283 390 0
2070 3 0.36621421 -10.37696356 301.6 86.42814384 390 0
2070 4 7.219841978 -3.630256539 391.2 107.8971891 390 0
2070 5 14.4239666 1.85312106 461.6 105.5481653 390 0
2070 6 22.949769 9.994965896 512.7 125.9125761 390 0
2070 7 25.09417 13.29738795 503.7 126.8533434 390 0
2070 8 22.18059675 9.301486351 439.3 74.01321582 390 0
2070 9 16.68768178 5.673578963 346.6 102.0885935 390 0
2070 10 12.44394745 0.538981482 255.1 30.84872094 390 0
2070 11 5.974842115 -4.43398533 163.1 97.1143838 390 0
2070 12 -1.37389967 -11.78458991 125 60.84965427 390 0
2071 1 -4.700041394 -17.0469625 143.5 143.3281435 390 0
2071 2 -4.865222755 -17.8095021 209.8 34.50793829 390 0
2071 3 1.87502871 -11.16835626 301.6 76.31632296 390 0
2071 4 11.49578944 -0.854364119 391.2 53.95726335 390 0
2071 5 17.33606464 4.063043472 461.6 106.0089113 390 0
2071 6 19.67971421 6.214342559 512.7 92.73022973 390 0
2071 7 21.91305667 10.7002319 503.7 115.0679437 390 0
2071 8 21.23269958 10.1291153 439.3 157.1200232 390 0
2071 9 16.10318323 4.181963269 346.6 107.0522876 390 0
2071 10 10.34543649 0.144916128 255.1 47.71531682 390 0
2071 11 1.488573065 -7.632255453 163.1 89.18740981 390 0
2071 12 -2.803845822 -13.73306573 125 65.25858428 390 0
2072 1 -9.323962665 -22.39629465 143.5 31.96093814 390 0
2072 2 1.503812166 -9.776685117 209.8 102.207671 390 0
2072 3 2.027688048 -8.586690459 301.6 47.28437373 390 0
2072 4 9.265577713 -2.051228037 391.2 72.66283069 390 0
2072 5 17.61795827 4.210769332 461.6 99.81752163 390 0
2072 6 21.48254714 8.936341911 512.7 121.5277475 390 0
2072 7 24.28322919 11.60375009 503.7 111.0125289 390 0
2072 8 22.81166186 9.790482943 439.3 171.3246394 390 0
2072 9 16.93981442 5.928686675 346.6 162.757513 390 0
2072 10 9.439655275 -0.6400594 255.1 157.3540475 390 0
2072 11 3.432357821 -4.256153586 163.1 69.31734563 390 0
2072 12 -2.519111582 -9.996319114 125 104.0123155 390 0
2073 1 -6.593600885 -18.12936738 143.5 89.05563543 390 0
2073 2 -5.052319361 -17.56498168 209.8 69.44565541 390 0
2073 3 -1.102451652 -14.05152013 301.6 93.52447773 390 0
2073 4 6.847656402 -4.155096568 391.2 56.3353897 390 0
2073 5 18.07214076 2.163594431 461.6 31.8217636 390 0
2073 6 20.96878356 8.425997169 512.7 125.1121375 390 0
2073 7 21.1350338 8.968867086 503.7 125.0138864 390 0
2073 8 21.84424137 10.91115462 439.3 107.4749136 390 0
2073 9 18.93340228 6.112462815 346.6 79.61674811 390 0
2073 10 8.893281792 -0.758767584 255.1 85.73530533 390 0
2073 11 2.403537293 -6.29604721 163.1 75.93244878 390 0
2073 12 -2.60636314 -11.71168452 125 44.80270689 390 0
2074 1 -11.25041584 -24.73640405 143.5 109.8558336 390 0
2074 2 -6.988898296 -20.96866583 209.8 39.85023283 390 0
2074 3 0.36621421 -10.37696356 301.6 86.42814384 390 0
2074 4 7.219841978 -3.630256539 391.2 107.8971891 390 0
2074 5 14.4239666 1.85312106 461.6 105.5481653 390 0
2074 6 22.949769 9.994965896 512.7 125.9125761 390 0
2074 7 25.09417 13.29738795 503.7 126.8533434 390 0
2074 8 22.18059675 9.301486351 439.3 74.01321582 390 0
2074 9 16.68768178 5.673578963 346.6 102.0885935 390 0
2074 10 12.44394745 0.538981482 255.1 30.84872094 390 0
2074 11 5.974842115 -4.43398533 163.1 97.1143838 390 0
2074 12 -1.37389967 -11.78458991 125 60.84965427 390 0
2075 1 -9.701245057 -22.62052508 143.5 64.57479699 390 0
2075 2 -3.492029877 -15.94706536 209.8 66.42962616 390 0
2075 3 1.505569751 -12.28390844 301.6 55.39301495 390 0
2075 4 9.72981826 -1.904613422 391.2 85.40107358 390 0
2075 5 15.78636848 3.078076765 461.6 104.3446649 390 0
2075 6 19.89504822 9.124202957 512.7 149.9317918 390 0
2075 7 21.47650193 11.85715642 503.7 174.3816886 390 0
2075 8 23.90129727 12.12368387 439.3 92.10316894 390 0
2075 9 18.61842893 4.980464427 346.6 51.54460134 390 0
2075 10 7.599540331 -0.126034926 255.1 133.0071359 390 0
2075 11 7.126029498 -2.804263212 163.1 117.2747122 390 0
2075 12 -3.80184792 -11.29968242 125 104.1353517 390 0
2076 1 -1.861639451 -13.07640279 143.5 108.3821067 390 0
2076 2 -3.691228916 -17.76098898 209.8 57.27603633 390 0
2076 3 2.067977426 -11.56861576 301.6 47.00429006 390 0
2076 4 8.408287168 -2.251289966 391.2 77.12777309 390 0
2076 5 14.90212685 2.306282669 461.6 111.9821612 390 0
2076 6 21.58901962 9.434296808 512.7 130.1881886 390 0
2076 7 23.95598837 11.59627801 503.7 95.00311981 390 0
2076 8 24.27255673 11.50594735 439.3 148.6378789 390 0
2076 9 17.41104915 5.961131008 346.6 93.93062691 390 0
2076 10 11.37909794 2.357992982 255.1 210.7243108 390 0
2076 11 3.288536132 -4.227573775 163.1 103.0906608 390 0
2076 12 -0.834931311 -11.70232815 125 129.1964612 390 0
2077 1 -7.354593388 -19.70751437 143.5 56.54105132 390 0
2077 2 -2.220271991 -15.65175957 209.8 61.74529268 390 0
2077 3 0.053349949 -12.24799971 301.6 91.98269207 390 0
2077 4 9.05950831 -1.915855035 391.2 170.8033156 390 0
2077 5 12.62449729 2.880893909 461.6 127.7010012 390 0
2077 6 23.36502078 10.8155272 512.7 105.3519689 390 0
2077 7 24.88480877 11.95296256 503.7 115.7939766 390 0
2077 8 23.81980133 11.18288748 439.3 100.5036534 390 0
2077 9 19.78948584 7.712050995 346.6 145.1391264 390 0
2077 10 11.41914468 3.171905403 255.1 259.4303497 390 0
2077 11 4.074899124 -4.269000595 163.1 148.7108531 390 0
2077 12 -3.473481332 -12.26111601 125 135.108875 390 0
2078 1 -5.715423102 -18.23219528 143.5 32.89072371 390 0
2078 2 -4.612757386 -17.84003594 209.8 71.28644665 390 0
2078 3 -0.533479375 -12.95875222 301.6 86.77222067 390 0
2078 4 7.727273546 -4.336040138 391.2 23.26937245 390 0
2078 5 19.47171165 4.153689054 461.6 55.01732155 390 0
2078 6 22.10734406 9.88603592 512.7 98.40346457 390 0
2078 7 22.69598234 11.0944056 503.7 118.183674 390 0
2078 8 25.43039195 11.08763578 439.3 53.16892753 390 0
2078 9 19.72977102 6.963620175 346.6 103.031728 390 0
2078 10 13.30117973 1.287117424 255.1 56.7758653 390 0
2078 11 5.471253938 -2.627571202 163.1 54.55652497 390 0
2078 12 0.560634409 -7.345302611 125 48.82575506 390 0
2079 1 -1.861639451 -13.07640279 143.5 108.3821067 390 0
2079 2 -3.691228916 -17.76098898 209.8 57.27603633 390 0
2079 3 2.067977426 -11.56861576 301.6 47.00429006 390 0
2079 4 8.408287168 -2.251289966 391.2 77.12777309 390 0
2079 5 14.90212685 2.306282669 461.6 111.9821612 390 0
2079 6 21.58901962 9.434296808 512.7 130.1881886 390 0
2079 7 23.95598837 11.59627801 503.7 95.00311981 390 0
2079 8 24.27255673 11.50594735 439.3 148.6378789 390 0
2079 9 17.41104915 5.961131008 346.6 93.93062691 390 0
2079 10 11.37909794 2.357992982 255.1 210.7243108 390 0
2079 11 3.288536132 -4.227573775 163.1 103.0906608 390 0
2079 12 -0.834931311 -11.70232815 125 129.1964612 390 0
2080 1 -9.323962665 -22.39629465 143.5 31.96093814 390 0
2080 2 1.503812166 -9.776685117 209.8 102.207671 390 0
2080 3 2.027688048 -8.586690459 301.6 47.28437373 390 0
2080 4 9.265577713 -2.051228037 391.2 72.66283069 390 0
2080 5 17.61795827 4.210769332 461.6 99.81752163 390 0
2080 6 21.48254714 8.936341911 512.7 121.5277475 390 0
2080 7 24.28322919 11.60375009 503.7 111.0125289 390 0
2080 8 22.81166186 9.790482943 439.3 171.3246394 390 0
2080 9 16.93981442 5.928686675 346.6 162.757513 390 0
2080 10 9.439655275 -0.6400594 255.1 157.3540475 390 0
2080 11 3.432357821 -4.256153586 163.1 69.31734563 390 0
2080 12 -2.519111582 -9.996319114 125 104.0123155 390 0
2081 1 -4.664154888 -15.53720974 143.5 82.80611569 390 0
2081 2 -2.512651036 -14.58274311 209.8 43.39625848 390 0
2081 3 5.22766879 -7.017416239 301.6 48.66535776 390 0
2081 4 9.618599513 -1.485823363 391.2 104.0946737 390 0
2081 5 16.97382001 6.006217452 461.6 114.7600088 390 0
2081 6 20.85113224 9.421277013 512.7 183.8230077 390 0
2081 7 24.94121498 12.26333434 503.7 67.45303302 390 0
2081 8 24.93694616 12.64929496 439.3 119.6361674 390 0
2081 9 18.94110584 6.087560428 346.6 113.474047 390 0
2081 10 12.60869906 2.881376108 255.1 177.8052536 390 0
2081 11 3.553593082 -5.72586927 163.1 29.94516533 390 0
2081 12 -1.865043507 -10.26533368 125 131.6885444 390 0
2082 1 -10.36729337 -23.3991968 143.5 80.04131873 390 0
2082 2 -5.407691114 -18.23564845 209.8 64.39941504 390 0
2082 3 0.867216582 -12.3680572 301.6 68.49106955 390 0
2082 4 6.376706016 -5.083098657 391.2 80.14441064 390 0
2082 5 17.81372827 3.009022682 461.6 31.07540514 390 0
2082 6 19.9154333 7.617648746 512.7 122.8305797 390 0
2082 7 24.35956023 10.49619714 503.7 63.24114211 390 0
2082 8 20.75570369 8.216680978 439.3 118.4651055 390 0
2082 9 18.14948963 6.799072554 346.6 92.91731064 390 0
2082 10 12.41583247 0.196196197 255.1 38.80330243 390 0
2082 11 5.475760723 -3.947091068 163.1 127.0921604 390 0
2082 12 -0.23966827 -10.61745935 125 56.76453484 390 0
2083 1 -9.701245057 -22.62052508 143.5 64.57479699 390 0
2083 2 -3.492029877 -15.94706536 209.8 66.42962616 390 0
2083 3 1.505569751 -12.28390844 301.6 55.39301495 390 0
2083 4 9.72981826 -1.904613422 391.2 85.40107358 390 0
2083 5 15.78636848 3.078076765 461.6 104.3446649 390 0
2083 6 19.89504822 9.124202957 512.7 149.9317918 390 0
2083 7 21.47650193 11.85715642 503.7 174.3816886 390 0
2083 8 23.90129727 12.12368387 439.3 92.10316894 390 0
2083 9 18.61842893 4.980464427 346.6 51.54460134 390 0
2083 10 7.599540331 -0.126034926 255.1 133.0071359 390 0
2083 11 7.126029498 -2.804263212 163.1 117.2747122 390 0
2083 12 -3.80184792 -11.29968242 125 104.1353517 390 0
2084 1 -7.22021476 -19.6828207 143.5 66.35060724 390 0
2084 2 -2.279296409 -16.00458658 209.8 33.48039492 390 0
2084 3 1.812867726 -9.078291202 301.6 113.7647679 390 0
2084 4 9.77063919 -2.516365319 391.2 85.77765207 390 0
2084 5 18.12056512 3.616306289 461.6 97.38866837 390 0
2084 6 22.19356919 8.514067972 512.7 71.45530126 390 0
2084 7 24.08506213 10.67108217 503.7 56.97582795 390 0
2084 8 23.53266124 11.61138989 439.3 199.0240311 390 0
2084 9 16.60342135 4.070514339 346.6 106.2637374 390 0
2084 10 11.74042549 1.178237407 255.1 123.5714442 390 0
2084 11 3.463995161 -4.308714212 163.1 73.12688282 390 0
2084 12 -4.485055516 -15.35351331 125 63.97759112 390 0
2085 1 -4.664154888 -15.53720974 143.5 82.80611569 390 0
2085 2 -2.512651036 -14.58274311 209.8 43.39625848 390 0
2085 3 5.22766879 -7.017416239 301.6 48.66535776 390 0
2085 4 9.618599513 -1.485823363 391.2 104.0946737 390 0
2085 5 16.97382001 6.006217452 461.6 114.7600088 390 0
2085 6 20.85113224 9.421277013 512.7 183.8230077 390 0
2085 7 24.94121498 12.26333434 503.7 67.45303302 390 0
2085 8 24.93694616 12.64929496 439.3 119.6361674 390 0
2085 9 18.94110584 6.087560428 346.6 113.474047 390 0
2085 10 12.60869906 2.881376108 255.1 177.8052536 390 0
2085 11 3.553593082 -5.72586927 163.1 29.94516533 390 0
2085 12 -1.865043507 -10.26533368 125 131.6885444 390 0
2086 1 -7.354593388 -19.70751437 143.5 56.54105132 390 0
2086 2 -2.220271991 -15.65175957 209.8 61.74529268 390 0
2086 3 0.053349949 -12.24799971 301.6 91.98269207 390 0
2086 4 9.05950831 -1.915855035 391.2 170.8033156 390 0
2086 5 12.62449729 2.880893909 461.6 127.7010012 390 0
2086 6 23.36502078 10.8155272 512.7 105.3519689 390 0
2086 7 24.88480877 11.95296256 503.7 115.7939766 390 0
2086 8 23.81980133 11.18288748 439.3 100.5036534 390 0
2086 9 19.78948584 7.712050995 346.6 145.1391264 390 0
2086 10 11.41914468 3.171905403 255.1 259.4303497 390 0
2086 11 4.074899124 -4.269000595 163.1 148.7108531 390 0
2086 12 -3.473481332 -12.26111601 125 135.108875 390 0
2087 1 -4.130181058 -13.03636379 143.5 70.4120123 390 0
2087 2 -3.200797208 -9.6785865 209.8 64.35814192 390 0
2087 3 4.865056063 -6.452973071 301.6 105.5762882 390 0
2087 4 11.49361502 -0.202802329 391.2 83.40965654 390 0
2087 5 18.32585204 4.746548738 461.6 52.93268898 390 0
2087 6 20.73010706 9.273313865 512.7 150.4079 390 0
2087 7 25.34174387 14.12926306 503.7 99.76358738 390 0
2087 8 23.61882017 10.93466831 439.3 81.91642911 390 0
2087 9 18.42745024 8.515849473 346.6 138.3368924 390 0
2087 10 10.52275034 1.250796255 255.1 162.6756203 390 0
2087 11 3.810940723 -4.534572285 163.1 111.6980757 390 0
2087 12 -2.98362683 -10.951842 125 156.1409597 390 0
2088 1 -7.22021476 -19.6828207 143.5 66.35060724 390 0
2088 2 -2.279296409 -16.00458658 209.8 33.48039492 390 0
2088 3 1.812867726 -9.078291202 301.6 113.7647679 390 0
2088 4 9.77063919 -2.516365319 391.2 85.77765207 390 0
2088 5 18.12056512 3.616306289 461.6 97.38866837 390 0
2088 6 22.19356919 8.514067972 512.7 71.45530126 390 0
2088 7 24.08506213 10.67108217 503.7 56.97582795 390 0
2088 8 23.53266124 11.61138989 439.3 199.0240311 390 0
2088 9 16.60342135 4.070514339 346.6 106.2637374 390 0
2088 10 11.74042549 1.178237407 255.1 123.5714442 390 0
2088 11 3.463995161 -4.308714212 163.1 73.12688282 390 0
2088 12 -4.485055516 -15.35351331 125 63.97759112 390 0
2089 1 -5.622850533 -17.29043652 143.5 35.58459407 390 0
2089 2 -3.753828417 -14.31112129 209.8 68.12135779 390 0
2089 3 1.664168031 -7.371741832 301.6 64.95033691 390 0
2089 4 8.081162484 -3.501790585 391.2 47.40655088 390 0
2089 5 17.43254914 4.213891319 461.6 146.0149778 390 0
2089 6 20.93525785 9.173471008 512.7 177.4183754 390 0
2089 7 25.02365203 13.40570667 503.7 118.13405 390 0
2089 8 22.67586426 10.66916691 439.3 110.9019175 390 0
2089 9 18.14525316 7.553964142 346.6 141.984706 390 0
2089 10 13.08207885 1.903894345 255.1 38.91805489 390 0
2089 11 3.22590542 -5.805072862 163.1 97.479881 390 0
2089 12 -5.870605852 -14.62553453 125 93.11505118 390 0
2090 1 -7.038663246 -18.34518645 143.5 101.7333003 390 0
2090 2 -3.52899762 -17.20752925 209.8 68.35185145 390 0
2090 3 -1.197337035 -13.64873535 301.6 76.85007884 390 0
2090 4 6.481066362 -4.414551161 391.2 62.33020735 390 0
2090 5 12.1696889 1.677936974 461.6 111.127641 390 0
2090 6 22.05972893 7.967849743 512.7 89.46175299 390 0
2090 7 23.7420252 11.14477824 503.7 100.0841278 390 0
2090 8 21.89100066 9.551151039 439.3 143.0963253 390 0
2090 9 17.10443455 6.303013306 346.6 74.87089124 390 0
2090 10 10.24390289 -0.443251512 255.1 39.41993933 390 0
2090 11 2.271443744 -6.353601417 163.1 99.43855502 390 0
2090 12 -3.2310211 -13.54641576 125 69.83644976 390 0
2091 1 -5.652240466 -17.23147074 143.5 61.07099245 390 0
2091 2 -9.200373952 -24.07010888 209.8 77.1871735 390 0
2091 3 1.571122819 -13.82915532 301.6 69.81532735 390 0
2091 4 8.994892788 -2.700291106 391.2 126.4708708 390 0
2091 5 16.51385897 3.197884746 461.6 70.84987894 390 0
2091 6 21.10186355 7.870906188 512.7 115.7753685 390 0
2091 7 23.59050145 11.33954089 503.7 90.25629856 390 0
2091 8 24.36642617 11.10446882 439.3 91.80615231 390 0
2091 9 17.83745148 5.503263297 346.6 123.9900059 390 0
2091 10 8.492893852 -1.872085911 255.1 100.3659707 390 0
2091 11 3.41953354 -6.28626344 163.1 89.23659652 390 0
2091 12 -2.994061289 -12.64695018 125 104.7713433 390 0
2092 1 -9.701245057 -22.62052508 143.5 64.57479699 390 0
2092 2 -3.492029877 -15.94706536 209.8 66.42962616 390 0
2092 3 1.505569751 -12.28390844 301.6 55.39301495 390 0
2092 4 9.72981826 -1.904613422 391.2 85.40107358 390 0
2092 5 15.78636848 3.078076765 461.6 104.3446649 390 0
2092 6 19.89504822 9.124202957 512.7 149.9317918 390 0
2092 7 21.47650193 11.85715642 503.7 174.3816886 390 0
2092 8 23.90129727 12.12368387 439.3 92.10316894 390 0
2092 9 18.61842893 4.980464427 346.6 51.54460134 390 0
2092 10 7.599540331 -0.126034926 255.1 133.0071359 390 0
2092 11 7.126029498 -2.804263212 163.1 117.2747122 390 0
2092 12 -3.80184792 -11.29968242 125 104.1353517 390 0
2093 1 -9.701245057 -22.62052508 143.5 64.57479699 390 0
2093 2 -3.492029877 -15.94706536 209.8 66.42962616 390 0
2093 3 1.505569751 -12.28390844 301.6 55.39301495 390 0
2093 4 9.72981826 -1.904613422 391.2 85.40107358 390 0
2093 5 15.78636848 3.078076765 461.6 104.3446649 390 0
2093 6 19.89504822 9.124202957 512.7 149.9317918 390 0
2093 7 21.47650193 11.85715642 503.7 174.3816886 390 0
2093 8 23.90129727 12.12368387 439.3 92.10316894 390 0
2093 9 18.61842893 4.980464427 346.6 51.54460134 390 0
2093 10 7.599540331 -0.126034926 255.1 133.0071359 390 0
2093 11 7.126029498 -2.804263212 163.1 117.2747122 390 0
2093 12 -3.80184792 -11.29968242 125 104.1353517 390 0
2094 1 -7.03433713 -18.14644336 143.5 88.56748939 390 0
2094 2 -3.166323127 -16.95338626 209.8 78.81866143 390 0
2094 3 4.302486169 -7.452236235 301.6 77.02340595 390 0
2094 4 7.045096027 -2.354855356 391.2 146.3640701 390 0
2094 5 14.63266857 3.066261138 461.6 127.1618911 390 0
2094 6 20.52037283 8.048073554 512.7 71.29647661 390 0
2094 7 21.92119184 10.56940814 503.7 103.897714 390 0
2094 8 21.98669808 10.51887518 439.3 80.81661063 390 0
2094 9 17.68924703 5.647367797 346.6 68.28613021 390 0
2094 10 11.27438638 0.183717248 255.1 82.79315972 390 0
2094 11 3.478904165 -2.705542182 163.1 72.59285043 390 0
2094 12 -5.601047199 -15.30723617 125 116.3383101 390 0
2095 1 -9.701245057 -22.62052508 143.5 64.57479699 390 0
2095 2 -3.492029877 -15.94706536 209.8 66.42962616 390 0
2095 3 1.505569751 -12.28390844 301.6 55.39301495 390 0
2095 4 9.72981826 -1.904613422 391.2 85.40107358 390 0
2095 5 15.78636848 3.078076765 461.6 104.3446649 390 0
2095 6 19.89504822 9.124202957 512.7 149.9317918 390 0
2095 7 21.47650193 11.85715642 503.7 174.3816886 390 0
2095 8 23.90129727 12.12368387 439.3 92.10316894 390 0
2095 9 18.61842893 4.980464427 346.6 51.54460134 390 0
2095 10 7.599540331 -0.126034926 255.1 133.0071359 390 0
2095 11 7.126029498 -2.804263212 163.1 117.2747122 390 0
2095 12 -3.80184792 -11.29968242 125 104.1353517 390 0
2096 1 -5.652240466 -17.23147074 143.5 61.07099245 390 0
2096 2 -9.200373952 -24.07010888 209.8 77.1871735 390 0
2096 3 1.571122819 -13.82915532 301.6 69.81532735 390 0
2096 4 8.994892788 -2.700291106 391.2 126.4708708 390 0
2096 5 16.51385897 3.197884746 461.6 70.84987894 390 0
2096 6 21.10186355 7.870906188 512.7 115.7753685 390 0
2096 7 23.59050145 11.33954089 503.7 90.25629856 390 0
2096 8 24.36642617 11.10446882 439.3 91.80615231 390 0
2096 9 17.83745148 5.503263297 346.6 123.9900059 390 0
2096 10 8.492893852 -1.872085911 255.1 100.3659707 390 0
2096 11 3.41953354 -6.28626344 163.1 89.23659652 390 0
2096 12 -2.994061289 -12.64695018 125 104.7713433 390 0
2097 1 -5.622850533 -17.29043652 143.5 35.58459407 390 0
2097 2 -3.753828417 -14.31112129 209.8 68.12135779 390 0
2097 3 1.664168031 -7.371741832 301.6 64.95033691 390 0
2097 4 8.081162484 -3.501790585 391.2 47.40655088 390 0
2097 5 17.43254914 4.213891319 461.6 146.0149778 390 0
2097 6 20.93525785 9.173471008 512.7 177.4183754 390 0
2097 7 25.02365203 13.40570667 503.7 118.13405 390 0
2097 8 22.67586426 10.66916691 439.3 110.9019175 390 0
2097 9 18.14525316 7.553964142 346.6 141.984706 390 0
2097 10 13.08207885 1.903894345 255.1 38.91805489 390 0
2097 11 3.22590542 -5.805072862 163.1 97.479881 390 0
2097 12 -5.870605852 -14.62553453 125 93.11505118 390 0
2098 1 -9.164157804 -20.1048429 143.5 28.04908708 390 0
2098 2 -3.108673886 -14.99389261 209.8 75.40230017 390 0
2098 3 0.968449034 -11.45467986 301.6 64.37953673 390 0
2098 4 7.636608611 -4.648903453 391.2 47.0228115 390 0
2098 5 16.27406703 2.19179755 461.6 82.75522756 390 0
2098 6 19.13507234 8.023482208 512.7 107.4840784 390 0
2098 7 24.49913467 11.35195644 503.7 141.224462 390 0
2098 8 22.49730997 9.409730446 439.3 83.98759263 390 0
2098 9 18.9776229 6.286298532 346.6 95.75946259 390 0
2098 10 11.84212866 0.637175172 255.1 67.51051533 390 0
2098 11 2.600918367 -5.573256685 163.1 99.44475843 390 0
2098 12 -5.454282207 -16.64195441 125 54.05327167 390 0
2099 1 -3.308132205 -12.70434119 143.5 61.67294184 390 0
2099 2 -2.799324346 -14.79221848 209.8 76.62192417 390 0
2099 3 0.473798818 -10.74260887 301.6 79.97221381 390 0
2099 4 7.883238365 -2.042409914 391.2 105.3326967 390 0
2099 5 14.27025107 2.053564297 461.6 92.75379022 390 0
2099 6 20.06688909 7.590314679 512.7 124.478 390 0
2099 7 23.46029476 11.65619666 503.7 114.6097426 390 0
2099 8 25.10458953 11.16490857 439.3 29.05110587 390 0
2099 9 21.202738 7.493120106 346.6 106.7858259 390 0
2099 10 8.856788824 -0.866367898 255.1 75.80375549 390 0
2099 11 1.444911802 -6.686888469 163.1 88.55327721 390 0
2099 12 -3.383516646 -13.27036798 125 59.3593165 390 0
2100-2200 1 -3.308132205 -12.70434119 143.5 61.67294184 390 0
2100-2200 2 -2.799324346 -14.79221848 209.8 76.62192417 390 0
2100-2200 3 0.473798818 -10.74260887 301.6 79.97221381 390 0
2100-2200 4 7.883238365 -2.042409914 391.2 105.3326967 390 0
2100-2200 5 14.27025107 2.053564297 461.6 92.75379022 390 0
2100-2200 6 20.06688909 7.590314679 512.7 124.478 390 0
2100-2200 7 23.46029476 11.65619666 503.7 114.6097426 390 0
2100-2200 8 25.10458953 11.16490857 439.3 29.05110587 390 0
2100-2200 9 21.202738 7.493120106 346.6 106.7858259 390 0
2100-2200 10 8.856788824 -0.866367898 255.1 75.80375549 390 0
2100-2200 11 1.444911802 -6.686888469 163.1 88.55327721 390 0
2100-2200 12 -3.383516646 -13.27036798 125 59.3593165 390 0
