Year Month Tmax Tmin PAR Prec CO2 O3
1200-1980 1 -6.2960909962018 -17.8378362559614 143.5 75.1472501670476 390 0
1200-1980 2 -3.99386302384423 -16.5087891095732 209.8 64.3230553998291 390 0
1200-1980 3 1.26780993104644 -10.8653639015785 301.6 75.7486609415672 390 0
1200-1980 4 8.38824935702822 -2.82070769874359 391.2 86.5193023131215 390 0
1200-1980 5 16.3063222521697 3.51239080484877 461.6 99.3467622622627 390 0
1200-1980 6 21.3429814463007 8.89587797152157 512.7 118.553888351624 390 0
1200-1980 7 23.8651980262405 11.8324159815844 503.7 114.803375069656 390 0
1200-1980 8 23.0962722806667 10.7126898120538 439.3 112.21895244013 390 0
1200-1980 9 18.4642534802057 6.28990752131689 346.6 101.76211629504 390 0
1200-1980 10 11.0789705867485 0.701257167048496 255.1 109.278920614274 390 0
1200-1980 11 3.71199395212813 -4.85582137078398 163.1 98.8005748461941 390 0
1200-1980 12 -3.08465227930456 -12.67558091623 125 91.4622460322697 390 0
1981 1 -9.32396266477519 -22.3962946546272 143.5 31.9609381358047 390 0
1981 2 1.50381216582411 -9.77668511749546 209.8 102.207670990873 390 0
1981 3 2.02768804795997 -8.58669045947115 301.6 47.2843737265026 390 0
1981 4 9.26557771325268 -2.0512280370311 391.2 72.6628306922854 390 0
1981 5 17.6179582681674 4.21076933207042 461.6 99.8175216278998 390 0
1981 6 21.4825471375273 8.93634191128622 512.7 121.527747500271 390 0
1981 7 24.2832291930433 11.6037500879194 503.7 111.012528893895 390 0
1981 8 22.8116618609338 9.79048294265988 439.3 171.324639357282 390 0
1981 9 16.9398144162418 5.92868667469972 346.6 162.757512965476 390 0
1981 10 9.43965527489605 -0.640059400187666 255.1 157.354047503547 390 0
1981 11 3.4323578205662 -4.2561535864523 163.1 69.3173456286863 390 0
1981 12 -2.51911158178681 -9.99631911402689 125 104.012315533482 390 0
1982 1 -10.3672933679789 -23.3991967979806 143.5 80.0413187305971 390 0
1982 2 -5.40769111401793 -18.2356484507538 209.8 64.3994150377386 390 0
1982 3 0.867216582071646 -12.3680572007831 301.6 68.4910695515269 390 0
1982 4 6.37670601561465 -5.08309865668178 391.2 80.1444106360271 390 0
1982 5 17.813728269246 3.00902268167378 461.6 31.0754051433461 390 0
1982 6 19.9154333012381 7.61764874605293 512.7 122.830579733282 390 0
1982 7 24.3595602278514 10.4961971397309 503.7 63.2411421092554 390 0
1982 8 20.7557036881659 8.21668097776197 439.3 118.465105464324 390 0
1982 9 18.149489628638 6.79907255385502 346.6 92.9173106369951 390 0
1982 10 12.4158324710768 0.196196196858496 255.1 38.8033024291715 390 0
1982 11 5.4757607229714 -3.94709106815833 163.1 127.092160409053 390 0
1982 12 -0.239668269566481 -10.6174593506016 125 56.7645348350989 390 0
1983 1 -4.43739503717547 -15.237700939393 143.5 89.3315866266315 390 0
1983 2 -2.54150407394083 -15.0746930845848 209.8 64.6815400796027 390 0
1983 3 2.11041294188334 -7.49557383570842 301.6 112.583687994529 390 0
1983 4 8.28690478301177 -1.27524608585728 391.2 161.240395590721 390 0
1983 5 13.5984327871584 3.46403893050181 461.6 143.073634715788 390 0
1983 6 23.1512018217671 8.54280382832503 512.7 55.2637426574043 390 0
1983 7 24.3824570592939 11.5263846152436 503.7 115.926059687259 390 0
1983 8 23.7144682783928 10.952750850616 439.3 99.1665069714249 390 0
1983 9 20.409675822147 6.89426669594971 346.6 78.6613731446909 390 0
1983 10 11.5249962557793 0.362865131148474 255.1 73.2941512009086 390 0
1983 11 3.29426088407872 -3.84608079129169 163.1 206.46548954356 390 0
1983 12 -4.64425478838681 -14.7523638319256 125 144.637336928234 390 0
1984 1 -7.38516005828836 -19.919051196028 143.5 42.1102839202193 390 0
1984 2 0.260586697666634 -10.7504164869424 209.8 84.9476398943969 390 0
1984 3 -2.06674197920579 -14.3013338753965 301.6 98.8876123195188 390 0
1984 4 9.3512014854714 -2.60999484828293 391.2 72.251246340445 390 0
1984 5 14.6645676286097 2.57481014773351 461.6 182.884121391875 390 0
1984 6 21.0724685828156 8.33858695046276 512.7 148.068361677569 390 0
1984 7 23.7526290796151 12.1639918611779 503.7 138.386138798362 390 0
1984 8 24.3684621940426 12.3098766932346 439.3 65.5562584041968 390 0
1984 9 17.3647655994994 4.0761758378235 346.6 44.2912525665625 390 0
1984 10 13.1337311416885 0.263272114986735 255.1 60.7966674594478 390 0
1984 11 4.39205477010873 -5.22577829326587 163.1 78.0065587715927 390 0
1984 12 -1.81232214779298 -11.670169512325 125 82.9248596448879 390 0
1985 1 -9.16415780374998 -20.1048429016148 143.5 28.0490870842177 390 0
1985 2 -3.10867388584162 -14.9938926102027 209.8 75.402300172675 390 0
1985 3 0.968449033611527 -11.454679856835 301.6 64.3795367285098 390 0
1985 4 7.6366086107683 -4.6489034529518 391.2 47.0228114965588 390 0
1985 5 16.2740670252864 2.19179755013158 461.6 82.7552275594428 390 0
1985 6 19.1350723402697 8.02348220756223 512.7 107.484078377088 390 0
1985 7 24.4991346685997 11.3519564393606 503.7 141.224462035634 390 0
1985 8 22.49730997138 9.40973044634811 439.3 83.9875926295307 390 0
1985 9 18.9776229006642 6.28629853155162 346.6 95.7594625877348 390 0
1985 10 11.8421286579232 0.637175171658571 255.1 67.5105153303826 390 0
1985 11 2.60091836653334 -5.57325668545403 163.1 99.4447584274381 390 0
1985 12 -5.45428220722311 -16.6419544136854 125 54.0532716654438 390 0
1986 1 -4.70004139449962 -17.0469625030408 143.5 143.328143511371 390 0
1986 2 -4.86522275452694 -17.8095021028698 209.8 34.5079382949237 390 0
1986 3 1.87502870985427 -11.1683562628237 301.6 76.3163229632461 390 0
1986 4 11.4957894398794 -0.854364118900962 391.2 53.9572633548039 390 0
1986 5 17.3360646401102 4.06304347209833 461.6 106.008911323757 390 0
1986 6 19.6797142067359 6.21434255923776 512.7 92.7302297269015 390 0
1986 7 21.9130566684837 10.700231895616 503.7 115.067943676374 390 0
1986 8 21.2326995758785 10.1291153015876 439.3 157.120023165377 390 0
1986 9 16.1031832306229 4.18196326923411 346.6 107.052287577126 390 0
1986 10 10.3454364930048 0.144916127738169 255.1 47.7153168170741 390 0
1986 11 1.48857306509947 -7.63225545308595 163.1 89.1874098081622 390 0
1986 12 -2.80384582220687 -13.7330657332648 125 65.2585842758422 390 0
1987 1 -6.32447335272485 -18.2903866621048 143.5 79.776307889979 390 0
1987 2 -5.87651295964224 -17.6876807190358 209.8 12.8197845938054 390 0
1987 3 3.29361175780315 -9.42223308111252 301.6 59.4270632360082 390 0
1987 4 11.9550150711941 -0.776268406851171 391.2 106.728661605546 390 0
1987 5 16.7472184680344 2.75424309887704 461.6 76.7405503687864 390 0
1987 6 21.1535361049828 9.46539448942952 512.7 123.227299618653 390 0
1987 7 24.0183275952079 11.9086181964139 503.7 94.4666845204691 390 0
1987 8 22.2708086263316 8.62436148573387 439.3 58.2146703777568 390 0
1987 9 17.3639908894817 6.52866382866713 346.6 131.660881881786 390 0
1987 10 11.4213869682117 0.135387010851365 255.1 100.864209650415 390 0
1987 11 2.8352838420333 -6.38182390248099 163.1 62.3986103963266 390 0
1987 12 -2.95162323057295 -10.7351904028714 125 81.9218660286549 390 0
1988 1 -5.40478779587428 -18.0374521838135 143.5 58.0643003786841 390 0
1988 2 -3.57385098917822 -17.7222742329297 209.8 65.4867873588542 390 0
1988 3 1.03210236706181 -12.1923839050867 301.6 30.9015826405778 390 0
1988 4 8.00724672699488 -1.75740861726052 391.2 83.670963558489 390 0
1988 5 17.9305858220195 4.45531739779201 461.6 56.1943749154042 390 0
1988 6 21.0708076206988 7.17384356499571 512.7 76.2143485974201 390 0
1988 7 24.668156471107 12.9672223295753 503.7 111.882420872269 390 0
1988 8 23.2154838536443 12.0341249935491 439.3 173.666513571532 390 0
1988 9 16.9767823331644 5.3646526427884 346.6 58.3985980539051 390 0
1988 10 8.43839900690193 -0.168235703060401 255.1 94.7112807106729 390 0
1988 11 4.22589707314678 -3.76077864942937 163.1 131.766626685588 390 0
1988 12 -4.67005199506368 -16.1668787268935 125 37.5669716934591 390 0
1989 1 -4.07180624589714 -17.5009727346429 143.5 51.9969870031903 390 0
1989 2 -5.14449820901532 -18.7477996016729 209.8 47.684991906605 390 0
1989 3 0.058578937851328 -14.8413301451646 301.6 59.1675193655814 390 0
1989 4 6.50277913094094 -3.65736481557006 391.2 72.4248225710616 390 0
1989 5 18.1837902456536 5.7817680061133 461.6 159.531433585155 390 0
1989 6 21.1347054196386 9.12987321630351 512.7 106.302979573751 390 0
1989 7 24.5679247202812 10.0596097242381 503.7 72.5650792648236 390 0
1989 8 22.3561357421544 10.325458458207 439.3 137.651807592704 390 0
1989 9 18.8062295037308 6.26640307529423 346.6 108.635736047605 390 0
1989 10 11.9015052893875 0.33786250276137 255.1 70.8269044595307 390 0
1989 11 2.22698704759651 -6.95843520442097 163.1 115.444998175262 390 0
1989 12 -11.3866488045243 -23.0491185865712 125 48.5666117461396 390 0
1990 1 -1.86163945050029 -13.0764027947519 143.5 108.382106703575 390 0
1990 2 -3.69122891568261 -17.760988983539 209.8 57.2760363325577 390 0
1990 3 2.06797742610002 -11.5686157571058 301.6 47.0042900565547 390 0
1990 4 8.40828716761981 -2.25128996645294 391.2 77.1277730945942 390 0
1990 5 14.9021268515808 2.30628266938035 461.6 111.982161157221 390 0
1990 6 21.5890196245362 9.4342968082666 512.7 130.188188647667 390 0
1990 7 23.955988369201 11.5962780095635 503.7 95.0031198093654 390 0
1990 8 24.2725567272433 11.5059473530323 439.3 148.637878876778 390 0
1990 9 17.4110491521956 5.96113100767761 346.6 93.9306269084651 390 0
1990 10 11.3790979407355 2.35799298216772 255.1 210.724310818533 390 0
1990 11 3.28853613157798 -4.22757377547245 163.1 103.090660776133 390 0
1990 12 -0.83493131124028 -11.7023281533922 125 129.196461152797 390 0
1991 1 -7.22021475990347 -19.6828207038489 143.5 66.3506072429564 390 0
1991 2 -2.27929640925727 -16.0045865806105 209.8 33.4803949205201 390 0
1991 3 1.81286772641287 -9.07829120162709 301.6 113.764767860446 390 0
1991 4 9.77063919023747 -2.51636531921864 391.2 85.7776520729393 390 0
1991 5 18.1205651229511 3.61630628871637 461.6 97.3886683738534 390 0
1991 6 22.193569185691 8.51406797189004 512.7 71.455301255188 390 0
1991 7 24.0850621333144 10.6710821674128 503.7 56.9758279493545 390 0
1991 8 23.5326612396588 11.6113898851684 439.3 199.024031111869 390 0
1991 9 16.6034213535694 4.07051433905117 346.6 106.263737399474 390 0
1991 10 11.7404254858612 1.17823740733746 255.1 123.571444227436 390 0
1991 11 3.46399516113463 -4.30871421242221 163.1 73.1268828156706 390 0
1991 12 -4.48505551551355 -15.3535133081341 125 63.9775911239858 390 0
1992 1 -6.59360088531104 -18.1293673776805 143.5 89.055635434844 390 0
1992 2 -5.05231936072454 -17.5649816771987 209.8 69.4456554102167 390 0
1992 3 -1.10245165234243 -14.0515201260124 301.6 93.5244777267897 390 0
1992 4 6.84765640237234 -4.15509656754726 391.2 56.335389700042 390 0
1992 5 18.0721407589983 2.16359443052997 461.6 31.8217636022776 390 0
1992 6 20.9687835622427 8.42599716892908 512.7 125.112137492568 390 0
1992 7 21.1350337973253 8.96886708597681 503.7 125.013886379489 390 0
1992 8 21.844241367589 10.9111546160657 439.3 107.474913581574 390 0
1992 9 18.9334022814359 6.11246281484605 346.6 79.6167481110872 390 0
1992 10 8.89328179180777 -0.758767584473221 255.1 85.7353053346888 390 0
1992 11 2.40353729266031 -6.29604721014425 163.1 75.9324487801543 390 0
1992 12 -2.60636314041547 -11.7116845207768 125 44.8027068861691 390 0
1993 1 -5.65224046578133 -17.231470741507 143.5 61.0709924500674 390 0
1993 2 -9.20037395248102 -24.0701088811489 209.8 77.187173498645 390 0
1993 3 1.57112281924045 -13.8291553209092 301.6 69.8153273540116 390 0
1993 4 8.99489278819344 -2.70029110644929 391.2 126.470870817421 390 0
1993 5 16.5138589660653 3.19788474640064 461.6 70.8498789401029 390 0
1993 6 21.1018635501632 7.87090618754441 512.7 115.775368542695 390 0
1993 7 23.5905014485221 11.339540886886 503.7 90.2562985607787 390 0
1993 8 24.3664261703853 11.1044688181588 439.3 91.8061523074471 390 0
1993 9 17.8374514763578 5.50326329684052 346.6 123.990005889585 390 0
1993 10 8.49289385210069 -1.8720859108343 255.1 100.365970667082 390 0
1993 11 3.41953354045257 -6.28626343991184 163.1 89.2365965191878 390 0
1993 12 -2.99406128923593 -12.6469501773256 125 104.771343337512 390 0
1994 1 -11.2504158400091 -24.7364040510822 143.5 109.855833592432 390 0
1994 2 -6.98889829642513 -20.9686658318182 209.8 39.8502328271531 390 0
1994 3 0.36621421045404 -10.3769635616974 301.6 86.4281438419814 390 0
1994 4 7.21984197814988 -3.63025653875448 391.2 107.897189083508 390 0
1994 5 14.423966596789 1.85312106041576 461.6 105.548165259313 390 0
1994 6 22.9497689979103 9.99496589600945 512.7 125.912576122387 390 0
1994 7 25.09416999543 13.2973879503801 503.7 126.853343354673 390 0
1994 8 22.1805967463137 9.30148635080384 439.3 74.0132158216666 390 0
1994 9 16.6876817785062 5.67357896255515 346.6 102.088593476224 390 0
1994 10 12.4439474451861 0.538981481664212 255.1 30.848720936975 390 0
1994 11 5.97484211522069 -4.43398533014833 163.1 97.114383796386 390 0
1994 12 -1.37389967005242 -11.784589913047 125 60.8496542684285 390 0
1995 1 -4.03480215255574 -13.4495172349788 143.5 107.584170767387 390 0
1995 2 -6.41597558148804 -19.8835705044693 209.8 62.0512802862179 390 0
1995 3 2.03105909947749 -9.53117893863496 301.6 58.6784464096976 390 0
1995 4 5.74773026116844 -5.56781497198175 391.2 50.1852683093067 390 0
1995 5 15.3590886803854 2.58911179335193 461.6 100.795648834714 390 0
1995 6 23.682244529316 8.75505958621024 512.7 52.5430769242583 390 0
1995 7 25.2337402895381 12.8791300337005 503.7 116.310746976458 390 0
1995 8 24.2988473961576 10.2086335635284 439.3 74.3847651761019 390 0
1995 9 17.2893516755393 2.83701538047497 346.6 66.6614698579295 390 0
1995 10 13.7744991521053 2.39597942091183 255.1 184.404482157405 390 0
1995 11 1.63920804974448 -6.89075694978831 163.1 147.342209720527 390 0
1995 12 -5.90963090051016 -15.5490318881263 125 76.9359372111759 390 0
1996 1 -6.19619840716276 -18.904758958357 143.5 124.37734925606 390 0
1996 2 -5.28138102908512 -16.7402399019785 209.8 94.9198969728612 390 0
1996 3 0.126344105986856 -11.7392366679654 301.6 43.9906856936609 390 0
1996 4 7.24240794200352 -2.45834565219724 391.2 124.175109189531 390 0
1996 5 14.3450959593936 1.8802396161605 461.6 127.056400455175 390 0
1996 6 21.7136019418895 9.35519902955345 512.7 124.29893874454 390 0
1996 7 22.3527737480301 12.1319189323993 503.7 194.482171661948 390 0
1996 8 23.2165536689265 10.3478031507167 439.3 56.2323181305042 390 0
1996 9 18.0809757697709 6.95401808434315 346.6 111.245067855671 390 0
1996 10 10.2391527010577 -0.260012716063252 255.1 104.22024063839 390 0
1996 11 1.95369419337854 -6.68669630278353 163.1 47.7328596216946 390 0
1996 12 -0.405417231065198 -7.56620088627842 125 138.188023999173 390 0
1997 1 -7.03866324561416 -18.3451864533462 143.5 101.733300262453 390 0
1997 2 -3.52899762008774 -17.2075292462603 209.8 68.3518514544016 390 0
1997 3 -1.19733703510826 -13.6487353537294 301.6 76.8500788411002 390 0
1997 4 6.48106636232027 -4.41455116084793 391.2 62.3302073518756 390 0
1997 5 12.1696889002904 1.67793697433035 461.6 111.127640989904 390 0
1997 6 22.0597289266665 7.96784974253264 512.7 89.4617529855889 390 0
1997 7 23.7420252014426 11.1447782380807 503.7 100.084127803907 390 0
1997 8 21.8910006602868 9.5511510385848 439.3 143.09632534374 390 0
1997 9 17.1044345459834 6.30301330615621 346.6 74.8708912433326 390 0
1997 10 10.2439028869083 -0.443251511652042 255.1 39.4199393299578 390 0
1997 11 2.27144374384071 -6.3536014169332 163.1 99.4385550154732 390 0
1997 12 -3.23102109999271 -13.546415761102 125 69.8364497607662 390 0
1998 1 -5.11178566936236 -15.3645987883178 143.5 130.370946110758 390 0
1998 2 -0.428071769764538 -13.4715776555304 209.8 78.1230583269903 390 0
1998 3 2.31516150190178 -9.08227256109529 301.6 90.665425330954 390 0
1998 4 9.51410013939716 -2.28406516199898 391.2 73.9755471174325 390 0
1998 5 19.7934036733606 6.15532351270714 461.6 75.1733743088153 390 0
1998 6 20.1061770873629 9.79911936710479 512.7 201.531766073823 390 0
1998 7 23.8628222589957 11.8106965366529 503.7 155.564762065223 390 0
1998 8 23.6735941780449 10.1478029801372 439.3 90.7144581991439 390 0
1998 9 18.1913644380435 7.00036695947553 346.6 89.0807106160993 390 0
1998 10 10.3290582328085 1.82666964372231 255.1 104.903478228666 390 0
1998 11 2.2254824427424 -4.06791216651697 163.1 69.9474509326368 390 0
1998 12 0.216214005469491 -10.3301786582465 125 50.208660162221 390 0
1999 1 -5.60372982305666 -19.1435102169979 143.5 134.155642020713 390 0
1999 2 -1.7674593518627 -15.5612179215454 209.8 46.0769255555232 390 0
1999 3 2.25747594696623 -7.34441417788529 301.6 118.411347315041 390 0
1999 4 7.94935101937057 -2.67891369607708 391.2 24.4266535909003 390 0
1999 5 19.6025238661566 4.94725762574239 461.6 72.7501962053286 390 0
1999 6 24.3317264923956 10.6660430061718 512.7 109.566443114342 390 0
1999 7 24.6772748009623 12.7310242898068 503.7 105.607223599522 390 0
1999 8 22.7609019572093 10.3065843824451 439.3 86.2787482102954 390 0
1999 9 21.6831123963364 9.39361460581585 346.6 220.615145758397 390 0
1999 10 9.64786181650064 -1.01779042239299 255.1 115.638160160697 390 0
1999 11 5.7996330535844 -3.26322202924608 163.1 83.4948566134421 390 0
1999 12 -2.01368925826933 -9.9889429738272 125 64.6839478695689 390 0
2000 1 -7.0343371297539 -18.1464433582969 143.5 88.5674893875381 390 0
2000 2 -3.16632312710439 -16.9533862559835 209.8 78.8186614261821 390 0
2000 3 4.30248616873082 -7.45223623498608 301.6 77.0234059469413 390 0
2000 4 7.04509602654987 -2.35485535596302 391.2 146.364070104676 390 0
2000 5 14.6326685705242 3.06626113790087 461.6 127.161891121472 390 0
2000 6 20.5203728319076 8.04807355419928 512.7 71.2964766105202 390 0
2000 7 21.9211918365623 10.5694081399678 503.7 103.897714032983 390 0
2000 8 21.9866980779549 10.5188751764972 439.3 80.8166106319697 390 0
2000 9 17.6892470335269 5.64736779740266 346.6 68.2861302105067 390 0
2000 10 11.27438638439 0.183717247867799 255.1 82.7931597203047 390 0
2000 11 3.47890416506307 -2.70554218208793 163.1 72.5928504292332 390 0
2000 12 -5.60104719895324 -15.3072361715617 125 116.338310081166 390 0
2001 1 -5.71542310220404 -18.2321952789912 143.5 32.8907237076752 390 0
2001 2 -4.61275738567101 -17.840035943743 209.8 71.2864466541249 390 0
2001 3 -0.533479375198273 -12.9587522208363 301.6 86.7722206748124 390 0
2001 4 7.72727354564928 -4.33604013761277 391.2 23.26937244679 390 0
2001 5 19.4717116483522 4.15368905387711 461.6 55.0173215450722 390 0
2001 6 22.107344063522 9.88603591999409 512.7 98.4034645683891 390 0
2001 7 22.6959823422125 11.0944056030774 503.7 118.183673956382 390 0
2001 8 25.4303919512356 11.0876357826509 439.3 53.1689275257907 390 0
2001 9 19.7297710168463 6.96362017542872 346.6 103.031727989997 390 0
2001 10 13.3011797272317 1.28711742446404 255.1 56.7758652982301 390 0
2001 11 5.47125393808289 -2.62757120154413 163.1 54.556524971784 390 0
2001 12 0.560634409288347 -7.34530261068231 125 48.825755055982 390 0
2002 1 -3.30813220510224 -12.7043411869958 143.5 61.6729418390699 390 0
2002 2 -2.79932434568081 -14.7922184803676 209.8 76.6219241654362 390 0
2002 3 0.473798817997594 -10.7426088724352 301.6 79.9722138081602 390 0
2002 4 7.88323836531579 -2.04240991365203 391.2 105.332696743295 390 0
2002 5 14.2702510727167 2.05356429744859 461.6 92.753790216618 390 0
2002 6 20.0668890870724 7.59031467939896 512.7 124.478000040473 390 0
2002 7 23.4602947561312 11.6561966630428 503.7 114.609742645623 390 0
2002 8 25.1045895306528 11.1649085696316 439.3 29.0511058709255 390 0
2002 9 21.2027379950978 7.49312010609051 346.6 106.78582590987 390 0
2002 10 8.85678882397268 -0.866367898389539 255.1 75.8037554862883 390 0
2002 11 1.44491180160366 -6.68688846939569 163.1 88.5532772093007 390 0
2002 12 -3.38351664598619 -13.2703679827083 125 59.359316502553 390 0
2003 1 -9.48469706445585 -20.4391764158718 143.5 35.8863591280195 390 0
2003 2 -7.20056680374549 -19.838168784815 209.8 58.9065479418365 390 0
2003 3 0.529602695557586 -13.367493230084 301.6 74.0632552779485 390 0
2003 4 6.44856899071784 -5.6486835136522 391.2 46.8398664399179 390 0
2003 5 14.9748808304526 3.02778153371303 461.6 87.275905623165 390 0
2003 6 22.0582991130812 8.79317010382711 512.7 89.3921524967302 390 0
2003 7 23.3178061090015 12.2197249736822 503.7 118.981561720098 390 0
2003 8 23.4007798092213 12.6542766460072 439.3 97.7804735880599 390 0
2003 9 20.2300892504056 7.25392906477814 346.6 99.8345352344903 390 0
2003 10 10.5796136024199 0.516698113494257 255.1 192.168578295428 390 0
2003 11 4.76267633247491 -4.53900661825417 163.1 111.125783838711 390 0
2003 12 -2.30606402977565 -12.3904564063031 125 178.806675443178 390 0
2004 1 -11.6252285039076 -21.5806789491183 143.5 25.2527227550758 390 0
2004 2 -3.8311048495639 -16.9859872529327 209.8 35.3726522564495 390 0
2004 3 2.27085862021662 -9.68766222984709 301.6 37.1865579212561 390 0
2004 4 8.36982084217028 -2.78431684775671 391.2 77.9159293317882 390 0
2004 5 16.6455268722799 4.02901082430575 461.6 92.89226102293 390 0
2004 6 19.7679699612196 6.86607571142487 512.7 78.5684638885354 390 0
2004 7 22.6960348140448 11.8786454068364 503.7 133.76972182694 390 0
2004 8 22.7398893170581 11.5085816186595 439.3 175.38468824272 390 0
2004 9 19.1301796346995 5.86994728554696 346.6 77.090951451381 390 0
2004 10 12.0417885620697 0.182338224836851 255.1 60.5172705539348 390 0
2004 11 3.29245081403134 -5.48579545393496 163.1 99.4037258362566 390 0
2004 12 -4.29148783851187 -15.082163792622 125 112.113658650201 390 0
2005 1 -7.35459338849783 -19.7075143735148 143.5 56.541051320103 390 0
2005 2 -2.22027199076897 -15.651759570366 209.8 61.7452926783563 390 0
2005 3 0.0533499489111029 -12.2479997141104 301.6 91.9826920719887 390 0
2005 4 9.05950831006308 -1.91585503543922 391.2 170.803315579009 390 0
2005 5 12.6244972897659 2.880893908667 461.6 127.701001242893 390 0
2005 6 23.3650207824047 10.8155272038572 512.7 105.35196886613 390 0
2005 7 24.884808770143 11.9529625605889 503.7 115.793976641988 390 0
2005 8 23.8198013316914 11.1828874783733 439.3 100.503653446448 390 0
2005 9 19.7894858419294 7.71205099492374 346.6 145.139126427172 390 0
2005 10 11.4191446812041 3.17190540256908 255.1 259.430349658742 390 0
2005 11 4.07489912431172 -4.26900059477344 163.1 148.710853121806 390 0
2005 12 -3.47348133182428 -12.2611160142808 125 135.108875004161 390 0
2006 1 -2.37313003706047 -12.5857729739133 143.5 108.113972307429 390 0
2006 2 -4.72088770253896 -14.3926313759755 209.8 63.3728908359635 390 0
2006 3 0.958673939914073 -8.97710703722932 301.6 32.1404069448854 390 0
2006 4 10.3295755708461 -1.7899380542353 391.2 60.1857623964474 390 0
2006 5 16.3742484396834 5.29007937477626 461.6 148.621877740383 390 0
2006 6 22.2109695571623 11.3049973390207 512.7 168.455518779024 390 0
2006 7 25.3840421710138 13.8134039901314 503.7 128.971273023274 390 0
2006 8 21.3902315347683 9.39766963559854 439.3 118.093176544304 390 0
2006 9 18.3020634187321 6.19641167195038 346.6 73.2140401099636 390 0
2006 10 10.4355933509187 0.839597148525024 255.1 202.079978712574 390 0
2006 11 6.09807162038617 -1.79119008649365 163.1 107.245981043887 390 0
2006 12 -0.0283728885321073 -8.44246123437022 125 75.7311940264404 390 0
2007 1 -5.09820550241887 -15.9008233791668 143.5 64.4409626915663 390 0
2007 2 -7.80428234910644 -20.1271906153038 209.8 56.4571034918523 390 0
2007 3 0.375333004616079 -12.1316871049374 301.6 93.8438431086056 390 0
2007 4 6.29842664306873 -4.14667010268947 391.2 146.582973493226 390 0
2007 5 16.1760205647399 2.89580847749929 461.6 86.9562113499962 390 0
2007 6 21.6980214741356 9.08527136464728 512.7 87.8814072633609 390 0
2007 7 22.833181541031 11.0653533208807 503.7 115.007158002676 390 0
2007 8 22.878354520947 9.68119015459928 439.3 121.387834507248 390 0
2007 9 19.6977806498252 6.37151206748146 346.6 64.020358971949 390 0
2007 10 13.8892365502198 3.15766179691825 255.1 120.183385330917 390 0
2007 11 2.1774975396335 -6.17001290681248 163.1 168.686103399803 390 0
2007 12 -4.94456928174221 -14.615552324612 125 112.476942875964 390 0
2008 1 -3.85714098882048 -15.3695535052716 143.5 68.4163549581008 390 0
2008 2 -3.88111522666888 -16.1084788528706 209.8 125.57220016158 390 0
2008 3 -0.813605332675846 -14.3863139488126 301.6 110.295080391498 390 0
2008 4 10.2740080751813 -2.25608513882731 391.2 101.40375879265 390 0
2008 5 15.379912377149 2.29216552212761 461.6 41.1857831147674 390 0
2008 6 20.698711311187 10.6554419670172 512.7 201.979180924248 390 0
2008 7 24.6352550705858 12.9159813462367 503.7 141.385431502555 390 0
2008 8 22.0996837486775 11.1839011453889 439.3 150.347553446554 390 0
2008 9 18.645898439069 6.4806292883589 346.6 109.476490068015 390 0
2008 10 10.5924221303554 0.272527679540714 255.1 111.158972697593 390 0
2008 11 3.98763807711318 -3.69018692458229 163.1 123.779655622852 390 0
2008 12 -3.19376352703109 -14.8057414324318 125 130.374338280628 390 0
2009 1 -9.70124505738202 -22.6205250775012 143.5 64.5747969932949 390 0
2009 2 -3.49202987673919 -15.9470653614878 209.8 66.4296261581824 390 0
2009 3 1.50556975050696 -12.2839084436549 301.6 55.3930149510119 390 0
2009 4 9.72981825983365 -1.9046134221646 391.2 85.4010735780923 390 0
2009 5 15.786368480032 3.07807676450351 461.6 104.344664884712 390 0
2009 6 19.8950482168473 9.12420295700904 512.7 149.931791814612 390 0
2009 7 21.4765019314598 11.8571564175189 503.7 174.381688616587 390 0
2009 8 23.9012972712283 12.1236838745931 439.3 92.1031689382852 390 0
2009 9 18.6184289304149 4.98046442693392 346.6 51.5446013430642 390 0
2009 10 7.59954033147199 -0.126034926303079 255.1 133.007135853622 390 0
2009 11 7.12602949783086 -2.80426321183217 163.1 117.274712221757 390 0
2009 12 -3.80184792026457 -11.2996824233553 125 104.135351679395 390 0
2010 1 -4.13018105813315 -13.0363637867557 143.5 70.4120123014633 390 0
2010 2 -3.20079720771496 -9.67858650014702 209.8 64.3581419164804 390 0
2010 3 4.86505606309454 -6.45297307051635 301.6 105.576288208815 390 0
2010 4 11.4936150191391 -0.202802328520108 391.2 83.409656536419 390 0
2010 5 18.3258520438603 4.74654873817795 461.6 52.9326889834872 390 0
2010 6 20.7301070573845 9.27331386517988 512.7 150.407900044792 390 0
2010 7 25.3417438654971 14.129263061712 503.7 99.7635873771167 390 0
2010 8 23.6188201694018 10.9346683135335 439.3 81.9164291148552 390 0
2010 9 18.4274502390228 8.51584947275551 346.6 138.336892398903 390 0
2010 10 10.522750338077 1.25079625514567 255.1 162.675620285199 390 0
2010 11 3.81094072278475 -4.53457228475077 163.1 111.698075714023 390 0
2010 12 -2.9836268295666 -10.9518419969431 125 156.140959726727 390 0
2011 1 -6.05931499562109 -15.5006640092324 143.5 47.103621231544 390 0
2011 2 -5.21398205964004 -17.5486076241484 209.8 73.3011503250891 390 0
2011 3 0.543466053204982 -11.3980862851003 301.6 125.269378144334 390 0
2011 4 7.39971490806766 -3.34260307924694 391.2 117.322210120766 390 0
2011 5 15.5714544575899 5.28303882105031 461.6 158.249692486993 390 0
2011 6 20.9212737480332 9.30097813580876 512.7 125.395689865439 390 0
2011 7 24.7659569211412 12.2995184754046 503.7 108.254796888642 390 0
2011 8 22.9335236816561 11.9730192453026 439.3 235.317799539392 390 0
2011 9 19.8570742144762 8.30535941421186 346.6 117.432992035361 390 0
2011 10 11.7556141063987 3.27092764765 255.1 121.178551820217 390 0
2011 11 7.57902896809304 -3.01070670246669 163.1 63.785517746658 390 0
2011 12 -0.491068517179379 -10.0890237210155 125 84.8820180569958 390 0
2012 1 -4.66415488792566 -15.5372097400873 143.5 82.80611569479 390 0
2012 2 -2.51265103551192 -14.582743114753 209.8 43.396258478774 390 0
2012 3 5.2276687904385 -7.01741623875108 301.6 48.6653577574169 390 0
2012 4 9.61859951327942 -1.48582336298702 391.2 104.094673715931 390 0
2012 5 16.9738200058051 6.00621745182076 461.6 114.760008793506 390 0
2012 6 20.8511322375432 9.42127701252118 512.7 183.823007655499 390 0
2012 7 24.9412149792159 12.2633343428471 503.7 67.4530330243 390 0
2012 8 24.9369461580692 12.6492949558127 439.3 119.636167356021 390 0
2012 9 18.9411058351993 6.08756042826611 346.6 113.47404695838 390 0
2012 10 12.6086990601438 2.88137610776058 255.1 177.805253607504 390 0
2012 11 3.55359308195081 -5.72586926969026 163.1 29.9451653338296 390 0
2012 12 -1.86504350710954 -10.2653336848167 125 131.688544375323 390 0
2013 1 -5.62285053315555 -17.2904365178951 143.5 35.5845940749594 390 0
2013 2 -3.75382841687348 -14.3111212924356 209.8 68.121357789493 390 0
2013 3 1.66416803123748 -7.3717418317461 301.6 64.9503369078066 390 0
2013 4 8.08116248408806 -3.50179058487844 391.2 47.4065508805136 390 0
2013 5 17.4325491383929 4.21389131941431 461.6 146.014977770514 390 0
2013 6 20.9352578525753 9.17347100843818 512.7 177.418375420443 390 0
2013 7 25.0236520316528 13.405706670222 503.7 118.134050020424 390 0
2013 8 22.6758642567006 10.6691669127871 439.3 110.901917478472 390 0
2013 9 18.1452531556134 7.5539641422289 346.6 141.984706049111 390 0
2013 10 13.0820788498841 1.90389434537787 255.1 38.91805488951 390 0
2013 11 3.2259054203973 -5.80507286184595 163.1 97.4798809975313 390 0
2013 12 -5.87060585191253 -14.6255345274663 125 93.1150511831465 390 0
2014 1 -9.501665 -23.393553 143.5 39.1295237 399 0
2014 2 -5.189755 -19.528452 209.8 67.797336025 399.92 0
2014 3 2.0679605 -9.773325 301.6 73.2381045 400.9 0
2014 4 9.435896 -2.7502878 391.2 120.545112 402.36 0
2014 5 15.408682 2.5256615 461.6 174.6398764 402.9 0
2014 6 23.304935 9.873295 512.7 77.09199 402.35 0
2014 7 25.293612 12.00972 503.7 113.17511 400.83 0
2014 8 25.590445 10.5045 439.3 75.3763202 398.24 0
2014 9 18.787148 7.0459247 346.6 104.832129 397.24 0
2014 10 10.362455 0.057643436 255.1 87.3745726 397.1 0
2014 11 2.3937721 -6.6372724 163.1 114.652125 398.53 0
2014 12 -0.4211336 -9.922915 125 78.3161494 399.74 0
2015 1 -4.6508045 -16.011194 143.5 82.3475134 401.63 0
2015 2 0.22568963 -12.605912 209.8 116.34245525 402.55 0
2015 3 3.8771236 -6.4909554 301.6 178.9458446 403.53 0
2015 4 10.237986 -1.2628107 391.2 76.319232 404.99 0
2015 5 20.606615 8.057652 461.6 97.601733 405.53 0
2015 6 23.268293 10.088484 512.7 111.664461 404.98 0
2015 7 27.898537 11.380869 503.7 77.681071 403.46 0
2015 8 25.049406 10.786365 439.3 111.177191 400.87 0
2015 9 20.98138 5.3712587 346.6 85.32105 399.87 0
2015 10 12.376188 0.29160172 255.1 70.4318605 399.73 0
2015 11 6.185 -1.9906554 163.1 68.396694 401.16 0
2015 12 -5.642779 -18.618694 125 99.7417467 402.37 0
2016 1 -6.272039 -19.904829 143.5 85.8107528 404.33 0
2016 2 -4.9628077 -17.38677 209.8 67.26114255 405.25 0
2016 3 3.0669487 -9.722897 301.6 69.5690034 406.23 0
2016 4 7.8033233 -3.7408764 391.2 64.17627 407.69 0
2016 5 16.218029 2.3719335 461.6 87.4453704 408.23 0
2016 6 23.124792 10.682612 512.7 159.76119 407.68 0
2016 7 26.49705 13.287974 503.7 123.5720915 406.16 0
2016 8 26.245298 11.419125 439.3 52.0700056 403.57 0
2016 9 20.194946 7.059464 346.6 126.787032 402.57 0
2016 10 11.374815 -0.0222839 255.1 68.7438206 402.43 0
2016 11 5.3178906 -2.4325747 163.1 153.449121 403.86 0
2016 12 2.374875 -7.792239 125 95.9669511 405.07 0
2017 1 -2.5031865 -13.325453 143.5 83.5956633 407.1 0
2017 2 -3.1324897 -16.085495 209.8 36.356583275 408.02 0
2017 3 6.5798807 -6.015096 301.6 81.2202542 409 0
2017 4 11.609762 0.28862464 391.2 95.53197 410.46 0
2017 5 16.301191 0.49772596 461.6 72.8141299 411 0
2017 6 23.14589 8.55355 512.7 87.188652 410.45 0
2017 7 25.188938 12.671211 503.7 164.6565465 408.93 0
2017 8 23.753578 10.277927 439.3 75.0763797 406.34 0
2017 9 18.815903 6.7763143 346.6 91.1013 405.34 0
2017 10 11.197295 0.433655 255.1 55.3866181 405.2 0
2017 11 6.2230244 -1.78487 163.1 99.886758 406.63 0
2017 12 -1.1888667 -11.775034 125 93.5680254 407.84 0
2018 1 -5.9611125 -18.362011 143.5 72.5019785 409.93 0
2018 2 1.9628134 -10.009936 209.8 40.120302525 410.85 0
2018 3 4.6825657 -8.282178 301.6 47.499688 411.83 0
2018 4 8.786401 -2.7211103 391.2 82.0152 413.29 0
2018 5 14.555954 1.3621637 461.6 60.0886702 413.83 0
2018 6 22.911991 9.309024 512.7 87.96546 413.28 0
2018 7 24.45025 11.314246 503.7 122.514666 411.76 0
2018 8 25.600567 12.598622 439.3 148.7735477 409.17 0
2018 9 18.653028 4.3635597 346.6 111.07509 408.17 0
2018 10 13.390135 1.6892569 255.1 72.2678975 408.03 0
2018 11 6.0465817 -3.3164625 163.1 95.406876 409.46 0
2018 12 -1.1960626 -11.806645 125 51.0993832 410.67 0
2019 1 -6.716259 -18.940563 143.5 38.0701793 412.82 0
2019 2 2.2880673 -9.389745 209.8 59.9411325 413.74 0
2019 3 6.0732403 -6.317199 301.6 92.6109624 414.72 0
2019 4 10.228128 -2.5067136 391.2 65.680281 416.18 0
2019 5 14.815246 2.4982276 461.6 188.583912 416.72 0
2019 6 22.200754 9.7982025 512.7 121.53795 416.17 0
2019 7 25.389853 12.685008 503.7 129.6964763 414.65 0
2019 8 23.270388 12.008733 439.3 153.227792 412.06 0
2019 9 19.650314 6.5628877 346.6 66.072279 411.06 0
2019 10 15.60471 2.8964882 255.1 87.4509008 410.92 0
2019 11 6.5921245 -2.9112887 163.1 142.827459 412.35 0
2019 12 -0.6347278 -10.502578 125 122.479326 413.56 0
2020 1 -6.6590705 -17.909473 143.5 24.9147062 415.78 0
2020 2 -3.5655603 -17.01484 209.8 61.791838025 416.7 0
2020 3 5.175955 -7.6522903 301.6 154.8364223 417.68 0
2020 4 9.899385 -3.5761075 391.2 74.229969 419.14 0
2020 5 17.96975 3.3416634 461.6 82.7658398 419.68 0
2020 6 23.385162 10.369137 512.7 116.20566 419.13 0
2020 7 25.818552 12.548886 503.7 125.895402 417.61 0
2020 8 25.124664 10.53471 439.3 88.116074 415.02 0
2020 9 18.203323 5.0524697 346.6 204.7884 414.02 0
2020 10 12.50668 0.26442543 255.1 35.5430004 413.88 0
2020 11 7.496995 0.11772035 163.1 125.905851 415.31 0
2020 12 1.5633548 -6.8663206 125 53.8758641 416.52 0
2021 1 -2.7449768 -12.890844 143.5 32.4339515 418.8 0
2021 2 0.11151525 -10.696225 209.8 86.616514225 419.72 0
2021 3 5.771016 -5.8153114 301.6 77.6957712 420.7 0
2021 4 10.855749 -1.8279352 391.2 103.802391 422.16 0
2021 5 22.239746 7.1604156 461.6 53.7429392 422.7 0
2021 6 24.808533 11.300173 512.7 111.328977 422.15 0
2021 7 25.96793 12.709618 503.7 97.2949415 420.63 0
2021 8 23.776531 11.105273 439.3 135.9078688 418.04 0
2021 9 18.073883 6.9149356 346.6 154.11102 417.04 0
2021 10 15.111627 1.5508401 255.1 69.6168457 416.9 0
2021 11 7.0337386 -3.2580757 163.1 98.98122 418.33 0
2021 12 0.50391716 -10.9125 125 132.701979 419.54 0
2022 1 -4.7610173 -16.398739 143.5 111.3384685 421.86 0
2022 2 -3.3557904 -16.440723 209.8 43.4214817 422.78 0
2022 3 4.923698 -7.2401724 301.6 94.5697625 423.76 0
2022 4 10.332707 -1.2159064 391.2 50.793225 425.22 0
2022 5 20.089281 4.0626407 461.6 61.8073195 425.76 0
2022 6 24.481062 11.411759 512.7 149.98281 425.21 0
2022 7 26.078796 11.897341 503.7 115.3015891 423.69 0
2022 8 24.302145 10.826438 439.3 93.6601326 421.1 0
2022 9 21.513319 8.02034 346.6 81.778599 420.1 0
2022 10 14.1574545 0.7163799 255.1 66.8765356 419.96 0
2022 11 5.8927755 -1.5248423 163.1 113.30802 421.39 0
2022 12 -1.1150912 -9.102737 125 135.7048064 422.6 0
2023 1 -3.533615 -15.633386 143.5 91.007847 424.99 0
2023 2 -4.437125 -18.916103 209.8 56.95185875 425.91 0
2023 3 3.5011961 -9.959447 301.6 59.6254496 426.89 0
2023 4 11.1272745 0.23578255 391.2 151.401258 428.35 0
2023 5 20.780409 4.947302 461.6 85.237817 428.89 0
2023 6 24.34282 9.93729 512.7 102.722634 428.34 0
2023 7 24.601332 12.054409 503.7 121.3997727 426.82 0
2023 8 24.711226 11.75804 439.3 83.9598606 424.23 0
2023 9 20.83519 6.621968 346.6 46.523295 423.23 0
2023 10 14.39928 2.596435 255.1 68.0923432 423.09 0
2023 11 6.7896223 -1.2261547 163.1 100.231806 424.52 0
2023 12 -1.3659493 -11.474789 125 44.0377289 425.73 0
2024 1 -6.097327 -18.093143 143.5 68.5313156 428.2 0
2024 2 -1.6387174 -14.671346 209.8 61.1748552 429.12 0
2024 3 3.0254285 -8.516068 301.6 144.73962 430.1 0
2024 4 9.331158 -2.117898 391.2 109.64799 431.56 0
2024 5 16.4175 5.068195 461.6 130.976829 432.1 0
2024 6 23.502193 10.540583 512.7 88.009137 431.55 0
2024 7 26.36894 14.458369 503.7 128.491187 430.03 0
2024 8 27.69717 13.398625 439.3 59.5681864 427.44 0
2024 9 20.660381 6.04878 346.6 99.047085 426.44 0
2024 10 15.128076 2.4406233 255.1 110.3795765 426.3 0
2024 11 6.663459 -1.651592 163.1 152.20689 427.73 0
2024 12 2.9349663 -6.8027177 125 88.0451274 428.94 0
2025 1 -0.7340963 -10.423766 143.5 49.1078099 431.47 0
2025 2 -2.5345757 -16.22372 209.8 115.12465425 432.39 0
2025 3 5.197379 -5.133034 301.6 93.5440283 433.37 0
2025 4 7.951095 -2.8963087 391.2 166.376481 434.83 0
2025 5 19.653889 3.8318472 461.6 82.327258 435.37 0
2025 6 20.710043 7.860739 512.7 102.491871 434.82 0
2025 7 22.248798 10.661206 503.7 125.354421 433.3 0
2025 8 24.557919 10.665903 439.3 117.324026 430.71 0
2025 9 20.119026 7.8138285 346.6 111.63156 429.71 0
2025 10 12.374507 1.838385 255.1 88.0657982 429.57 0
2025 11 4.788178 -3.7430727 163.1 91.840368 431 0
2025 12 -2.1275437 -15.349735 125 124.5230754 432.21 0
2026 1 -2.6852224 -13.772553 143.5 140.5039753 434.83 0
2026 2 1.185131 -12.772114 209.8 11.4341358025 435.75 0
2026 3 4.0823183 -8.660196 301.6 93.9947745 436.73 0
2026 4 12.073269 -1.1690394 391.2 112.355541 438.19 0
2026 5 18.800795 5.7838783 461.6 152.636188 438.73 0
2026 6 23.279364 11.375341 512.7 186.169839 438.18 0
2026 7 26.309319 12.975112 503.7 121.8141869 436.66 0
2026 8 25.036024 13.6265335 439.3 119.8257849 434.07 0
2026 9 19.96533 6.984352 346.6 107.420769 433.07 0
2026 10 15.495876 4.038107 255.1 98.1389165 432.93 0
2026 11 6.6152587 -2.8999448 163.1 82.344252 434.36 0
2026 12 0.13921621 -9.57882 125 68.450015 435.57 0
2027 1 -4.486083 -17.189974 143.5 73.1849767 438.24 0
2027 2 2.3671305 -8.749451 209.8 71.21647025 439.16 0
2027 3 5.5118546 -8.217897 301.6 33.3031977 440.14 0
2027 4 10.435625 -1.8062549 391.2 95.437623 441.6 0
2027 5 19.361889 5.4065638 461.6 100.4004285 442.14 0
2027 6 23.980295 9.866672 512.7 138.748311 441.59 0
2027 7 26.960936 14.57578 503.7 97.6724037 440.07 0
2027 8 26.602566 11.564999 439.3 77.1611452 437.48 0
2027 9 21.787844 8.163812 346.6 85.012599 436.48 0
2027 10 15.242869 2.7252162 255.1 92.1118717 436.34 0
2027 11 7.865859 -2.1483233 163.1 101.1744 437.77 0
2027 12 0.72711045 -8.197189 125 80.2595673 438.98 0
2028 1 -3.342978 -15.763829 143.5 93.0084568 441.72 0
2028 2 -4.4827366 -18.39426 209.8 38.712068275 442.64 0
2028 3 2.7717676 -10.915189 301.6 63.4078929 443.62 0
2028 4 12.78241 -1.1801509 391.2 31.724871 445.08 0
2028 5 20.146233 4.7806225 461.6 63.0946627 445.62 0
2028 6 26.855177 10.316289 512.7 58.54485 445.07 0
2028 7 24.866934 11.559237 503.7 129.8808953 443.55 0
2028 8 26.810686 11.728966 439.3 52.4851483 440.96 0
2028 9 21.702126 6.751583 346.6 83.484642 439.96 0
2028 10 10.509796 -0.39712718 255.1 113.6144234 439.82 0
2028 11 6.572733 -2.6035817 163.1 150.868665 441.25 0
2028 12 -2.1501987 -11.951837 125 78.4923875 442.46 0
2029 1 -10.688829 -23.72903 143.5 78.262879 445.25 0
2029 2 -5.721988 -18.967873 209.8 63.22669225 446.17 0
2029 3 6.0212226 -5.404711 301.6 97.956838 447.15 0
2029 4 13.504461 0.44917423 391.2 95.325729 448.61 0
2029 5 18.70821 7.2024794 461.6 166.4528787 449.15 0
2029 6 24.105688 10.162533 512.7 122.67117 448.6 0
2029 7 26.315182 13.0612955 503.7 120.84358 447.08 0
2029 8 26.3328 11.9577055 439.3 60.4186652 444.49 0
2029 9 21.610865 10.358041 346.6 104.95101 443.49 0
2029 10 18.511978 6.9277864 255.1 164.0888156 443.35 0
2029 11 3.6147916 -4.999566 163.1 87.796098 444.78 0
2029 12 -0.2856441 -9.138366 125 106.8168891 445.99 0
2030 1 -4.5260177 -17.618954 143.5 64.583323 448.83 0
2030 2 -2.239154 -14.205799 209.8 115.92068275 449.75 0
2030 3 4.5458307 -4.65897 301.6 80.2467085 450.73 0
2030 4 11.352794 -0.542356 391.2 45.935832 452.19 0
2030 5 19.82469 3.3216722 461.6 65.396701 452.73 0
2030 6 23.758854 9.746819 512.7 75.3402 452.18 0
2030 7 27.14527 14.10235 503.7 87.1305437 450.66 0
2030 8 24.781096 10.705769 439.3 150.9086076 448.07 0
2030 9 21.891191 8.649535 346.6 100.600983 447.07 0
2030 10 12.972707 0.83640295 255.1 41.6859325 446.93 0
2030 11 6.602522 -1.2666345 163.1 193.830255 448.36 0
2030 12 -2.132294 -11.308398 125 69.558203 449.57 0
2031 1 -4.9512167 -17.872404 143.5 66.2299159 452.47 0
2031 2 -2.9294624 -16.49865 209.8 52.01729565 453.39 0
2031 3 6.1297503 -5.142936 301.6 63.862108 454.37 0
2031 4 8.463411 -3.4895236 391.2 101.722899 455.83 0
2031 5 14.884955 5.033563 461.6 107.8398395 456.37 0
2031 6 25.852427 10.391792 512.7 63.589632 455.82 0
2031 7 26.389444 12.732843 503.7 75.250051 454.3 0
2031 8 23.26592 10.857588 439.3 100.6316482 451.71 0
2031 9 20.328836 8.805898 346.6 152.56515 450.71 0
2031 10 13.95996 1.5565147 255.1 33.1933306 450.57 0
2031 11 6.278806 -3.6402807 163.1 98.878821 452 0
2031 12 -0.09747157 -8.389841 125 87.4542984 453.21 0
2032 1 -8.810815 -21.908186 143.5 36.1636607 456.18 0
2032 2 -2.9437425 -16.793331 209.8 76.026408475 457.1 0
2032 3 2.3895857 -10.325501 301.6 62.5262808 458.08 0
2032 4 10.266531 -2.8403647 391.2 71.88144 459.54 0
2032 5 19.138588 4.536073 461.6 109.5608634 460.08 0
2032 6 24.014675 9.768628 512.7 68.08563 459.53 0
2032 7 26.379326 12.498873 503.7 82.9064093 458.01 0
2032 8 26.43536 13.654488 439.3 91.183245 455.42 0
2032 9 19.641455 5.2031665 346.6 80.31702 454.42 0
2032 10 12.617432 1.7718498 255.1 71.916807 454.28 0
2032 11 3.022857 -6.044304 163.1 152.992458 455.71 0
2032 12 -1.8131254 -10.758196 125 136.5883405 456.92 0
2033 1 -9.807237 -21.603035 143.5 106.0018278 459.96 0
2033 2 -2.4941516 -15.942923 209.8 44.752466325 460.88 0
2033 3 0.65970683 -13.28699 301.6 46.7492276 461.86 0
2033 4 9.772648 -3.2642424 391.2 94.155006 463.32 0
2033 5 19.618511 6.4658613 461.6 119.8364799 463.86 0
2033 6 21.971506 8.613754 512.7 102.622332 463.31 0
2033 7 26.178074 12.004426 503.7 58.3038204 461.79 0
2033 8 24.581825 10.757779 439.3 99.9671694 459.2 0
2033 9 21.101978 7.3290944 346.6 109.502106 458.2 0
2033 10 13.406473 2.2371473 255.1 94.9966046 458.06 0
2033 11 6.5297675 -2.521967 163.1 180.711435 459.49 0
2033 12 -1.6981815 -11.5588255 125 72.9928139 460.7 0
2034 1 -3.0909781 -15.463409 143.5 80.8747778 463.85 0
2034 2 -2.8347738 -15.722104 209.8 103.66742605 464.77 0
2034 3 4.0438004 -7.462272 301.6 87.2248395 465.75 0
2034 4 11.16139 0.58371407 391.2 86.165901 467.21 0
2034 5 18.308584 5.333145 461.6 157.2933025 467.75 0
2034 6 25.071562 10.714306 512.7 109.069377 467.2 0
2034 7 26.811785 13.462462 503.7 111.4066282 465.68 0
2034 8 25.1383 12.391423 439.3 110.56801 463.09 0
2034 9 19.069887 5.363975 346.6 78.260952 462.09 0
2034 10 17.185156 1.642957 255.1 43.6696597 461.95 0
2034 11 7.789389 -0.16452406 163.1 94.26669 463.38 0
2034 12 0.629662 -9.367862 125 117.560742 464.59 0
2035 1 -0.68008316 -10.696799 143.5 69.5466803 467.85 0
2035 2 2.9311414 -9.138061 209.8 63.556835875 468.77 0
2035 3 6.2168574 -6.007107 301.6 36.5808556 469.75 0
2035 4 11.396663 -1.3076465 391.2 92.449686 471.21 0
2035 5 19.240683 3.7766163 461.6 70.4852332 471.75 0
2035 6 24.988476 10.087007 512.7 69.405528 471.2 0
2035 7 31.017187 14.651661 503.7 58.8430375 469.68 0
2035 8 28.040201 12.710365 439.3 102.2119507 467.09 0
2035 9 22.687408 11.0304165 346.6 99.75381 466.09 0
2035 10 12.726263 1.2317636 255.1 82.502625 465.95 0
2035 11 6.1445303 -1.6061766 163.1 169.990668 467.38 0
2035 12 2.3848674 -7.8759403 125 147.4088626 468.59 0
2036 1 -5.023459 -17.348225 143.5 65.2349647 471.96 0
2036 2 -3.671895 -15.884303 209.8 49.536739425 472.88 0
2036 3 1.3961887 -12.456444 301.6 52.4782539 473.86 0
2036 4 10.268189 -1.5161594 391.2 156.095439 475.32 0
2036 5 20.548487 6.9852033 461.6 105.9483404 475.86 0
2036 6 22.830389 11.064514 512.7 144.16377 475.31 0
2036 7 26.104816 12.1449175 503.7 97.6292858 473.79 0
2036 8 25.081758 11.248365 439.3 108.8766066 471.2 0
2036 9 20.616892 6.781809 346.6 107.282196 470.2 0
2036 10 16.862581 4.5726614 255.1 107.7994744 470.06 0
2036 11 5.9993377 -3.373247 163.1 165.92877 471.49 0
2036 12 2.2106915 -8.189617 125 49.8870972 472.7 0
2037 1 -4.188729 -16.939014 143.5 124.216256 476.18 0
2037 2 -1.4843793 -12.473981 209.8 110.44221675 477.1 0
2037 3 2.8100896 -10.184694 301.6 62.3977393 478.08 0
2037 4 12.630436 -0.4457648 391.2 31.40154 479.54 0
2037 5 17.88731 4.686804 461.6 138.176796 480.08 0
2037 6 25.140644 11.206224 512.7 90.948171 479.53 0
2037 7 27.688955 14.516195 503.7 111.267029 478.01 0
2037 8 26.152164 12.387667 439.3 151.2266273 475.42 0
2037 9 20.93281 9.321946 346.6 138.768 474.42 0
2037 10 14.487118 2.491457 255.1 56.8475303 474.28 0
2037 11 4.3078094 -2.6605644 163.1 157.82637 475.71 0
2037 12 -2.7248766 -13.150886 125 62.8990248 476.92 0
2038 1 -3.9954553 -15.956712 143.5 146.676252 480.51 0
2038 2 -0.8588026 -13.508105 209.8 10.8968513125 481.43 0
2038 3 4.6707745 -7.486444 301.6 76.3668074 482.41 0
2038 4 12.669822 -0.72566205 391.2 104.497569 483.87 0
2038 5 19.617876 3.935806 461.6 107.8183596 484.41 0
2038 6 24.360674 10.6389065 512.7 119.94744 483.86 0
2038 7 30.212711 14.237173 503.7 75.118456 482.34 0
2038 8 25.680433 13.191934 439.3 86.4968572 479.75 0
2038 9 21.428251 5.800724 346.6 104.277369 478.75 0
2038 10 17.292221 3.398744 255.1 66.5608533 478.61 0
2038 11 7.6385922 -0.70826 163.1 131.97789 480.04 0
2038 12 -1.7657353 -12.809948 125 63.6780486 481.25 0
2039 1 -8.514309 -20.286465 143.5 61.1776506 484.93 0
2039 2 3.348928 -8.634134 209.8 111.44424425 485.85 0
2039 3 3.953909 -9.269062 301.6 96.6714292 486.83 0
2039 4 11.9048 -0.15884495 391.2 137.36445 488.29 0
2039 5 17.734165 1.5625747 461.6 55.7716722 488.83 0
2039 6 25.408438 11.014859 512.7 78.948291 488.28 0
2039 7 25.52182 12.316051 503.7 104.5664844 486.76 0
2039 8 25.911716 13.484609 439.3 133.0311525 484.17 0
2039 9 22.907839 9.005024 346.6 60.876954 483.17 0
2039 10 14.1621895 2.2117724 255.1 94.8639525 483.03 0
2039 11 5.812391 -2.28356 163.1 74.908098 484.46 0
2039 12 -2.4091043 -15.894151 125 68.0239572 485.67 0
2040 1 -3.271619 -15.026424 143.5 70.9508625 489.44 0
2040 2 0.08570361 -12.517444 209.8 61.907832525 490.36 0
2040 3 5.7647705 -6.7562213 301.6 55.7585344 491.34 0
2040 4 12.089084 -1.9805619 391.2 53.3874 492.8 0
2040 5 16.71566 2.4389062 461.6 69.0360173 493.34 0
2040 6 25.514137 10.095796 512.7 60.602124 492.79 0
2040 7 25.063505 12.815771 503.7 153.788489 491.27 0
2040 8 26.771248 11.190401 439.3 55.0613878 488.68 0
2040 9 23.019453 11.778029 346.6 69.516936 487.68 0
2040 10 14.90629 4.45594 255.1 178.0232877 487.54 0
2040 11 6.5949383 -2.4169996 163.1 51.313104 488.97 0
2040 12 -3.6432376 -13.215563 125 82.2655835 490.18 0
2041 1 -3.7661335 -14.816658 143.5 114.6812667 494.03 0
2041 2 -1.1363716 -12.618224 209.8 59.073171025 494.95 0
2041 3 6.2339087 -4.506072 301.6 100.7528086 495.93 0
2041 4 10.55886 -1.6126225 391.2 108.17238 497.39 0
2041 5 16.512793 0.70288014 461.6 79.998693 497.93 0
2041 6 25.719305 11.011575 512.7 91.905135 497.38 0
2041 7 28.161343 15.228542 503.7 162.069333 495.86 0
2041 8 25.950964 11.360208 439.3 62.0242947 493.27 0
2041 9 20.593588 9.56667 346.6 203.684505 492.27 0
2041 10 12.843509 1.5212407 255.1 69.9627995 492.13 0
2041 11 5.000007 -3.4466527 163.1 132.67836 493.56 0
2041 12 -1.5180742 -11.9323845 125 92.328695 494.77 0
2042 1 -8.165454 -21.203735 143.5 92.0799851 498.73 0
2042 2 -1.2717725 -14.2502775 209.8 99.825782 499.65 0
2042 3 1.2592195 -12.375179 301.6 68.402368 500.63 0
2042 4 12.54334 -0.17974252 391.2 66.915237 502.09 0
2042 5 22.48523 5.2033176 461.6 48.8488824 502.63 0
2042 6 25.51417 10.495714 512.7 71.554221 502.08 0
2042 7 26.433437 14.262243 503.7 127.381573 500.56 0
2042 8 24.946651 12.986819 439.3 131.9898656 497.97 0
2042 9 21.836811 9.172866 346.6 77.416185 496.97 0
2042 10 17.156519 2.940439 255.1 71.9900724 496.83 0
2042 11 4.934935 -3.5624661 163.1 92.100312 498.26 0
2042 12 0.3557943 -7.5714493 125 67.5525805 499.47 0
2043 1 2.138285 -5.9588065 143.5 114.7697283 503.53 0
2043 2 2.5080104 -8.47487 209.8 64.268888425 504.45 0
2043 3 5.3067994 -4.9246116 301.6 66.4598119 505.43 0
2043 4 10.738842 -0.019058635 391.2 183.853899 506.89 0
2043 5 20.550228 6.3118668 461.6 85.0663932 507.43 0
2043 6 26.465233 11.41365 512.7 55.269927 506.88 0
2043 7 26.022415 12.43798 503.7 80.6561007 505.36 0
2043 8 23.478582 8.200764 439.3 47.0516946 502.77 0
2043 9 23.369179 8.696975 346.6 36.490335 501.77 0
2043 10 12.299473 1.430912 255.1 79.2240278 501.63 0
2043 11 4.121306 -3.8366053 163.1 173.304261 503.06 0
2043 12 1.0390708 -7.042054 125 43.7475224 504.27 0
2044 1 -1.1234487 -12.909777 143.5 62.6624607 508.43 0
2044 2 1.6044726 -9.671549 209.8 108.44350665 509.35 0
2044 3 2.0804982 -11.204696 301.6 129.878065 510.33 0
2044 4 11.81607 0.86999124 391.2 165.19791 511.79 0
2044 5 20.320662 6.6545773 461.6 178.9939597 512.33 0
2044 6 23.609201 11.447397 512.7 139.89342 511.78 0
2044 7 27.146412 13.033653 503.7 82.9531294 510.26 0
2044 8 26.281408 11.545658 439.3 52.3555528 507.67 0
2044 9 18.555391 6.641199 346.6 190.872675 506.67 0
2044 10 12.551951 1.6525333 255.1 130.984455 506.53 0
2044 11 5.508303 -4.160231 163.1 63.913179 507.96 0
2044 12 3.951346 -5.482511 125 185.2936743 509.17 0
2045 1 0.42905223 -9.55281 143.5 135.494893 513.46 0
2045 2 -4.582052 -17.10788 209.8 75.4017586 514.38 0
2045 3 1.225859 -11.842324 301.6 88.050509 515.36 0
2045 4 9.996482 -2.4925582 391.2 124.61088 516.82 0
2045 5 20.514112 8.07895 461.6 147.787385 517.36 0
2045 6 24.38628 11.182377 512.7 106.252056 516.81 0
2045 7 27.199871 13.052738 503.7 123.562032 515.29 0
2045 8 24.715242 11.319316 439.3 151.3248663 512.7 0
2045 9 23.169014 10.005122 346.6 104.160054 511.7 0
2045 10 16.258335 1.972961 255.1 33.6949664 511.56 0
2045 11 5.8535676 -2.8748758 163.1 50.494785 512.99 0
2045 12 2.8040192 -4.7077236 125 111.0795472 514.2 0
2046 1 -0.92742103 -12.528669 143.5 92.2888693 518.61 0
2046 2 0.942531 -12.801949 209.8 97.66200715 519.53 0
2046 3 6.643742 -5.6906195 301.6 84.369352 520.51 0
2046 4 14.1076355 1.1637263 391.2 104.7351 521.97 0
2046 5 18.4642 3.937599 461.6 80.1597473 522.51 0
2046 6 24.931665 11.224136 512.7 63.143841 521.96 0
2046 7 27.174025 15.101314 503.7 195.7731313 520.44 0
2046 8 26.69409 14.374553 439.3 130.5226263 517.85 0
2046 9 20.461487 6.1960974 346.6 49.140594 516.85 0
2046 10 14.050023 2.085883 255.1 60.4673569 516.71 0
2046 11 4.4133916 -4.3676553 163.1 60.022266 518.14 0
2046 12 4.923582 -4.4594727 125 239.2811756 519.35 0
2047 1 -0.19259547 -11.331923 143.5 85.3228469 523.9 0
2047 2 3.2426991 -6.60865 209.8 79.015815 524.82 0
2047 3 7.246622 -3.9480183 301.6 108.7653073 525.8 0
2047 4 11.862865 -0.28869995 391.2 151.521321 527.26 0
2047 5 18.660683 4.36144 461.6 94.9657348 527.8 0
2047 6 27.843555 13.308129 512.7 122.783418 527.25 0
2047 7 30.366207 15.139977 503.7 57.4676729 525.73 0
2047 8 27.480278 15.127251 439.3 109.0574575 523.14 0
2047 9 21.838818 10.742539 346.6 172.054482 522.14 0
2047 10 18.469954 3.0933244 255.1 57.8324654 522 0
2047 11 6.8323126 -1.701408 163.1 143.752542 523.43 0
2047 12 -0.76472515 -10.673929 125 192.111061 524.64 0
2048 1 -6.6319976 -17.18568 143.5 21.31699376 529.32 0
2048 2 -2.3342285 -15.875679 209.8 60.290734725 530.24 0
2048 3 3.3438418 -10.38098 301.6 47.3367365 531.22 0
2048 4 12.009402 -0.3958802 391.2 148.97322 532.68 0
2048 5 20.813505 6.0877304 461.6 94.6459264 533.22 0
2048 6 23.862047 11.027163 512.7 119.556498 532.67 0
2048 7 26.85093 12.860974 503.7 121.6648134 531.15 0
2048 8 27.555447 14.308005 439.3 96.0736128 528.56 0
2048 9 22.352877 8.713276 346.6 89.086962 527.56 0
2048 10 13.919783 2.2058606 255.1 77.5273172 527.42 0
2048 11 6.304914 -1.6604137 163.1 142.455138 528.85 0
2048 12 3.2026553 -5.3259387 125 114.1450287 530.06 0
2049 1 -2.373119 -13.48239 143.5 93.0196447 534.88 0
2049 2 -2.7615511 -14.612511 209.8 92.0754736 535.8 0
2049 3 4.5694556 -9.78758 301.6 74.01746 536.78 0
2049 4 11.806414 -0.3266288 391.2 79.722675 538.24 0
2049 5 14.87749 3.1233184 461.6 82.4409412 538.78 0
2049 6 23.799955 10.483273 512.7 138.359799 538.23 0
2049 7 24.563082 12.480469 503.7 130.8443536 536.71 0
2049 8 25.278671 12.624099 439.3 211.3554084 534.12 0
2049 9 22.001635 9.027904 346.6 90.88476 533.12 0
2049 10 13.387295 4.764056 255.1 150.9366037 532.98 0
2049 11 8.384783 -0.38792735 163.1 82.153638 534.41 0
2049 12 4.770962 -4.5174 125 170.4741615 535.62 0
2050 1 -2.6983235 -13.597851 143.5 83.0693453 540.54 0
2050 2 0.66981834 -12.612202 209.8 58.2671505 541.46 0
2050 3 8.0902815 -4.1548944 301.6 86.4315805 542.44 0
2050 4 13.562361 0.6112517 391.2 72.06303 543.9 0
2050 5 22.734747 5.0203176 461.6 46.3801416 544.44 0
2050 6 25.293737 11.577997 512.7 130.99488 543.89 0
2050 7 28.202845 13.274542 503.7 83.9665938 542.37 0
2050 8 27.360725 14.054036 439.3 83.0448491 539.78 0
2050 9 19.644894 4.7240725 346.6 45.249543 538.78 0
2050 10 16.04335 4.9187474 255.1 133.1970645 538.64 0
2050 11 10.138601 -0.06269097 163.1 223.626795 540.07 0
2050 12 0.93697244 -7.8646464 125 58.9883438 541.28 0
2051 1 -4.1677694 -16.654833 143.5 67.994625 546.32 0
2051 2 -2.5876749 -15.312014 209.8 26.569912045 547.24 0
2051 3 6.0658994 -5.743592 301.6 75.3841415 548.22 0
2051 4 11.532754 -1.6737427 391.2 47.056092 549.68 0
2051 5 23.195179 8.1453285 461.6 111.3116008 550.22 0
2051 6 21.25411 8.64776 512.7 124.40496 549.67 0
2051 7 26.207212 13.261622 503.7 108.495319 548.15 0
2051 8 24.215887 9.557257 439.3 147.9707097 545.56 0
2051 9 22.226501 9.045676 346.6 112.990608 544.56 0
2051 10 15.368529 2.959679 255.1 57.8371588 544.42 0
2051 11 8.10862 -1.8014703 163.1 151.956825 545.85 0
2051 12 -3.1601093 -13.4513645 125 52.4131477 547.06 0
2052 1 -0.33062688 -12.706089 143.5 42.0657817 552.21 0
2052 2 -0.8889082 -14.344195 209.8 77.483345725 553.13 0
2052 3 8.1994705 -3.6906378 301.6 70.0169782 554.11 0
2052 4 9.465813 -2.9240239 391.2 82.14456 555.57 0
2052 5 19.926846 4.960788 461.6 153.4009177 556.11 0
2052 6 24.24468 10.556664 512.7 107.691528 555.56 0
2052 7 28.17998 15.254895 503.7 150.404808 554.04 0
2052 8 28.435644 14.740664 439.3 90.0227538 551.45 0
2052 9 20.62498 8.179789 346.6 169.006248 550.45 0
2052 10 15.008448 2.394903 255.1 74.9834913 550.31 0
2052 11 9.42718 -0.16497894 163.1 131.47365 551.74 0
2052 12 -1.6768311 -13.117705 125 49.6179521 552.95 0
2053 1 -3.7973154 -16.153408 143.5 73.4142527 558.21 0
2053 2 2.995486 -9.936013 209.8 88.725659225 559.13 0
2053 3 5.2954063 -7.3414993 301.6 91.6387683 560.11 0
2053 4 11.143213 -2.10905 391.2 95.378643 561.57 0
2053 5 19.347523 5.793702 461.6 143.2050828 562.11 0
2053 6 24.908545 9.993046 512.7 75.71094 561.56 0
2053 7 28.032534 15.377529 503.7 152.696762 560.04 0
2053 8 27.13558 11.841539 439.3 60.0827585 557.45 0
2053 9 19.927635 9.02371 346.6 190.04817 556.45 0
2053 10 14.575408 2.9315825 255.1 86.442446 556.31 0
2053 11 6.022027 -3.4007957 163.1 54.785181 557.74 0
2053 12 1.1393397 -8.139443 125 115.849573 558.95 0
2054 1 1.1973084 -7.879387 143.5 111.9018284 564.31 0
2054 2 -0.23406902 -12.697669 209.8 106.806580175 565.23 0
2054 3 4.6339774 -8.536395 301.6 68.4141852 566.21 0
2054 4 11.920593 -1.2991836 391.2 138.559641 567.67 0
2054 5 16.706083 5.2369976 461.6 88.8489853 568.21 0
2054 6 25.706337 12.085182 512.7 126.6975 567.66 0
2054 7 26.894627 14.839975 503.7 157.6206625 566.14 0
2054 8 27.700417 14.145501 439.3 109.4991796 563.55 0
2054 9 21.127071 7.3068213 346.6 93.93846 562.55 0
2054 10 17.495028 3.1517832 255.1 90.8029277 562.41 0
2054 11 7.4168406 -1.3650061 163.1 138.123306 563.84 0
2054 12 3.8540199 -5.3416376 125 75.4509713 565.05 0
2055 1 1.1186023 -6.816626 143.5 114.9808135 570.52 0
2055 2 -2.1610594 -16.002497 209.8 22.1382594 571.44 0
2055 3 4.121352 -8.80589 301.6 69.706011 572.42 0
2055 4 12.271489 -0.17597918 391.2 153.959328 573.88 0
2055 5 22.097376 5.824696 461.6 34.3601768 574.42 0
2055 6 26.171427 12.174732 512.7 130.36353 573.87 0
2055 7 28.326395 14.733906 503.7 113.6869634 572.35 0
2055 8 29.722864 15.672376 439.3 90.8603707 569.76 0
2055 9 23.487318 9.535086 346.6 91.25994 568.76 0
2055 10 13.591849 2.358824 255.1 77.3811243 568.62 0
2055 11 10.166763 0.8504855 163.1 58.211703 570.05 0
2055 12 1.6871678 -6.8192825 125 92.2405775 571.26 0
2056 1 -1.4255514 -12.465811 143.5 108.0166976 576.84 0
2056 2 -2.3875916 -14.090308 209.8 116.8073655 577.76 0
2056 3 4.6797414 -8.646126 301.6 68.273129 578.74 0
2056 4 12.82506 -1.1929512 391.2 63.643755 580.2 0
2056 5 21.292393 5.7967634 461.6 69.813643 580.74 0
2056 6 24.860788 10.822875 512.7 120.958971 580.19 0
2056 7 28.836815 16.082401 503.7 151.4741654 578.67 0
2056 8 27.07166 14.612289 439.3 92.3168158 576.08 0
2056 9 23.066673 8.882746 346.6 73.53291 575.08 0
2056 10 18.06231 3.8547366 255.1 45.5579968 574.94 0
2056 11 8.554603 1.4176483 163.1 275.63334 576.37 0
2056 12 2.3900177 -6.1795673 125 64.1529996 577.58 0
2057 1 -5.422047 -17.425894 143.5 92.9490236 583.3 0
2057 2 -4.431953 -16.958712 209.8 74.533859275 584.22 0
2057 3 2.3629992 -11.877149 301.6 41.1281619 585.2 0
2057 4 12.787648 -0.6193384 391.2 90.895158 586.66 0
2057 5 17.619762 6.0367618 461.6 129.0894405 587.2 0
2057 6 27.444424 12.535081 512.7 98.51964 586.65 0
2057 7 30.221697 16.991156 503.7 131.6176424 585.13 0
2057 8 27.333292 12.561476 439.3 54.527326 582.54 0
2057 9 22.94318 10.179697 346.6 85.70226 581.54 0
2057 10 13.034391 3.539549 255.1 156.1850556 581.4 0
2057 11 8.714378 -0.24676734 163.1 192.558402 582.83 0
2057 12 2.172068 -6.119094 125 68.9306514 584.04 0
2058 1 -0.896584 -11.544341 143.5 83.1839492 589.91 0
2058 2 5.982601 -5.046739 209.8 123.3281887 590.83 0
2058 3 6.0767174 -6.855415 301.6 80.6104036 591.81 0
2058 4 12.293172 -1.2750893 391.2 125.45745 593.27 0
2058 5 21.449968 6.234714 461.6 97.5398694 593.81 0
2058 6 25.082165 13.060403 512.7 172.900029 593.26 0
2058 7 28.668425 14.193553 503.7 103.3807964 591.74 0
2058 8 27.595894 13.088083 439.3 101.0363036 589.15 0
2058 9 20.378258 8.817139 346.6 137.26938 588.15 0
2058 10 12.792974 -0.000173 255.1 49.0420341 588.01 0
2058 11 9.307752 0.069325246 163.1 117.241539 589.44 0
2058 12 0.9031089 -7.83982 125 94.0323775 590.65 0
2059 1 -2.776295 -13.000929 143.5 29.9956682 596.65 0
2059 2 -4.499898 -17.41312 209.8 71.2915418 597.57 0
2059 3 3.423307 -9.534847 301.6 85.282798 598.55 0
2059 4 14.418615 2.5013614 391.2 101.954082 600.01 0
2059 5 18.914492 5.553414 461.6 161.788566 600.55 0
2059 6 25.874638 11.952062 512.7 127.72116 600 0
2059 7 29.09636 14.663427 503.7 126.976868 598.48 0
2059 8 28.979643 14.502262 439.3 92.0579596 595.89 0
2059 9 23.818775 10.1993475 346.6 86.51136 594.89 0
2059 10 12.830956 1.5144614 255.1 39.9778976 594.75 0
2059 11 7.8952327 -0.26605704 163.1 94.720065 596.18 0
2059 12 4.2872887 -4.583385 125 48.3430864 597.39 0
2060 1 -0.7527384 -11.464934 143.5 101.929054 603.52 0
2060 2 -0.17764664 -12.799841 209.8 121.386450375 604.44 0
2060 3 7.5191774 -3.9008245 301.6 72.8695548 605.42 0
2060 4 14.324449 1.2246746 391.2 64.09986 606.88 0
2060 5 20.26478 6.086853 461.6 71.3949127 607.42 0
2060 6 26.652473 11.565252 512.7 122.405061 606.87 0
2060 7 29.319141 14.791925 503.7 85.0076792 605.35 0
2060 8 27.791353 14.124962 439.3 111.0454286 602.76 0
2060 9 21.96944 9.046606 346.6 111.26931 601.76 0
2060 10 16.584822 3.2437751 255.1 56.3028448 601.62 0
2060 11 4.928907 -2.6690807 163.1 85.437699 603.05 0
2060 12 -3.0690403 -12.852811 125 50.0364862 604.26 0
2061 1 -1.7393281 -13.082141 143.5 125.1023197 610.52 0
2061 2 -3.953193 -17.301123 209.8 43.263968175 611.44 0
2061 3 1.9888049 -10.048251 301.6 63.9226293 612.42 0
2061 4 11.279979 -1.8078684 391.2 69.916698 613.88 0
2061 5 17.038063 4.6827116 461.6 104.538913 614.42 0
2061 6 26.069382 11.70403 512.7 136.124052 613.87 0
2061 7 27.170769 13.856326 503.7 132.191719 612.35 0
2061 8 27.85828 14.893606 439.3 100.809768 609.76 0
2061 9 22.887054 8.812277 346.6 66.331314 608.76 0
2061 10 15.006926 2.9065008 255.1 139.0731114 608.62 0
2061 11 5.817131 -1.8040878 163.1 159.009546 610.05 0
2061 12 0.54709834 -8.110212 125 43.6312445 611.26 0
2062 1 -0.5096273 -11.296989 143.5 110.7317644 617.61 0
2062 2 -3.5280163 -16.801847 209.8 84.8295181 618.53 0
2062 3 2.9114296 -11.426054 301.6 98.7826408 619.51 0
2062 4 13.778456 0.006969765 391.2 114.418716 620.97 0
2062 5 22.80207 6.8423805 461.6 82.7160321 621.51 0
2062 6 24.39922 10.153637 512.7 65.787333 620.96 0
2062 7 27.308874 14.151957 503.7 117.9777943 619.44 0
2062 8 28.229652 14.816963 439.3 211.2005386 616.85 0
2062 9 24.086828 10.914057 346.6 114.51993 615.85 0
2062 10 14.958387 2.1966598 255.1 115.3090043 615.71 0
2062 11 8.007484 0.6129841 163.1 212.54256 617.14 0
2062 12 1.3028069 -8.277438 125 137.053015 618.35 0
2063 1 5.0525804 -3.6355143 143.5 134.2007887 624.76 0
2063 2 3.9629903 -5.2762465 209.8 119.961469525 625.68 0
2063 3 7.0476108 -3.5305247 301.6 156.53109 626.66 0
2063 4 14.621172 0.65815765 391.2 50.150436 628.12 0
2063 5 25.189966 10.106237 461.6 73.716264 628.66 0
2063 6 26.424582 12.64447 512.7 114.706092 628.11 0
2063 7 29.746601 15.98866 503.7 86.6767688 626.59 0
2063 8 29.133192 15.3634815 439.3 88.4275062 624 0
2063 9 27.247156 12.970063 346.6 45.568281 623 0
2063 10 17.831814 3.3105989 255.1 31.0752928 622.86 0
2063 11 8.287132 0.008037776 163.1 121.03863 624.29 0
2063 12 4.6486673 -4.810782 125 80.8797378 625.5 0
2064 1 -1.8682845 -12.078869 143.5 105.1703644 631.99 0
2064 2 -4.498641 -20.020504 209.8 125.64896575 632.91 0
2064 3 4.1947255 -8.46038 301.6 80.7941592 633.89 0
2064 4 12.91666 -0.63642937 391.2 95.813829 635.35 0
2064 5 21.876007 6.302456 461.6 94.4465034 635.89 0
2064 6 26.064466 10.938073 512.7 101.999496 635.34 0
2064 7 28.0504 14.882133 503.7 198.7502907 633.82 0
2064 8 29.264723 17.118784 439.3 135.750116 631.23 0
2064 9 21.651766 7.797529 346.6 106.468248 630.23 0
2064 10 19.949396 6.046702 255.1 55.4878455 630.09 0
2064 11 6.1169753 -2.7681904 163.1 153.23145 631.52 0
2064 12 4.654659 -3.9871051 125 137.3479118 632.73 0
2065 1 -1.1439536 -12.198545 143.5 130.1694836 639.29 0
2065 2 2.364967 -10.249151 209.8 59.894070825 640.21 0
2065 3 4.6403728 -8.267664 301.6 71.9241602 641.19 0
2065 4 13.674366 1.9197276 391.2 92.428572 642.65 0
2065 5 21.384672 5.6821036 461.6 83.5736688 643.19 0
2065 6 29.00519 13.662571 512.7 70.293525 642.64 0
2065 7 27.586494 13.981249 503.7 109.9472846 641.12 0
2065 8 26.727512 15.467417 439.3 144.7746593 638.53 0
2065 9 22.762293 9.339996 346.6 192.2649 637.53 0
2065 10 14.434098 1.7171323 255.1 32.59557 637.39 0
2065 11 7.270118 -1.2485418 163.1 177.224208 638.82 0
2065 12 1.6435728 -7.8274026 125 153.1296677 640.03 0
2066 1 -1.2235724 -11.67573 143.5 91.4084042 646.65 0
2066 2 0.25862077 -13.148742 209.8 16.003571325 647.57 0
2066 3 8.483654 -3.3673513 301.6 59.1655119 648.55 0
2066 4 12.427434 0.5307335 391.2 132.736002 650.01 0
2066 5 20.494024 6.3691225 461.6 96.2855164 650.55 0
2066 6 25.902542 10.924452 512.7 99.990462 650 0
2066 7 28.843344 16.563217 503.7 190.1173053 648.48 0
2066 8 27.790867 14.071171 439.3 122.838337 645.89 0
2066 9 21.890575 10.101894 346.6 110.235549 644.89 0
2066 10 14.65227 4.2143335 255.1 151.6661825 644.75 0
2066 11 6.297308 -1.7559752 163.1 190.660959 646.18 0
2066 12 -1.8191545 -12.165099 125 66.1009714 647.39 0
2067 1 -2.9036703 -13.030585 143.5 79.558245 654.1 0
2067 2 2.3544679 -11.102707 209.8 12.772101285 655.02 0
2067 3 6.3488116 -6.974788 301.6 102.4627686 656 0
2067 4 14.02613 2.5975144 391.2 162.43794 657.46 0
2067 5 21.373905 7.141416 461.6 102.7156077 658 0
2067 6 26.508923 12.13888 512.7 148.35873 657.45 0
2067 7 29.57106 16.87626 503.7 144.1942897 655.93 0
2067 8 27.699648 14.706113 439.3 129.4720115 653.34 0
2067 9 23.289505 9.465408 346.6 53.216313 652.34 0
2067 10 16.96892 5.2066517 255.1 60.6358884 652.2 0
2067 11 6.643025 -2.262945 163.1 154.68678 653.63 0
2067 12 -2.6197712 -12.200796 125 90.0792265 654.84 0
2068 1 -4.2347636 -17.114952 143.5 93.0918096 661.64 0
2068 2 -3.2690098 -16.417976 209.8 13.399117945 662.56 0
2068 3 6.8475266 -6.407434 301.6 84.6793644 663.54 0
2068 4 12.635915 -0.52928656 391.2 135.492 665 0
2068 5 23.514307 9.304572 461.6 100.0596548 665.54 0
2068 6 24.492287 11.967891 512.7 126.53793 664.99 0
2068 7 30.238533 14.112082 503.7 48.5080002 663.47 0
2068 8 29.312662 13.9045 439.3 90.5220584 660.88 0
2068 9 25.10942 12.876903 346.6 82.430235 659.88 0
2068 10 17.488132 7.2035403 255.1 97.692811 659.74 0
2068 11 6.816531 -0.85430133 163.1 153.04725 661.17 0
2068 12 4.76058 -3.6856852 125 62.447361 662.38 0
2069 1 -1.0507748 -11.352721 143.5 69.6092817 669.3 0
2069 2 0.34376618 -12.376097 209.8 107.98113325 670.22 0
2069 3 4.361359 -6.831177 301.6 111.2957536 671.2 0
2069 4 12.327587 0.18351299 391.2 89.713089 672.66 0
2069 5 21.146183 6.605186 461.6 74.481375 673.2 0
2069 6 27.479036 11.696549 512.7 60.066855 672.65 0
2069 7 29.140924 13.961489 503.7 81.0693028 671.13 0
2069 8 28.932972 13.552089 439.3 64.1460742 668.54 0
2069 9 25.254705 10.750888 346.6 57.687129 667.54 0
2069 10 18.239944 5.5976124 255.1 77.4934218 667.4 0
2069 11 7.362716 -2.107301 163.1 117.37788 668.83 0
2069 12 5.1540217 -4.000295 125 112.2479403 670.04 0
2070 1 1.2707982 -5.647872 143.5 146.585856 677.08 0
2070 2 3.411095 -9.426023 209.8 63.48584645 678 0
2070 3 7.1156845 -3.640633 301.6 107.0330242 678.98 0
2070 4 16.55297 3.109119 391.2 84.280287 680.44 0
2070 5 23.761045 7.611428 461.6 65.1909137 680.98 0
2070 6 27.524668 13.965122 512.7 155.87901 680.43 0
2070 7 29.589247 14.945942 503.7 78.6959118 678.91 0
2070 8 29.615408 16.727627 439.3 110.3507 676.32 0
2070 9 24.37388 11.179118 346.6 89.44575 675.32 0
2070 10 16.668528 6.098639 255.1 84.4447378 675.18 0
2070 11 5.83921 -1.4353025 163.1 168.220509 676.61 0
2070 12 4.620933 -4.169419 125 175.9073424 677.82 0
2071 1 1.4304448 -8.546776 143.5 149.125128 684.95 0
2071 2 -1.007893 -12.309824 209.8 61.65977775 685.87 0
2071 3 8.530582 -2.8680384 301.6 92.346334 686.85 0
2071 4 12.702606 0.012037179 391.2 123.06762 688.31 0
2071 5 22.532276 9.595293 461.6 72.2538173 688.85 0
2071 6 26.702467 11.370654 512.7 68.74017 688.3 0
2071 7 25.822887 15.046949 503.7 182.416772 686.78 0
2071 8 30.096645 17.345905 439.3 82.7581983 684.19 0
2071 9 23.628279 10.749708 346.6 183.511692 683.19 0
2071 10 16.03483 3.7071018 255.1 51.2355755 683.05 0
2071 11 7.447117 -1.1054856 163.1 167.182002 684.48 0
2071 12 5.5334067 -3.9680011 125 147.5355565 685.69 0
2072 1 0.1249741 -9.730694 143.5 63.5904116 692.9 0
2072 2 5.1520667 -5.746739 209.8 69.611277 693.82 0
2072 3 6.7922883 -5.6101727 301.6 87.0574705 694.8 0
2072 4 12.220458 -0.06382565 391.2 122.84649 696.26 0
2072 5 23.034548 7.6176286 461.6 82.355592 696.8 0
2072 6 28.97539 15.56952 512.7 125.86794 696.25 0
2072 7 32.36891 17.685335 503.7 109.9475605 694.73 0
2072 8 27.625776 14.265887 439.3 125.9867993 692.14 0
2072 9 24.415262 11.954225 346.6 85.293024 691.14 0
2072 10 19.243464 3.8701422 255.1 53.9225377 691 0
2072 11 9.046215 0.28116953 163.1 89.04591 692.43 0
2072 12 -2.970941 -14.015751 125 103.5188146 693.64 0
2073 1 1.3962743 -8.648249 143.5 43.2132963 700.89 0
2073 2 -1.7652525 -14.619924 209.8 71.251909875 701.81 0
2073 3 5.6700573 -7.337 301.6 71.082473 702.79 0
2073 4 12.748159 -0.95770055 391.2 67.48857 704.25 0
2073 5 20.49627 5.4192734 461.6 61.3111769 704.79 0
2073 6 28.617361 14.11161 512.7 111.183414 704.24 0
2073 7 29.556505 17.29281 503.7 135.124598 702.72 0
2073 8 27.343342 12.605112 439.3 115.2661344 700.13 0
2073 9 23.490011 7.928382 346.6 86.567496 699.13 0
2073 10 16.224705 3.5790613 255.1 65.6730133 698.99 0
2073 11 8.899275 -1.1203496 163.1 106.50432 700.42 0
2073 12 -3.7929838 -12.9819765 125 57.4161509 701.63 0
2074 1 -0.32333893 -11.023084 143.5 150.818007 708.93 0
2074 2 2.3704462 -10.317911 209.8 61.053665525 709.85 0
2074 3 5.625385 -8.483855 301.6 54.0058905 710.83 0
2074 4 13.933073 1.7145308 391.2 165.50652 712.29 0
2074 5 21.0911 5.7569838 461.6 76.270168 712.83 0
2074 6 27.207869 13.624671 512.7 99.92649 712.28 0
2074 7 29.981619 15.487856 503.7 113.2063146 710.76 0
2074 8 29.713314 16.180954 439.3 121.2260487 708.17 0
2074 9 25.257994 9.963879 346.6 76.778025 707.17 0
2074 10 14.896896 2.7272646 255.1 93.9057642 707.03 0
2074 11 9.909508 1.711617 163.1 160.45818 708.46 0
2074 12 1.8203713 -5.377985 125 46.5344007 709.67 0
2075 1 -0.09194316 -9.584949 143.5 141.88731 717.02 0
2075 2 3.8175137 -7.1764545 209.8 90.191975475 717.94 0
2075 3 7.2833476 -4.511615 301.6 98.871121 718.92 0
2075 4 13.471838 0.33289254 391.2 166.157268 720.38 0
2075 5 17.40923 6.0144253 461.6 149.7393682 720.92 0
2075 6 27.006218 12.567997 512.7 120.74424 720.37 0
2075 7 30.111383 16.009922 503.7 102.982961 718.85 0
2075 8 30.029366 15.994377 439.3 79.375438 716.26 0
2075 9 24.551004 10.7249975 346.6 57.862704 715.26 0
2075 10 18.480835 2.6653137 255.1 32.8248181 715.12 0
2075 11 10.926419 1.3509499 163.1 50.50581 716.55 0
2075 12 5.5279574 -4.5925865 125 110.2971661 717.76 0
2076 1 4.4237695 -5.244605 143.5 83.3737777 725.14 0
2076 2 -5.5009995 -18.128086 209.8 25.4953199 726.06 0
2076 3 4.572084 -7.020314 301.6 122.9549466 727.04 0
2076 4 14.127456 1.4590739 391.2 83.87634 728.5 0
2076 5 21.065664 7.1453333 461.6 103.0830414 729.04 0
2076 6 27.722382 13.354531 512.7 103.221288 728.49 0
2076 7 30.995716 16.977463 503.7 106.4596265 726.97 0
2076 8 29.34762 15.068766 439.3 61.0655856 724.38 0
2076 9 25.109617 12.188167 346.6 71.36175 723.38 0
2076 10 19.054926 4.1749363 255.1 30.4156314 723.24 0
2076 11 8.166939 0.3005857 163.1 156.650535 724.67 0
2076 12 1.5104505 -6.321096 125 47.9639037 725.88 0
2077 1 -5.4090724 -16.331888 143.5 28.5526647 733.31 0
2077 2 1.2013526 -10.916361 209.8 134.89054645 734.23 0
2077 3 5.63279 -6.4305305 301.6 157.6278607 735.21 0
2077 4 12.566348 -0.7470553 391.2 82.624176 736.67 0
2077 5 21.024591 6.3775334 461.6 71.51049 737.21 0
2077 6 28.537745 13.395934 512.7 75.941106 736.66 0
2077 7 30.717535 16.80917 503.7 121.9323 735.14 0
2077 8 28.937517 17.06477 439.3 143.1650215 732.55 0
2077 9 19.72191 10.1250925 346.6 209.72499 731.55 0
2077 10 13.725107 1.1412151 255.1 81.6973566 731.41 0
2077 11 10.131742 1.5000818 163.1 64.70052 732.84 0
2077 12 4.3564982 -3.7323978 125 129.8277396 734.05 0
2078 1 -1.5706142 -12.363662 143.5 75.487201 741.52 0
2078 2 -1.9283291 -13.963806 209.8 45.2518783 742.44 0
2078 3 5.2043223 -7.113994 301.6 112.8963363 743.42 0
2078 4 17.926031 3.971205 391.2 81.169146 744.88 0
2078 5 25.121975 8.892206 461.6 54.7976243 745.42 0
2078 6 27.943125 13.66483 512.7 86.288523 744.87 0
2078 7 30.307714 16.260155 503.7 105.8660416 743.35 0
2078 8 27.711702 14.142974 439.3 132.035758 740.76 0
2078 9 24.633728 8.479876 346.6 33.980691 739.76 0
2078 10 15.799025 2.8239496 255.1 50.999464 739.62 0
2078 11 9.731935 1.5424342 163.1 111.169689 741.05 0
2078 12 3.1025245 -4.6851506 125 134.9595013 742.26 0
2079 1 2.8588288 -4.8624253 143.5 150.248537 749.8 0
2079 2 3.677551 -6.2927737 209.8 75.774808325 750.72 0
2079 3 8.609265 -2.0421977 301.6 167.1585255 751.7 0
2079 4 16.631987 3.3251903 391.2 147.253632 753.16 0
2079 5 20.855177 5.6726623 461.6 46.1215923 753.7 0
2079 6 25.044897 13.686987 512.7 137.35086 753.15 0
2079 7 29.764338 16.212563 503.7 150.561172 751.63 0
2079 8 27.40494 13.404809 439.3 161.3012057 749.04 0
2079 9 22.968018 8.417193 346.6 104.715528 748.04 0
2079 10 15.585886 4.093364 255.1 150.1673666 747.9 0
2079 11 9.984228 1.2977349 163.1 109.148835 749.33 0
2079 12 2.0217655 -5.940471 125 98.1121666 750.54 0
2080 1 -1.2514262 -11.984291 143.5 67.6355675 758.18 0
2080 2 6.580396 -5.2566047 209.8 78.377723775 759.1 0
2080 3 6.4702883 -7.2989235 301.6 21.51463395 760.08 0
2080 4 13.818877 0.4082425 391.2 107.01138 761.54 0
2080 5 23.904968 7.933533 461.6 73.3605421 762.08 0
2080 6 27.408367 12.802438 512.7 124.663938 761.53 0
2080 7 31.268482 18.196972 503.7 94.3440794 760.01 0
2080 8 30.1265 15.933792 439.3 99.0332913 757.42 0
2080 9 25.326122 11.1367445 346.6 91.15782 756.42 0
2080 10 17.212423 3.3358808 255.1 78.2218753 756.28 0
2080 11 8.574183 -0.06564713 163.1 77.930211 757.71 0
2080 12 3.089498 -6.55096 125 75.618734 758.92 0
2081 1 0.74986535 -9.7473345 143.5 91.4586862 766.64 0
2081 2 1.7252798 -11.900543 209.8 64.33443125 767.56 0
2081 3 6.3725824 -5.0839944 301.6 104.3776603 768.54 0
2081 4 12.060151 -0.3703557 391.2 134.63952 770 0
2081 5 23.148476 9.878893 461.6 104.8596328 770.54 0
2081 6 27.421978 13.776057 512.7 111.130929 769.99 0
2081 7 28.602528 15.448026 503.7 128.207103 768.47 0
2081 8 30.712648 15.548205 439.3 66.4278385 765.88 0
2081 9 25.3308 11.209419 346.6 40.664634 764.88 0
2081 10 17.796375 6.127217 255.1 88.1871012 764.74 0
2081 11 10.898546 0.6909181 163.1 89.348673 766.17 0
2081 12 -0.83432674 -11.833875 125 206.1889236 767.38 0
2082 1 0.36060145 -10.590416 143.5 85.6260393 775.17 0
2082 2 -1.0708688 -13.23317 209.8 67.3803858 776.09 0
2082 3 5.3595243 -7.666027 301.6 88.1791776 777.07 0
2082 4 17.256811 3.4293616 391.2 59.941854 778.53 0
2082 5 23.78031 6.6373386 461.6 74.7214886 779.07 0
2082 6 28.027044 13.326974 512.7 117.975969 778.52 0
2082 7 33.24435 18.074072 503.7 106.2474904 777 0
2082 8 30.423183 16.113546 439.3 89.1178762 774.41 0
2082 9 22.275524 9.402293 346.6 73.050585 773.41 0
2082 10 15.504233 4.62839 255.1 145.332309 773.27 0
2082 11 7.4598026 -0.25975242 163.1 90.866046 774.7 0
2082 12 5.5700865 -2.9029505 125 124.3802057 775.91 0
2083 1 -0.4098632 -10.753134 143.5 125.3412863 783.75 0
2083 2 8.324494 -2.8956017 209.8 69.317937475 784.67 0
2083 3 6.813297 -5.936397 301.6 70.2724523 785.65 0
2083 4 14.842908 1.9485984 391.2 104.326515 787.11 0
2083 5 23.472855 7.3302913 461.6 125.427767 787.65 0
2083 6 29.401228 13.004178 512.7 58.398045 787.1 0
2083 7 31.134909 16.153734 503.7 67.4393282 785.58 0
2083 8 28.970644 16.135084 439.3 207.5781173 782.99 0
2083 9 25.952518 12.758237 346.6 100.818879 781.99 0
2083 10 15.903615 5.688084 255.1 172.5661903 781.85 0
2083 11 10.882977 3.0915534 163.1 92.76858 783.28 0
2083 12 2.0774496 -5.5474925 125 37.8102288 784.49 0
2084 1 -5.862056 -17.072206 143.5 48.2904887 792.37 0
2084 2 3.499684 -8.753942 209.8 67.40525145 793.29 0
2084 3 6.970664 -6.1818175 301.6 76.5461207 794.27 0
2084 4 12.600872 -0.2624513 391.2 60.41079 795.73 0
2084 5 17.018839 4.857693 461.6 131.360206 796.27 0
2084 6 28.35774 11.638333 512.7 55.655151 795.72 0
2084 7 30.298538 16.73364 503.7 122.7873544 794.2 0
2084 8 28.142326 13.251201 439.3 136.17153 791.61 0
2084 9 23.89311 12.351917 346.6 173.494935 790.61 0
2084 10 14.970355 5.31039 255.1 98.8338001 790.47 0
2084 11 12.654781 2.024842 163.1 48.831771 791.9 0
2084 12 4.400085 -3.185588 125 99.248391 793.11 0
2085 1 -5.1295457 -15.985352 143.5 58.5795964 801.02 0
2085 2 0.54880965 -11.864961 209.8 91.66439655 801.94 0
2085 3 7.5470643 -2.4101307 301.6 139.9013167 802.92 0
2085 4 12.551436 0.06893436 391.2 119.865705 804.38 0
2085 5 23.216614 7.24456 461.6 95.21867 804.92 0
2085 6 29.568884 12.898174 512.7 57.043341 804.37 0
2085 7 30.133965 15.431774 503.7 127.893538 802.85 0
2085 8 30.31351 18.706467 439.3 129.405904 800.26 0
2085 9 25.34977 12.65321 346.6 154.72236 799.26 0
2085 10 14.519343 2.8478117 255.1 82.5501728 799.12 0
2085 11 7.8428445 -0.043062154 163.1 82.188528 800.55 0
2085 12 5.079239 -3.0161247 125 66.3781858 801.76 0
2086 1 -0.18170321 -11.837414 143.5 155.7117817 809.71 0
2086 2 -0.6685464 -11.849519 209.8 43.272364075 810.63 0
2086 3 6.948239 -6.150396 301.6 61.9192729 811.61 0
2086 4 12.821215 -0.20681684 391.2 151.096659 813.07 0
2086 5 21.0468 5.313185 461.6 76.7189147 813.61 0
2086 6 25.769066 10.52034 512.7 94.43547 813.06 0
2086 7 29.657581 15.07263 503.7 124.8503455 811.54 0
2086 8 29.02878 16.264215 439.3 135.403009 808.95 0
2086 9 25.655369 12.723864 346.6 176.945499 807.95 0
2086 10 19.94921 6.25802 255.1 31.8457823 807.81 0
2086 11 7.380813 0.35105082 163.1 174.11958 809.24 0
2086 12 3.5812042 -3.3238027 125 118.1704128 810.45 0
2087 1 -1.2716347 -10.997181 143.5 68.4946736 818.42 0
2087 2 3.5272949 -5.84346 209.8 89.414597625 819.34 0
2087 3 6.4049897 -4.9771957 301.6 38.4561572 820.32 0
2087 4 15.581028 3.6166527 391.2 88.148382 821.78 0
2087 5 23.322437 10.776883 461.6 121.1136179 822.32 0
2087 6 28.635132 15.534993 512.7 130.319739 821.77 0
2087 7 30.150127 15.844738 503.7 90.4983837 820.25 0
2087 8 31.538982 17.794083 439.3 69.5769983 817.66 0
2087 9 26.09529 13.440157 346.6 75.363792 816.66 0
2087 10 18.97905 5.822052 255.1 98.3746002 816.52 0
2087 11 10.748321 1.377432 163.1 90.312396 817.95 0
2087 12 0.85129267 -9.3946495 125 135.7191315 819.16 0
2088 1 0.14337957 -10.951777 143.5 73.6602408 827.16 0
2088 2 3.0863316 -9.029367 209.8 17.843674625 828.08 0
2088 3 8.129249 -5.4650416 301.6 52.0906113 829.06 0
2088 4 13.4043 0.14485553 391.2 84.247935 830.52 0
2088 5 23.043055 7.103796 461.6 80.3732195 831.06 0
2088 6 27.115723 12.823638 512.7 112.474866 830.51 0
2088 7 27.563116 15.481307 503.7 93.1330458 828.99 0
2088 8 30.9933 18.24716 439.3 147.394367 826.4 0
2088 9 26.549128 10.730577 346.6 41.401224 825.4 0
2088 10 19.51377 5.6422353 255.1 96.9239645 825.26 0
2088 11 7.997751 -0.7666703 163.1 85.185219 826.69 0
2088 12 5.9033694 -2.5053978 125 68.8116331 827.9 0
2089 1 1.1288444 -10.231799 143.5 130.8422704 835.96 0
2089 2 3.5074468 -8.698757 209.8 78.823587875 836.88 0
2089 3 6.91879 -4.788224 301.6 64.6357626 837.86 0
2089 4 14.712465 1.9736984 391.2 111.213348 839.32 0
2089 5 23.59316 7.405183 461.6 72.2420373 839.86 0
2089 6 27.790495 12.939635 512.7 140.171328 839.31 0
2089 7 30.086464 16.740786 503.7 117.7552763 837.79 0
2089 8 31.93236 18.338589 439.3 48.4275738 835.2 0
2089 9 23.15703 10.288418 346.6 89.755203 834.2 0
2089 10 18.551596 7.0641007 255.1 59.770542 834.06 0
2089 11 10.690418 2.317116 163.1 124.78794 835.49 0
2089 12 -2.059042 -11.747956 125 71.3822678 836.7 0
2090 1 -1.9247329 -11.489146 143.5 150.9095686 844.8 0
2090 2 -1.350259 -13.645693 209.8 50.309648125 845.72 0
2090 3 7.2678204 -5.022643 301.6 122.7355503 846.7 0
2090 4 13.645791 2.094883 391.2 202.299942 848.16 0
2090 5 20.785625 6.399879 461.6 137.1479835 848.7 0
2090 6 31.40231 15.975046 512.7 91.97856 848.15 0
2090 7 34.83184 18.40258 503.7 49.9136983 846.63 0
2090 8 29.314102 16.478369 439.3 210.377005 844.04 0
2090 9 22.258844 12.70124 346.6 167.28501 843.04 0
2090 10 15.278154 4.4652953 255.1 118.781522 842.9 0
2090 11 11.037482 2.1543207 163.1 123.573588 844.33 0
2090 12 3.6723564 -4.695752 125 134.427067 845.54 0
2091 1 -0.106761985 -10.491245 143.5 86.2007235 853.73 0
2091 2 3.98495 -7.8242583 209.8 67.76200375 854.65 0
2091 3 11.345477 0.37066385 301.6 109.7178102 855.63 0
2091 4 12.232524 -0.5049073 391.2 65.663181 857.09 0
2091 5 24.965687 6.9021597 461.6 67.8146204 857.63 0
2091 6 26.185717 11.41055 512.7 56.994753 857.08 0
2091 7 30.653648 18.927248 503.7 130.658118 855.56 0
2091 8 31.261786 16.905306 439.3 108.5405015 852.97 0
2091 9 23.395937 11.010119 346.6 70.952238 851.97 0
2091 10 19.427933 6.137459 255.1 75.5736755 851.83 0
2091 11 10.143743 1.3036865 163.1 94.970061 853.26 0
2091 12 0.6648049 -7.6910043 125 46.4019842 854.47 0
2092 1 -3.1785972 -12.679254 143.5 119.7930272 862.73 0
2092 2 1.1322794 -10.881255 209.8 65.82493515 863.65 0
2092 3 7.417323 -5.1086307 301.6 151.6940918 864.63 0
2092 4 13.911159 2.442085 391.2 226.470279 866.09 0
2092 5 19.471918 7.034882 461.6 110.3311514 866.63 0
2092 6 27.753345 13.651355 512.7 165.78744 866.08 0
2092 7 31.640219 17.7414 503.7 101.6364884 864.56 0
2092 8 32.378006 16.79086 439.3 49.1839769 861.97 0
2092 9 20.437967 7.8521657 346.6 85.774905 860.97 0
2092 10 20.24607 6.2489038 255.1 74.5257515 860.83 0
2092 11 10.453156 2.1125035 163.1 102.44778 862.26 0
2092 12 4.498426 -2.3602273 125 74.148497 863.47 0
2093 1 0.0719923 -10.257852 143.5 188.307888 871.78 0
2093 2 6.5838203 -3.4910083 209.8 77.358452475 872.7 0
2093 3 8.321301 -3.8490484 301.6 120.0449332 873.68 0
2093 4 14.743027 3.040031 391.2 177.05817 875.14 0
2093 5 25.132921 10.480676 461.6 128.0426852 875.68 0
2093 6 27.441277 14.594924 512.7 125.22411 875.13 0
2093 7 32.605576 17.349644 503.7 91.3925973 873.61 0
2093 8 31.924988 15.346501 439.3 78.2515578 871.02 0
2093 9 27.065226 11.74512 346.6 103.504764 870.02 0
2093 10 18.897701 5.109 255.1 67.2235806 869.88 0
2093 11 10.588906 1.020698 163.1 53.468511 871.31 0
2093 12 4.9036965 -2.743568 125 164.3222673 872.52 0
2094 1 -1.1432997 -11.117506 143.5 111.7909197 880.86 0
2094 2 1.8444306 -9.71662 209.8 94.259410475 881.78 0
2094 3 8.844824 -5.1304235 301.6 52.7576321 882.76 0
2094 4 13.2916765 -0.29336673 391.2 101.173425 884.22 0
2094 5 21.683098 7.1993318 461.6 90.5621538 884.76 0
2094 6 29.181425 13.858561 512.7 103.79079 884.21 0
2094 7 29.109444 16.36645 503.7 130.0148215 882.69 0
2094 8 31.600788 18.957273 439.3 116.9593947 880.1 0
2094 9 24.606749 9.8579035 346.6 84.41283 879.1 0
2094 10 19.311016 6.0865436 255.1 90.763939 878.96 0
2094 11 8.132153 0.44754204 163.1 174.452175 880.39 0
2094 12 4.9846535 -1.4068899 125 157.2763455 881.6 0
2095 1 1.1192772 -9.127723 143.5 35.911268 889.98 0
2095 2 3.368059 -7.6693883 209.8 75.31931945 890.9 0
2095 3 6.7910194 -5.6502876 301.6 81.3908844 891.88 0
2095 4 13.005897 -0.30572402 391.2 89.79969 893.34 0
2095 5 23.701242 8.373073 461.6 86.0557055 893.88 0
2095 6 26.92578 13.551667 512.7 163.98885 893.33 0
2095 7 31.06184 19.976223 503.7 165.1453266 891.81 0
2095 8 31.016354 18.156054 439.3 113.3773354 889.22 0
2095 9 24.712635 11.648619 346.6 109.82709 888.22 0
2095 10 14.866716 4.3038216 255.1 149.556121 888.08 0
2095 11 8.835318 0.613443 163.1 74.190594 889.51 0
2095 12 4.182042 -4.8746457 125 146.9081537 890.72 0
2096 1 0.2958194 -10.034593 143.5 139.324137 899.12 0
2096 2 -0.4073674 -12.582549 209.8 110.541230175 900.04 0
2096 3 7.819147 -4.3900084 301.6 105.741651 901.02 0
2096 4 15.011648 1.5183728 391.2 111.143325 902.48 0
2096 5 25.261497 7.246892 461.6 28.19686344 903.02 0
2096 6 29.361889 14.068154 512.7 125.40192 902.47 0
2096 7 32.30451 18.603373 503.7 116.2570742 900.95 0
2096 8 31.339668 16.422602 439.3 99.5142873 898.36 0
2096 9 22.404964 10.490556 346.6 197.146038 897.36 0
2096 10 15.005874 4.8165164 255.1 101.4253505 897.22 0
2096 11 10.1080885 1.8164874 163.1 117.389496 898.65 0
2096 12 3.0244675 -3.9519126 125 59.4138498 899.86 0
2097 1 0.28534737 -9.503209 143.5 82.4432042 908.29 0
2097 2 1.7460917 -9.674736 209.8 84.96664925 909.21 0
2097 3 6.748422 -5.4865522 301.6 106.0878962 910.19 0
2097 4 13.636532 0.7461796 391.2 84.449136 911.65 0
2097 5 25.555674 8.46793 461.6 31.2003065 912.19 0
2097 6 28.640263 12.935586 512.7 92.330232 911.64 0
2097 7 31.332682 18.029661 503.7 127.703756 910.12 0
2097 8 30.27032 17.626654 439.3 158.6858783 907.53 0
2097 9 24.070381 11.724788 346.6 184.51014 906.53 0
2097 10 16.267418 6.365402 255.1 135.2974323 906.39 0
2097 11 10.692656 1.5588334 163.1 187.10526 907.82 0
2097 12 4.847752 -2.6779077 125 183.136251 909.03 0
2098 1 1.9953783 -8.183755 143.5 73.9285923 917.47 0
2098 2 6.921508 -3.826648 209.8 144.05822515 918.39 0
2098 3 12.107071 -0.60456896 301.6 19.4092023 919.37 0
2098 4 17.028475 3.8546193 391.2 64.236144 920.83 0
2098 5 24.530365 9.020782 461.6 126.805717 921.37 0
2098 6 29.111782 14.5212965 512.7 165.26943 920.82 0
2098 7 32.63043 19.579304 503.7 113.6482878 919.3 0
2098 8 32.456932 18.489466 439.3 108.998418 916.71 0
2098 9 25.930347 12.454467 346.6 99.98415 915.71 0
2098 10 17.34191 5.9641585 255.1 84.6220764 915.57 0
2098 11 10.643042 2.0476754 163.1 106.392876 917 0
2098 12 5.3137755 -2.3771007 125 57.2489989 918.21 0
2099 1 -1.7164392 -12.880837 143.5 103.1208025 926.67 0
2099 2 3.9696395 -6.8553615 209.8 90.267894525 927.59 0
2099 3 8.515087 -4.426005 301.6 118.131886 928.57 0
2099 4 14.803425 1.9258105 391.2 77.780865 930.03 0
2099 5 21.554375 6.3283434 461.6 61.79695 930.57 0
2099 6 29.69949 15.116666 512.7 101.54367 930.02 0
2099 7 31.631786 18.111053 503.7 181.912774 928.5 0
2099 8 31.829403 17.86627 439.3 128.2145864 925.91 0
2099 9 25.532976 11.213689 346.6 78.05784 924.91 0
2099 10 22.777212 8.289805 255.1 69.1643232 924.77 0
2099 11 12.288943 2.1567576 163.1 59.560479 926.2 0
2099 12 2.6061163 -7.7985873 125 123.513052 927.41 0
2100-2200 1 -1.7164392 -12.880837 143.5 103.1208025 926.67 0
2100-2200 2 3.9696395 -6.8553615 209.8 90.267894525 927.59 0
2100-2200 3 8.515087 -4.426005 301.6 118.131886 928.57 0
2100-2200 4 14.803425 1.9258105 391.2 77.780865 930.03 0
2100-2200 5 21.554375 6.3283434 461.6 61.79695 930.57 0
2100-2200 6 29.69949 15.116666 512.7 101.54367 930.02 0
2100-2200 7 31.631786 18.111053 503.7 181.912774 928.5 0
2100-2200 8 31.829403 17.86627 439.3 128.2145864 925.91 0
2100-2200 9 25.532976 11.213689 346.6 78.05784 924.91 0
2100-2200 10 22.777212 8.289805 255.1 69.1643232 924.77 0
2100-2200 11 12.288943 2.1567576 163.1 59.560479 926.2 0
2100-2200 12 2.6061163 -7.7985873 125 123.513052 927.41 0
