Year Month Tmax Tmin PAR Prec CO2 O3
1200-1980 1 -6.2960909962018 -17.8378362559614 143.5 75.1472501670476 390 0
1200-1980 2 -3.99386302384423 -16.5087891095732 209.8 64.3230553998291 390 0
1200-1980 3 1.26780993104644 -10.8653639015785 301.6 75.7486609415672 390 0
1200-1980 4 8.38824935702822 -2.82070769874359 391.2 86.5193023131215 390 0
1200-1980 5 16.3063222521697 3.51239080484877 461.6 99.3467622622627 390 0
1200-1980 6 21.3429814463007 8.89587797152157 512.7 118.553888351624 390 0
1200-1980 7 23.8651980262405 11.8324159815844 503.7 114.803375069656 390 0
1200-1980 8 23.0962722806667 10.7126898120538 439.3 112.21895244013 390 0
1200-1980 9 18.4642534802057 6.28990752131689 346.6 101.76211629504 390 0
1200-1980 10 11.0789705867485 0.701257167048496 255.1 109.278920614274 390 0
1200-1980 11 3.71199395212813 -4.85582137078398 163.1 98.8005748461941 390 0
1200-1980 12 -3.08465227930456 -12.67558091623 125 91.4622460322697 390 0
1981 1 -9.32396266477519 -22.3962946546272 143.5 31.9609381358047 390 0
1981 2 1.50381216582411 -9.77668511749546 209.8 102.207670990873 390 0
1981 3 2.02768804795997 -8.58669045947115 301.6 47.2843737265026 390 0
1981 4 9.26557771325268 -2.0512280370311 391.2 72.6628306922854 390 0
1981 5 17.6179582681674 4.21076933207042 461.6 99.8175216278998 390 0
1981 6 21.4825471375273 8.93634191128622 512.7 121.527747500271 390 0
1981 7 24.2832291930433 11.6037500879194 503.7 111.012528893895 390 0
1981 8 22.8116618609338 9.79048294265988 439.3 171.324639357282 390 0
1981 9 16.9398144162418 5.92868667469972 346.6 162.757512965476 390 0
1981 10 9.43965527489605 -0.640059400187666 255.1 157.354047503547 390 0
1981 11 3.4323578205662 -4.2561535864523 163.1 69.3173456286863 390 0
1981 12 -2.51911158178681 -9.99631911402689 125 104.012315533482 390 0
1982 1 -10.3672933679789 -23.3991967979806 143.5 80.0413187305971 390 0
1982 2 -5.40769111401793 -18.2356484507538 209.8 64.3994150377386 390 0
1982 3 0.867216582071646 -12.3680572007831 301.6 68.4910695515269 390 0
1982 4 6.37670601561465 -5.08309865668178 391.2 80.1444106360271 390 0
1982 5 17.813728269246 3.00902268167378 461.6 31.0754051433461 390 0
1982 6 19.9154333012381 7.61764874605293 512.7 122.830579733282 390 0
1982 7 24.3595602278514 10.4961971397309 503.7 63.2411421092554 390 0
1982 8 20.7557036881659 8.21668097776197 439.3 118.465105464324 390 0
1982 9 18.149489628638 6.79907255385502 346.6 92.9173106369951 390 0
1982 10 12.4158324710768 0.196196196858496 255.1 38.8033024291715 390 0
1982 11 5.4757607229714 -3.94709106815833 163.1 127.092160409053 390 0
1982 12 -0.239668269566481 -10.6174593506016 125 56.7645348350989 390 0
1983 1 -4.43739503717547 -15.237700939393 143.5 89.3315866266315 390 0
1983 2 -2.54150407394083 -15.0746930845848 209.8 64.6815400796027 390 0
1983 3 2.11041294188334 -7.49557383570842 301.6 112.583687994529 390 0
1983 4 8.28690478301177 -1.27524608585728 391.2 161.240395590721 390 0
1983 5 13.5984327871584 3.46403893050181 461.6 143.073634715788 390 0
1983 6 23.1512018217671 8.54280382832503 512.7 55.2637426574043 390 0
1983 7 24.3824570592939 11.5263846152436 503.7 115.926059687259 390 0
1983 8 23.7144682783928 10.952750850616 439.3 99.1665069714249 390 0
1983 9 20.409675822147 6.89426669594971 346.6 78.6613731446909 390 0
1983 10 11.5249962557793 0.362865131148474 255.1 73.2941512009086 390 0
1983 11 3.29426088407872 -3.84608079129169 163.1 206.46548954356 390 0
1983 12 -4.64425478838681 -14.7523638319256 125 144.637336928234 390 0
1984 1 -7.38516005828836 -19.919051196028 143.5 42.1102839202193 390 0
1984 2 0.260586697666634 -10.7504164869424 209.8 84.9476398943969 390 0
1984 3 -2.06674197920579 -14.3013338753965 301.6 98.8876123195188 390 0
1984 4 9.3512014854714 -2.60999484828293 391.2 72.251246340445 390 0
1984 5 14.6645676286097 2.57481014773351 461.6 182.884121391875 390 0
1984 6 21.0724685828156 8.33858695046276 512.7 148.068361677569 390 0
1984 7 23.7526290796151 12.1639918611779 503.7 138.386138798362 390 0
1984 8 24.3684621940426 12.3098766932346 439.3 65.5562584041968 390 0
1984 9 17.3647655994994 4.0761758378235 346.6 44.2912525665625 390 0
1984 10 13.1337311416885 0.263272114986735 255.1 60.7966674594478 390 0
1984 11 4.39205477010873 -5.22577829326587 163.1 78.0065587715927 390 0
1984 12 -1.81232214779298 -11.670169512325 125 82.9248596448879 390 0
1985 1 -9.16415780374998 -20.1048429016148 143.5 28.0490870842177 390 0
1985 2 -3.10867388584162 -14.9938926102027 209.8 75.402300172675 390 0
1985 3 0.968449033611527 -11.454679856835 301.6 64.3795367285098 390 0
1985 4 7.6366086107683 -4.6489034529518 391.2 47.0228114965588 390 0
1985 5 16.2740670252864 2.19179755013158 461.6 82.7552275594428 390 0
1985 6 19.1350723402697 8.02348220756223 512.7 107.484078377088 390 0
1985 7 24.4991346685997 11.3519564393606 503.7 141.224462035634 390 0
1985 8 22.49730997138 9.40973044634811 439.3 83.9875926295307 390 0
1985 9 18.9776229006642 6.28629853155162 346.6 95.7594625877348 390 0
1985 10 11.8421286579232 0.637175171658571 255.1 67.5105153303826 390 0
1985 11 2.60091836653334 -5.57325668545403 163.1 99.4447584274381 390 0
1985 12 -5.45428220722311 -16.6419544136854 125 54.0532716654438 390 0
1986 1 -4.70004139449962 -17.0469625030408 143.5 143.328143511371 390 0
1986 2 -4.86522275452694 -17.8095021028698 209.8 34.5079382949237 390 0
1986 3 1.87502870985427 -11.1683562628237 301.6 76.3163229632461 390 0
1986 4 11.4957894398794 -0.854364118900962 391.2 53.9572633548039 390 0
1986 5 17.3360646401102 4.06304347209833 461.6 106.008911323757 390 0
1986 6 19.6797142067359 6.21434255923776 512.7 92.7302297269015 390 0
1986 7 21.9130566684837 10.700231895616 503.7 115.067943676374 390 0
1986 8 21.2326995758785 10.1291153015876 439.3 157.120023165377 390 0
1986 9 16.1031832306229 4.18196326923411 346.6 107.052287577126 390 0
1986 10 10.3454364930048 0.144916127738169 255.1 47.7153168170741 390 0
1986 11 1.48857306509947 -7.63225545308595 163.1 89.1874098081622 390 0
1986 12 -2.80384582220687 -13.7330657332648 125 65.2585842758422 390 0
1987 1 -6.32447335272485 -18.2903866621048 143.5 79.776307889979 390 0
1987 2 -5.87651295964224 -17.6876807190358 209.8 12.8197845938054 390 0
1987 3 3.29361175780315 -9.42223308111252 301.6 59.4270632360082 390 0
1987 4 11.9550150711941 -0.776268406851171 391.2 106.728661605546 390 0
1987 5 16.7472184680344 2.75424309887704 461.6 76.7405503687864 390 0
1987 6 21.1535361049828 9.46539448942952 512.7 123.227299618653 390 0
1987 7 24.0183275952079 11.9086181964139 503.7 94.4666845204691 390 0
1987 8 22.2708086263316 8.62436148573387 439.3 58.2146703777568 390 0
1987 9 17.3639908894817 6.52866382866713 346.6 131.660881881786 390 0
1987 10 11.4213869682117 0.135387010851365 255.1 100.864209650415 390 0
1987 11 2.8352838420333 -6.38182390248099 163.1 62.3986103963266 390 0
1987 12 -2.95162323057295 -10.7351904028714 125 81.9218660286549 390 0
1988 1 -5.40478779587428 -18.0374521838135 143.5 58.0643003786841 390 0
1988 2 -3.57385098917822 -17.7222742329297 209.8 65.4867873588542 390 0
1988 3 1.03210236706181 -12.1923839050867 301.6 30.9015826405778 390 0
1988 4 8.00724672699488 -1.75740861726052 391.2 83.670963558489 390 0
1988 5 17.9305858220195 4.45531739779201 461.6 56.1943749154042 390 0
1988 6 21.0708076206988 7.17384356499571 512.7 76.2143485974201 390 0
1988 7 24.668156471107 12.9672223295753 503.7 111.882420872269 390 0
1988 8 23.2154838536443 12.0341249935491 439.3 173.666513571532 390 0
1988 9 16.9767823331644 5.3646526427884 346.6 58.3985980539051 390 0
1988 10 8.43839900690193 -0.168235703060401 255.1 94.7112807106729 390 0
1988 11 4.22589707314678 -3.76077864942937 163.1 131.766626685588 390 0
1988 12 -4.67005199506368 -16.1668787268935 125 37.5669716934591 390 0
1989 1 -4.07180624589714 -17.5009727346429 143.5 51.9969870031903 390 0
1989 2 -5.14449820901532 -18.7477996016729 209.8 47.684991906605 390 0
1989 3 0.058578937851328 -14.8413301451646 301.6 59.1675193655814 390 0
1989 4 6.50277913094094 -3.65736481557006 391.2 72.4248225710616 390 0
1989 5 18.1837902456536 5.7817680061133 461.6 159.531433585155 390 0
1989 6 21.1347054196386 9.12987321630351 512.7 106.302979573751 390 0
1989 7 24.5679247202812 10.0596097242381 503.7 72.5650792648236 390 0
1989 8 22.3561357421544 10.325458458207 439.3 137.651807592704 390 0
1989 9 18.8062295037308 6.26640307529423 346.6 108.635736047605 390 0
1989 10 11.9015052893875 0.33786250276137 255.1 70.8269044595307 390 0
1989 11 2.22698704759651 -6.95843520442097 163.1 115.444998175262 390 0
1989 12 -11.3866488045243 -23.0491185865712 125 48.5666117461396 390 0
1990 1 -1.86163945050029 -13.0764027947519 143.5 108.382106703575 390 0
1990 2 -3.69122891568261 -17.760988983539 209.8 57.2760363325577 390 0
1990 3 2.06797742610002 -11.5686157571058 301.6 47.0042900565547 390 0
1990 4 8.40828716761981 -2.25128996645294 391.2 77.1277730945942 390 0
1990 5 14.9021268515808 2.30628266938035 461.6 111.982161157221 390 0
1990 6 21.5890196245362 9.4342968082666 512.7 130.188188647667 390 0
1990 7 23.955988369201 11.5962780095635 503.7 95.0031198093654 390 0
1990 8 24.2725567272433 11.5059473530323 439.3 148.637878876778 390 0
1990 9 17.4110491521956 5.96113100767761 346.6 93.9306269084651 390 0
1990 10 11.3790979407355 2.35799298216772 255.1 210.724310818533 390 0
1990 11 3.28853613157798 -4.22757377547245 163.1 103.090660776133 390 0
1990 12 -0.83493131124028 -11.7023281533922 125 129.196461152797 390 0
1991 1 -7.22021475990347 -19.6828207038489 143.5 66.3506072429564 390 0
1991 2 -2.27929640925727 -16.0045865806105 209.8 33.4803949205201 390 0
1991 3 1.81286772641287 -9.07829120162709 301.6 113.764767860446 390 0
1991 4 9.77063919023747 -2.51636531921864 391.2 85.7776520729393 390 0
1991 5 18.1205651229511 3.61630628871637 461.6 97.3886683738534 390 0
1991 6 22.193569185691 8.51406797189004 512.7 71.455301255188 390 0
1991 7 24.0850621333144 10.6710821674128 503.7 56.9758279493545 390 0
1991 8 23.5326612396588 11.6113898851684 439.3 199.024031111869 390 0
1991 9 16.6034213535694 4.07051433905117 346.6 106.263737399474 390 0
1991 10 11.7404254858612 1.17823740733746 255.1 123.571444227436 390 0
1991 11 3.46399516113463 -4.30871421242221 163.1 73.1268828156706 390 0
1991 12 -4.48505551551355 -15.3535133081341 125 63.9775911239858 390 0
1992 1 -6.59360088531104 -18.1293673776805 143.5 89.055635434844 390 0
1992 2 -5.05231936072454 -17.5649816771987 209.8 69.4456554102167 390 0
1992 3 -1.10245165234243 -14.0515201260124 301.6 93.5244777267897 390 0
1992 4 6.84765640237234 -4.15509656754726 391.2 56.335389700042 390 0
1992 5 18.0721407589983 2.16359443052997 461.6 31.8217636022776 390 0
1992 6 20.9687835622427 8.42599716892908 512.7 125.112137492568 390 0
1992 7 21.1350337973253 8.96886708597681 503.7 125.013886379489 390 0
1992 8 21.844241367589 10.9111546160657 439.3 107.474913581574 390 0
1992 9 18.9334022814359 6.11246281484605 346.6 79.6167481110872 390 0
1992 10 8.89328179180777 -0.758767584473221 255.1 85.7353053346888 390 0
1992 11 2.40353729266031 -6.29604721014425 163.1 75.9324487801543 390 0
1992 12 -2.60636314041547 -11.7116845207768 125 44.8027068861691 390 0
1993 1 -5.65224046578133 -17.231470741507 143.5 61.0709924500674 390 0
1993 2 -9.20037395248102 -24.0701088811489 209.8 77.187173498645 390 0
1993 3 1.57112281924045 -13.8291553209092 301.6 69.8153273540116 390 0
1993 4 8.99489278819344 -2.70029110644929 391.2 126.470870817421 390 0
1993 5 16.5138589660653 3.19788474640064 461.6 70.8498789401029 390 0
1993 6 21.1018635501632 7.87090618754441 512.7 115.775368542695 390 0
1993 7 23.5905014485221 11.339540886886 503.7 90.2562985607787 390 0
1993 8 24.3664261703853 11.1044688181588 439.3 91.8061523074471 390 0
1993 9 17.8374514763578 5.50326329684052 346.6 123.990005889585 390 0
1993 10 8.49289385210069 -1.8720859108343 255.1 100.365970667082 390 0
1993 11 3.41953354045257 -6.28626343991184 163.1 89.2365965191878 390 0
1993 12 -2.99406128923593 -12.6469501773256 125 104.771343337512 390 0
1994 1 -11.2504158400091 -24.7364040510822 143.5 109.855833592432 390 0
1994 2 -6.98889829642513 -20.9686658318182 209.8 39.8502328271531 390 0
1994 3 0.36621421045404 -10.3769635616974 301.6 86.4281438419814 390 0
1994 4 7.21984197814988 -3.63025653875448 391.2 107.897189083508 390 0
1994 5 14.423966596789 1.85312106041576 461.6 105.548165259313 390 0
1994 6 22.9497689979103 9.99496589600945 512.7 125.912576122387 390 0
1994 7 25.09416999543 13.2973879503801 503.7 126.853343354673 390 0
1994 8 22.1805967463137 9.30148635080384 439.3 74.0132158216666 390 0
1994 9 16.6876817785062 5.67357896255515 346.6 102.088593476224 390 0
1994 10 12.4439474451861 0.538981481664212 255.1 30.848720936975 390 0
1994 11 5.97484211522069 -4.43398533014833 163.1 97.114383796386 390 0
1994 12 -1.37389967005242 -11.784589913047 125 60.8496542684285 390 0
1995 1 -4.03480215255574 -13.4495172349788 143.5 107.584170767387 390 0
1995 2 -6.41597558148804 -19.8835705044693 209.8 62.0512802862179 390 0
1995 3 2.03105909947749 -9.53117893863496 301.6 58.6784464096976 390 0
1995 4 5.74773026116844 -5.56781497198175 391.2 50.1852683093067 390 0
1995 5 15.3590886803854 2.58911179335193 461.6 100.795648834714 390 0
1995 6 23.682244529316 8.75505958621024 512.7 52.5430769242583 390 0
1995 7 25.2337402895381 12.8791300337005 503.7 116.310746976458 390 0
1995 8 24.2988473961576 10.2086335635284 439.3 74.3847651761019 390 0
1995 9 17.2893516755393 2.83701538047497 346.6 66.6614698579295 390 0
1995 10 13.7744991521053 2.39597942091183 255.1 184.404482157405 390 0
1995 11 1.63920804974448 -6.89075694978831 163.1 147.342209720527 390 0
1995 12 -5.90963090051016 -15.5490318881263 125 76.9359372111759 390 0
1996 1 -6.19619840716276 -18.904758958357 143.5 124.37734925606 390 0
1996 2 -5.28138102908512 -16.7402399019785 209.8 94.9198969728612 390 0
1996 3 0.126344105986856 -11.7392366679654 301.6 43.9906856936609 390 0
1996 4 7.24240794200352 -2.45834565219724 391.2 124.175109189531 390 0
1996 5 14.3450959593936 1.8802396161605 461.6 127.056400455175 390 0
1996 6 21.7136019418895 9.35519902955345 512.7 124.29893874454 390 0
1996 7 22.3527737480301 12.1319189323993 503.7 194.482171661948 390 0
1996 8 23.2165536689265 10.3478031507167 439.3 56.2323181305042 390 0
1996 9 18.0809757697709 6.95401808434315 346.6 111.245067855671 390 0
1996 10 10.2391527010577 -0.260012716063252 255.1 104.22024063839 390 0
1996 11 1.95369419337854 -6.68669630278353 163.1 47.7328596216946 390 0
1996 12 -0.405417231065198 -7.56620088627842 125 138.188023999173 390 0
1997 1 -7.03866324561416 -18.3451864533462 143.5 101.733300262453 390 0
1997 2 -3.52899762008774 -17.2075292462603 209.8 68.3518514544016 390 0
1997 3 -1.19733703510826 -13.6487353537294 301.6 76.8500788411002 390 0
1997 4 6.48106636232027 -4.41455116084793 391.2 62.3302073518756 390 0
1997 5 12.1696889002904 1.67793697433035 461.6 111.127640989904 390 0
1997 6 22.0597289266665 7.96784974253264 512.7 89.4617529855889 390 0
1997 7 23.7420252014426 11.1447782380807 503.7 100.084127803907 390 0
1997 8 21.8910006602868 9.5511510385848 439.3 143.09632534374 390 0
1997 9 17.1044345459834 6.30301330615621 346.6 74.8708912433326 390 0
1997 10 10.2439028869083 -0.443251511652042 255.1 39.4199393299578 390 0
1997 11 2.27144374384071 -6.3536014169332 163.1 99.4385550154732 390 0
1997 12 -3.23102109999271 -13.546415761102 125 69.8364497607662 390 0
1998 1 -5.11178566936236 -15.3645987883178 143.5 130.370946110758 390 0
1998 2 -0.428071769764538 -13.4715776555304 209.8 78.1230583269903 390 0
1998 3 2.31516150190178 -9.08227256109529 301.6 90.665425330954 390 0
1998 4 9.51410013939716 -2.28406516199898 391.2 73.9755471174325 390 0
1998 5 19.7934036733606 6.15532351270714 461.6 75.1733743088153 390 0
1998 6 20.1061770873629 9.79911936710479 512.7 201.531766073823 390 0
1998 7 23.8628222589957 11.8106965366529 503.7 155.564762065223 390 0
1998 8 23.6735941780449 10.1478029801372 439.3 90.7144581991439 390 0
1998 9 18.1913644380435 7.00036695947553 346.6 89.0807106160993 390 0
1998 10 10.3290582328085 1.82666964372231 255.1 104.903478228666 390 0
1998 11 2.2254824427424 -4.06791216651697 163.1 69.9474509326368 390 0
1998 12 0.216214005469491 -10.3301786582465 125 50.208660162221 390 0
1999 1 -5.60372982305666 -19.1435102169979 143.5 134.155642020713 390 0
1999 2 -1.7674593518627 -15.5612179215454 209.8 46.0769255555232 390 0
1999 3 2.25747594696623 -7.34441417788529 301.6 118.411347315041 390 0
1999 4 7.94935101937057 -2.67891369607708 391.2 24.4266535909003 390 0
1999 5 19.6025238661566 4.94725762574239 461.6 72.7501962053286 390 0
1999 6 24.3317264923956 10.6660430061718 512.7 109.566443114342 390 0
1999 7 24.6772748009623 12.7310242898068 503.7 105.607223599522 390 0
1999 8 22.7609019572093 10.3065843824451 439.3 86.2787482102954 390 0
1999 9 21.6831123963364 9.39361460581585 346.6 220.615145758397 390 0
1999 10 9.64786181650064 -1.01779042239299 255.1 115.638160160697 390 0
1999 11 5.7996330535844 -3.26322202924608 163.1 83.4948566134421 390 0
1999 12 -2.01368925826933 -9.9889429738272 125 64.6839478695689 390 0
2000 1 -7.0343371297539 -18.1464433582969 143.5 88.5674893875381 390 0
2000 2 -3.16632312710439 -16.9533862559835 209.8 78.8186614261821 390 0
2000 3 4.30248616873082 -7.45223623498608 301.6 77.0234059469413 390 0
2000 4 7.04509602654987 -2.35485535596302 391.2 146.364070104676 390 0
2000 5 14.6326685705242 3.06626113790087 461.6 127.161891121472 390 0
2000 6 20.5203728319076 8.04807355419928 512.7 71.2964766105202 390 0
2000 7 21.9211918365623 10.5694081399678 503.7 103.897714032983 390 0
2000 8 21.9866980779549 10.5188751764972 439.3 80.8166106319697 390 0
2000 9 17.6892470335269 5.64736779740266 346.6 68.2861302105067 390 0
2000 10 11.27438638439 0.183717247867799 255.1 82.7931597203047 390 0
2000 11 3.47890416506307 -2.70554218208793 163.1 72.5928504292332 390 0
2000 12 -5.60104719895324 -15.3072361715617 125 116.338310081166 390 0
2001 1 -5.71542310220404 -18.2321952789912 143.5 32.8907237076752 390 0
2001 2 -4.61275738567101 -17.840035943743 209.8 71.2864466541249 390 0
2001 3 -0.533479375198273 -12.9587522208363 301.6 86.7722206748124 390 0
2001 4 7.72727354564928 -4.33604013761277 391.2 23.26937244679 390 0
2001 5 19.4717116483522 4.15368905387711 461.6 55.0173215450722 390 0
2001 6 22.107344063522 9.88603591999409 512.7 98.4034645683891 390 0
2001 7 22.6959823422125 11.0944056030774 503.7 118.183673956382 390 0
2001 8 25.4303919512356 11.0876357826509 439.3 53.1689275257907 390 0
2001 9 19.7297710168463 6.96362017542872 346.6 103.031727989997 390 0
2001 10 13.3011797272317 1.28711742446404 255.1 56.7758652982301 390 0
2001 11 5.47125393808289 -2.62757120154413 163.1 54.556524971784 390 0
2001 12 0.560634409288347 -7.34530261068231 125 48.825755055982 390 0
2002 1 -3.30813220510224 -12.7043411869958 143.5 61.6729418390699 390 0
2002 2 -2.79932434568081 -14.7922184803676 209.8 76.6219241654362 390 0
2002 3 0.473798817997594 -10.7426088724352 301.6 79.9722138081602 390 0
2002 4 7.88323836531579 -2.04240991365203 391.2 105.332696743295 390 0
2002 5 14.2702510727167 2.05356429744859 461.6 92.753790216618 390 0
2002 6 20.0668890870724 7.59031467939896 512.7 124.478000040473 390 0
2002 7 23.4602947561312 11.6561966630428 503.7 114.609742645623 390 0
2002 8 25.1045895306528 11.1649085696316 439.3 29.0511058709255 390 0
2002 9 21.2027379950978 7.49312010609051 346.6 106.78582590987 390 0
2002 10 8.85678882397268 -0.866367898389539 255.1 75.8037554862883 390 0
2002 11 1.44491180160366 -6.68688846939569 163.1 88.5532772093007 390 0
2002 12 -3.38351664598619 -13.2703679827083 125 59.359316502553 390 0
2003 1 -9.48469706445585 -20.4391764158718 143.5 35.8863591280195 390 0
2003 2 -7.20056680374549 -19.838168784815 209.8 58.9065479418365 390 0
2003 3 0.529602695557586 -13.367493230084 301.6 74.0632552779485 390 0
2003 4 6.44856899071784 -5.6486835136522 391.2 46.8398664399179 390 0
2003 5 14.9748808304526 3.02778153371303 461.6 87.275905623165 390 0
2003 6 22.0582991130812 8.79317010382711 512.7 89.3921524967302 390 0
2003 7 23.3178061090015 12.2197249736822 503.7 118.981561720098 390 0
2003 8 23.4007798092213 12.6542766460072 439.3 97.7804735880599 390 0
2003 9 20.2300892504056 7.25392906477814 346.6 99.8345352344903 390 0
2003 10 10.5796136024199 0.516698113494257 255.1 192.168578295428 390 0
2003 11 4.76267633247491 -4.53900661825417 163.1 111.125783838711 390 0
2003 12 -2.30606402977565 -12.3904564063031 125 178.806675443178 390 0
2004 1 -11.6252285039076 -21.5806789491183 143.5 25.2527227550758 390 0
2004 2 -3.8311048495639 -16.9859872529327 209.8 35.3726522564495 390 0
2004 3 2.27085862021662 -9.68766222984709 301.6 37.1865579212561 390 0
2004 4 8.36982084217028 -2.78431684775671 391.2 77.9159293317882 390 0
2004 5 16.6455268722799 4.02901082430575 461.6 92.89226102293 390 0
2004 6 19.7679699612196 6.86607571142487 512.7 78.5684638885354 390 0
2004 7 22.6960348140448 11.8786454068364 503.7 133.76972182694 390 0
2004 8 22.7398893170581 11.5085816186595 439.3 175.38468824272 390 0
2004 9 19.1301796346995 5.86994728554696 346.6 77.090951451381 390 0
2004 10 12.0417885620697 0.182338224836851 255.1 60.5172705539348 390 0
2004 11 3.29245081403134 -5.48579545393496 163.1 99.4037258362566 390 0
2004 12 -4.29148783851187 -15.082163792622 125 112.113658650201 390 0
2005 1 -7.35459338849783 -19.7075143735148 143.5 56.541051320103 390 0
2005 2 -2.22027199076897 -15.651759570366 209.8 61.7452926783563 390 0
2005 3 0.0533499489111029 -12.2479997141104 301.6 91.9826920719887 390 0
2005 4 9.05950831006308 -1.91585503543922 391.2 170.803315579009 390 0
2005 5 12.6244972897659 2.880893908667 461.6 127.701001242893 390 0
2005 6 23.3650207824047 10.8155272038572 512.7 105.35196886613 390 0
2005 7 24.884808770143 11.9529625605889 503.7 115.793976641988 390 0
2005 8 23.8198013316914 11.1828874783733 439.3 100.503653446448 390 0
2005 9 19.7894858419294 7.71205099492374 346.6 145.139126427172 390 0
2005 10 11.4191446812041 3.17190540256908 255.1 259.430349658742 390 0
2005 11 4.07489912431172 -4.26900059477344 163.1 148.710853121806 390 0
2005 12 -3.47348133182428 -12.2611160142808 125 135.108875004161 390 0
2006 1 -2.37313003706047 -12.5857729739133 143.5 108.113972307429 390 0
2006 2 -4.72088770253896 -14.3926313759755 209.8 63.3728908359635 390 0
2006 3 0.958673939914073 -8.97710703722932 301.6 32.1404069448854 390 0
2006 4 10.3295755708461 -1.7899380542353 391.2 60.1857623964474 390 0
2006 5 16.3742484396834 5.29007937477626 461.6 148.621877740383 390 0
2006 6 22.2109695571623 11.3049973390207 512.7 168.455518779024 390 0
2006 7 25.3840421710138 13.8134039901314 503.7 128.971273023274 390 0
2006 8 21.3902315347683 9.39766963559854 439.3 118.093176544304 390 0
2006 9 18.3020634187321 6.19641167195038 346.6 73.2140401099636 390 0
2006 10 10.4355933509187 0.839597148525024 255.1 202.079978712574 390 0
2006 11 6.09807162038617 -1.79119008649365 163.1 107.245981043887 390 0
2006 12 -0.0283728885321073 -8.44246123437022 125 75.7311940264404 390 0
2007 1 -5.09820550241887 -15.9008233791668 143.5 64.4409626915663 390 0
2007 2 -7.80428234910644 -20.1271906153038 209.8 56.4571034918523 390 0
2007 3 0.375333004616079 -12.1316871049374 301.6 93.8438431086056 390 0
2007 4 6.29842664306873 -4.14667010268947 391.2 146.582973493226 390 0
2007 5 16.1760205647399 2.89580847749929 461.6 86.9562113499962 390 0
2007 6 21.6980214741356 9.08527136464728 512.7 87.8814072633609 390 0
2007 7 22.833181541031 11.0653533208807 503.7 115.007158002676 390 0
2007 8 22.878354520947 9.68119015459928 439.3 121.387834507248 390 0
2007 9 19.6977806498252 6.37151206748146 346.6 64.020358971949 390 0
2007 10 13.8892365502198 3.15766179691825 255.1 120.183385330917 390 0
2007 11 2.1774975396335 -6.17001290681248 163.1 168.686103399803 390 0
2007 12 -4.94456928174221 -14.615552324612 125 112.476942875964 390 0
2008 1 -3.85714098882048 -15.3695535052716 143.5 68.4163549581008 390 0
2008 2 -3.88111522666888 -16.1084788528706 209.8 125.57220016158 390 0
2008 3 -0.813605332675846 -14.3863139488126 301.6 110.295080391498 390 0
2008 4 10.2740080751813 -2.25608513882731 391.2 101.40375879265 390 0
2008 5 15.379912377149 2.29216552212761 461.6 41.1857831147674 390 0
2008 6 20.698711311187 10.6554419670172 512.7 201.979180924248 390 0
2008 7 24.6352550705858 12.9159813462367 503.7 141.385431502555 390 0
2008 8 22.0996837486775 11.1839011453889 439.3 150.347553446554 390 0
2008 9 18.645898439069 6.4806292883589 346.6 109.476490068015 390 0
2008 10 10.5924221303554 0.272527679540714 255.1 111.158972697593 390 0
2008 11 3.98763807711318 -3.69018692458229 163.1 123.779655622852 390 0
2008 12 -3.19376352703109 -14.8057414324318 125 130.374338280628 390 0
2009 1 -9.70124505738202 -22.6205250775012 143.5 64.5747969932949 390 0
2009 2 -3.49202987673919 -15.9470653614878 209.8 66.4296261581824 390 0
2009 3 1.50556975050696 -12.2839084436549 301.6 55.3930149510119 390 0
2009 4 9.72981825983365 -1.9046134221646 391.2 85.4010735780923 390 0
2009 5 15.786368480032 3.07807676450351 461.6 104.344664884712 390 0
2009 6 19.8950482168473 9.12420295700904 512.7 149.931791814612 390 0
2009 7 21.4765019314598 11.8571564175189 503.7 174.381688616587 390 0
2009 8 23.9012972712283 12.1236838745931 439.3 92.1031689382852 390 0
2009 9 18.6184289304149 4.98046442693392 346.6 51.5446013430642 390 0
2009 10 7.59954033147199 -0.126034926303079 255.1 133.007135853622 390 0
2009 11 7.12602949783086 -2.80426321183217 163.1 117.274712221757 390 0
2009 12 -3.80184792026457 -11.2996824233553 125 104.135351679395 390 0
2010 1 -4.13018105813315 -13.0363637867557 143.5 70.4120123014633 390 0
2010 2 -3.20079720771496 -9.67858650014702 209.8 64.3581419164804 390 0
2010 3 4.86505606309454 -6.45297307051635 301.6 105.576288208815 390 0
2010 4 11.4936150191391 -0.202802328520108 391.2 83.409656536419 390 0
2010 5 18.3258520438603 4.74654873817795 461.6 52.9326889834872 390 0
2010 6 20.7301070573845 9.27331386517988 512.7 150.407900044792 390 0
2010 7 25.3417438654971 14.129263061712 503.7 99.7635873771167 390 0
2010 8 23.6188201694018 10.9346683135335 439.3 81.9164291148552 390 0
2010 9 18.4274502390228 8.51584947275551 346.6 138.336892398903 390 0
2010 10 10.522750338077 1.25079625514567 255.1 162.675620285199 390 0
2010 11 3.81094072278475 -4.53457228475077 163.1 111.698075714023 390 0
2010 12 -2.9836268295666 -10.9518419969431 125 156.140959726727 390 0
2011 1 -6.05931499562109 -15.5006640092324 143.5 47.103621231544 390 0
2011 2 -5.21398205964004 -17.5486076241484 209.8 73.3011503250891 390 0
2011 3 0.543466053204982 -11.3980862851003 301.6 125.269378144334 390 0
2011 4 7.39971490806766 -3.34260307924694 391.2 117.322210120766 390 0
2011 5 15.5714544575899 5.28303882105031 461.6 158.249692486993 390 0
2011 6 20.9212737480332 9.30097813580876 512.7 125.395689865439 390 0
2011 7 24.7659569211412 12.2995184754046 503.7 108.254796888642 390 0
2011 8 22.9335236816561 11.9730192453026 439.3 235.317799539392 390 0
2011 9 19.8570742144762 8.30535941421186 346.6 117.432992035361 390 0
2011 10 11.7556141063987 3.27092764765 255.1 121.178551820217 390 0
2011 11 7.57902896809304 -3.01070670246669 163.1 63.785517746658 390 0
2011 12 -0.491068517179379 -10.0890237210155 125 84.8820180569958 390 0
2012 1 -4.66415488792566 -15.5372097400873 143.5 82.80611569479 390 0
2012 2 -2.51265103551192 -14.582743114753 209.8 43.396258478774 390 0
2012 3 5.2276687904385 -7.01741623875108 301.6 48.6653577574169 390 0
2012 4 9.61859951327942 -1.48582336298702 391.2 104.094673715931 390 0
2012 5 16.9738200058051 6.00621745182076 461.6 114.760008793506 390 0
2012 6 20.8511322375432 9.42127701252118 512.7 183.823007655499 390 0
2012 7 24.9412149792159 12.2633343428471 503.7 67.4530330243 390 0
2012 8 24.9369461580692 12.6492949558127 439.3 119.636167356021 390 0
2012 9 18.9411058351993 6.08756042826611 346.6 113.47404695838 390 0
2012 10 12.6086990601438 2.88137610776058 255.1 177.805253607504 390 0
2012 11 3.55359308195081 -5.72586926969026 163.1 29.9451653338296 390 0
2012 12 -1.86504350710954 -10.2653336848167 125 131.688544375323 390 0
2013 1 -5.62285053315555 -17.2904365178951 143.5 35.5845940749594 390 0
2013 2 -3.75382841687348 -14.3111212924356 209.8 68.121357789493 390 0
2013 3 1.66416803123748 -7.3717418317461 301.6 64.9503369078066 390 0
2013 4 8.08116248408806 -3.50179058487844 391.2 47.4065508805136 390 0
2013 5 17.4325491383929 4.21389131941431 461.6 146.014977770514 390 0
2013 6 20.9352578525753 9.17347100843818 512.7 177.418375420443 390 0
2013 7 25.0236520316528 13.405706670222 503.7 118.134050020424 390 0
2013 8 22.6758642567006 10.6691669127871 439.3 110.901917478472 390 0
2013 9 18.1452531556134 7.5539641422289 346.6 141.984706049111 390 0
2013 10 13.0820788498841 1.90389434537787 255.1 38.91805488951 390 0
2013 11 3.2259054203973 -5.80507286184595 163.1 97.4798809975313 390 0
2013 12 -5.87060585191253 -14.6255345274663 125 93.1150511831465 390 0
2014 1 -5.8145022 -16.23342 143.5 70.8460732 399 0
2014 2 0.28788078 -12.064407 209.8 71.1284602 399.92 0
2014 3 1.557862 -11.983063 301.6 96.2892736 400.9 0
2014 4 11.152651 -0.8037526 391.2 75.599019 402.36 0
2014 5 19.629194 5.278841 461.6 113.5401815 402.9 0
2014 6 22.222422 8.301771 512.7 102.081555 402.35 0
2014 7 24.471033 10.269019 503.7 117.3659628 400.83 0
2014 8 23.519754 10.857047 439.3 106.8325224 398.24 0
2014 9 18.738794 6.1154094 346.6 73.504272 397.24 0
2014 10 10.746233 -0.6524612 255.1 100.8285447 397.1 0
2014 11 3.784828 -6.160548 163.1 65.520717 398.53 0
2014 12 0.011587244 -9.002704 125 96.9060806 399.74 0
2015 1 -4.2524743 -15.586843 143.5 45.3473115 401.63 0
2015 2 -3.098645 -16.851154 209.8 85.1125492 402.55 0
2015 3 3.4607499 -9.38925 301.6 74.8994348 403.53 0
2015 4 7.8773 -3.8808055 391.2 77.973591 404.99 0
2015 5 19.560526 4.659098 461.6 39.1373822 405.53 0
2015 6 23.994753 10.102709 512.7 108.321012 404.98 0
2015 7 26.011044 12.148169 503.7 106.823272 403.46 0
2015 8 24.506195 10.460755 439.3 112.3299074 400.87 0
2015 9 17.668135 3.7059948 346.6 59.004165 399.87 0
2015 10 12.953075 -0.1656494 255.1 60.9163733 399.73 0
2015 11 3.4795344 -6.0698314 163.1 76.606278 401.16 0
2015 12 -3.9521637 -12.929327 125 82.7901934 402.37 0
2016 1 -5.8050904 -17.440235 143.5 61.3431782 404.33 0
2016 2 -3.1214726 -16.659386 209.8 70.66310925 405.25 0
2016 3 8.444035 -3.0631723 301.6 56.1767616 406.23 0
2016 4 12.693679 -0.43387887 391.2 25.246263 407.69 0
2016 5 16.767042 1.5597712 461.6 125.8546928 408.23 0
2016 6 21.882072 10.041481 512.7 185.528268 407.68 0
2016 7 25.556948 12.151307 503.7 109.4223864 406.16 0
2016 8 24.82243 10.7909975 439.3 87.0420542 403.57 0
2016 9 22.310257 10.272776 346.6 107.4456 402.57 0
2016 10 13.336806 0.91078854 255.1 63.738945 402.43 0
2016 11 7.746333 -1.7040987 163.1 64.865376 403.86 0
2016 12 -0.0874145 -9.020032 125 57.2570062 405.07 0
2017 1 -3.557886 -15.531792 143.5 78.2682637 407.1 0
2017 2 -3.3629215 -16.257961 209.8 24.58374325 408.02 0
2017 3 3.0014043 -10.436388 301.6 78.4590098 409 0
2017 4 6.9320617 -4.120588 391.2 132.05355 410.46 0
2017 5 20.348661 6.0758433 461.6 101.4596365 411 0
2017 6 24.758907 10.37601 512.7 109.766571 410.45 0
2017 7 25.905434 13.380361 503.7 71.1168055 408.93 0
2017 8 26.277304 14.222112 439.3 171.3139236 406.34 0
2017 9 20.90255 7.0933776 346.6 45.50853 405.34 0
2017 10 16.192385 2.2860186 255.1 47.4629468 405.2 0
2017 11 3.9306295 -4.899623 163.1 60.152637 406.63 0
2017 12 -4.289316 -16.291716 125 105.501153 407.84 0
2018 1 -3.5113814 -14.160507 143.5 125.8391866 409.93 0
2018 2 -4.7676606 -18.127062 209.8 108.4123808 410.85 0
2018 3 3.1187563 -11.089669 301.6 79.8795972 411.83 0
2018 4 8.222687 -2.8026059 391.2 85.553019 413.29 0
2018 5 15.492679 3.0525887 461.6 167.225408 413.83 0
2018 6 24.25627 9.802233 512.7 64.821261 413.28 0
2018 7 28.42931 12.801395 503.7 44.2099804 411.76 0
2018 8 24.714415 9.183678 439.3 50.350417 409.17 0
2018 9 19.253092 5.3827343 346.6 104.149302 408.17 0
2018 10 13.801894 -0.3368231 255.1 34.8128264 408.03 0
2018 11 3.5222664 -6.3067074 163.1 79.184724 409.46 0
2018 12 0.23380584 -9.694879 125 167.858087 410.67 0
2019 1 -6.662069 -18.594925 143.5 75.959672 412.82 0
2019 2 -5.4963713 -18.66813 209.8 27.9255778475 413.74 0
2019 3 2.0736694 -10.541775 301.6 105.3363136 414.72 0
2019 4 10.861401 -1.5193883 391.2 21.8638515 416.18 0
2019 5 21.918669 6.1605825 461.6 41.1457079 416.72 0
2019 6 23.791025 10.046296 512.7 84.855315 416.17 0
2019 7 24.679655 13.051692 503.7 204.8745856 414.65 0
2019 8 24.44617 10.917643 439.3 110.8934573 412.06 0
2019 9 22.699467 10.506751 346.6 99.342519 411.06 0
2019 10 12.284648 0.3861687 255.1 82.2673288 410.92 0
2019 11 8.6382475 -0.3955306 163.1 82.024833 412.35 0
2019 12 -1.7830126 -12.465007 125 125.7437097 413.56 0
2020 1 -2.8674994 -14.682557 143.5 73.9303872 415.78 0
2020 2 1.463989 -10.995183 209.8 80.56931075 416.7 0
2020 3 5.4459376 -7.00118 301.6 96.3279275 417.68 0
2020 4 10.779598 -1.9141948 391.2 49.546842 419.14 0
2020 5 19.483784 5.8619895 461.6 136.191928 419.68 0
2020 6 24.771357 9.871414 512.7 48.866289 419.13 0
2020 7 27.186588 13.911378 503.7 112.4966688 417.61 0
2020 8 26.305094 13.357305 439.3 129.325924 415.02 0
2020 9 19.595673 6.6501336 346.6 125.610795 414.02 0
2020 10 12.112291 0.979467 255.1 166.491638 413.88 0
2020 11 5.6586375 -2.8139062 163.1 131.66715 415.31 0
2020 12 1.025374 -9.022477 125 125.369363 416.52 0
2021 1 -2.7158225 -12.099207 143.5 57.4762475 418.8 0
2021 2 -2.1537337 -15.026194 209.8 87.465313725 419.72 0
2021 3 4.761339 -7.6998773 301.6 40.4913661 420.7 0
2021 4 9.0437975 -3.6183267 391.2 75.528945 422.16 0
2021 5 17.466822 4.217006 461.6 106.7278075 422.7 0
2021 6 23.173584 9.585332 512.7 154.91568 422.15 0
2021 7 25.88119 12.697486 503.7 132.029124 420.63 0
2021 8 26.050762 12.8533325 439.3 87.0052696 418.04 0
2021 9 21.19318 8.051513 346.6 106.507866 417.04 0
2021 10 12.389657 1.3666484 255.1 97.9184662 416.9 0
2021 11 8.788721 -1.3346366 163.1 74.179308 418.33 0
2021 12 0.19129783 -9.982566 125 48.3224528 419.54 0
2022 1 -5.080773 -20.308426 143.5 160.9798907 421.86 0
2022 2 -3.3284311 -17.79741 209.8 53.428210825 422.78 0
2022 3 4.199547 -7.394637 301.6 60.3892214 423.76 0
2022 4 8.380116 -3.4738765 391.2 101.15463 425.22 0
2022 5 19.974169 4.3592806 461.6 47.0946203 425.76 0
2022 6 20.552803 8.946441 512.7 159.492831 425.21 0
2022 7 25.199032 11.851858 503.7 103.02323 423.69 0
2022 8 25.595402 11.415061 439.3 72.5044554 421.1 0
2022 9 20.529839 6.919355 346.6 108.908301 420.1 0
2022 10 10.141931 -1.7648941 255.1 82.7591004 419.96 0
2022 11 3.9611113 -5.4768195 163.1 75.777468 421.39 0
2022 12 -2.5049584 -11.444646 125 207.4898107 422.6 0
2023 1 -5.916303 -15.170867 143.5 114.5030756 424.99 0
2023 2 -3.4983613 -16.93747 209.8 63.95158725 425.91 0
2023 3 -0.09422165 -14.045711 301.6 82.4210516 426.89 0
2023 4 13.376442 0.56825507 391.2 92.420775 428.35 0
2023 5 16.645933 4.2807856 461.6 140.545847 428.89 0
2023 6 23.77736 9.351109 512.7 52.229379 428.34 0
2023 7 26.92097 12.954228 503.7 92.6510423 426.82 0
2023 8 24.263771 11.612805 439.3 138.3859127 424.23 0
2023 9 19.242083 4.794395 346.6 64.694859 423.23 0
2023 10 9.630308 -0.7801961 255.1 103.4955243 423.09 0
2023 11 1.0867931 -6.381462 163.1 133.629972 424.52 0
2023 12 -1.249326 -10.26428 125 192.6819446 425.73 0
2024 1 -3.5522728 -16.154902 143.5 97.3162044 428.2 0
2024 2 -4.308776 -18.443295 209.8 73.495191525 429.12 0
2024 3 -0.6144177 -14.681683 301.6 79.8669833 430.1 0
2024 4 9.882024 -1.3308156 391.2 55.605216 431.56 0
2024 5 16.354792 2.325604 461.6 78.455234 432.1 0
2024 6 22.927137 9.571519 512.7 122.92509 431.55 0
2024 7 26.761948 12.59169 503.7 109.4496013 430.03 0
2024 8 25.374428 11.816874 439.3 134.6073506 427.44 0
2024 9 21.669321 9.373805 346.6 164.815935 426.44 0
2024 10 14.683781 3.2898595 255.1 74.3253024 426.3 0
2024 11 8.4496765 -1.1161911 163.1 142.515408 427.73 0
2024 12 0.5237248 -9.396084 125 141.676696 428.94 0
2025 1 -5.4256477 -19.475277 143.5 87.0384675 431.47 0
2025 2 -3.4549348 -15.182461 209.8 53.162333125 432.39 0
2025 3 1.5725851 -10.587088 301.6 84.9462155 433.37 0
2025 4 6.9987946 -4.6616077 391.2 32.788635 434.83 0
2025 5 17.779816 4.263977 461.6 74.6285382 435.37 0
2025 6 23.8558 7.9203277 512.7 42.11181 434.82 0
2025 7 26.693684 13.515177 503.7 100.4213318 433.3 0
2025 8 24.96386 11.358037 439.3 90.6618126 430.71 0
2025 9 19.056923 6.3876595 346.6 142.86735 429.71 0
2025 10 13.877252 0.9666131 255.1 100.5825194 429.57 0
2025 11 5.900434 -5.0358725 163.1 77.612736 431 0
2025 12 0.059622653 -10.50627 125 62.9272565 432.21 0
2026 1 -6.512963 -18.347868 143.5 157.4234126 434.83 0
2026 2 -3.1005116 -13.888357 209.8 127.05513775 435.75 0
2026 3 1.0360265 -10.983697 301.6 86.5182472 436.73 0
2026 4 10.853477 -0.44164607 391.2 89.812044 438.19 0
2026 5 18.759666 4.704286 461.6 86.2798727 438.73 0
2026 6 23.723364 9.073072 512.7 73.149984 438.18 0
2026 7 25.403183 12.874826 503.7 101.2203475 436.66 0
2026 8 26.217089 13.485292 439.3 111.7250757 434.07 0
2026 9 20.978127 7.4671326 346.6 79.66281 433.07 0
2026 10 13.164633 0.8918308 255.1 101.375115 432.93 0
2026 11 3.5311933 -5.5893826 163.1 73.860354 434.36 0
2026 12 1.8408175 -7.925685 125 166.663905 435.57 0
2027 1 -3.0454059 -14.770293 143.5 88.0507136 438.24 0
2027 2 -3.6699274 -17.265564 209.8 75.4836949 439.16 0
2027 3 2.5176914 -9.80573 301.6 39.1399614 440.14 0
2027 4 9.5455065 -2.0426624 391.2 80.75223 441.6 0
2027 5 18.490284 4.461799 461.6 57.9022495 442.14 0
2027 6 23.197567 9.57647 512.7 163.46913 441.59 0
2027 7 25.896996 11.997315 503.7 109.6202067 440.07 0
2027 8 23.935753 10.559226 439.3 95.861362 437.48 0
2027 9 22.392748 6.891525 346.6 95.596062 436.48 0
2027 10 12.606664 1.31319 255.1 96.9191161 436.34 0
2027 11 3.8227918 -5.1487923 163.1 71.63931 437.77 0
2027 12 3.3064923 -7.513203 125 122.6625732 438.98 0
2028 1 -3.701013 -15.928734 143.5 28.0694398 441.72 0
2028 2 -1.2636743 -14.6748 209.8 69.55757375 442.64 0
2028 3 3.6435835 -9.0885 301.6 75.7853466 443.62 0
2028 4 9.4142475 -1.2266508 391.2 130.287165 445.08 0
2028 5 17.381542 3.9931173 461.6 71.788932 445.62 0
2028 6 24.353542 10.502729 512.7 142.27566 445.07 0
2028 7 26.962383 15.161038 503.7 142.485796 443.55 0
2028 8 24.742294 11.393898 439.3 171.2160225 440.96 0
2028 9 20.157192 6.6246142 346.6 74.284974 439.96 0
2028 10 12.710495 0.90904444 255.1 52.4748563 439.82 0
2028 11 4.2027583 -4.7115436 163.1 79.151388 441.25 0
2028 12 -4.4001536 -17.300606 125 111.3784523 442.46 0
2029 1 -8.674398 -21.713406 143.5 77.5162316 445.25 0
2029 2 -4.684806 -17.448101 209.8 51.4812858 446.17 0
2029 3 2.1550815 -10.882272 301.6 75.286972 447.15 0
2029 4 8.576085 -2.927676 391.2 21.535509 448.61 0
2029 5 20.691875 4.0323544 461.6 51.005881 449.15 0
2029 6 24.485104 10.745284 512.7 128.4765 448.6 0
2029 7 27.425814 14.651986 503.7 127.7947937 447.08 0
2029 8 24.826077 10.088254 439.3 66.4534414 444.49 0
2029 9 18.220192 5.699299 346.6 119.707569 443.49 0
2029 10 10.6631975 0.019187825 255.1 99.125042 443.35 0
2029 11 8.165665 -0.65759015 163.1 114.754914 444.78 0
2029 12 -2.918678 -10.339616 125 72.0786673 445.99 0
2030 1 -1.7219793 -11.756577 143.5 96.887617 448.83 0
2030 2 -0.50382304 -12.131122 209.8 126.769657375 449.75 0
2030 3 7.143967 -4.483016 301.6 62.15779 450.73 0
2030 4 10.633223 -2.0405545 391.2 98.302947 452.19 0
2030 5 16.694433 3.7858973 461.6 84.9740566 452.73 0
2030 6 25.04217 9.302448 512.7 63.00057 452.18 0
2030 7 28.246756 13.879664 503.7 108.762229 450.66 0
2030 8 24.588404 11.43757 439.3 190.6723975 448.07 0
2030 9 18.694986 6.187145 346.6 99.719388 447.07 0
2030 10 13.764414 1.0344069 255.1 40.3524582 446.93 0
2030 11 6.738239 -1.5604998 163.1 105.38022 448.36 0
2030 12 -0.013425358 -9.169327 125 121.0453776 449.57 0
2031 1 -0.32589233 -11.667974 143.5 186.663989 452.47 0
2031 2 -3.8385944 -17.572323 209.8 71.74468875 453.39 0
2031 3 5.7752357 -7.845462 301.6 70.353911 454.37 0
2031 4 12.244272 -0.06669152 391.2 55.637529 455.83 0
2031 5 20.980404 6.9859867 461.6 107.7173709 456.37 0
2031 6 24.306728 10.617235 512.7 121.493469 455.82 0
2031 7 26.704826 12.485263 503.7 99.4449372 454.3 0
2031 8 26.287573 11.8832 439.3 105.4161665 451.71 0
2031 9 19.822002 7.21406 346.6 123.495498 450.71 0
2031 10 12.570104 0.29831156 255.1 34.4042991 450.57 0
2031 11 4.9838963 -4.363527 163.1 82.365912 452 0
2031 12 -1.0569355 -10.371701 125 212.22104 453.21 0
2032 1 -7.2100406 -21.29355 143.5 106.728288 456.18 0
2032 2 -2.8372405 -16.445282 209.8 124.159758525 457.1 0
2032 3 5.8697357 -8.080969 301.6 48.3209989 458.08 0
2032 4 8.477734 -3.4390953 391.2 100.020312 459.54 0
2032 5 21.655247 6.8811197 461.6 55.8134788 460.08 0
2032 6 24.005468 9.077642 512.7 67.271382 459.53 0
2032 7 25.219711 12.992483 503.7 138.565195 458.01 0
2032 8 24.225836 10.06515 439.3 170.5479384 455.42 0
2032 9 18.304394 3.7101693 346.6 45.24072 454.42 0
2032 10 12.439837 -0.077629484 255.1 35.4678161 454.28 0
2032 11 9.079126 -0.6290085 163.1 120.607182 455.71 0
2032 12 -1.2445722 -10.193341 125 125.519279 456.92 0
2033 1 -4.645512 -17.36014 143.5 70.7883295 459.96 0
2033 2 -0.70707285 -14.161425 209.8 55.641988175 460.88 0
2033 3 6.2800746 -6.364954 301.6 78.019095 461.86 0
2033 4 12.241605 -0.18828313 391.2 48.791199 463.32 0
2033 5 17.142233 1.4854099 461.6 74.0651039 463.86 0
2033 6 24.196772 9.773881 512.7 106.832634 463.31 0
2033 7 27.03599 13.123646 503.7 110.1083048 461.79 0
2033 8 25.871794 12.115243 439.3 99.1000839 459.2 0
2033 9 18.321169 5.6972055 346.6 109.547145 458.2 0
2033 10 11.924417 0.10256271 255.1 86.7340723 458.06 0
2033 11 6.100669 -1.9486097 163.1 90.255474 459.49 0
2033 12 0.54422694 -8.778158 125 225.052343 460.7 0
2034 1 -1.9185786 -13.549675 143.5 88.188459 463.85 0
2034 2 -1.2890763 -13.936101 209.8 57.608035625 464.77 0
2034 3 6.630628 -5.269909 301.6 82.8772538 465.75 0
2034 4 12.077084 1.0407321 391.2 88.027953 467.21 0
2034 5 18.605677 3.5605044 461.6 66.9997203 467.75 0
2034 6 24.572985 10.337417 512.7 124.824285 467.2 0
2034 7 25.213364 10.848443 503.7 139.7103164 465.68 0
2034 8 23.999462 11.492664 439.3 162.2492756 463.09 0
2034 9 20.090664 7.0358124 346.6 79.68609 462.09 0
2034 10 14.799517 1.9030477 255.1 67.77251 461.95 0
2034 11 2.9572647 -6.002936 163.1 77.466474 463.38 0
2034 12 -6.3240013 -16.052225 125 31.5984953 464.59 0
2035 1 -5.1405983 -17.164661 143.5 92.1482285 467.85 0
2035 2 -3.147108 -15.105642 209.8 95.232961975 468.77 0
2035 3 5.3001394 -8.063279 301.6 89.7707858 469.75 0
2035 4 12.067042 -0.582644 391.2 42.659709 471.21 0
2035 5 16.73619 2.4203906 461.6 67.0469116 471.75 0
2035 6 26.263445 12.482912 512.7 139.293222 471.2 0
2035 7 27.875488 14.66556 503.7 131.658302 469.68 0
2035 8 25.882025 14.050361 439.3 190.782153 467.09 0
2035 9 20.691032 6.567994 346.6 86.99304 466.09 0
2035 10 15.105836 1.6281693 255.1 72.9709062 465.95 0
2035 11 6.737217 -1.0812383 163.1 99.675621 467.38 0
2035 12 -2.8687913 -14.841524 125 44.8438622 468.59 0
2036 1 -3.041052 -15.455202 143.5 116.5505915 471.96 0
2036 2 0.44891694 -13.319457 209.8 52.7974081 472.88 0
2036 3 3.3006394 -10.385164 301.6 49.0593383 473.86 0
2036 4 11.436599 -1.0625786 391.2 55.962609 475.32 0
2036 5 16.810669 3.5254235 461.6 122.8220558 475.86 0
2036 6 22.780718 9.200336 512.7 100.641468 475.31 0
2036 7 26.157385 12.314473 503.7 116.501844 473.79 0
2036 8 24.142273 11.556438 439.3 179.594377 471.2 0
2036 9 20.604597 6.829496 346.6 87.78159 470.2 0
2036 10 13.7712345 0.84320354 255.1 45.0692446 470.06 0
2036 11 6.0408835 -5.1885457 163.1 42.957231 471.49 0
2036 12 -2.4231052 -12.300994 125 40.4264366 472.7 0
2037 1 -3.7731977 -15.3353195 143.5 166.217412 476.18 0
2037 2 -3.9168382 -17.547434 209.8 52.5784593 477.1 0
2037 3 2.3647306 -11.027342 301.6 39.033743 478.08 0
2037 4 11.593471 0.036159035 391.2 137.999469 479.54 0
2037 5 20.16797 4.943853 461.6 60.582556 480.08 0
2037 6 24.91058 9.369329 512.7 81.681054 479.53 0
2037 7 27.013063 13.7434435 503.7 162.478998 478.01 0
2037 8 24.47679 11.190442 439.3 163.7098964 475.42 0
2037 9 17.994446 3.481881 346.6 97.118682 474.42 0
2037 10 14.403431 2.527812 255.1 132.1826515 474.28 0
2037 11 3.0972905 -6.179859 163.1 134.118318 475.71 0
2037 12 -0.89023554 -10.100712 125 95.8296428 476.92 0
2038 1 -1.6585376 -11.840902 143.5 68.778429 480.51 0
2038 2 0.7209169 -9.643622 209.8 60.298305725 481.43 0
2038 3 5.937882 -6.589262 301.6 99.411048 482.41 0
2038 4 8.124416 -3.4876194 391.2 139.42926 483.87 0
2038 5 17.485237 4.8359094 461.6 150.9464648 484.41 0
2038 6 22.961212 7.885458 512.7 58.889727 483.86 0
2038 7 25.458622 12.564178 503.7 111.8203449 482.34 0
2038 8 25.901447 12.186085 439.3 50.7148127 479.75 0
2038 9 18.420073 5.3742723 346.6 87.620394 478.75 0
2038 10 12.819186 1.9285966 255.1 61.006171 478.61 0
2038 11 8.450097 -2.2196357 163.1 103.443597 480.04 0
2038 12 -0.18124588 -10.739379 125 122.0878146 481.25 0
2039 1 -6.8243446 -18.24517 143.5 56.7153525 484.93 0
2039 2 2.520122 -11.42358 209.8 101.544944225 485.85 0
2039 3 3.4199605 -9.371303 301.6 61.1024725 486.83 0
2039 4 11.606401 -1.6086757 391.2 23.563863 488.29 0
2039 5 20.265514 5.3571177 461.6 105.7938178 488.83 0
2039 6 24.17169 9.489386 512.7 83.025255 488.28 0
2039 7 25.690325 14.311969 503.7 149.102498 486.76 0
2039 8 24.615414 12.213858 439.3 186.9832673 484.17 0
2039 9 20.684586 6.3941913 346.6 103.20192 483.17 0
2039 10 16.676224 3.8812723 255.1 81.5802913 483.03 0
2039 11 8.523465 -1.8758576 163.1 53.296377 484.46 0
2039 12 0.02933933 -8.92404 125 53.2954108 485.67 0
2040 1 -6.8835564 -19.914093 143.5 81.5975056 489.44 0
2040 2 -3.1721873 -17.220661 209.8 32.364824375 490.36 0
2040 3 3.66199 -8.873573 301.6 72.7373646 491.34 0
2040 4 11.480607 -0.6792778 391.2 70.797759 492.8 0
2040 5 19.334509 6.268467 461.6 114.5075117 493.34 0
2040 6 24.20474 10.510792 512.7 86.942904 492.79 0
2040 7 27.81472 13.877736 503.7 49.5807428 491.27 0
2040 8 26.14058 12.705997 439.3 66.8195142 488.68 0
2040 9 19.70397 7.291062 346.6 110.380047 487.68 0
2040 10 12.784758 1.6207345 255.1 80.8681624 487.54 0
2040 11 3.6660166 -5.5834737 163.1 68.957655 488.97 0
2040 12 0.8735969 -7.9213634 125 62.311209 490.18 0
2041 1 -2.532571 -13.746245 143.5 43.6451914 494.03 0
2041 2 1.551773 -11.898245 209.8 47.111629475 494.95 0
2041 3 3.229337 -9.250823 301.6 84.4620048 495.93 0
2041 4 10.867037 -1.1746205 391.2 50.217051 497.39 0
2041 5 16.13046 3.0660808 461.6 64.8268869 497.93 0
2041 6 25.38588 10.556524 512.7 91.728381 497.38 0
2041 7 28.273306 12.760388 503.7 49.4989555 495.86 0
2041 8 25.745338 11.351344 439.3 154.8735696 493.27 0
2041 9 18.372334 3.9818041 346.6 112.18365 492.27 0
2041 10 18.27048 4.605983 255.1 55.8239785 492.13 0
2041 11 7.86085 -1.3595713 163.1 113.962182 493.56 0
2041 12 0.52454954 -9.112216 125 101.4594071 494.77 0
2042 1 -1.787524 -14.298496 143.5 109.0772417 498.73 0
2042 2 -0.13532165 -13.156562 209.8 13.4299321975 499.65 0
2042 3 3.6879506 -8.792702 301.6 99.0750204 500.63 0
2042 4 11.21202 -0.80812424 391.2 45.555273 502.09 0
2042 5 17.572437 4.059677 461.6 39.130401 502.63 0
2042 6 24.795452 10.567091 512.7 77.405592 502.08 0
2042 7 27.14256 14.127256 503.7 151.535285 500.56 0
2042 8 26.45826 11.543389 439.3 62.9836734 497.97 0
2042 9 20.885832 7.5339317 346.6 81.560748 496.97 0
2042 10 13.982287 2.9918053 255.1 127.9617566 496.83 0
2042 11 3.251689 -5.3431244 163.1 89.992482 498.26 0
2042 12 0.70689976 -8.375405 125 47.2569611 499.47 0
2043 1 -2.2973049 -14.117982 143.5 81.3147205 503.53 0
2043 2 1.513496 -10.811614 209.8 118.9603997 504.45 0
2043 3 5.5045433 -7.844127 301.6 73.8857162 505.43 0
2043 4 10.109146 -2.274656 391.2 75.905391 506.89 0
2043 5 17.725851 2.3024113 461.6 56.8964328 507.43 0
2043 6 26.027454 11.414489 512.7 111.769623 506.88 0
2043 7 27.004204 13.055776 503.7 132.54112 505.36 0
2043 8 25.823566 11.610913 439.3 110.238883 502.77 0
2043 9 19.315895 6.5128202 346.6 123.66531 501.77 0
2043 10 16.187761 1.8546307 255.1 54.2421818 501.63 0
2043 11 7.5169454 -0.9590737 163.1 111.5964 503.06 0
2043 12 2.1051817 -6.6900644 125 71.881932 504.27 0
2044 1 -4.532906 -16.938484 143.5 79.155524 508.43 0
2044 2 -1.5508097 -15.1870985 209.8 72.39903785 509.35 0
2044 3 5.7786493 -6.208281 301.6 57.7417749 510.33 0
2044 4 10.400213 -1.715781 391.2 68.34228 511.79 0
2044 5 18.878765 5.0917997 461.6 121.2711103 512.33 0
2044 6 20.850197 10.693211 512.7 200.37699 511.78 0
2044 7 26.158382 12.746906 503.7 91.5448724 510.26 0
2044 8 25.02364 9.8343115 439.3 108.5138074 507.67 0
2044 9 20.830748 6.495609 346.6 67.009521 506.67 0
2044 10 11.878963 1.3410991 255.1 72.3293333 506.53 0
2044 11 7.211033 -1.4336525 163.1 102.46875 507.96 0
2044 12 1.149037 -7.717971 125 126.39816 509.17 0
2045 1 -2.0161304 -13.105506 143.5 81.946857 513.46 0
2045 2 -0.94204974 -14.199216 209.8 33.263445575 514.38 0
2045 3 4.3933196 -9.342788 301.6 113.2358948 515.36 0
2045 4 10.296292 -0.8232575 391.2 101.668626 516.82 0
2045 5 15.630041 3.6355557 461.6 163.4016045 517.36 0
2045 6 21.677944 10.004177 512.7 155.081979 516.81 0
2045 7 27.125917 14.422924 503.7 142.850108 515.29 0
2045 8 25.47306 12.020743 439.3 126.5730217 512.7 0
2045 9 19.97821 6.201528 346.6 53.92803 511.7 0
2045 10 15.952614 2.1249974 255.1 49.0717569 511.56 0
2045 11 3.6769993 -5.5933113 163.1 78.24459 512.99 0
2045 12 -0.5532566 -10.757393 125 47.4267977 514.2 0
2046 1 -5.554565 -16.915638 143.5 82.0912674 518.61 0
2046 2 2.0069788 -9.995532 209.8 83.957415175 519.53 0
2046 3 4.035665 -10.0592785 301.6 88.5548883 520.51 0
2046 4 9.964597 -0.7159427 391.2 142.576989 521.97 0
2046 5 18.875818 4.480915 461.6 172.5719284 522.51 0
2046 6 25.937592 11.865116 512.7 118.057194 521.96 0
2046 7 26.651484 12.544451 503.7 53.1985389 520.44 0
2046 8 27.91483 13.493112 439.3 122.466244 517.85 0
2046 9 21.43154 7.8618917 346.6 119.845062 516.85 0
2046 10 13.583518 2.0070283 255.1 90.8553673 516.71 0
2046 11 4.68667 -2.0168211 163.1 204.19485 518.14 0
2046 12 -4.598591 -15.977207 125 147.925862 519.35 0
2047 1 -7.6991005 -21.412775 143.5 138.555275 523.9 0
2047 2 0.94562316 -11.581496 209.8 82.893305475 524.82 0
2047 3 4.6771274 -9.095147 301.6 84.4915912 525.8 0
2047 4 12.696878 0.76298934 391.2 117.02775 527.26 0
2047 5 18.67656 3.8913405 461.6 99.3957061 527.8 0
2047 6 21.25653 10.1854725 512.7 199.421211 527.25 0
2047 7 28.451103 13.646204 503.7 89.55776 525.73 0
2047 8 26.698416 11.988281 439.3 77.0457198 523.14 0
2047 9 22.01388 7.9884176 346.6 88.336266 522.14 0
2047 10 13.284705 0.9608426 255.1 65.9044903 522 0
2047 11 6.347007 -3.3076746 163.1 68.022651 523.43 0
2047 12 0.6218287 -8.352905 125 69.0613908 524.64 0
2048 1 -1.6826464 -11.404682 143.5 142.880271 529.32 0
2048 2 -3.9300284 -17.62694 209.8 56.72471745 530.24 0
2048 3 3.5899217 -9.812384 301.6 80.6175956 531.22 0
2048 4 12.752814 -0.453986 391.2 27.8707785 532.68 0
2048 5 19.904785 3.9659708 461.6 57.994552 533.22 0
2048 6 24.661465 11.489188 512.7 125.99943 532.67 0
2048 7 26.030842 12.808545 503.7 95.3102936 531.15 0
2048 8 26.385199 12.638887 439.3 161.722784 528.56 0
2048 9 19.371346 6.4540906 346.6 116.804409 527.56 0
2048 10 13.484478 1.4287925 255.1 47.0597112 527.42 0
2048 11 8.267093 -0.59691036 163.1 136.568442 528.85 0
2048 12 2.7420106 -6.811225 125 128.232988 530.06 0
2049 1 -5.7674866 -18.393446 143.5 35.8017326 534.88 0
2049 2 0.39875054 -11.884973 209.8 90.884258675 535.8 0
2049 3 3.1228564 -9.943938 301.6 71.073669 536.78 0
2049 4 12.900731 0.07739567 391.2 94.618515 538.24 0
2049 5 16.455135 3.0657778 461.6 125.131097 538.78 0
2049 6 23.990135 9.571933 512.7 88.581819 538.23 0
2049 7 25.845798 14.082837 503.7 168.5702903 536.71 0
2049 8 25.744059 12.3537445 439.3 98.296319 534.12 0
2049 9 20.166096 7.2930646 346.6 84.796065 533.12 0
2049 10 11.581565 0.4385839 255.1 162.8683735 532.98 0
2049 11 6.179981 -3.3819454 163.1 141.65034 534.41 0
2049 12 0.54973584 -8.503757 125 208.189769 535.62 0
2050 1 -0.5454626 -8.647416 143.5 137.015474 540.54 0
2050 2 1.884875 -10.603211 209.8 35.01076175 541.46 0
2050 3 4.6941853 -8.446399 301.6 89.2752818 542.44 0
2050 4 13.53619 1.564467 391.2 55.183698 543.9 0
2050 5 18.011591 2.1324155 461.6 40.7883399 544.44 0
2050 6 25.417015 11.695504 512.7 105.911508 543.89 0
2050 7 27.674967 14.762136 503.7 136.5073933 542.37 0
2050 8 26.401663 13.296362 439.3 120.8658194 539.78 0
2050 9 19.87661 7.4238896 346.6 75.130962 538.78 0
2050 10 14.34798 1.2907045 255.1 85.939719 538.64 0
2050 11 5.0850677 -3.3708093 163.1 66.512718 540.07 0
2050 12 -1.259061 -9.553143 125 85.0032307 541.28 0
2051 1 -3.690836 -15.600431 143.5 84.8595643 546.32 0
2051 2 -2.4939716 -15.730904 209.8 46.886347025 547.24 0
2051 3 3.1412714 -10.221072 301.6 47.538314 548.22 0
2051 4 13.269122 0.3515566 391.2 44.991801 549.68 0
2051 5 20.457672 5.6180806 461.6 87.7045862 550.22 0
2051 6 23.372879 10.427797 512.7 116.74179 549.67 0
2051 7 27.423403 13.922417 503.7 126.192568 548.15 0
2051 8 26.8103 13.376759 439.3 156.957805 545.56 0
2051 9 20.074627 6.8005776 346.6 81.728853 544.56 0
2051 10 15.350842 2.2051687 255.1 69.4229717 544.42 0
2051 11 6.7783384 -3.269897 163.1 59.879277 545.85 0
2051 12 -0.07607759 -9.624274 125 40.8814794 547.06 0
2052 1 -6.5680447 -17.085403 143.5 67.320251 552.21 0
2052 2 -0.33522803 -12.997721 209.8 173.337290725 553.13 0
2052 3 3.551921 -8.826593 301.6 66.4581844 554.11 0
2052 4 10.898374 -2.7910514 391.2 34.76478 555.57 0
2052 5 20.15494 5.889574 461.6 108.2179 556.11 0
2052 6 24.555483 9.983791 512.7 123.704595 555.56 0
2052 7 26.970833 12.493257 503.7 75.2552187 554.04 0
2052 8 25.198174 12.6544895 439.3 97.836527 551.45 0
2052 9 19.631178 5.5256276 346.6 66.955998 550.45 0
2052 10 14.082821 2.275489 255.1 108.6091634 550.31 0
2052 11 9.388171 -0.51444435 163.1 73.55496 551.74 0
2052 12 2.7618961 -6.823608 125 90.1227877 552.95 0
2053 1 -5.864253 -19.678375 143.5 114.4596973 558.21 0
2053 2 -3.9816134 -17.361277 209.8 121.764853475 559.13 0
2053 3 6.1511865 -6.517505 301.6 60.2816142 560.11 0
2053 4 12.042817 -0.055720072 391.2 69.984204 561.57 0
2053 5 18.497486 3.611572 461.6 126.8788584 562.11 0
2053 6 25.696012 10.944738 512.7 109.776801 561.56 0
2053 7 27.293674 14.116971 503.7 118.6866806 560.04 0
2053 8 28.008972 12.791633 439.3 85.2393484 557.45 0
2053 9 21.098196 8.861457 346.6 186.74784 556.45 0
2053 10 13.495429 1.7971393 255.1 41.8782348 556.31 0
2053 11 9.18471 0.36330143 163.1 136.126572 557.74 0
2053 12 -0.43862724 -9.865908 125 108.5229338 558.95 0
2054 1 1.1921533 -9.097648 143.5 97.9110975 564.31 0
2054 2 0.1885661 -13.474319 209.8 22.965563475 565.23 0
2054 3 7.7575445 -4.9008207 301.6 80.5750667 566.21 0
2054 4 11.542368 -1.2184887 391.2 98.288175 567.67 0
2054 5 17.98688 4.5914855 461.6 138.157297 568.21 0
2054 6 25.661787 10.924389 512.7 107.730396 567.66 0
2054 7 27.893639 13.947381 503.7 107.338554 566.14 0
2054 8 26.034716 11.817667 439.3 107.0701343 563.55 0
2054 9 20.688047 9.007794 346.6 138.56928 562.55 0
2054 10 14.27146 2.7305682 255.1 90.1593832 562.41 0
2054 11 9.0654545 -0.9500234 163.1 120.490521 563.84 0
2054 12 -4.5738616 -13.451186 125 141.9347803 565.05 0
2055 1 -6.1633415 -20.186049 143.5 66.6885826 570.52 0
2055 2 -1.0043489 -14.308588 209.8 58.67276965 571.44 0
2055 3 5.3758764 -7.531924 301.6 101.3743152 572.42 0
2055 4 12.114233 0.6799061 391.2 144.710499 573.88 0
2055 5 19.281538 5.8312993 461.6 95.4345571 574.42 0
2055 6 25.140238 10.273469 512.7 63.285792 573.87 0
2055 7 28.801664 13.88517 503.7 52.9150098 572.35 0
2055 8 25.542305 13.874808 439.3 196.638332 569.76 0
2055 9 22.18747 9.0395565 346.6 90.57168 568.76 0
2055 10 15.984468 3.934058 255.1 99.0508156 568.62 0
2055 11 4.2318707 -4.5721326 163.1 94.238964 570.05 0
2055 12 -4.8922453 -13.45886 125 46.1631075 571.26 0
2056 1 -1.2530973 -12.336094 143.5 131.027173 576.84 0
2056 2 1.1198561 -12.380063 209.8 70.43429555 577.76 0
2056 3 6.1864333 -6.8507667 301.6 37.2489583 578.74 0
2056 4 11.428189 -0.8443621 391.2 79.621575 580.2 0
2056 5 21.1411 5.319959 461.6 59.7880074 580.74 0
2056 6 23.326397 9.908933 512.7 69.194478 580.19 0
2056 7 28.187279 13.5967655 503.7 122.8052352 578.67 0
2056 8 26.15513 14.342505 439.3 167.5710456 576.08 0
2056 9 20.406948 7.334384 346.6 105.59766 575.08 0
2056 10 12.945204 1.1961956 255.1 95.383528 574.94 0
2056 11 5.885813 -4.0787463 163.1 76.556961 576.37 0
2056 12 1.183727 -7.510516 125 43.5685687 577.58 0
2057 1 -0.94412607 -12.592843 143.5 70.5840209 583.3 0
2057 2 -2.4207716 -14.93991 209.8 54.092464375 584.22 0
2057 3 5.74579 -6.9901648 301.6 99.0590027 585.2 0
2057 4 12.174069 0.16403934 391.2 103.491498 586.66 0
2057 5 16.677408 1.8858155 461.6 56.895602 587.2 0
2057 6 23.672401 11.44783 512.7 81.593034 586.65 0
2057 7 27.667374 14.229042 503.7 123.5195713 585.13 0
2057 8 29.255247 13.457123 439.3 93.2893354 582.54 0
2057 9 23.849373 9.576731 346.6 101.359455 581.54 0
2057 10 12.748666 1.154218 255.1 81.9327086 581.4 0
2057 11 5.211018 -1.6879834 163.1 91.525311 582.83 0
2057 12 0.42199773 -7.2302537 125 83.9682337 584.04 0
2058 1 1.001029 -8.126766 143.5 83.1716267 589.91 0
2058 2 -0.029166028 -12.819 209.8 121.673266975 590.83 0
2058 3 5.8761935 -7.088376 301.6 92.428515 591.81 0
2058 4 14.434034 1.6674107 391.2 100.722699 593.27 0
2058 5 21.354904 6.4952216 461.6 87.853256 593.81 0
2058 6 24.327845 10.815262 512.7 144.77079 593.26 0
2058 7 29.785769 15.1624 503.7 82.9428343 591.74 0
2058 8 27.477654 14.723448 439.3 129.560532 589.15 0
2058 9 22.945814 8.065784 346.6 47.674041 588.15 0
2058 10 16.099712 1.9269202 255.1 36.6409026 588.01 0
2058 11 7.496298 -3.6526957 163.1 71.639706 589.44 0
2058 12 0.69101954 -8.212751 125 67.7447898 590.65 0
2059 1 -1.1008843 -12.014603 143.5 44.2427226 596.65 0
2059 2 -1.8348957 -14.347078 209.8 62.40947625 597.57 0
2059 3 8.174087 -4.962872 301.6 66.744271 598.55 0
2059 4 13.680598 2.4490228 391.2 78.883452 600.01 0
2059 5 21.857353 4.7559133 461.6 50.2615524 600.55 0
2059 6 27.533733 12.532477 512.7 151.00902 600 0
2059 7 28.432678 15.530328 503.7 122.3588693 598.48 0
2059 8 26.87463 12.46305 439.3 107.036924 595.89 0
2059 9 20.666624 7.5249734 346.6 81.42663 594.89 0
2059 10 14.2815075 1.8224884 255.1 61.5753 594.75 0
2059 11 8.048351 -0.9398024 163.1 68.236806 596.18 0
2059 12 0.16275148 -9.668145 125 89.6420149 597.39 0
2060 1 -0.7476645 -10.329846 143.5 82.9384292 603.52 0
2060 2 -0.90452033 -12.560623 209.8 97.652404975 604.44 0
2060 3 6.1841297 -6.6227098 301.6 53.3605945 605.42 0
2060 4 13.384341 0.6296532 391.2 62.244486 606.88 0
2060 5 21.381496 6.1900735 461.6 79.6379739 607.42 0
2060 6 26.13131 11.533762 512.7 179.58 606.87 0
2060 7 26.656548 11.86385 503.7 95.232186 605.35 0
2060 8 27.384819 11.718087 439.3 63.2983575 602.76 0
2060 9 20.404076 7.5825953 346.6 100.233378 601.76 0
2060 10 16.715414 3.6098392 255.1 53.1846509 601.62 0
2060 11 6.641496 -3.8130326 163.1 112.749909 603.05 0
2060 12 0.97471243 -7.2774296 125 45.2395772 604.26 0
2061 1 -2.1974633 -13.693848 143.5 74.764746 610.52 0
2061 2 -1.1769543 -14.091452 209.8 58.276826125 611.44 0
2061 3 10.17103 -0.78469926 301.6 74.8478229 612.42 0
2061 4 10.808301 -2.57356 391.2 37.775664 613.88 0
2061 5 15.8629465 1.4158235 461.6 107.9820024 614.42 0
2061 6 26.451916 11.75153 512.7 77.455044 613.87 0
2061 7 30.914476 15.370744 503.7 93.5267985 612.35 0
2061 8 27.017744 13.43259 439.3 79.3536202 609.76 0
2061 9 21.640211 6.353437 346.6 37.553877 608.76 0
2061 10 14.211727 2.034824 255.1 82.1183025 608.62 0
2061 11 4.3788347 -4.2759485 163.1 75.781824 610.05 0
2061 12 -0.71503705 -10.242005 125 100.1794698 611.26 0
2062 1 -5.2059 -16.218218 143.5 100.6030972 617.61 0
2062 2 -2.9676926 -16.589125 209.8 23.752981375 618.53 0
2062 3 5.236285 -7.877723 301.6 45.997366 619.51 0
2062 4 12.100171 -1.0388178 391.2 49.496064 620.97 0
2062 5 21.718042 7.8326774 461.6 78.0696684 621.51 0
2062 6 24.846413 10.132741 512.7 79.210647 620.96 0
2062 7 26.44641 14.94077 503.7 160.1739 619.44 0
2062 8 29.077698 14.137314 439.3 121.969004 616.85 0
2062 9 21.544111 9.224412 346.6 122.89833 615.85 0
2062 10 13.54166 2.2747939 255.1 71.926541 615.71 0
2062 11 6.0221334 -1.5852364 163.1 59.253273 617.14 0
2062 12 0.7381624 -8.551829 125 156.1766298 618.35 0
2063 1 -2.927636 -14.6086445 143.5 63.682339 624.76 0
2063 2 1.1231852 -11.258148 209.8 81.3367785 625.68 0
2063 3 2.9936922 -9.266778 301.6 117.5861465 626.66 0
2063 4 13.479236 1.3004537 391.2 143.93457 628.12 0
2063 5 16.416302 4.85921 461.6 238.7530007 628.66 0
2063 6 27.011612 12.01565 512.7 54.522657 628.11 0
2063 7 27.166864 13.21404 503.7 135.4203597 626.59 0
2063 8 26.278362 11.266557 439.3 115.9057047 624 0
2063 9 21.63238 7.768104 346.6 52.945332 623 0
2063 10 18.028193 4.2484574 255.1 59.2273569 622.86 0
2063 11 5.0713205 -3.9146578 163.1 167.744409 624.29 0
2063 12 -3.8833385 -12.301176 125 63.467385 625.5 0
2064 1 -1.3793669 -11.565877 143.5 57.5092997 631.99 0
2064 2 3.0176735 -7.8156924 209.8 91.708729275 632.91 0
2064 3 4.1297145 -8.981146 301.6 78.5881 633.89 0
2064 4 11.039519 -2.059804 391.2 54.09117 635.35 0
2064 5 18.173449 2.8867393 461.6 65.5580157 635.89 0
2064 6 24.590574 11.339488 512.7 86.60646 635.34 0
2064 7 31.01405 15.019899 503.7 68.3964625 633.82 0
2064 8 27.332743 11.647855 439.3 79.6894804 631.23 0
2064 9 21.535513 9.651371 346.6 98.408874 630.23 0
2064 10 13.570269 4.497628 255.1 141.038964 630.09 0
2064 11 9.770994 0.44944376 163.1 134.35128 631.52 0
2064 12 1.3854369 -7.513192 125 292.52747 632.73 0
2065 1 -2.7527432 -14.246285 143.5 40.5984928 639.29 0
2065 2 -2.4375212 -15.81526 209.8 17.70289075 640.21 0
2065 3 5.963627 -6.353736 301.6 64.1594507 641.19 0
2065 4 10.520122 -1.9476808 391.2 102.638904 642.65 0
2065 5 20.332258 6.4440684 461.6 125.7256584 643.19 0
2065 6 26.034 11.599442 512.7 97.988169 642.64 0
2065 7 28.972368 15.161318 503.7 105.3976688 641.12 0
2065 8 27.55134 13.5910225 439.3 113.6680007 638.53 0
2065 9 23.832945 8.57221 346.6 56.615064 637.53 0
2065 10 14.574687 4.764366 255.1 91.0983081 637.39 0
2065 11 5.151003 -3.884027 163.1 57.588114 638.82 0
2065 12 3.798007 -5.8289766 125 209.743024 640.03 0
2066 1 -2.2466283 -12.361499 143.5 33.8706031 646.65 0
2066 2 -2.6065333 -15.265988 209.8 78.163004 647.57 0
2066 3 6.8463674 -4.463219 301.6 71.8802208 648.55 0
2066 4 13.06637 1.1036783 391.2 71.402271 650.01 0
2066 5 21.107927 4.6234655 461.6 49.684847 650.55 0
2066 6 27.187216 11.969716 512.7 91.285401 650 0
2066 7 29.435278 14.492757 503.7 100.8742046 648.48 0
2066 8 26.88872 14.386912 439.3 115.9362397 645.89 0
2066 9 20.5289 8.66602 346.6 113.753292 644.89 0
2066 10 18.011711 6.050213 255.1 41.4913269 644.75 0
2066 11 6.1130323 -3.0828855 163.1 121.886259 646.18 0
2066 12 2.11805 -5.5849595 125 141.4735375 647.39 0
2067 1 -5.119688 -16.75383 143.5 56.9909053 654.1 0
2067 2 0.8205116 -10.142013 209.8 70.069873375 655.02 0
2067 3 5.132774 -6.9750237 301.6 96.8934543 656 0
2067 4 14.439365 1.6966356 391.2 49.110003 657.46 0
2067 5 22.192535 8.229347 461.6 74.5324723 658 0
2067 6 26.663637 14.261444 512.7 175.872804 657.45 0
2067 7 27.960253 14.383268 503.7 113.6180969 655.93 0
2067 8 28.991066 13.551086 439.3 114.334572 653.34 0
2067 9 21.15514 7.0779223 346.6 60.697869 652.34 0
2067 10 18.10877 5.315058 255.1 44.8303586 652.2 0
2067 11 9.004362 -0.41221103 163.1 91.96866 653.63 0
2067 12 3.96456 -5.5889916 125 234.4506254 654.84 0
2068 1 -5.520822 -16.537638 143.5 110.5070578 661.64 0
2068 2 -4.005001 -17.163624 209.8 122.48296 662.56 0
2068 3 5.4706597 -7.706791 301.6 26.66830056 663.54 0
2068 4 15.6972 2.9209607 391.2 106.343616 665 0
2068 5 20.54398 6.050851 461.6 79.5559541 665.54 0
2068 6 25.339685 11.9022 512.7 175.9014 664.99 0
2068 7 29.033865 15.633505 503.7 109.0905376 663.47 0
2068 8 29.05517 14.568873 439.3 104.792803 660.88 0
2068 9 23.429873 9.7494335 346.6 91.867425 659.88 0
2068 10 14.646503 3.7672508 255.1 103.878334 659.74 0
2068 11 7.7467747 0.5336845 163.1 75.00045 661.17 0
2068 12 3.1724842 -4.896439 125 105.0089257 662.38 0
2069 1 -0.52105457 -9.047469 143.5 131.7781294 669.3 0
2069 2 -3.595328 -16.509155 209.8 76.840923775 670.22 0
2069 3 5.107382 -7.204441 301.6 84.8200827 671.2 0
2069 4 12.484981 1.2092776 391.2 91.431126 672.66 0
2069 5 20.237358 4.2162175 461.6 38.898955 673.2 0
2069 6 26.760368 11.387742 512.7 57.94491 672.65 0
2069 7 30.702217 15.816801 503.7 88.285303 671.13 0
2069 8 30.487959 17.045841 439.3 128.2390485 668.54 0
2069 9 21.503616 7.5288296 346.6 42.231216 667.54 0
2069 10 15.466891 4.662657 255.1 152.700854 667.4 0
2069 11 6.4227304 -0.68760943 163.1 80.333118 668.83 0
2069 12 0.79921496 -7.501898 125 39.3995833 670.04 0
2070 1 -0.9452545 -11.839113 143.5 72.2889186 677.08 0
2070 2 -0.4729285 -12.76802 209.8 70.523681375 678 0
2070 3 4.6668296 -7.8721685 301.6 71.869966 678.98 0
2070 4 9.409649 -1.6914928 391.2 64.160136 680.44 0
2070 5 17.461689 4.7945623 461.6 98.0432846 680.98 0
2070 6 23.923645 10.189553 512.7 170.1279 680.43 0
2070 7 29.182888 16.45269 503.7 194.8901025 678.91 0
2070 8 27.772594 13.525367 439.3 122.6029664 676.32 0
2070 9 20.551256 7.3062105 346.6 103.91901 675.32 0
2070 10 14.954334 2.5615296 255.1 42.9434227 675.18 0
2070 11 5.510281 -1.9549294 163.1 92.442354 676.61 0
2070 12 1.6925067 -7.4502325 125 82.4108216 677.82 0
2071 1 -1.3564245 -12.475135 143.5 116.4138505 684.95 0
2071 2 -4.4905586 -17.471191 209.8 70.3139901 685.87 0
2071 3 5.0223556 -6.456649 301.6 93.2830455 686.85 0
2071 4 12.552849 -0.47680992 391.2 87.52164 688.31 0
2071 5 21.508936 6.689777 461.6 82.9513779 688.85 0
2071 6 27.534494 11.842288 512.7 76.830369 688.3 0
2071 7 27.662529 13.448785 503.7 72.7661233 686.78 0
2071 8 25.59205 12.446208 439.3 132.6079436 684.19 0
2071 9 20.93082 8.628164 346.6 107.418102 683.19 0
2071 10 15.310021 4.073755 255.1 121.7762925 683.05 0
2071 11 9.797376 2.5370555 163.1 93.55911 684.48 0
2071 12 2.9319332 -4.9250607 125 231.1739843 685.69 0
2072 1 0.81145775 -9.411366 143.5 69.3239763 692.9 0
2072 2 -2.806295 -15.31072 209.8 104.4071975 693.82 0
2072 3 6.049134 -4.9632387 301.6 111.080471 694.8 0
2072 4 13.225885 0.7989347 391.2 62.60205 696.26 0
2072 5 17.268597 3.7046192 461.6 94.7097926 696.8 0
2072 6 25.881134 12.412696 512.7 116.993136 696.25 0
2072 7 27.71391 14.334895 503.7 147.718193 694.73 0
2072 8 28.44525 13.839907 439.3 72.7181725 692.14 0
2072 9 20.63195 8.470641 346.6 130.66845 691.14 0
2072 10 18.068052 5.4621534 255.1 72.5871882 691 0
2072 11 12.73907 2.784139 163.1 70.955772 692.43 0
2072 12 3.0557547 -5.603243 125 104.784774 693.64 0
2073 1 0.41455823 -10.715255 143.5 69.3961722 700.89 0
2073 2 -2.1872077 -13.850788 209.8 64.6585661 701.81 0
2073 3 4.1497436 -8.891626 301.6 22.2170366 702.79 0
2073 4 11.090536 -1.0070088 391.2 45.350142 704.25 0
2073 5 17.204967 4.744701 461.6 149.778763 704.79 0
2073 6 27.298412 12.066656 512.7 67.44033 704.24 0
2073 7 29.821308 15.186972 503.7 65.1891994 702.72 0
2073 8 28.107965 14.436642 439.3 100.8472656 700.13 0
2073 9 22.027887 9.361471 346.6 91.089864 699.13 0
2073 10 15.609379 4.839263 255.1 110.7325704 698.99 0
2073 11 6.113163 0.097932965 163.1 139.18752 700.42 0
2073 12 1.9306047 -5.6661916 125 63.1029986 701.63 0
2074 1 -0.9007171 -12.201908 143.5 83.1300402 708.93 0
2074 2 -1.5361259 -12.88553 209.8 120.44904475 709.85 0
2074 3 3.4502037 -10.084237 301.6 101.7020534 710.83 0
2074 4 14.402277 2.431337 391.2 69.258987 712.29 0
2074 5 22.120209 7.204183 461.6 62.3068969 712.83 0
2074 6 26.671005 10.886754 512.7 77.451861 712.28 0
2074 7 29.256775 13.852396 503.7 78.6538262 710.76 0
2074 8 28.865429 14.407152 439.3 59.6234935 708.17 0
2074 9 24.13152 10.692053 346.6 108.328737 707.17 0
2074 10 16.07953 2.648581 255.1 36.8629184 707.03 0
2074 11 8.048474 -0.61776906 163.1 99.57549 708.46 0
2074 12 2.1599882 -6.107784 125 194.785493 709.67 0
2075 1 0.44709224 -10.424773 143.5 131.242592 717.02 0
2075 2 2.0506153 -6.7091007 209.8 83.958539525 717.94 0
2075 3 5.052779 -7.323886 301.6 95.7378332 718.92 0
2075 4 15.217074 1.445137 391.2 22.904484 720.38 0
2075 5 19.572615 5.317177 461.6 86.7945874 720.92 0
2075 6 26.17461 13.675321 512.7 127.138809 720.37 0
2075 7 30.317942 14.942334 503.7 82.257105 718.85 0
2075 8 30.25655 15.26039 439.3 73.9739143 716.26 0
2075 9 25.744156 11.495063 346.6 56.895981 715.26 0
2075 10 16.670656 3.629107 255.1 104.1072473 715.12 0
2075 11 6.77719 0.39282748 163.1 200.127081 716.55 0
2075 12 1.891643 -5.2769146 125 60.5089682 717.76 0
2076 1 0.88781995 -9.51996 143.5 106.8726116 725.14 0
2076 2 -1.2789028 -13.096047 209.8 59.08578465 726.06 0
2076 3 3.313495 -10.129859 301.6 73.6504696 727.04 0
2076 4 14.268147 2.1337152 391.2 96.305751 728.5 0
2076 5 21.43186 7.209288 461.6 76.6848705 729.04 0
2076 6 26.789587 13.488865 512.7 113.164086 728.49 0
2076 7 30.411526 15.462414 503.7 96.9101292 726.97 0
2076 8 28.13743 14.056711 439.3 75.6899348 724.38 0
2076 9 24.291773 9.857213 346.6 61.55661 723.38 0
2076 10 16.137764 3.7986739 255.1 101.017375 723.24 0
2076 11 5.390928 -3.663568 163.1 69.64755 724.67 0
2076 12 1.7463648 -5.865911 125 62.1724034 725.88 0
2077 1 -2.2737584 -11.59721 143.5 69.7391438 733.31 0
2077 2 1.6948175 -9.788444 209.8 154.562289875 734.23 0
2077 3 4.382917 -8.103612 301.6 73.2005201 735.21 0
2077 4 13.58114 1.1699297 391.2 97.630404 736.67 0
2077 5 22.51504 6.030241 461.6 57.6015309 737.21 0
2077 6 28.746792 13.765681 512.7 100.380456 736.66 0
2077 7 29.653566 14.43947 503.7 63.0875823 735.14 0
2077 8 29.461292 15.105104 439.3 88.8469796 732.55 0
2077 9 21.469471 6.919609 346.6 86.0223 731.55 0
2077 10 16.222786 3.6430678 255.1 71.05231 731.41 0
2077 11 4.782849 -3.8365018 163.1 77.554551 732.84 0
2077 12 -3.0596359 -10.520675 125 115.2096772 734.05 0
2078 1 -2.7044072 -14.2193985 143.5 91.9986845 741.52 0
2078 2 0.97138345 -11.413755 209.8 46.81494515 742.44 0
2078 3 7.923903 -3.827215 301.6 81.0828715 743.42 0
2078 4 15.556191 3.5272818 391.2 84.67959 744.88 0
2078 5 17.630758 4.3555965 461.6 152.4703783 745.42 0
2078 6 25.978855 13.025508 512.7 141.87915 744.87 0
2078 7 28.214901 15.585907 503.7 207.8082117 743.35 0
2078 8 27.961893 14.340769 439.3 157.8794195 740.76 0
2078 9 23.059565 9.270678 346.6 104.561211 739.76 0
2078 10 14.783057 2.9286108 255.1 82.0307802 739.62 0
2078 11 7.3856525 -0.3535228 163.1 226.23237 741.05 0
2078 12 -2.6274185 -9.312814 125 143.8430566 742.26 0
2079 1 -0.054553382 -8.505174 143.5 150.999605 749.8 0
2079 2 3.952807 -8.696517 209.8 77.6423113 750.72 0
2079 3 8.630612 -1.5998442 301.6 131.9453744 751.7 0
2079 4 13.820607 0.8451444 391.2 119.164065 753.16 0
2079 5 24.925919 9.610609 461.6 59.888218 753.7 0
2079 6 25.540115 11.128707 512.7 84.974433 753.15 0
2079 7 31.326258 15.686942 503.7 87.9509153 751.63 0
2079 8 28.1721 14.330674 439.3 103.100761 749.04 0
2079 9 21.94526 8.019906 346.6 116.009058 748.04 0
2079 10 15.725117 3.5338473 255.1 72.0034582 747.9 0
2079 11 11.390625 1.3913488 163.1 135.08844 749.33 0
2079 12 2.5961611 -5.0189147 125 36.5240419 750.54 0
2080 1 -0.011667998 -8.276598 143.5 152.1576813 758.18 0
2080 2 0.3656545 -12.608865 209.8 21.799556025 759.1 0
2080 3 6.3435545 -6.849057 301.6 81.0281193 760.08 0
2080 4 15.2097225 2.9580345 391.2 62.691615 761.54 0
2080 5 20.205591 6.8333783 461.6 64.6456082 762.08 0
2080 6 27.71717 13.314609 512.7 158.36193 761.53 0
2080 7 30.197947 16.862585 503.7 115.9801419 760.01 0
2080 8 28.401123 14.799563 439.3 66.6011719 757.42 0
2080 9 22.52697 9.812198 346.6 126.96288 756.42 0
2080 10 17.985456 4.4222317 255.1 62.4323787 756.28 0
2080 11 8.547851 0.6236155 163.1 146.015139 757.71 0
2080 12 1.3784306 -6.454853 125 81.1783639 758.92 0
2081 1 -5.1998568 -17.020329 143.5 71.691871 766.64 0
2081 2 0.7115237 -12.146965 209.8 110.53578075 767.56 0
2081 3 5.802491 -6.701892 301.6 156.0840483 768.54 0
2081 4 14.925528 2.3519928 391.2 61.911198 770 0
2081 5 23.91556 8.354739 461.6 81.3122498 770.54 0
2081 6 29.767519 13.413008 512.7 64.429206 769.99 0
2081 7 29.730114 14.78629 503.7 98.9023008 768.47 0
2081 8 27.948244 14.353114 439.3 113.1186435 765.88 0
2081 9 25.524662 10.221901 346.6 99.24732 764.88 0
2081 10 18.594662 5.7279067 255.1 45.7579933 764.74 0
2081 11 5.051811 -3.3803647 163.1 123.0792 766.17 0
2081 12 1.99429 -5.8472414 125 63.0645586 767.38 0
2082 1 -1.2332932 -10.993033 143.5 103.4554878 775.17 0
2082 2 6.1526856 -4.6062517 209.8 162.97665125 776.09 0
2082 3 9.277426 -1.9140505 301.6 85.3165787 777.07 0
2082 4 14.844434 2.244301 391.2 208.442859 778.53 0
2082 5 19.437624 5.892565 461.6 141.7963033 779.07 0
2082 6 26.831036 12.995459 512.7 91.063434 778.52 0
2082 7 29.808943 16.467794 503.7 96.053903 777 0
2082 8 27.879545 14.1914 439.3 132.2187076 774.41 0
2082 9 22.54996 9.247886 346.6 134.974452 773.41 0
2082 10 16.107656 4.9068336 255.1 62.082553 773.27 0
2082 11 7.167027 -2.2967842 163.1 70.974126 774.7 0
2082 12 0.84409904 -6.775311 125 27.422693 775.91 0
2083 1 -0.031663045 -10.107658 143.5 91.5647155 783.75 0
2083 2 -0.8440964 -14.03844 209.8 19.2391314 784.67 0
2083 3 5.3665237 -7.35564 301.6 63.8146997 785.65 0
2083 4 13.720522 0.7001448 391.2 132.40986 787.11 0
2083 5 20.819887 7.835274 461.6 136.8456064 787.65 0
2083 6 27.491705 13.104957 512.7 67.828266 787.1 0
2083 7 31.01975 16.285353 503.7 88.4915925 785.58 0
2083 8 29.96302 15.809308 439.3 101.0827726 782.99 0
2083 9 22.005726 8.51933 346.6 108.42513 781.99 0
2083 10 15.26329 3.827907 255.1 80.018192 781.85 0
2083 11 5.4738483 -3.1095324 163.1 169.776192 783.28 0
2083 12 2.6994925 -6.033709 125 190.39332 784.49 0
2084 1 -1.5191603 -13.616881 143.5 58.1937766 792.37 0
2084 2 -0.44234183 -12.964383 209.8 45.995443725 793.29 0
2084 3 7.1099944 -6.559335 301.6 54.6513291 794.27 0
2084 4 17.593653 3.996997 391.2 49.662666 795.73 0
2084 5 20.350607 4.9442964 461.6 55.9919272 796.27 0
2084 6 27.326483 13.182591 512.7 111.099249 795.72 0
2084 7 30.37171 16.170876 503.7 134.0134867 794.2 0
2084 8 29.387445 14.091299 439.3 57.7739405 791.61 0
2084 9 24.555485 9.603293 346.6 46.498887 790.61 0
2084 10 15.7542925 4.977778 255.1 86.0520537 790.47 0
2084 11 5.2785873 -3.473671 163.1 69.85761 791.9 0
2084 12 1.9888681 -6.612962 125 195.5646036 793.11 0
2085 1 -0.27507526 -12.512747 143.5 117.043538 801.02 0
2085 2 -0.76524967 -13.002875 209.8 49.36442855 801.94 0
2085 3 8.860937 -3.388746 301.6 107.9206813 802.92 0
2085 4 14.399542 1.9876308 391.2 128.185158 804.38 0
2085 5 21.502857 5.702468 461.6 37.6536819 804.92 0
2085 6 29.862354 12.744282 512.7 41.93595 804.37 0
2085 7 29.632692 15.731663 503.7 104.8054448 802.85 0
2085 8 29.489798 15.694716 439.3 101.1859282 800.26 0
2085 9 21.502539 7.0755982 346.6 125.88576 799.26 0
2085 10 14.770688 3.8773744 255.1 76.6698448 799.12 0
2085 11 6.9555817 -0.5543667 163.1 78.812913 800.55 0
2085 12 0.8998677 -9.404028 125 243.956608 801.76 0
2086 1 -3.3103693 -14.685427 143.5 103.8380371 809.71 0
2086 2 -1.8586287 -13.633974 209.8 62.2515757 810.63 0
2086 3 7.393948 -6.035097 301.6 31.9238279 811.61 0
2086 4 12.523066 0.93519616 391.2 144.883461 813.07 0
2086 5 22.555687 7.2218637 461.6 101.5158674 813.61 0
2086 6 27.52734 13.093926 512.7 121.724268 813.06 0
2086 7 31.139313 16.433712 503.7 131.264509 811.54 0
2086 8 29.548445 15.465931 439.3 103.971861 808.95 0
2086 9 23.717688 10.19458 346.6 97.364502 807.95 0
2086 10 18.195557 4.573787 255.1 36.294738 807.81 0
2086 11 8.836508 -1.5950085 163.1 76.064715 809.24 0
2086 12 0.84621185 -7.7174134 125 94.4001832 810.45 0
2087 1 1.3532856 -6.34176 143.5 108.4111912 818.42 0
2087 2 0.029683126 -11.7691 209.8 113.6790283 819.34 0
2087 3 8.956141 -2.5741835 301.6 160.6028625 820.32 0
2087 4 13.071018 -0.3253394 391.2 55.835811 821.78 0
2087 5 23.766836 6.0682178 461.6 34.6299791 822.32 0
2087 6 27.003433 13.398468 512.7 163.19001 821.77 0
2087 7 30.065153 15.218107 503.7 90.4099593 820.25 0
2087 8 29.722076 15.921381 439.3 156.092874 817.66 0
2087 9 26.147125 12.957867 346.6 124.227246 816.66 0
2087 10 18.041859 6.339901 255.1 84.7603333 816.52 0
2087 11 5.831299 -3.1542578 163.1 63.136989 817.95 0
2087 12 -3.7260711 -12.360982 125 63.9529907 819.16 0
2088 1 -1.7389107 -10.697584 143.5 89.9014074 827.16 0
2088 2 -0.4853082 -12.548765 209.8 70.92493025 828.08 0
2088 3 5.2060695 -8.062841 301.6 133.3282255 829.06 0
2088 4 12.363578 0.85637033 391.2 76.22289 830.52 0
2088 5 22.434023 9.719471 461.6 139.344876 831.06 0
2088 6 26.78578 11.985831 512.7 112.854051 830.51 0
2088 7 29.423325 14.867759 503.7 93.4328158 828.99 0
2088 8 29.33947 16.510616 439.3 137.02372 826.4 0
2088 9 24.282396 9.373435 346.6 58.782072 825.4 0
2088 10 16.954277 5.1113334 255.1 135.5115648 825.26 0
2088 11 5.995245 -0.88530326 163.1 72.250062 826.69 0
2088 12 -3.444838 -13.225696 125 47.4369285 827.9 0
2089 1 0.58209205 -10.216017 143.5 75.352785 835.96 0
2089 2 2.273485 -9.628529 209.8 39.914337425 836.88 0
2089 3 7.7650876 -5.3157997 301.6 54.8897749 837.86 0
2089 4 13.650158 0.9738183 391.2 59.056263 839.32 0
2089 5 21.004904 5.972176 461.6 70.9953785 839.86 0
2089 6 24.919323 11.663494 512.7 76.592652 839.31 0
2089 7 33.449474 17.284624 503.7 54.6141415 837.79 0
2089 8 28.956137 15.499662 439.3 141.8765375 835.2 0
2089 9 23.259623 10.066444 346.6 82.725276 834.2 0
2089 10 17.611443 5.6485863 255.1 97.5118144 834.06 0
2089 11 10.023738 1.2967234 163.1 68.701158 835.49 0
2089 12 1.1134484 -7.378679 125 97.418213 836.7 0
2090 1 3.310177 -3.2224507 143.5 154.616003 844.8 0
2090 2 2.739513 -7.138124 209.8 103.318959475 845.72 0
2090 3 6.349749 -5.415135 301.6 101.4692372 846.7 0
2090 4 12.094824 1.7551883 391.2 75.678999 848.16 0
2090 5 22.934855 6.715843 461.6 36.3763858 848.7 0
2090 6 27.710958 12.1651945 512.7 69.233415 848.15 0
2090 7 29.641886 16.660498 503.7 125.0432523 846.63 0
2090 8 29.234434 15.491871 439.3 121.8325606 844.04 0
2090 9 22.923254 10.183268 346.6 134.52156 843.04 0
2090 10 19.597994 7.3704386 255.1 88.3376465 842.9 0
2090 11 11.250567 1.2792664 163.1 88.245198 844.33 0
2090 12 0.7316137 -6.97038 125 46.0923221 845.54 0
2091 1 -1.4919609 -10.786585 143.5 236.60502 853.73 0
2091 2 3.6551867 -7.5177364 209.8 136.09074205 854.65 0
2091 3 5.4244437 -6.3447127 301.6 78.8677603 855.63 0
2091 4 14.686924 2.6516576 391.2 80.185677 857.09 0
2091 5 23.522995 8.18462 461.6 47.3406022 857.63 0
2091 6 29.24495 12.836905 512.7 114.728751 857.08 0
2091 7 30.739655 16.451992 503.7 68.5526405 855.56 0
2091 8 28.858822 14.7801485 439.3 131.7024305 852.97 0
2091 9 22.834223 9.804891 346.6 88.70757 851.97 0
2091 10 19.86941 6.4860706 255.1 66.2241778 851.83 0
2091 11 6.945955 -1.3561951 163.1 75.75141 853.26 0
2091 12 1.7185463 -6.210299 125 211.297085 854.47 0
2092 1 -1.7631702 -12.025321 143.5 43.1768589 862.73 0
2092 2 -0.996659 -12.140106 209.8 95.32446655 863.65 0
2092 3 3.7225213 -9.422976 301.6 52.7444509 864.63 0
2092 4 12.514278 0.2842201 391.2 167.76984 866.09 0
2092 5 23.198 8.486623 461.6 79.5341208 866.63 0
2092 6 24.774057 10.816213 512.7 79.28589 866.08 0
2092 7 30.843155 17.959581 503.7 137.7921666 864.56 0
2092 8 30.92768 16.099846 439.3 86.366961 861.97 0
2092 9 22.534958 9.553177 346.6 161.349921 860.97 0
2092 10 15.199859 3.6412218 255.1 165.3212175 860.83 0
2092 11 6.290692 -2.3734872 163.1 111.15801 862.26 0
2092 12 3.4085605 -5.0339065 125 46.636307 863.47 0
2093 1 0.29108584 -10.498255 143.5 52.8857086 871.78 0
2093 2 -0.31107056 -12.0795145 209.8 80.55381845 872.7 0
2093 3 6.25801 -5.7989154 301.6 116.0273766 873.68 0
2093 4 15.151837 2.0369732 391.2 21.979917 875.14 0
2093 5 21.221125 5.0951004 461.6 41.7780397 875.68 0
2093 6 28.266197 13.601788 512.7 141.921588 875.13 0
2093 7 33.87976 17.02772 503.7 58.6932548 873.61 0
2093 8 31.33293 16.326345 439.3 81.1469144 871.02 0
2093 9 22.562145 10.640755 346.6 108.898902 870.02 0
2093 10 20.24028 6.845158 255.1 74.4773853 869.88 0
2093 11 10.467962 1.4049816 163.1 125.359239 871.31 0
2093 12 1.4945656 -8.348164 125 53.873567 872.52 0
2094 1 -1.2824843 -13.193774 143.5 124.5657345 880.86 0
2094 2 -0.08260415 -12.410444 209.8 87.86035325 881.78 0
2094 3 4.581882 -7.996798 301.6 86.213077 882.76 0
2094 4 14.965546 2.2529304 391.2 73.91607 884.22 0
2094 5 23.28831 10.110833 461.6 135.2991776 884.76 0
2094 6 27.569948 11.835378 512.7 57.720801 884.21 0
2094 7 32.17661 16.752262 503.7 103.3727333 882.69 0
2094 8 29.408434 16.146795 439.3 146.5837046 880.1 0
2094 9 26.154661 12.927513 346.6 70.277289 879.1 0
2094 10 16.659088 5.5550733 255.1 135.2054584 878.96 0
2094 11 12.098454 3.1695607 163.1 191.069541 880.39 0
2094 12 -0.50935477 -10.044122 125 194.435627 881.6 0
2095 1 -1.3486996 -11.847417 143.5 86.3259418 889.98 0
2095 2 3.8605967 -7.9712005 209.8 77.801994425 890.9 0
2095 3 7.1774745 -4.4779525 301.6 109.298281 891.88 0
2095 4 14.366495 1.0815898 391.2 94.84485 893.34 0
2095 5 22.474564 7.4395366 461.6 91.1756624 893.88 0
2095 6 27.700047 13.169031 512.7 109.30251 893.33 0
2095 7 31.080612 16.208576 503.7 101.8496134 891.81 0
2095 8 30.809141 16.1485 439.3 124.011935 889.22 0
2095 9 23.130466 9.879732 346.6 60.524661 888.22 0
2095 10 19.951824 7.641333 255.1 53.3340647 888.08 0
2095 11 7.435919 -1.0437118 163.1 103.236 889.51 0
2095 12 -0.3276062 -7.9287806 125 157.117672 890.72 0
2096 1 -3.2037036 -13.972065 143.5 126.4142025 899.12 0
2096 2 -1.0769596 -11.752911 209.8 79.2328654 900.04 0
2096 3 4.2165985 -7.2122 301.6 122.2816855 901.02 0
2096 4 13.8634815 1.9114588 391.2 90.464658 902.48 0
2096 5 25.567291 10.804008 461.6 79.4006782 903.02 0
2096 6 28.552608 13.258903 512.7 112.6743 902.47 0
2096 7 30.733185 17.235998 503.7 97.7734606 900.95 0
2096 8 30.18435 15.84953 439.3 101.8563342 898.36 0
2096 9 24.447319 10.558685 346.6 102.005295 897.36 0
2096 10 16.131529 4.973362 255.1 108.169602 897.22 0
2096 11 9.132728 0.5538695 163.1 198.84234 898.65 0
2096 12 1.9919224 -5.7683535 125 79.1377083 899.86 0
2097 1 -0.9831351 -11.724206 143.5 81.6145494 908.29 0
2097 2 2.6429048 -8.897884 209.8 43.8951777 909.21 0
2097 3 5.043042 -7.837588 301.6 47.4005438 910.19 0
2097 4 13.026753 -0.13136211 391.2 49.804179 911.65 0
2097 5 20.332672 6.8924565 461.6 93.3995714 912.19 0
2097 6 29.046911 13.242799 512.7 84.648837 911.64 0
2097 7 30.977125 17.68331 503.7 103.6516155 910.12 0
2097 8 29.675169 15.801818 439.3 95.8084512 907.53 0
2097 9 23.662376 11.778145 346.6 101.287758 906.53 0
2097 10 19.015884 6.7267194 255.1 81.3109633 906.39 0
2097 11 11.602064 2.7026916 163.1 76.13841 907.82 0
2097 12 2.0331032 -6.013224 125 208.7342127 909.03 0
2098 1 -5.5286193 -16.9465 143.5 90.6445115 917.47 0
2098 2 5.0207634 -4.89237 209.8 123.46043825 918.39 0
2098 3 5.950074 -6.2043843 301.6 37.6790833 919.37 0
2098 4 11.874316 -1.2364094 391.2 127.334391 920.83 0
2098 5 22.479008 7.872111 461.6 137.1380356 921.37 0
2098 6 24.262835 10.434298 512.7 91.009848 920.82 0
2098 7 29.820086 15.796912 503.7 120.3701728 919.3 0
2098 8 29.451504 15.453531 439.3 76.2352186 916.71 0
2098 9 22.962715 8.944971 346.6 80.160198 915.71 0
2098 10 16.972271 6.4021416 255.1 160.4659386 915.57 0
2098 11 11.155556 0.5899421 163.1 48.845364 917 0
2098 12 2.1808066 -5.9011726 125 129.6079 918.21 0
2099 1 1.1354076 -7.976796 143.5 106.3026983 926.67 0
2099 2 1.7875922 -8.839505 209.8 46.41323015 927.59 0
2099 3 5.930767 -6.0781803 301.6 60.3302594 928.57 0
2099 4 16.76685 3.4700856 391.2 84.48417 930.03 0
2099 5 23.11697 7.1787286 461.6 57.9260823 930.57 0
2099 6 26.640831 11.60797 512.7 68.837256 930.02 0
2099 7 32.28433 17.383371 503.7 108.6738356 928.5 0
2099 8 30.05096 15.502499 439.3 103.648004 925.91 0
2099 9 24.915857 11.816577 346.6 86.487156 924.91 0
2099 10 17.559504 6.333342 255.1 85.0189136 924.77 0
2099 11 13.011617 2.6081874 163.1 90.11211 926.2 0
2099 12 3.08897 -4.927845 125 111.7498106 927.41 0
2100-2200 1 1.1354076 -7.976796 143.5 106.3026983 926.67 0
2100-2200 2 1.7875922 -8.839505 209.8 46.41323015 927.59 0
2100-2200 3 5.930767 -6.0781803 301.6 60.3302594 928.57 0
2100-2200 4 16.76685 3.4700856 391.2 84.48417 930.03 0
2100-2200 5 23.11697 7.1787286 461.6 57.9260823 930.57 0
2100-2200 6 26.640831 11.60797 512.7 68.837256 930.02 0
2100-2200 7 32.28433 17.383371 503.7 108.6738356 928.5 0
2100-2200 8 30.05096 15.502499 439.3 103.648004 925.91 0
2100-2200 9 24.915857 11.816577 346.6 86.487156 924.91 0
2100-2200 10 17.559504 6.333342 255.1 85.0189136 924.77 0
2100-2200 11 13.011617 2.6081874 163.1 90.11211 926.2 0
2100-2200 12 3.08897 -4.927845 125 111.7498106 927.41 0
