Year Month Tmax Tmin PAR Prec CO2 O3
1200-1980 1 -6.2960909962018 -17.8378362559614 143.5 75.1472501670476 390 0
1200-1980 2 -3.99386302384423 -16.5087891095732 209.8 64.3230553998291 390 0
1200-1980 3 1.26780993104644 -10.8653639015785 301.6 75.7486609415672 390 0
1200-1980 4 8.38824935702822 -2.82070769874359 391.2 86.5193023131215 390 0
1200-1980 5 16.3063222521697 3.51239080484877 461.6 99.3467622622627 390 0
1200-1980 6 21.3429814463007 8.89587797152157 512.7 118.553888351624 390 0
1200-1980 7 23.8651980262405 11.8324159815844 503.7 114.803375069656 390 0
1200-1980 8 23.0962722806667 10.7126898120538 439.3 112.21895244013 390 0
1200-1980 9 18.4642534802057 6.28990752131689 346.6 101.76211629504 390 0
1200-1980 10 11.0789705867485 0.701257167048496 255.1 109.278920614274 390 0
1200-1980 11 3.71199395212813 -4.85582137078398 163.1 98.8005748461941 390 0
1200-1980 12 -3.08465227930456 -12.67558091623 125 91.4622460322697 390 0
1981 1 -9.32396266477519 -22.3962946546272 143.5 31.9609381358047 390 0
1981 2 1.50381216582411 -9.77668511749546 209.8 102.207670990873 390 0
1981 3 2.02768804795997 -8.58669045947115 301.6 47.2843737265026 390 0
1981 4 9.26557771325268 -2.0512280370311 391.2 72.6628306922854 390 0
1981 5 17.6179582681674 4.21076933207042 461.6 99.8175216278998 390 0
1981 6 21.4825471375273 8.93634191128622 512.7 121.527747500271 390 0
1981 7 24.2832291930433 11.6037500879194 503.7 111.012528893895 390 0
1981 8 22.8116618609338 9.79048294265988 439.3 171.324639357282 390 0
1981 9 16.9398144162418 5.92868667469972 346.6 162.757512965476 390 0
1981 10 9.43965527489605 -0.640059400187666 255.1 157.354047503547 390 0
1981 11 3.4323578205662 -4.2561535864523 163.1 69.3173456286863 390 0
1981 12 -2.51911158178681 -9.99631911402689 125 104.012315533482 390 0
1982 1 -10.3672933679789 -23.3991967979806 143.5 80.0413187305971 390 0
1982 2 -5.40769111401793 -18.2356484507538 209.8 64.3994150377386 390 0
1982 3 0.867216582071646 -12.3680572007831 301.6 68.4910695515269 390 0
1982 4 6.37670601561465 -5.08309865668178 391.2 80.1444106360271 390 0
1982 5 17.813728269246 3.00902268167378 461.6 31.0754051433461 390 0
1982 6 19.9154333012381 7.61764874605293 512.7 122.830579733282 390 0
1982 7 24.3595602278514 10.4961971397309 503.7 63.2411421092554 390 0
1982 8 20.7557036881659 8.21668097776197 439.3 118.465105464324 390 0
1982 9 18.149489628638 6.79907255385502 346.6 92.9173106369951 390 0
1982 10 12.4158324710768 0.196196196858496 255.1 38.8033024291715 390 0
1982 11 5.4757607229714 -3.94709106815833 163.1 127.092160409053 390 0
1982 12 -0.239668269566481 -10.6174593506016 125 56.7645348350989 390 0
1983 1 -4.43739503717547 -15.237700939393 143.5 89.3315866266315 390 0
1983 2 -2.54150407394083 -15.0746930845848 209.8 64.6815400796027 390 0
1983 3 2.11041294188334 -7.49557383570842 301.6 112.583687994529 390 0
1983 4 8.28690478301177 -1.27524608585728 391.2 161.240395590721 390 0
1983 5 13.5984327871584 3.46403893050181 461.6 143.073634715788 390 0
1983 6 23.1512018217671 8.54280382832503 512.7 55.2637426574043 390 0
1983 7 24.3824570592939 11.5263846152436 503.7 115.926059687259 390 0
1983 8 23.7144682783928 10.952750850616 439.3 99.1665069714249 390 0
1983 9 20.409675822147 6.89426669594971 346.6 78.6613731446909 390 0
1983 10 11.5249962557793 0.362865131148474 255.1 73.2941512009086 390 0
1983 11 3.29426088407872 -3.84608079129169 163.1 206.46548954356 390 0
1983 12 -4.64425478838681 -14.7523638319256 125 144.637336928234 390 0
1984 1 -7.38516005828836 -19.919051196028 143.5 42.1102839202193 390 0
1984 2 0.260586697666634 -10.7504164869424 209.8 84.9476398943969 390 0
1984 3 -2.06674197920579 -14.3013338753965 301.6 98.8876123195188 390 0
1984 4 9.3512014854714 -2.60999484828293 391.2 72.251246340445 390 0
1984 5 14.6645676286097 2.57481014773351 461.6 182.884121391875 390 0
1984 6 21.0724685828156 8.33858695046276 512.7 148.068361677569 390 0
1984 7 23.7526290796151 12.1639918611779 503.7 138.386138798362 390 0
1984 8 24.3684621940426 12.3098766932346 439.3 65.5562584041968 390 0
1984 9 17.3647655994994 4.0761758378235 346.6 44.2912525665625 390 0
1984 10 13.1337311416885 0.263272114986735 255.1 60.7966674594478 390 0
1984 11 4.39205477010873 -5.22577829326587 163.1 78.0065587715927 390 0
1984 12 -1.81232214779298 -11.670169512325 125 82.9248596448879 390 0
1985 1 -9.16415780374998 -20.1048429016148 143.5 28.0490870842177 390 0
1985 2 -3.10867388584162 -14.9938926102027 209.8 75.402300172675 390 0
1985 3 0.968449033611527 -11.454679856835 301.6 64.3795367285098 390 0
1985 4 7.6366086107683 -4.6489034529518 391.2 47.0228114965588 390 0
1985 5 16.2740670252864 2.19179755013158 461.6 82.7552275594428 390 0
1985 6 19.1350723402697 8.02348220756223 512.7 107.484078377088 390 0
1985 7 24.4991346685997 11.3519564393606 503.7 141.224462035634 390 0
1985 8 22.49730997138 9.40973044634811 439.3 83.9875926295307 390 0
1985 9 18.9776229006642 6.28629853155162 346.6 95.7594625877348 390 0
1985 10 11.8421286579232 0.637175171658571 255.1 67.5105153303826 390 0
1985 11 2.60091836653334 -5.57325668545403 163.1 99.4447584274381 390 0
1985 12 -5.45428220722311 -16.6419544136854 125 54.0532716654438 390 0
1986 1 -4.70004139449962 -17.0469625030408 143.5 143.328143511371 390 0
1986 2 -4.86522275452694 -17.8095021028698 209.8 34.5079382949237 390 0
1986 3 1.87502870985427 -11.1683562628237 301.6 76.3163229632461 390 0
1986 4 11.4957894398794 -0.854364118900962 391.2 53.9572633548039 390 0
1986 5 17.3360646401102 4.06304347209833 461.6 106.008911323757 390 0
1986 6 19.6797142067359 6.21434255923776 512.7 92.7302297269015 390 0
1986 7 21.9130566684837 10.700231895616 503.7 115.067943676374 390 0
1986 8 21.2326995758785 10.1291153015876 439.3 157.120023165377 390 0
1986 9 16.1031832306229 4.18196326923411 346.6 107.052287577126 390 0
1986 10 10.3454364930048 0.144916127738169 255.1 47.7153168170741 390 0
1986 11 1.48857306509947 -7.63225545308595 163.1 89.1874098081622 390 0
1986 12 -2.80384582220687 -13.7330657332648 125 65.2585842758422 390 0
1987 1 -6.32447335272485 -18.2903866621048 143.5 79.776307889979 390 0
1987 2 -5.87651295964224 -17.6876807190358 209.8 12.8197845938054 390 0
1987 3 3.29361175780315 -9.42223308111252 301.6 59.4270632360082 390 0
1987 4 11.9550150711941 -0.776268406851171 391.2 106.728661605546 390 0
1987 5 16.7472184680344 2.75424309887704 461.6 76.7405503687864 390 0
1987 6 21.1535361049828 9.46539448942952 512.7 123.227299618653 390 0
1987 7 24.0183275952079 11.9086181964139 503.7 94.4666845204691 390 0
1987 8 22.2708086263316 8.62436148573387 439.3 58.2146703777568 390 0
1987 9 17.3639908894817 6.52866382866713 346.6 131.660881881786 390 0
1987 10 11.4213869682117 0.135387010851365 255.1 100.864209650415 390 0
1987 11 2.8352838420333 -6.38182390248099 163.1 62.3986103963266 390 0
1987 12 -2.95162323057295 -10.7351904028714 125 81.9218660286549 390 0
1988 1 -5.40478779587428 -18.0374521838135 143.5 58.0643003786841 390 0
1988 2 -3.57385098917822 -17.7222742329297 209.8 65.4867873588542 390 0
1988 3 1.03210236706181 -12.1923839050867 301.6 30.9015826405778 390 0
1988 4 8.00724672699488 -1.75740861726052 391.2 83.670963558489 390 0
1988 5 17.9305858220195 4.45531739779201 461.6 56.1943749154042 390 0
1988 6 21.0708076206988 7.17384356499571 512.7 76.2143485974201 390 0
1988 7 24.668156471107 12.9672223295753 503.7 111.882420872269 390 0
1988 8 23.2154838536443 12.0341249935491 439.3 173.666513571532 390 0
1988 9 16.9767823331644 5.3646526427884 346.6 58.3985980539051 390 0
1988 10 8.43839900690193 -0.168235703060401 255.1 94.7112807106729 390 0
1988 11 4.22589707314678 -3.76077864942937 163.1 131.766626685588 390 0
1988 12 -4.67005199506368 -16.1668787268935 125 37.5669716934591 390 0
1989 1 -4.07180624589714 -17.5009727346429 143.5 51.9969870031903 390 0
1989 2 -5.14449820901532 -18.7477996016729 209.8 47.684991906605 390 0
1989 3 0.058578937851328 -14.8413301451646 301.6 59.1675193655814 390 0
1989 4 6.50277913094094 -3.65736481557006 391.2 72.4248225710616 390 0
1989 5 18.1837902456536 5.7817680061133 461.6 159.531433585155 390 0
1989 6 21.1347054196386 9.12987321630351 512.7 106.302979573751 390 0
1989 7 24.5679247202812 10.0596097242381 503.7 72.5650792648236 390 0
1989 8 22.3561357421544 10.325458458207 439.3 137.651807592704 390 0
1989 9 18.8062295037308 6.26640307529423 346.6 108.635736047605 390 0
1989 10 11.9015052893875 0.33786250276137 255.1 70.8269044595307 390 0
1989 11 2.22698704759651 -6.95843520442097 163.1 115.444998175262 390 0
1989 12 -11.3866488045243 -23.0491185865712 125 48.5666117461396 390 0
1990 1 -1.86163945050029 -13.0764027947519 143.5 108.382106703575 390 0
1990 2 -3.69122891568261 -17.760988983539 209.8 57.2760363325577 390 0
1990 3 2.06797742610002 -11.5686157571058 301.6 47.0042900565547 390 0
1990 4 8.40828716761981 -2.25128996645294 391.2 77.1277730945942 390 0
1990 5 14.9021268515808 2.30628266938035 461.6 111.982161157221 390 0
1990 6 21.5890196245362 9.4342968082666 512.7 130.188188647667 390 0
1990 7 23.955988369201 11.5962780095635 503.7 95.0031198093654 390 0
1990 8 24.2725567272433 11.5059473530323 439.3 148.637878876778 390 0
1990 9 17.4110491521956 5.96113100767761 346.6 93.9306269084651 390 0
1990 10 11.3790979407355 2.35799298216772 255.1 210.724310818533 390 0
1990 11 3.28853613157798 -4.22757377547245 163.1 103.090660776133 390 0
1990 12 -0.83493131124028 -11.7023281533922 125 129.196461152797 390 0
1991 1 -7.22021475990347 -19.6828207038489 143.5 66.3506072429564 390 0
1991 2 -2.27929640925727 -16.0045865806105 209.8 33.4803949205201 390 0
1991 3 1.81286772641287 -9.07829120162709 301.6 113.764767860446 390 0
1991 4 9.77063919023747 -2.51636531921864 391.2 85.7776520729393 390 0
1991 5 18.1205651229511 3.61630628871637 461.6 97.3886683738534 390 0
1991 6 22.193569185691 8.51406797189004 512.7 71.455301255188 390 0
1991 7 24.0850621333144 10.6710821674128 503.7 56.9758279493545 390 0
1991 8 23.5326612396588 11.6113898851684 439.3 199.024031111869 390 0
1991 9 16.6034213535694 4.07051433905117 346.6 106.263737399474 390 0
1991 10 11.7404254858612 1.17823740733746 255.1 123.571444227436 390 0
1991 11 3.46399516113463 -4.30871421242221 163.1 73.1268828156706 390 0
1991 12 -4.48505551551355 -15.3535133081341 125 63.9775911239858 390 0
1992 1 -6.59360088531104 -18.1293673776805 143.5 89.055635434844 390 0
1992 2 -5.05231936072454 -17.5649816771987 209.8 69.4456554102167 390 0
1992 3 -1.10245165234243 -14.0515201260124 301.6 93.5244777267897 390 0
1992 4 6.84765640237234 -4.15509656754726 391.2 56.335389700042 390 0
1992 5 18.0721407589983 2.16359443052997 461.6 31.8217636022776 390 0
1992 6 20.9687835622427 8.42599716892908 512.7 125.112137492568 390 0
1992 7 21.1350337973253 8.96886708597681 503.7 125.013886379489 390 0
1992 8 21.844241367589 10.9111546160657 439.3 107.474913581574 390 0
1992 9 18.9334022814359 6.11246281484605 346.6 79.6167481110872 390 0
1992 10 8.89328179180777 -0.758767584473221 255.1 85.7353053346888 390 0
1992 11 2.40353729266031 -6.29604721014425 163.1 75.9324487801543 390 0
1992 12 -2.60636314041547 -11.7116845207768 125 44.8027068861691 390 0
1993 1 -5.65224046578133 -17.231470741507 143.5 61.0709924500674 390 0
1993 2 -9.20037395248102 -24.0701088811489 209.8 77.187173498645 390 0
1993 3 1.57112281924045 -13.8291553209092 301.6 69.8153273540116 390 0
1993 4 8.99489278819344 -2.70029110644929 391.2 126.470870817421 390 0
1993 5 16.5138589660653 3.19788474640064 461.6 70.8498789401029 390 0
1993 6 21.1018635501632 7.87090618754441 512.7 115.775368542695 390 0
1993 7 23.5905014485221 11.339540886886 503.7 90.2562985607787 390 0
1993 8 24.3664261703853 11.1044688181588 439.3 91.8061523074471 390 0
1993 9 17.8374514763578 5.50326329684052 346.6 123.990005889585 390 0
1993 10 8.49289385210069 -1.8720859108343 255.1 100.365970667082 390 0
1993 11 3.41953354045257 -6.28626343991184 163.1 89.2365965191878 390 0
1993 12 -2.99406128923593 -12.6469501773256 125 104.771343337512 390 0
1994 1 -11.2504158400091 -24.7364040510822 143.5 109.855833592432 390 0
1994 2 -6.98889829642513 -20.9686658318182 209.8 39.8502328271531 390 0
1994 3 0.36621421045404 -10.3769635616974 301.6 86.4281438419814 390 0
1994 4 7.21984197814988 -3.63025653875448 391.2 107.897189083508 390 0
1994 5 14.423966596789 1.85312106041576 461.6 105.548165259313 390 0
1994 6 22.9497689979103 9.99496589600945 512.7 125.912576122387 390 0
1994 7 25.09416999543 13.2973879503801 503.7 126.853343354673 390 0
1994 8 22.1805967463137 9.30148635080384 439.3 74.0132158216666 390 0
1994 9 16.6876817785062 5.67357896255515 346.6 102.088593476224 390 0
1994 10 12.4439474451861 0.538981481664212 255.1 30.848720936975 390 0
1994 11 5.97484211522069 -4.43398533014833 163.1 97.114383796386 390 0
1994 12 -1.37389967005242 -11.784589913047 125 60.8496542684285 390 0
1995 1 -4.03480215255574 -13.4495172349788 143.5 107.584170767387 390 0
1995 2 -6.41597558148804 -19.8835705044693 209.8 62.0512802862179 390 0
1995 3 2.03105909947749 -9.53117893863496 301.6 58.6784464096976 390 0
1995 4 5.74773026116844 -5.56781497198175 391.2 50.1852683093067 390 0
1995 5 15.3590886803854 2.58911179335193 461.6 100.795648834714 390 0
1995 6 23.682244529316 8.75505958621024 512.7 52.5430769242583 390 0
1995 7 25.2337402895381 12.8791300337005 503.7 116.310746976458 390 0
1995 8 24.2988473961576 10.2086335635284 439.3 74.3847651761019 390 0
1995 9 17.2893516755393 2.83701538047497 346.6 66.6614698579295 390 0
1995 10 13.7744991521053 2.39597942091183 255.1 184.404482157405 390 0
1995 11 1.63920804974448 -6.89075694978831 163.1 147.342209720527 390 0
1995 12 -5.90963090051016 -15.5490318881263 125 76.9359372111759 390 0
1996 1 -6.19619840716276 -18.904758958357 143.5 124.37734925606 390 0
1996 2 -5.28138102908512 -16.7402399019785 209.8 94.9198969728612 390 0
1996 3 0.126344105986856 -11.7392366679654 301.6 43.9906856936609 390 0
1996 4 7.24240794200352 -2.45834565219724 391.2 124.175109189531 390 0
1996 5 14.3450959593936 1.8802396161605 461.6 127.056400455175 390 0
1996 6 21.7136019418895 9.35519902955345 512.7 124.29893874454 390 0
1996 7 22.3527737480301 12.1319189323993 503.7 194.482171661948 390 0
1996 8 23.2165536689265 10.3478031507167 439.3 56.2323181305042 390 0
1996 9 18.0809757697709 6.95401808434315 346.6 111.245067855671 390 0
1996 10 10.2391527010577 -0.260012716063252 255.1 104.22024063839 390 0
1996 11 1.95369419337854 -6.68669630278353 163.1 47.7328596216946 390 0
1996 12 -0.405417231065198 -7.56620088627842 125 138.188023999173 390 0
1997 1 -7.03866324561416 -18.3451864533462 143.5 101.733300262453 390 0
1997 2 -3.52899762008774 -17.2075292462603 209.8 68.3518514544016 390 0
1997 3 -1.19733703510826 -13.6487353537294 301.6 76.8500788411002 390 0
1997 4 6.48106636232027 -4.41455116084793 391.2 62.3302073518756 390 0
1997 5 12.1696889002904 1.67793697433035 461.6 111.127640989904 390 0
1997 6 22.0597289266665 7.96784974253264 512.7 89.4617529855889 390 0
1997 7 23.7420252014426 11.1447782380807 503.7 100.084127803907 390 0
1997 8 21.8910006602868 9.5511510385848 439.3 143.09632534374 390 0
1997 9 17.1044345459834 6.30301330615621 346.6 74.8708912433326 390 0
1997 10 10.2439028869083 -0.443251511652042 255.1 39.4199393299578 390 0
1997 11 2.27144374384071 -6.3536014169332 163.1 99.4385550154732 390 0
1997 12 -3.23102109999271 -13.546415761102 125 69.8364497607662 390 0
1998 1 -5.11178566936236 -15.3645987883178 143.5 130.370946110758 390 0
1998 2 -0.428071769764538 -13.4715776555304 209.8 78.1230583269903 390 0
1998 3 2.31516150190178 -9.08227256109529 301.6 90.665425330954 390 0
1998 4 9.51410013939716 -2.28406516199898 391.2 73.9755471174325 390 0
1998 5 19.7934036733606 6.15532351270714 461.6 75.1733743088153 390 0
1998 6 20.1061770873629 9.79911936710479 512.7 201.531766073823 390 0
1998 7 23.8628222589957 11.8106965366529 503.7 155.564762065223 390 0
1998 8 23.6735941780449 10.1478029801372 439.3 90.7144581991439 390 0
1998 9 18.1913644380435 7.00036695947553 346.6 89.0807106160993 390 0
1998 10 10.3290582328085 1.82666964372231 255.1 104.903478228666 390 0
1998 11 2.2254824427424 -4.06791216651697 163.1 69.9474509326368 390 0
1998 12 0.216214005469491 -10.3301786582465 125 50.208660162221 390 0
1999 1 -5.60372982305666 -19.1435102169979 143.5 134.155642020713 390 0
1999 2 -1.7674593518627 -15.5612179215454 209.8 46.0769255555232 390 0
1999 3 2.25747594696623 -7.34441417788529 301.6 118.411347315041 390 0
1999 4 7.94935101937057 -2.67891369607708 391.2 24.4266535909003 390 0
1999 5 19.6025238661566 4.94725762574239 461.6 72.7501962053286 390 0
1999 6 24.3317264923956 10.6660430061718 512.7 109.566443114342 390 0
1999 7 24.6772748009623 12.7310242898068 503.7 105.607223599522 390 0
1999 8 22.7609019572093 10.3065843824451 439.3 86.2787482102954 390 0
1999 9 21.6831123963364 9.39361460581585 346.6 220.615145758397 390 0
1999 10 9.64786181650064 -1.01779042239299 255.1 115.638160160697 390 0
1999 11 5.7996330535844 -3.26322202924608 163.1 83.4948566134421 390 0
1999 12 -2.01368925826933 -9.9889429738272 125 64.6839478695689 390 0
2000 1 -7.0343371297539 -18.1464433582969 143.5 88.5674893875381 390 0
2000 2 -3.16632312710439 -16.9533862559835 209.8 78.8186614261821 390 0
2000 3 4.30248616873082 -7.45223623498608 301.6 77.0234059469413 390 0
2000 4 7.04509602654987 -2.35485535596302 391.2 146.364070104676 390 0
2000 5 14.6326685705242 3.06626113790087 461.6 127.161891121472 390 0
2000 6 20.5203728319076 8.04807355419928 512.7 71.2964766105202 390 0
2000 7 21.9211918365623 10.5694081399678 503.7 103.897714032983 390 0
2000 8 21.9866980779549 10.5188751764972 439.3 80.8166106319697 390 0
2000 9 17.6892470335269 5.64736779740266 346.6 68.2861302105067 390 0
2000 10 11.27438638439 0.183717247867799 255.1 82.7931597203047 390 0
2000 11 3.47890416506307 -2.70554218208793 163.1 72.5928504292332 390 0
2000 12 -5.60104719895324 -15.3072361715617 125 116.338310081166 390 0
2001 1 -5.71542310220404 -18.2321952789912 143.5 32.8907237076752 390 0
2001 2 -4.61275738567101 -17.840035943743 209.8 71.2864466541249 390 0
2001 3 -0.533479375198273 -12.9587522208363 301.6 86.7722206748124 390 0
2001 4 7.72727354564928 -4.33604013761277 391.2 23.26937244679 390 0
2001 5 19.4717116483522 4.15368905387711 461.6 55.0173215450722 390 0
2001 6 22.107344063522 9.88603591999409 512.7 98.4034645683891 390 0
2001 7 22.6959823422125 11.0944056030774 503.7 118.183673956382 390 0
2001 8 25.4303919512356 11.0876357826509 439.3 53.1689275257907 390 0
2001 9 19.7297710168463 6.96362017542872 346.6 103.031727989997 390 0
2001 10 13.3011797272317 1.28711742446404 255.1 56.7758652982301 390 0
2001 11 5.47125393808289 -2.62757120154413 163.1 54.556524971784 390 0
2001 12 0.560634409288347 -7.34530261068231 125 48.825755055982 390 0
2002 1 -3.30813220510224 -12.7043411869958 143.5 61.6729418390699 390 0
2002 2 -2.79932434568081 -14.7922184803676 209.8 76.6219241654362 390 0
2002 3 0.473798817997594 -10.7426088724352 301.6 79.9722138081602 390 0
2002 4 7.88323836531579 -2.04240991365203 391.2 105.332696743295 390 0
2002 5 14.2702510727167 2.05356429744859 461.6 92.753790216618 390 0
2002 6 20.0668890870724 7.59031467939896 512.7 124.478000040473 390 0
2002 7 23.4602947561312 11.6561966630428 503.7 114.609742645623 390 0
2002 8 25.1045895306528 11.1649085696316 439.3 29.0511058709255 390 0
2002 9 21.2027379950978 7.49312010609051 346.6 106.78582590987 390 0
2002 10 8.85678882397268 -0.866367898389539 255.1 75.8037554862883 390 0
2002 11 1.44491180160366 -6.68688846939569 163.1 88.5532772093007 390 0
2002 12 -3.38351664598619 -13.2703679827083 125 59.359316502553 390 0
2003 1 -9.48469706445585 -20.4391764158718 143.5 35.8863591280195 390 0
2003 2 -7.20056680374549 -19.838168784815 209.8 58.9065479418365 390 0
2003 3 0.529602695557586 -13.367493230084 301.6 74.0632552779485 390 0
2003 4 6.44856899071784 -5.6486835136522 391.2 46.8398664399179 390 0
2003 5 14.9748808304526 3.02778153371303 461.6 87.275905623165 390 0
2003 6 22.0582991130812 8.79317010382711 512.7 89.3921524967302 390 0
2003 7 23.3178061090015 12.2197249736822 503.7 118.981561720098 390 0
2003 8 23.4007798092213 12.6542766460072 439.3 97.7804735880599 390 0
2003 9 20.2300892504056 7.25392906477814 346.6 99.8345352344903 390 0
2003 10 10.5796136024199 0.516698113494257 255.1 192.168578295428 390 0
2003 11 4.76267633247491 -4.53900661825417 163.1 111.125783838711 390 0
2003 12 -2.30606402977565 -12.3904564063031 125 178.806675443178 390 0
2004 1 -11.6252285039076 -21.5806789491183 143.5 25.2527227550758 390 0
2004 2 -3.8311048495639 -16.9859872529327 209.8 35.3726522564495 390 0
2004 3 2.27085862021662 -9.68766222984709 301.6 37.1865579212561 390 0
2004 4 8.36982084217028 -2.78431684775671 391.2 77.9159293317882 390 0
2004 5 16.6455268722799 4.02901082430575 461.6 92.89226102293 390 0
2004 6 19.7679699612196 6.86607571142487 512.7 78.5684638885354 390 0
2004 7 22.6960348140448 11.8786454068364 503.7 133.76972182694 390 0
2004 8 22.7398893170581 11.5085816186595 439.3 175.38468824272 390 0
2004 9 19.1301796346995 5.86994728554696 346.6 77.090951451381 390 0
2004 10 12.0417885620697 0.182338224836851 255.1 60.5172705539348 390 0
2004 11 3.29245081403134 -5.48579545393496 163.1 99.4037258362566 390 0
2004 12 -4.29148783851187 -15.082163792622 125 112.113658650201 390 0
2005 1 -7.35459338849783 -19.7075143735148 143.5 56.541051320103 390 0
2005 2 -2.22027199076897 -15.651759570366 209.8 61.7452926783563 390 0
2005 3 0.0533499489111029 -12.2479997141104 301.6 91.9826920719887 390 0
2005 4 9.05950831006308 -1.91585503543922 391.2 170.803315579009 390 0
2005 5 12.6244972897659 2.880893908667 461.6 127.701001242893 390 0
2005 6 23.3650207824047 10.8155272038572 512.7 105.35196886613 390 0
2005 7 24.884808770143 11.9529625605889 503.7 115.793976641988 390 0
2005 8 23.8198013316914 11.1828874783733 439.3 100.503653446448 390 0
2005 9 19.7894858419294 7.71205099492374 346.6 145.139126427172 390 0
2005 10 11.4191446812041 3.17190540256908 255.1 259.430349658742 390 0
2005 11 4.07489912431172 -4.26900059477344 163.1 148.710853121806 390 0
2005 12 -3.47348133182428 -12.2611160142808 125 135.108875004161 390 0
2006 1 -2.37313003706047 -12.5857729739133 143.5 108.113972307429 390 0
2006 2 -4.72088770253896 -14.3926313759755 209.8 63.3728908359635 390 0
2006 3 0.958673939914073 -8.97710703722932 301.6 32.1404069448854 390 0
2006 4 10.3295755708461 -1.7899380542353 391.2 60.1857623964474 390 0
2006 5 16.3742484396834 5.29007937477626 461.6 148.621877740383 390 0
2006 6 22.2109695571623 11.3049973390207 512.7 168.455518779024 390 0
2006 7 25.3840421710138 13.8134039901314 503.7 128.971273023274 390 0
2006 8 21.3902315347683 9.39766963559854 439.3 118.093176544304 390 0
2006 9 18.3020634187321 6.19641167195038 346.6 73.2140401099636 390 0
2006 10 10.4355933509187 0.839597148525024 255.1 202.079978712574 390 0
2006 11 6.09807162038617 -1.79119008649365 163.1 107.245981043887 390 0
2006 12 -0.0283728885321073 -8.44246123437022 125 75.7311940264404 390 0
2007 1 -5.09820550241887 -15.9008233791668 143.5 64.4409626915663 390 0
2007 2 -7.80428234910644 -20.1271906153038 209.8 56.4571034918523 390 0
2007 3 0.375333004616079 -12.1316871049374 301.6 93.8438431086056 390 0
2007 4 6.29842664306873 -4.14667010268947 391.2 146.582973493226 390 0
2007 5 16.1760205647399 2.89580847749929 461.6 86.9562113499962 390 0
2007 6 21.6980214741356 9.08527136464728 512.7 87.8814072633609 390 0
2007 7 22.833181541031 11.0653533208807 503.7 115.007158002676 390 0
2007 8 22.878354520947 9.68119015459928 439.3 121.387834507248 390 0
2007 9 19.6977806498252 6.37151206748146 346.6 64.020358971949 390 0
2007 10 13.8892365502198 3.15766179691825 255.1 120.183385330917 390 0
2007 11 2.1774975396335 -6.17001290681248 163.1 168.686103399803 390 0
2007 12 -4.94456928174221 -14.615552324612 125 112.476942875964 390 0
2008 1 -3.85714098882048 -15.3695535052716 143.5 68.4163549581008 390 0
2008 2 -3.88111522666888 -16.1084788528706 209.8 125.57220016158 390 0
2008 3 -0.813605332675846 -14.3863139488126 301.6 110.295080391498 390 0
2008 4 10.2740080751813 -2.25608513882731 391.2 101.40375879265 390 0
2008 5 15.379912377149 2.29216552212761 461.6 41.1857831147674 390 0
2008 6 20.698711311187 10.6554419670172 512.7 201.979180924248 390 0
2008 7 24.6352550705858 12.9159813462367 503.7 141.385431502555 390 0
2008 8 22.0996837486775 11.1839011453889 439.3 150.347553446554 390 0
2008 9 18.645898439069 6.4806292883589 346.6 109.476490068015 390 0
2008 10 10.5924221303554 0.272527679540714 255.1 111.158972697593 390 0
2008 11 3.98763807711318 -3.69018692458229 163.1 123.779655622852 390 0
2008 12 -3.19376352703109 -14.8057414324318 125 130.374338280628 390 0
2009 1 -9.70124505738202 -22.6205250775012 143.5 64.5747969932949 390 0
2009 2 -3.49202987673919 -15.9470653614878 209.8 66.4296261581824 390 0
2009 3 1.50556975050696 -12.2839084436549 301.6 55.3930149510119 390 0
2009 4 9.72981825983365 -1.9046134221646 391.2 85.4010735780923 390 0
2009 5 15.786368480032 3.07807676450351 461.6 104.344664884712 390 0
2009 6 19.8950482168473 9.12420295700904 512.7 149.931791814612 390 0
2009 7 21.4765019314598 11.8571564175189 503.7 174.381688616587 390 0
2009 8 23.9012972712283 12.1236838745931 439.3 92.1031689382852 390 0
2009 9 18.6184289304149 4.98046442693392 346.6 51.5446013430642 390 0
2009 10 7.59954033147199 -0.126034926303079 255.1 133.007135853622 390 0
2009 11 7.12602949783086 -2.80426321183217 163.1 117.274712221757 390 0
2009 12 -3.80184792026457 -11.2996824233553 125 104.135351679395 390 0
2010 1 -4.13018105813315 -13.0363637867557 143.5 70.4120123014633 390 0
2010 2 -3.20079720771496 -9.67858650014702 209.8 64.3581419164804 390 0
2010 3 4.86505606309454 -6.45297307051635 301.6 105.576288208815 390 0
2010 4 11.4936150191391 -0.202802328520108 391.2 83.409656536419 390 0
2010 5 18.3258520438603 4.74654873817795 461.6 52.9326889834872 390 0
2010 6 20.7301070573845 9.27331386517988 512.7 150.407900044792 390 0
2010 7 25.3417438654971 14.129263061712 503.7 99.7635873771167 390 0
2010 8 23.6188201694018 10.9346683135335 439.3 81.9164291148552 390 0
2010 9 18.4274502390228 8.51584947275551 346.6 138.336892398903 390 0
2010 10 10.522750338077 1.25079625514567 255.1 162.675620285199 390 0
2010 11 3.81094072278475 -4.53457228475077 163.1 111.698075714023 390 0
2010 12 -2.9836268295666 -10.9518419969431 125 156.140959726727 390 0
2011 1 -6.05931499562109 -15.5006640092324 143.5 47.103621231544 390 0
2011 2 -5.21398205964004 -17.5486076241484 209.8 73.3011503250891 390 0
2011 3 0.543466053204982 -11.3980862851003 301.6 125.269378144334 390 0
2011 4 7.39971490806766 -3.34260307924694 391.2 117.322210120766 390 0
2011 5 15.5714544575899 5.28303882105031 461.6 158.249692486993 390 0
2011 6 20.9212737480332 9.30097813580876 512.7 125.395689865439 390 0
2011 7 24.7659569211412 12.2995184754046 503.7 108.254796888642 390 0
2011 8 22.9335236816561 11.9730192453026 439.3 235.317799539392 390 0
2011 9 19.8570742144762 8.30535941421186 346.6 117.432992035361 390 0
2011 10 11.7556141063987 3.27092764765 255.1 121.178551820217 390 0
2011 11 7.57902896809304 -3.01070670246669 163.1 63.785517746658 390 0
2011 12 -0.491068517179379 -10.0890237210155 125 84.8820180569958 390 0
2012 1 -4.66415488792566 -15.5372097400873 143.5 82.80611569479 390 0
2012 2 -2.51265103551192 -14.582743114753 209.8 43.396258478774 390 0
2012 3 5.2276687904385 -7.01741623875108 301.6 48.6653577574169 390 0
2012 4 9.61859951327942 -1.48582336298702 391.2 104.094673715931 390 0
2012 5 16.9738200058051 6.00621745182076 461.6 114.760008793506 390 0
2012 6 20.8511322375432 9.42127701252118 512.7 183.823007655499 390 0
2012 7 24.9412149792159 12.2633343428471 503.7 67.4530330243 390 0
2012 8 24.9369461580692 12.6492949558127 439.3 119.636167356021 390 0
2012 9 18.9411058351993 6.08756042826611 346.6 113.47404695838 390 0
2012 10 12.6086990601438 2.88137610776058 255.1 177.805253607504 390 0
2012 11 3.55359308195081 -5.72586926969026 163.1 29.9451653338296 390 0
2012 12 -1.86504350710954 -10.2653336848167 125 131.688544375323 390 0
2013 1 -5.62285053315555 -17.2904365178951 143.5 35.5845940749594 390 0
2013 2 -3.75382841687348 -14.3111212924356 209.8 68.121357789493 390 0
2013 3 1.66416803123748 -7.3717418317461 301.6 64.9503369078066 390 0
2013 4 8.08116248408806 -3.50179058487844 391.2 47.4065508805136 390 0
2013 5 17.4325491383929 4.21389131941431 461.6 146.014977770514 390 0
2013 6 20.9352578525753 9.17347100843818 512.7 177.418375420443 390 0
2013 7 25.0236520316528 13.405706670222 503.7 118.134050020424 390 0
2013 8 22.6758642567006 10.6691669127871 439.3 110.901917478472 390 0
2013 9 18.1452531556134 7.5539641422289 346.6 141.984706049111 390 0
2013 10 13.0820788498841 1.90389434537787 255.1 38.91805488951 390 0
2013 11 3.2259054203973 -5.80507286184595 163.1 97.4798809975313 390 0
2013 12 -5.87060585191253 -14.6255345274663 125 93.1150511831465 390 0
2014 1 -3.5103152 -14.062397 143.5 51.1651559 390 0
2014 2 0.5626723 -9.480572 209.8 66.229754825 390 0
2014 3 1.7664937 -11.540366 301.6 57.3392988 390 0
2014 4 8.758734 -1.7807847 391.2 178.74993 390 0
2014 5 17.358816 3.5747354 461.6 72.750242 390 0
2014 6 23.844112 10.338508 512.7 94.523226 390 0
2014 7 26.542738 13.286594 503.7 96.9661462 390 0
2014 8 23.287395 8.904181 439.3 54.890987 390 0
2014 9 19.990685 7.340637 346.6 163.824762 390 0
2014 10 14.663451 3.1229722 255.1 165.4435807 390 0
2014 11 6.202469 -3.9071665 163.1 62.195556 390 0
2014 12 1.583902 -7.860152 125 59.3202949 390 0
2015 1 -3.6121464 -14.897326 143.5 129.6997003 390 0
2015 2 -4.35483 -17.456041 209.8 109.24315115 390 0
2015 3 0.729738 -9.288561 301.6 94.1787068 390 0
2015 4 10.117461 -1.081701 391.2 78.698781 390 0
2015 5 15.8913555 2.654878 461.6 104.4461238 390 0
2015 6 23.047377 9.28179 512.7 83.945946 390 0
2015 7 24.689453 11.796664 503.7 139.549662 390 0
2015 8 25.135525 11.400277 439.3 49.9188319 390 0
2015 9 18.896431 7.282346 346.6 84.215634 390 0
2015 10 14.768771 2.241544 255.1 87.863951 390 0
2015 11 6.128705 -2.4358168 163.1 152.004462 390 0
2015 12 -0.5228369 -10.834838 125 101.3218105 390 0
2016 1 -5.171122 -17.09528 143.5 86.812245 390 0
2016 2 -3.046397 -17.82781 209.8 78.050682 390 0
2016 3 -1.3279119 -14.780064 301.6 68.481852 390 0
2016 4 8.835855 -2.4554317 391.2 113.460969 390 0
2016 5 14.847767 2.4618988 461.6 101.8991793 390 0
2016 6 24.555265 11.145483 512.7 115.648998 390 0
2016 7 25.02416 11.701683 503.7 69.610066 390 0
2016 8 25.983753 12.456549 439.3 111.2831304 390 0
2016 9 18.387093 5.1844463 346.6 113.902575 390 0
2016 10 10.224572 -0.1970763 255.1 219.553563 390 0
2016 11 3.8411634 -4.3852634 163.1 126.386889 390 0
2016 12 -0.8504587 -10.278346 125 43.2891719 390 0
2017 1 -1.046761 -10.403382 143.5 150.1736937 390 0
2017 2 -3.0085058 -15.020034 209.8 41.97497435 390 0
2017 3 -0.88597536 -12.348695 301.6 83.1759512 390 0
2017 4 9.128457 -1.7450712 391.2 119.64609 390 0
2017 5 19.58888 4.643095 461.6 166.3715347 390 0
2017 6 23.6579 9.440336 512.7 57.469251 390 0
2017 7 24.072855 11.849227 503.7 119.2516463 390 0
2017 8 23.879522 10.214156 439.3 48.696257 390 0
2017 9 18.277035 4.304166 346.6 71.363811 390 0
2017 10 13.227583 0.5356675 255.1 102.4557347 390 0
2017 11 5.952335 -2.4549346 163.1 101.253684 390 0
2017 12 -2.0651798 -12.830022 125 36.8497279 390 0
2018 1 -1.1651723 -12.817804 143.5 82.9791384 390 0
2018 2 -0.032114487 -10.930299 209.8 66.83680495 390 0
2018 3 5.0591283 -7.4428387 301.6 54.7933928 390 0
2018 4 9.182724 -1.8892019 391.2 118.384209 390 0
2018 5 16.224276 4.173869 461.6 134.9924667 390 0
2018 6 23.513105 10.859149 512.7 79.554498 390 0
2018 7 25.072168 12.214504 503.7 132.7932957 390 0
2018 8 21.394276 8.345637 439.3 74.8724555 390 0
2018 9 18.604118 7.2038956 346.6 88.302756 390 0
2018 10 12.9803915 1.0472552 255.1 40.6413472 390 0
2018 11 7.9332643 -0.78166646 163.1 152.81529 390 0
2018 12 0.16984263 -9.847365 125 167.8846137 390 0
2019 1 -1.4364365 -14.336697 143.5 72.9395838 390 0
2019 2 -4.130356 -17.654123 209.8 90.790711625 390 0
2019 3 1.3898304 -10.00832 301.6 100.3683807 390 0
2019 4 9.31325 -2.3881915 391.2 76.166088 390 0
2019 5 17.36311 3.97725 461.6 91.4112934 390 0
2019 6 25.532757 11.889804 512.7 155.23392 390 0
2019 7 25.423521 12.404003 503.7 119.078285 390 0
2019 8 25.233232 12.601713 439.3 167.886421 390 0
2019 9 17.86479 6.7268825 346.6 72.918414 390 0
2019 10 12.477507 1.7052289 255.1 80.043395 390 0
2019 11 3.6414657 -5.0059824 163.1 122.864985 390 0
2019 12 -0.25677624 -10.71292 125 99.3650285 390 0
2020 1 -2.989153 -15.152286 143.5 75.8656025 390 0
2020 2 -2.5085497 -16.865149 209.8 51.399487925 390 0
2020 3 2.342054 -10.02564 301.6 55.2583029 390 0
2020 4 10.512055 -1.673698 391.2 44.404602 390 0
2020 5 16.033682 2.5444286 461.6 90.1330487 390 0
2020 6 23.258455 9.656521 512.7 84.861525 390 0
2020 7 26.260998 13.201787 503.7 75.817103 390 0
2020 8 24.816578 11.229656 439.3 80.084749 390 0
2020 9 21.255463 7.1733613 346.6 53.277504 390 0
2020 10 11.457216 0.89698213 255.1 102.3821407 390 0
2020 11 4.4837604 -4.0211816 163.1 123.29415 390 0
2020 12 -0.879912 -10.309869 125 103.254986 390 0
2021 1 -3.7525182 -14.721975 143.5 48.091571 390 0
2021 2 -2.5668933 -16.708677 209.8 83.0034494 390 0
2021 3 1.8785974 -10.345538 301.6 129.020047 390 0
2021 4 8.968064 -3.6243958 391.2 36.303978 390 0
2021 5 17.372942 2.9599297 461.6 79.0296733 390 0
2021 6 25.247414 11.4581 512.7 121.7109 390 0
2021 7 26.02484 12.685302 503.7 119.6543735 390 0
2021 8 25.386278 12.1488695 439.3 77.7516983 390 0
2021 9 21.738754 7.9456415 346.6 62.495685 390 0
2021 10 12.991381 2.2976012 255.1 138.983385 390 0
2021 11 5.4003224 -3.4995773 163.1 144.117609 390 0
2021 12 0.1738133 -9.18759 125 52.6625892 390 0
2022 1 -2.7862983 -14.574494 143.5 41.1169957 390 0
2022 2 -2.713121 -16.434296 209.8 33.3103999 390 0
2022 3 2.656914 -7.249671 301.6 83.5821008 390 0
2022 4 8.71746 -2.2446034 391.2 111.510966 390 0
2022 5 18.27551 3.2479193 461.6 62.9596515 390 0
2022 6 24.609676 10.710949 512.7 153.67467 390 0
2022 7 27.022024 13.002032 503.7 56.5141098 390 0
2022 8 22.743979 10.303303 439.3 112.260393 390 0
2022 9 17.442421 5.6737795 346.6 140.505438 390 0
2022 10 9.558933 -0.65452915 255.1 87.142457 390 0
2022 11 4.871145 -3.498286 163.1 169.885284 390 0
2022 12 1.1260116 -7.3594985 125 84.336585 390 0
2023 1 -3.0829177 -14.130771 143.5 84.060933 390 0
2023 2 -4.519416 -18.510445 209.8 52.51695905 390 0
2023 3 -1.0173491 -14.280711 301.6 58.0748482 390 0
2023 4 10.278911 -1.0696375 391.2 107.641827 390 0
2023 5 18.627426 3.264858 461.6 41.2180526 390 0
2023 6 21.014349 8.750046 512.7 91.54182 390 0
2023 7 26.615234 13.57086 503.7 209.343093 390 0
2023 8 24.84999 10.758978 439.3 75.9614204 390 0
2023 9 17.49263 5.380269 346.6 151.719018 390 0
2023 10 13.757635 0.7447898 255.1 36.2113387 390 0
2023 11 7.9760246 -1.336574 163.1 53.729556 390 0
2023 12 1.0509814 -7.7813587 125 74.1703148 390 0
2024 1 -5.66056 -19.176973 143.5 74.900278 390 0
2024 2 -1.2174008 -12.993717 209.8 84.587054 390 0
2024 3 4.4248037 -7.5514097 301.6 63.56426 390 0
2024 4 10.241543 -1.4789313 391.2 77.902185 390 0
2024 5 18.930708 3.1119804 461.6 61.1419014 390 0
2024 6 22.902632 10.329879 512.7 107.645151 390 0
2024 7 27.069754 13.782429 503.7 96.884889 390 0
2024 8 25.743095 12.40477 439.3 117.6759938 390 0
2024 9 17.258808 4.368917 346.6 132.49407 390 0
2024 10 14.857906 1.7967877 255.1 63.5886694 390 0
2024 11 5.361767 -3.5909872 163.1 53.426961 390 0
2024 12 -4.1808696 -15.926092 125 108.980159 390 0
2025 1 -2.7190685 -14.020944 143.5 140.4975893 390 0
2025 2 -4.7311172 -18.87408 209.8 36.190348975 390 0
2025 3 -0.058265217 -13.732747 301.6 126.466701 390 0
2025 4 6.742017 -4.841765 391.2 78.013209 390 0
2025 5 15.19334 3.07777 461.6 199.829348 390 0
2025 6 21.155231 9.741939 512.7 186.908082 390 0
2025 7 26.144203 12.287207 503.7 104.542137 390 0
2025 8 23.7481 10.373659 439.3 94.1050756 390 0
2025 9 20.373152 8.654264 346.6 91.359822 390 0
2025 10 11.4069605 0.33347517 255.1 108.2951892 390 0
2025 11 8.378182 -1.0397586 163.1 81.95361 390 0
2025 12 3.2731013 -5.949221 125 138.843234 390 0
2026 1 -5.468058 -17.445934 143.5 24.5866828 390 0
2026 2 -4.246511 -17.281275 209.8 73.714258975 390 0
2026 3 -0.084461376 -11.636154 301.6 35.503773 390 0
2026 4 7.6725755 -3.5993385 391.2 92.888904 390 0
2026 5 16.161165 3.631567 461.6 122.2235574 390 0
2026 6 24.396305 10.557366 512.7 57.647181 390 0
2026 7 25.28861 12.90462 503.7 193.7374047 390 0
2026 8 24.63272 11.953471 439.3 143.9057913 390 0
2026 9 18.753622 5.673939 346.6 80.560719 390 0
2026 10 10.113348 0.09278748 255.1 168.01721 390 0
2026 11 5.5119467 -3.007101 163.1 61.21707 390 0
2026 12 3.088932 -5.8087754 125 169.8977227 390 0
2027 1 -5.6577096 -16.825296 143.5 49.9838761 390 0
2027 2 -2.4062128 -15.768415 209.8 70.193150725 390 0
2027 3 1.3372575 -10.544796 301.6 68.937831 390 0
2027 4 10.350227 -1.5628794 391.2 90.43818 390 0
2027 5 15.429616 3.6899712 461.6 87.4860889 390 0
2027 6 24.193789 11.647223 512.7 205.772052 390 0
2027 7 26.255579 13.258244 503.7 119.1433912 390 0
2027 8 25.23366 10.909121 439.3 54.5783737 390 0
2027 9 20.726078 7.800824 346.6 58.879698 390 0
2027 10 14.780457 1.947143 255.1 86.3677236 390 0
2027 11 5.3826985 -2.8463314 163.1 148.784409 390 0
2027 12 -2.443398 -14.510068 125 38.2688397 390 0
2028 1 -6.7803144 -18.506828 143.5 82.2152271 390 0
2028 2 -4.359372 -17.939337 209.8 52.43387015 390 0
2028 3 1.2958933 -8.207065 301.6 84.2530028 390 0
2028 4 7.3271775 -4.453756 391.2 70.495062 390 0
2028 5 17.042864 3.4398305 461.6 51.5438581 390 0
2028 6 23.559017 10.335874 512.7 91.510392 390 0
2028 7 27.525793 13.959202 503.7 93.0039091 390 0
2028 8 26.782093 13.560763 439.3 108.912889 390 0
2028 9 25.393337 12.731566 346.6 110.676657 390 0
2028 10 18.664152 5.1586447 255.1 94.4173448 390 0
2028 11 10.208802 0.22285599 163.1 123.45927 390 0
2028 12 -0.42998278 -9.890614 125 89.4940302 390 0
2029 1 -4.1867166 -15.386072 143.5 77.3132529 390 0
2029 2 -3.6225257 -17.70887 209.8 50.234650025 390 0
2029 3 2.369069 -8.799626 301.6 38.179817 390 0
2029 4 10.999461 -0.55720544 391.2 64.986414 390 0
2029 5 15.266986 3.2412424 461.6 113.2729088 390 0
2029 6 23.083818 10.627914 512.7 166.687218 390 0
2029 7 25.101418 12.32866 503.7 105.9720926 390 0
2029 8 23.267265 10.258737 439.3 94.400022 390 0
2029 9 21.329542 8.237727 346.6 55.977999 390 0
2029 10 10.873657 -0.8370688 255.1 106.6248937 390 0
2029 11 8.01262 -1.5895387 163.1 79.979274 390 0
2029 12 1.5069495 -6.1026816 125 118.5991986 390 0
2030 1 -4.410683 -15.638674 143.5 84.423044 390 0
2030 2 -2.2793171 -13.437701 209.8 64.5640642 390 0
2030 3 1.3982813 -10.569232 301.6 85.1686033 390 0
2030 4 10.640182 -1.4628954 391.2 56.757141 390 0
2030 5 20.623306 6.2896934 461.6 72.3752071 390 0
2030 6 20.342646 9.378466 512.7 120.12648 390 0
2030 7 26.209269 13.180525 503.7 98.3194326 390 0
2030 8 23.631145 10.908629 439.3 85.4179084 390 0
2030 9 19.452843 6.5939465 346.6 78.62793 390 0
2030 10 12.439303 2.718921 255.1 185.6441975 390 0
2030 11 7.5141315 -1.4968429 163.1 95.485689 390 0
2030 12 -1.1615666 -10.738368 125 195.1974644 390 0
2031 1 -7.435271 -20.225403 143.5 78.550776 390 0
2031 2 -1.1594342 -14.499431 209.8 79.566924475 390 0
2031 3 3.2811074 -9.052387 301.6 52.6802375 390 0
2031 4 11.466361 -0.3883467 391.2 73.80006 390 0
2031 5 17.076084 4.498793 461.6 100.884664 390 0
2031 6 24.736212 11.321219 512.7 78.464928 390 0
2031 7 25.771488 12.975468 503.7 102.7292074 390 0
2031 8 22.823902 10.23185 439.3 91.1396187 390 0
2031 9 19.257923 7.3034086 346.6 116.192865 390 0
2031 10 12.37593 0.88458765 255.1 48.6923634 390 0
2031 11 4.374685 -3.7780406 163.1 196.40322 390 0
2031 12 1.163368 -7.3464365 125 206.2192726 390 0
2032 1 -3.6489182 -15.954875 143.5 62.5467036 390 0
2032 2 -0.19615844 -13.017022 209.8 66.88210665 390 0
2032 3 -0.08623221 -14.695332 301.6 21.8862945 390 0
2032 4 12.082026 0.5175117 391.2 103.793307 390 0
2032 5 17.522722 3.9083939 461.6 93.1303922 390 0
2032 6 24.317904 10.870692 512.7 98.94606 390 0
2032 7 26.73961 13.925621 503.7 113.4539705 390 0
2032 8 26.3042 13.515584 439.3 113.1051554 390 0
2032 9 19.79691 5.375057 346.6 56.993547 390 0
2032 10 12.083415 2.2969987 255.1 161.988361 390 0
2032 11 6.937537 -3.2779634 163.1 74.036187 390 0
2032 12 1.1754333 -8.494502 125 196.300277 390 0
2033 1 -3.1344144 -16.01724 143.5 40.0401084 390 0
2033 2 -2.5865273 -15.637093 209.8 96.347017675 390 0
2033 3 3.5935936 -8.222175 301.6 67.6387605 390 0
2033 4 11.78504 0.16916046 391.2 74.895129 390 0
2033 5 23.26095 7.3473334 461.6 55.6828696 390 0
2033 6 25.618551 12.253871 512.7 155.14491 390 0
2033 7 27.032532 12.878712 503.7 48.5071198 390 0
2033 8 24.935684 11.429345 439.3 94.923984 390 0
2033 9 18.470522 4.5077915 346.6 89.63274 390 0
2033 10 10.6423 -0.20925716 255.1 49.45647 390 0
2033 11 4.6877437 -3.7644043 163.1 100.847676 390 0
2033 12 1.1041664 -8.096352 125 214.2253698 390 0
2034 1 -1.3930186 -12.958185 143.5 154.996652 390 0
2034 2 0.76992464 -13.940681 209.8 126.64629245 390 0
2034 3 4.9295244 -9.035868 301.6 56.4291946 390 0
2034 4 12.2357025 0.100043595 391.2 103.979193 390 0
2034 5 14.879329 4.6902156 461.6 200.5134963 390 0
2034 6 26.515932 13.13285 512.7 185.46669 390 0
2034 7 26.115599 13.477959 503.7 166.99917 390 0
2034 8 26.157974 12.741213 439.3 100.1150921 390 0
2034 9 21.133137 7.5559316 346.6 43.712574 390 0
2034 10 15.354383 4.4650273 255.1 108.8807544 390 0
2034 11 4.5855813 -4.949968 163.1 82.840311 390 0
2034 12 -2.321759 -13.199175 125 136.5733954 390 0
2035 1 -0.18154871 -10.912417 143.5 135.2074393 390 0
2035 2 0.082796 -12.117148 209.8 75.10756875 390 0
2035 3 4.972216 -5.9692283 301.6 72.4308397 390 0
2035 4 13.4352455 0.856737 391.2 68.988861 390 0
2035 5 17.260817 4.663105 461.6 161.7403176 390 0
2035 6 22.888792 11.307515 512.7 152.217492 390 0
2035 7 27.794573 14.263553 503.7 91.4117615 390 0
2035 8 26.398397 12.397374 439.3 67.9985682 390 0
2035 9 20.245941 7.204546 346.6 51.835881 390 0
2035 10 12.34629 0.32718435 255.1 93.4697027 390 0
2035 11 8.508055 -0.70386034 163.1 117.29298 390 0
2035 12 3.6990738 -5.476955 125 107.226675 390 0
2036 1 2.541379 -5.334834 143.5 110.9190354 390 0
2036 2 -1.3401252 -12.224208 209.8 96.41944785 390 0
2036 3 4.364798 -5.4862957 301.6 48.4683016 390 0
2036 4 11.9373455 -0.2897666 391.2 52.000722 390 0
2036 5 18.09724 6.116943 461.6 177.043294 390 0
2036 6 24.913607 12.61612 512.7 182.23224 390 0
2036 7 26.873009 14.045575 503.7 121.8830472 390 0
2036 8 24.578379 12.791025 439.3 172.2486325 390 0
2036 9 20.507416 7.536651 346.6 52.16865 390 0
2036 10 15.820569 3.8523877 255.1 73.771661 390 0
2036 11 8.331758 -0.61631167 163.1 77.699124 390 0
2036 12 0.39674616 -9.436855 125 120.556892 390 0
2037 1 -1.5715572 -12.873829 143.5 80.471908 390 0
2037 2 -0.051052447 -13.19997 209.8 76.220728925 390 0
2037 3 4.4360332 -8.638567 301.6 63.008616 390 0
2037 4 11.931857 0.41508248 391.2 73.797933 390 0
2037 5 19.36881 5.412566 461.6 58.1667043 390 0
2037 6 24.501232 11.9300375 512.7 163.219299 390 0
2037 7 26.833696 13.309928 503.7 78.9009365 390 0
2037 8 25.654852 12.616482 439.3 103.4854152 390 0
2037 9 19.582449 7.260145 346.6 119.855169 390 0
2037 10 16.157623 4.4722652 255.1 98.2086727 390 0
2037 11 5.0121408 -3.073398 163.1 177.36108 390 0
2037 12 0.99221176 -8.053968 125 105.066316 390 0
2038 1 -0.9556853 -14.409019 143.5 125.5464443 390 0
2038 2 -0.26553163 -13.725933 209.8 105.245756375 390 0
2038 3 3.350607 -9.063909 301.6 61.8897299 390 0
2038 4 12.138094 -0.55811304 391.2 49.7823 390 0
2038 5 19.372791 5.877744 461.6 109.3285215 390 0
2038 6 24.37329 11.18675 512.7 101.222955 390 0
2038 7 27.518358 14.445659 503.7 128.1781924 390 0
2038 8 26.938578 14.25859 439.3 132.129905 390 0
2038 9 19.461662 7.6127577 346.6 94.231338 390 0
2038 10 12.392828 1.92606 255.1 101.5932527 390 0
2038 11 4.5303397 -4.1174946 163.1 58.923672 390 0
2038 12 1.8278067 -5.99992 125 129.762001 390 0
2039 1 0.9212916 -9.397043 143.5 243.20771 390 0
2039 2 -0.3064035 -14.054743 209.8 22.732868225 390 0
2039 3 6.068453 -4.60144 301.6 102.2762447 390 0
2039 4 11.721347 -0.2229889 391.2 65.931486 390 0
2039 5 20.867765 7.57645 461.6 133.50336 390 0
2039 6 21.321472 10.081813 512.7 174.60828 390 0
2039 7 26.958582 13.323921 503.7 87.7840981 390 0
2039 8 24.264742 11.538987 439.3 70.9922537 390 0
2039 9 19.770273 8.1196 346.6 84.97725 390 0
2039 10 12.670601 1.6573569 255.1 98.600801 390 0
2039 11 9.125755 -0.7730163 163.1 151.740102 390 0
2039 12 2.854165 -5.17727 125 168.6075244 390 0
2040 1 -1.8696347 -12.640803 143.5 49.0953386 390 0
2040 2 -1.0659482 -13.783645 209.8 49.288681825 390 0
2040 3 1.2877692 -11.777169 301.6 90.258949 390 0
2040 4 10.163687 -1.7040775 391.2 67.210365 390 0
2040 5 17.64078 5.354092 461.6 78.002355 390 0
2040 6 25.73548 12.358077 512.7 95.717025 390 0
2040 7 25.411362 12.278477 503.7 94.1381867 390 0
2040 8 25.537527 12.810857 439.3 115.9086776 390 0
2040 9 22.17961 9.072622 346.6 82.803369 390 0
2040 10 15.822697 3.2056906 255.1 90.281207 390 0
2040 11 5.388862 -4.516371 163.1 110.480046 390 0
2040 12 0.3386077 -9.794512 125 46.1951181 390 0
2041 1 -0.10166826 -10.604932 143.5 112.3052283 390 0
2041 2 -3.0390575 -16.532217 209.8 64.81228565 390 0
2041 3 6.1557827 -7.05982 301.6 62.9035167 390 0
2041 4 10.666194 -0.52289766 391.2 90.271977 390 0
2041 5 22.702608 8.688869 461.6 77.0271911 390 0
2041 6 25.492353 11.669777 512.7 80.482542 390 0
2041 7 27.492308 14.031466 503.7 107.8515668 390 0
2041 8 27.557058 14.534928 439.3 90.4515334 390 0
2041 9 23.124647 9.28554 346.6 67.851819 390 0
2041 10 17.38612 4.524864 255.1 35.1634736 390 0
2041 11 3.1068149 -6.417267 163.1 36.624756 390 0
2041 12 -0.16859213 -10.939048 125 112.2896353 390 0
2042 1 0.3468639 -9.564598 143.5 88.9783855 390 0
2042 2 0.3247108 -10.888852 209.8 114.61447055 390 0
2042 3 7.358481 -2.8991394 301.6 92.1826168 390 0
2042 4 10.971137 -0.0878947 391.2 166.42971 390 0
2042 5 15.468622 4.1940465 461.6 114.0243023 390 0
2042 6 21.918182 11.003531 512.7 190.132314 390 0
2042 7 28.093222 13.952984 503.7 61.6803528 390 0
2042 8 24.227695 11.513413 439.3 76.3465706 390 0
2042 9 22.955902 9.594834 346.6 207.726375 390 0
2042 10 17.482525 4.9148374 255.1 167.553016 390 0
2042 11 7.3926287 -2.1005335 163.1 54.806232 390 0
2042 12 -0.66743565 -10.709733 125 52.6275003 390 0
2043 1 -7.8313327 -20.958405 143.5 60.5711945 390 0
2043 2 -2.9598265 -15.956279 209.8 50.456791075 390 0
2043 3 5.8620515 -7.7603765 301.6 66.5600256 390 0
2043 4 11.749654 -0.29897788 391.2 56.892984 390 0
2043 5 21.002388 6.788817 461.6 55.8061225 390 0
2043 6 23.878948 10.656324 512.7 121.779012 390 0
2043 7 25.808393 13.357412 503.7 85.7891272 390 0
2043 8 24.38428 11.290925 439.3 68.590817 390 0
2043 9 19.90664 6.948256 346.6 72.41301 390 0
2043 10 16.045967 4.6468344 255.1 62.943826 390 0
2043 11 8.191536 -0.93991995 163.1 204.310614 390 0
2043 12 4.1663675 -5.1973104 125 149.7541056 390 0
2044 1 -0.7951711 -9.705123 143.5 77.3704944 390 0
2044 2 0.115747 -11.408327 209.8 110.0928038 390 0
2044 3 3.2931283 -8.234773 301.6 118.8516378 390 0
2044 4 11.275639 -0.59196717 391.2 27.0001959 390 0
2044 5 20.741505 6.2824483 461.6 87.5412162 390 0
2044 6 24.780014 11.675559 512.7 88.737546 390 0
2044 7 26.82661 14.536604 503.7 173.2695183 390 0
2044 8 26.9683 13.288472 439.3 63.3935306 390 0
2044 9 20.49809 8.586044 346.6 71.584332 390 0
2044 10 15.478888 3.1664815 255.1 57.6046619 390 0
2044 11 5.7126956 -3.488386 163.1 78.854607 390 0
2044 12 0.9463359 -7.6738234 125 121.2685311 390 0
2045 1 -1.3946419 -12.7546625 143.5 73.553483 390 0
2045 2 -4.05836 -17.590984 209.8 58.18399945 390 0
2045 3 5.5257263 -6.252935 301.6 112.5571715 390 0
2045 4 9.500418 -1.193813 391.2 103.251135 390 0
2045 5 20.218716 5.940128 461.6 118.303533 390 0
2045 6 22.273386 10.080081 512.7 73.505445 390 0
2045 7 26.992268 13.785096 503.7 68.791232 390 0
2045 8 25.024603 11.58475 439.3 129.6440584 390 0
2045 9 19.842674 6.4130287 346.6 126.817302 390 0
2045 10 17.217995 5.922252 255.1 74.3839265 390 0
2045 11 3.7240357 -5.326011 163.1 63.829128 390 0
2045 12 -0.79366875 -10.804666 125 37.0551277 390 0
2046 1 -2.7654822 -14.264771 143.5 51.0843389 390 0
2046 2 -4.236635 -17.56455 209.8 38.99357105 390 0
2046 3 3.3281186 -9.856584 301.6 66.6463141 390 0
2046 4 11.173081 -0.33234072 391.2 80.73723 390 0
2046 5 21.573364 6.535031 461.6 116.8073521 390 0
2046 6 24.595436 12.3373995 512.7 138.252855 390 0
2046 7 27.129522 13.463259 503.7 57.8913747 390 0
2046 8 27.39545 13.864248 439.3 64.09529 390 0
2046 9 20.821344 7.358495 346.6 139.020225 390 0
2046 10 17.126879 5.190627 255.1 77.0756038 390 0
2046 11 7.04351 -2.0768943 163.1 66.148374 390 0
2046 12 -1.1670209 -11.856472 125 146.570387 390 0
2047 1 -3.850058 -16.130903 143.5 27.1379084 390 0
2047 2 0.40188402 -12.704311 209.8 71.12347125 390 0
2047 3 6.1235194 -4.18158 301.6 124.5844926 390 0
2047 4 10.840981 -0.3208764 391.2 82.092819 390 0
2047 5 17.639301 4.653663 461.6 56.078876 390 0
2047 6 24.894493 12.606436 512.7 140.41881 390 0
2047 7 27.769156 14.950999 503.7 104.2861235 390 0
2047 8 25.034128 12.464071 439.3 73.8774919 390 0
2047 9 26.70776 14.16609 346.6 81.791568 390 0
2047 10 13.123481 2.3752034 255.1 73.5619398 390 0
2047 11 5.3503 -3.5056038 163.1 124.571529 390 0
2047 12 -2.2540932 -12.108828 125 73.6269437 390 0
2048 1 -4.0636654 -16.679592 143.5 72.1467743 390 0
2048 2 -2.5415576 -14.854562 209.8 60.22128775 390 0
2048 3 3.1182377 -9.418897 301.6 96.6999523 390 0
2048 4 9.876602 -1.0684472 391.2 109.706955 390 0
2048 5 20.36139 6.000279 461.6 90.3356182 390 0
2048 6 26.170881 12.594239 512.7 81.282636 390 0
2048 7 28.119982 14.720361 503.7 91.5482483 390 0
2048 8 26.61934 13.416549 439.3 106.4306973 390 0
2048 9 21.839554 10.189769 346.6 106.171725 390 0
2048 10 13.544969 2.979249 255.1 106.296241 390 0
2048 11 4.830127 -4.3078427 163.1 121.52424 390 0
2048 12 2.3971424 -5.333113 125 95.270502 390 0
2049 1 -0.1789994 -10.213972 143.5 117.067811 390 0
2049 2 0.71261096 -9.740763 209.8 35.241126375 390 0
2049 3 8.222848 -3.3262777 301.6 50.6189793 390 0
2049 4 11.328477 0.5238935 391.2 149.949375 390 0
2049 5 17.19072 4.808992 461.6 88.5238387 390 0
2049 6 26.207062 13.183972 512.7 99.875814 390 0
2049 7 27.13268 14.124441 503.7 90.4282214 390 0
2049 8 26.579914 12.707463 439.3 67.7040527 390 0
2049 9 21.847733 9.326327 346.6 53.866746 390 0
2049 10 16.507437 4.642529 255.1 68.8550858 390 0
2049 11 5.9762483 -3.2851112 163.1 115.415976 390 0
2049 12 2.5764403 -6.01818 125 199.7933632 390 0
2050 1 -0.33950272 -10.2997465 143.5 207.5226242 390 0
2050 2 -1.667694 -13.137462 209.8 66.672938 390 0
2050 3 3.2220824 -8.421948 301.6 124.0929504 390 0
2050 4 11.208323 -0.9222785 391.2 62.84427 390 0
2050 5 21.446648 5.889574 461.6 74.9142745 390 0
2050 6 23.421947 11.637445 512.7 92.56089 390 0
2050 7 29.275848 15.827734 503.7 57.1325071 390 0
2050 8 26.82006 14.019 439.3 154.8314127 390 0
2050 9 20.818487 9.371179 346.6 187.93155 390 0
2050 10 14.75016 2.9769561 255.1 46.9480492 390 0
2050 11 3.9272206 -4.839414 163.1 125.833998 390 0
2050 12 0.10942131 -9.209347 125 120.0560777 390 0
2051 1 0.22788228 -9.109331 143.5 195.2029917 390 0
2051 2 -1.6210186 -14.929772 209.8 60.77230965 390 0
2051 3 2.7383885 -10.334831 301.6 39.3561461 390 0
2051 4 11.9288435 0.6192172 391.2 72.778566 390 0
2051 5 20.73981 6.379498 461.6 30.7644744 390 0
2051 6 25.74714 12.66685 512.7 88.13667 390 0
2051 7 27.797497 14.63919 503.7 93.184822 390 0
2051 8 25.485456 13.080737 439.3 126.8811493 390 0
2051 9 21.357742 9.5925665 346.6 104.553708 390 0
2051 10 14.454917 2.9057875 255.1 66.0192275 390 0
2051 11 4.0534735 -4.3457623 163.1 92.879856 390 0
2051 12 2.7221174 -5.7823687 125 82.8449394 390 0
2052 1 -2.3036342 -14.1151085 143.5 53.527545 390 0
2052 2 -1.4301907 -13.821837 209.8 61.73727315 390 0
2052 3 4.4304743 -9.451775 301.6 86.6520029 390 0
2052 4 9.816376 -1.0666591 391.2 99.856245 390 0
2052 5 22.498241 7.1108937 461.6 63.432448 390 0
2052 6 22.832523 10.997525 512.7 164.464518 390 0
2052 7 27.20492 14.370137 503.7 142.582144 390 0
2052 8 25.57869 12.441975 439.3 88.1791466 390 0
2052 9 20.910015 7.4561467 346.6 88.340385 390 0
2052 10 17.130339 4.274426 255.1 50.2558918 390 0
2052 11 6.634896 -2.6834548 163.1 136.373592 390 0
2052 12 -0.98941 -10.384085 125 71.4135685 390 0
2053 1 -4.6719007 -16.77023 143.5 30.50782013 390 0
2053 2 -3.5468752 -16.654503 209.8 63.10148825 390 0
2053 3 5.0652404 -6.76306 301.6 101.9272932 390 0
2053 4 12.432803 2.1866057 391.2 107.323278 390 0
2053 5 17.700993 5.394128 461.6 70.4190668 390 0
2053 6 26.686365 13.603509 512.7 76.390284 390 0
2053 7 28.0464 15.266941 503.7 113.651022 390 0
2053 8 26.594095 13.510084 439.3 122.2377709 390 0
2053 9 20.982304 8.828636 346.6 97.200693 390 0
2053 10 15.526618 2.9508042 255.1 40.3442897 390 0
2053 11 5.3882484 -3.477295 163.1 80.137746 390 0
2053 12 3.238139 -4.973868 125 130.3867037 390 0
2054 1 -0.8727016 -11.469136 143.5 98.7720729 390 0
2054 2 4.448239 -6.2802744 209.8 77.3155944 390 0
2054 3 9.22308 -0.62387794 301.6 146.79926 390 0
2054 4 13.004174 1.2090572 391.2 70.687281 390 0
2054 5 22.960785 8.940804 461.6 80.6213342 390 0
2054 6 25.469896 13.403533 512.7 137.173449 390 0
2054 7 29.369337 16.405697 503.7 116.5446054 390 0
2054 8 27.468323 14.69813 439.3 126.866322 390 0
2054 9 24.413786 12.331466 346.6 256.36755 390 0
2054 10 15.633048 4.1840825 255.1 62.2026687 390 0
2054 11 9.423991 -1.2845217 163.1 52.417863 390 0
2054 12 4.1447163 -5.1248393 125 124.371225 390 0
2055 1 -0.8955977 -11.36846 143.5 78.2854036 390 0
2055 2 -0.7875722 -13.722919 209.8 85.96856375 390 0
2055 3 3.109152 -10.635014 301.6 80.1042635 390 0
2055 4 13.560852 1.8126951 391.2 110.523849 390 0
2055 5 19.049747 5.670952 461.6 60.4979694 390 0
2055 6 24.831081 12.137033 512.7 117.648405 390 0
2055 7 29.311266 15.98693 503.7 144.624548 390 0
2055 8 26.394712 13.74339 439.3 176.0157525 390 0
2055 9 21.940321 9.237466 346.6 77.72517 390 0
2055 10 15.095406 4.6884055 255.1 82.001448 390 0
2055 11 8.970151 -1.0296544 163.1 80.584152 390 0
2055 12 5.4755435 -3.6306229 125 115.38758 390 0
2056 1 0.9180626 -9.829898 143.5 181.9882683 390 0
2056 2 0.7470607 -9.129146 209.8 51.784665375 390 0
2056 3 5.8007565 -5.1011715 301.6 83.6246948 390 0
2056 4 11.77227 0.004713365 391.2 66.91554 390 0
2056 5 17.456646 4.904964 461.6 66.2951337 390 0
2056 6 26.558884 13.232271 512.7 141.69243 390 0
2056 7 29.006987 15.070779 503.7 62.0123194 390 0
2056 8 29.395481 15.855175 439.3 91.167435 390 0
2056 9 25.206518 10.214523 346.6 50.719002 390 0
2056 10 11.446736 1.714454 255.1 84.1886623 390 0
2056 11 6.7808623 -2.4892747 163.1 115.066659 390 0
2056 12 3.1224256 -5.5772133 125 119.2342336 390 0
2057 1 -0.15464725 -10.452675 143.5 18.848093 390 0
2057 2 -0.9593794 -14.270842 209.8 116.2361618 390 0
2057 3 4.7756343 -6.7923026 301.6 105.9605048 390 0
2057 4 11.098154 -0.2301282 391.2 111.231114 390 0
2057 5 17.283274 5.5238523 461.6 106.8492934 390 0
2057 6 28.059784 14.409817 512.7 70.479498 390 0
2057 7 30.491339 17.53739 503.7 154.0987897 390 0
2057 8 28.60557 15.769152 439.3 203.3561684 390 0
2057 9 21.285046 9.311992 346.6 113.637006 390 0
2057 10 16.907053 5.5858235 255.1 85.3964285 390 0
2057 11 10.457465 0.3748496 163.1 131.619702 390 0
2057 12 1.5432838 -9.486293 125 102.3114483 390 0
2058 1 -0.22350387 -10.713258 143.5 93.0379595 390 0
2058 2 0.042132687 -12.273857 209.8 153.41916775 390 0
2058 3 7.25857 -6.1200566 301.6 29.9966664 390 0
2058 4 12.875375 1.1362213 391.2 73.759761 390 0
2058 5 20.652847 7.1733947 461.6 148.9500276 390 0
2058 6 25.485422 12.983463 512.7 88.448616 390 0
2058 7 29.579588 15.858944 503.7 80.1776994 390 0
2058 8 26.674839 12.957168 439.3 61.0498221 390 0
2058 9 24.622318 11.195622 346.6 77.002908 390 0
2058 10 15.130257 3.6726353 255.1 138.268897 390 0
2058 11 9.188018 -2.037914 163.1 104.48055 390 0
2058 12 -1.5065795 -11.685624 125 111.5926127 390 0
2059 1 3.0651584 -7.1086464 143.5 133.191934 390 0
2059 2 2.5497947 -10.079875 209.8 23.21566468 390 0
2059 3 4.4486794 -7.8302937 301.6 96.3408762 390 0
2059 4 13.76863 1.5233754 391.2 64.50534 390 0
2059 5 20.351648 7.424593 461.6 85.3554093 390 0
2059 6 23.398863 11.840517 512.7 290.64801 390 0
2059 7 29.28431 15.772294 503.7 111.1126583 390 0
2059 8 27.414803 15.134013 439.3 151.0015425 390 0
2059 9 23.92309 10.51819 346.6 77.74998 390 0
2059 10 17.597883 4.994588 255.1 81.1993106 390 0
2059 11 8.89703 -0.9045116 163.1 155.311791 390 0
2059 12 3.160995 -7.191874 125 97.0467307 390 0
2060 1 1.75999 -8.79936 143.5 86.0745225 390 0
2060 2 2.3738182 -9.505898 209.8 73.228746 390 0
2060 3 4.4779825 -8.68665 301.6 109.9238331 390 0
2060 4 13.930082 1.8489906 391.2 72.68532 390 0
2060 5 19.431696 6.529824 461.6 81.6152004 390 0
2060 6 24.83699 12.560657 512.7 140.46318 390 0
2060 7 28.93543 15.635768 503.7 85.2506076 390 0
2060 8 28.341942 14.140064 439.3 45.1981674 390 0
2060 9 21.634161 9.435594 346.6 167.09445 390 0
2060 10 17.320583 5.440843 255.1 243.353999 390 0
2060 11 6.8009987 -3.0810292 163.1 202.448031 390 0
2060 12 0.8924041 -8.226768 125 137.8358022 390 0
2061 1 1.2091335 -8.953409 143.5 82.0161141 390 0
2061 2 1.5898647 -10.365071 209.8 76.60371135 390 0
2061 3 5.4624085 -6.8082633 301.6 105.6340593 390 0
2061 4 12.059324 0.9291613 391.2 139.003242 390 0
2061 5 23.459059 9.746682 461.6 70.9005836 390 0
2061 6 25.805185 12.438362 512.7 130.088052 390 0
2061 7 31.287058 17.05821 503.7 68.1672082 390 0
2061 8 30.790068 16.65602 439.3 45.3273847 390 0
2061 9 25.248621 11.24046 346.6 60.75138 390 0
2061 10 18.416973 5.5792356 255.1 71.073266 390 0
2061 11 11.543182 1.3268273 163.1 80.536794 390 0
2061 12 2.0063317 -6.321347 125 90.1341647 390 0
2062 1 -1.9186143 -12.47104 143.5 35.9873792 390 0
2062 2 0.83755153 -12.018716 209.8 79.0338837 390 0
2062 3 5.2614565 -5.626712 301.6 95.5421395 390 0
2062 4 13.229018 1.2739832 391.2 84.140625 390 0
2062 5 23.175673 9.771008 461.6 152.9818783 390 0
2062 6 25.53695 13.238687 512.7 132.8745 390 0
2062 7 30.766602 16.80159 503.7 107.378327 390 0
2062 8 29.859524 15.11961 439.3 47.862388 390 0
2062 9 22.623281 9.481276 346.6 86.498916 390 0
2062 10 16.44877 3.8879611 255.1 63.6757794 390 0
2062 11 8.93866 -1.2477068 163.1 112.925499 390 0
2062 12 3.077631 -4.7368655 125 106.633087 390 0
2063 1 1.6488575 -7.529811 143.5 138.5266837 390 0
2063 2 -0.31415826 -13.060557 209.8 108.264042875 390 0
2063 3 9.535373 -1.2590355 301.6 94.551488 390 0
2063 4 12.099241 0.51977175 391.2 84.56292 390 0
2063 5 18.915659 6.861979 461.6 142.970388 390 0
2063 6 26.53059 13.049065 512.7 141.53598 390 0
2063 7 29.422613 16.451664 503.7 86.5233033 390 0
2063 8 29.267483 16.277325 439.3 126.489765 390 0
2063 9 26.678982 12.177021 346.6 104.531871 390 0
2063 10 14.977304 4.409973 255.1 203.1507004 390 0
2063 11 9.240944 -0.17101741 163.1 133.77606 390 0
2063 12 5.045123 -3.8625495 125 97.347533 390 0
2064 1 1.1572081 -8.970602 143.5 75.3938538 390 0
2064 2 -2.1803799 -15.715176 209.8 22.7652738 390 0
2064 3 6.6750264 -7.7293234 301.6 54.9281622 390 0
2064 4 11.604971 -0.3957382 391.2 99.181095 390 0
2064 5 16.54326 5.879276 461.6 121.669451 390 0
2064 6 26.194454 13.137172 512.7 88.302 390 0
2064 7 29.185432 16.4843 503.7 125.112621 390 0
2064 8 28.277998 14.959487 439.3 113.4303857 390 0
2064 9 21.59468 7.2518835 346.6 56.85603 390 0
2064 10 11.976074 2.4735844 255.1 53.4311288 390 0
2064 11 6.6445284 -2.6316888 163.1 98.145654 390 0
2064 12 3.007584 -6.3045187 125 113.95724 390 0
2065 1 1.0280434 -9.7801695 143.5 73.6279946 390 0
2065 2 3.0199194 -8.438254 209.8 100.9741445 390 0
2065 3 6.756217 -5.6659837 301.6 95.2402336 390 0
2065 4 12.371544 1.0283351 391.2 80.184552 390 0
2065 5 23.541235 10.097804 461.6 62.2925656 390 0
2065 6 25.658215 12.838191 512.7 172.33884 390 0
2065 7 31.693161 17.722193 503.7 152.9294914 390 0
2065 8 28.382795 14.626238 439.3 62.805597 390 0
2065 9 23.805626 10.2136965 346.6 52.152576 390 0
2065 10 18.713766 5.651685 255.1 48.3083013 390 0
2065 11 8.604526 -0.112174235 163.1 125.78409 390 0
2065 12 3.0130415 -6.7390676 125 207.8828473 390 0
2066 1 1.1297098 -9.368233 143.5 145.45541 390 0
2066 2 -0.45618778 -12.307424 209.8 98.40915185 390 0
2066 3 4.399568 -8.714348 301.6 61.868095 390 0
2066 4 12.565746 0.42087692 391.2 67.80792 390 0
2066 5 19.662338 6.3454394 461.6 82.4528793 390 0
2066 6 26.118877 13.179968 512.7 109.309116 390 0
2066 7 32.174973 18.006874 503.7 55.4697756 390 0
2066 8 29.72927 15.330948 439.3 65.5969734 390 0
2066 9 25.559937 11.758158 346.6 165.52245 390 0
2066 10 18.581558 5.840629 255.1 57.4001518 390 0
2066 11 5.6584544 -3.3756244 163.1 120.296289 390 0
2066 12 3.0016115 -6.7905664 125 80.1054074 390 0
2067 1 -2.8955047 -14.077457 143.5 60.6917194 390 0
2067 2 2.8491 -8.526345 209.8 109.77416075 390 0
2067 3 9.719237 -2.829802 301.6 136.4366916 390 0
2067 4 12.28288 1.4057795 391.2 175.68606 390 0
2067 5 19.46835 6.9143 461.6 118.2812316 390 0
2067 6 27.323742 14.299386 512.7 121.758012 390 0
2067 7 30.457775 17.350025 503.7 145.479342 390 0
2067 8 28.343346 16.146627 439.3 142.0631327 390 0
2067 9 22.931763 10.263773 346.6 70.166067 390 0
2067 10 16.578133 6.533625 255.1 155.96813 390 0
2067 11 7.413322 -1.203673 163.1 54.237921 390 0
2067 12 3.1347535 -6.1676364 125 99.2492838 390 0
2068 1 2.674483 -7.0371423 143.5 76.598148 390 0
2068 2 2.7771835 -9.457679 209.8 116.0142185 390 0
2068 3 5.659513 -7.05939 301.6 117.0639236 390 0
2068 4 14.406387 3.3083668 391.2 106.30431 390 0
2068 5 22.568602 8.297329 461.6 39.8287225 390 0
2068 6 26.133232 13.165231 512.7 135.71847 390 0
2068 7 35.051964 19.897264 503.7 108.4448944 390 0
2068 8 28.446959 15.585476 439.3 142.246941 390 0
2068 9 23.72899 10.941989 346.6 52.192665 390 0
2068 10 17.550148 5.3936043 255.1 62.577375 390 0
2068 11 6.135472 -2.4892206 163.1 102.708 390 0
2068 12 1.1436288 -8.691319 125 45.5351901 390 0
2069 1 -2.7440648 -13.606362 143.5 36.5693732 390 0
2069 2 -0.99898815 -13.129244 209.8 60.2182424 390 0
2069 3 7.5080214 -5.0568895 301.6 72.224947 390 0
2069 4 14.619394 2.7736747 391.2 62.62239 390 0
2069 5 19.00513 6.8703337 461.6 190.4587827 390 0
2069 6 25.404022 13.556463 512.7 156.95334 390 0
2069 7 30.24278 17.656206 503.7 125.975661 390 0
2069 8 28.805529 15.678987 439.3 127.287426 390 0
2069 9 25.193417 12.086006 346.6 55.654713 390 0
2069 10 18.541292 6.833648 255.1 145.945148 390 0
2069 11 7.9201593 -2.010161 163.1 101.296134 390 0
2069 12 3.6515 -3.7455435 125 99.2825654 390 0
2070 1 0.1314031 -9.694927 143.5 66.355593 390 0
2070 2 0.55645585 -11.734407 209.8 90.838256375 390 0
2070 3 6.9922695 -6.378761 301.6 140.4043165 390 0
2070 4 12.629954 1.432762 391.2 82.78731 390 0
2070 5 18.875973 6.7384624 461.6 91.0329508 390 0
2070 6 26.70005 13.670032 512.7 116.564748 390 0
2070 7 31.1084 18.23562 503.7 140.857583 390 0
2070 8 30.427542 16.37302 439.3 75.1578229 390 0
2070 9 23.34037 9.46708 346.6 131.699838 390 0
2070 10 15.384519 5.2190585 255.1 171.3377223 390 0
2070 11 10.095675 0.41237834 163.1 75.162792 390 0
2070 12 2.109969 -7.464207 125 86.4985219 390 0
2071 1 1.6726214 -8.560447 143.5 112.087134 390 0
2071 2 2.0105171 -9.56526 209.8 112.1493925 390 0
2071 3 9.379649 -3.3236942 301.6 78.8439027 390 0
2071 4 13.535818 1.2582725 391.2 77.589921 390 0
2071 5 23.104929 8.386791 461.6 91.0659131 390 0
2071 6 26.342724 14.445254 512.7 133.24992 390 0
2071 7 32.411255 18.272276 503.7 86.1131702 390 0
2071 8 31.445162 17.89526 439.3 110.189965 390 0
2071 9 25.721684 12.38363 346.6 51.824991 390 0
2071 10 19.696842 8.224327 255.1 103.0822602 390 0
2071 11 7.0818787 -1.8222518 163.1 83.51484 390 0
2071 12 1.5585331 -7.5195026 125 108.2110707 390 0
2072 1 -0.060469694 -10.502095 143.5 109.153666 390 0
2072 2 1.1122279 -11.427886 209.8 88.321554275 390 0
2072 3 3.5522857 -10.565458 301.6 57.2278972 390 0
2072 4 13.339108 1.6954147 391.2 95.653431 390 0
2072 5 21.262129 7.8498 461.6 112.2968335 390 0
2072 6 29.229246 15.03398 512.7 95.09889 390 0
2072 7 31.56598 18.17744 503.7 110.835881 390 0
2072 8 30.936064 17.965364 439.3 201.804482 390 0
2072 9 23.205656 10.951919 346.6 79.651329 390 0
2072 10 15.119263 5.7177634 255.1 141.823109 390 0
2072 11 10.867953 1.0293374 163.1 102.204789 390 0
2072 12 3.9777317 -3.8464348 125 130.3403184 390 0
2073 1 0.4668553 -9.571242 143.5 54.7319012 390 0
2073 2 1.8257127 -10.928323 209.8 32.918320975 390 0
2073 3 5.478986 -6.96987 301.6 77.8228092 390 0
2073 4 14.584359 3.4337146 391.2 90.09165 390 0
2073 5 21.445976 7.0444674 461.6 49.1287845 390 0
2073 6 27.429953 14.089855 512.7 61.715454 390 0
2073 7 30.84868 17.706062 503.7 139.088971 390 0
2073 8 31.297588 17.64159 439.3 89.7766541 390 0
2073 9 25.847784 13.522482 346.6 112.614519 390 0
2073 10 16.83407 5.7939963 255.1 162.4503106 390 0
2073 11 10.290305 1.1715256 163.1 106.930548 390 0
2073 12 2.5043435 -6.6188836 125 171.717587 390 0
2074 1 1.8978062 -8.403479 143.5 134.9764552 390 0
2074 2 2.0965595 -9.110474 209.8 50.0264899 390 0
2074 3 5.0626097 -7.18182 301.6 127.2233087 390 0
2074 4 13.200096 0.4986207 391.2 68.633466 390 0
2074 5 23.856712 10.554041 461.6 96.7520664 390 0
2074 6 24.680305 13.31419 512.7 187.733331 390 0
2074 7 32.51058 18.872927 503.7 118.473692 390 0
2074 8 29.927214 16.46785 439.3 92.3615085 390 0
2074 9 25.469437 13.398069 346.6 73.653396 390 0
2074 10 20.081121 7.5252547 255.1 70.352547 390 0
2074 11 11.93765 2.704263 163.1 80.99382 390 0
2074 12 5.402251 -2.8765762 125 114.9439173 390 0
2075 1 0.08856173 -9.807016 143.5 139.2991417 390 0
2075 2 1.4599689 -10.283871 209.8 156.502386875 390 0
2075 3 6.623967 -5.051662 301.6 66.7657974 390 0
2075 4 16.403076 5.4442444 391.2 102.85431 390 0
2075 5 20.80997 8.495095 461.6 118.0921719 390 0
2075 6 24.764202 13.144853 512.7 117.947997 390 0
2075 7 31.735888 18.37008 503.7 135.0456813 390 0
2075 8 28.49739 15.981661 439.3 135.607547 390 0
2075 9 24.473598 11.717285 346.6 140.737482 390 0
2075 10 16.885563 5.931974 255.1 32.0122802 390 0
2075 11 7.974013 -0.828565 163.1 68.657505 390 0
2075 12 5.0457954 -2.302443 125 129.0183854 390 0
2076 1 -0.39241293 -12.235267 143.5 62.8524814 390 0
2076 2 5.788808 -5.4619265 209.8 87.75482255 390 0
2076 3 6.6058197 -4.3354588 301.6 81.1324653 390 0
2076 4 13.983242 1.7654991 391.2 81.2109 390 0
2076 5 22.669296 8.799711 461.6 96.7430857 390 0
2076 6 25.967129 13.775762 512.7 112.20912 390 0
2076 7 31.143023 17.889421 503.7 97.8624492 390 0
2076 8 32.035046 17.990467 439.3 84.5215465 390 0
2076 9 26.718493 13.606935 346.6 90.01044 390 0
2076 10 19.008835 6.6485233 255.1 42.9442318 390 0
2076 11 8.551918 -0.5122345 163.1 106.528395 390 0
2076 12 5.6785727 -2.7815747 125 149.1988956 390 0
2077 1 0.89113885 -8.288832 143.5 49.8356465 390 0
2077 2 4.6174746 -6.151818 209.8 70.0531296 390 0
2077 3 7.118804 -5.629776 301.6 21.9494477 390 0
2077 4 16.014914 5.148219 391.2 103.268589 390 0
2077 5 24.056904 9.5243435 461.6 51.9417276 390 0
2077 6 30.813002 16.061121 512.7 101.652297 390 0
2077 7 30.848558 18.915668 503.7 182.9659587 390 0
2077 8 28.802576 15.917233 439.3 112.8462868 390 0
2077 9 24.938295 13.5730295 346.6 157.10805 390 0
2077 10 21.479954 9.411182 255.1 41.400748 390 0
2077 11 9.539795 0.029726533 163.1 135.022545 390 0
2077 12 4.2217216 -4.4566927 125 115.4427352 390 0
2078 1 1.6998271 -8.036111 143.5 130.5593272 390 0
2078 2 5.78783 -6.3815074 209.8 150.6734655 390 0
2078 3 7.670769 -4.616082 301.6 36.7231456 390 0
2078 4 15.656558 3.7773142 391.2 84.245988 390 0
2078 5 20.494343 8.523902 461.6 100.8480623 390 0
2078 6 27.579601 15.419051 512.7 133.88238 390 0
2078 7 33.89872 19.757635 503.7 73.7461883 390 0
2078 8 30.043419 17.177536 439.3 136.6419674 390 0
2078 9 26.8017 14.252919 346.6 94.653726 390 0
2078 10 16.261646 6.556835 255.1 332.980858 390 0
2078 11 11.83516 1.342396 163.1 69.189183 390 0
2078 12 5.676922 -2.4052858 125 131.0979987 390 0
2079 1 2.832569 -7.478817 143.5 101.1041223 390 0
2079 2 5.6542034 -6.907815 209.8 75.3135734 390 0
2079 3 10.411359 -0.70984846 301.6 99.559042 390 0
2079 4 14.273257 1.9947618 391.2 98.319576 390 0
2079 5 19.375486 8.231115 461.6 145.662893 390 0
2079 6 29.659876 16.455692 512.7 78.027735 390 0
2079 7 32.26078 18.725788 503.7 117.5658663 390 0
2079 8 28.29187 15.439792 439.3 80.1897677 390 0
2079 9 28.31598 14.423623 346.6 104.361012 390 0
2079 10 22.135984 9.340653 255.1 103.7186592 390 0
2079 11 11.164661 2.4519637 163.1 97.746234 390 0
2079 12 2.4328997 -9.367474 125 110.6733821 390 0
2080 1 2.5322547 -7.8440094 143.5 64.3220736 390 0
2080 2 6.059262 -2.9789016 209.8 78.392600225 390 0
2080 3 7.477557 -4.514621 301.6 138.975573 390 0
2080 4 17.362139 5.6064024 391.2 85.854972 390 0
2080 5 23.137213 9.219517 461.6 65.3486076 390 0
2080 6 28.819017 16.219833 512.7 196.85952 390 0
2080 7 35.510128 20.116976 503.7 77.5170376 390 0
2080 8 31.933664 18.139944 439.3 160.8857747 390 0
2080 9 25.191814 13.988063 346.6 283.66248 390 0
2080 10 17.964283 6.0896597 255.1 28.66916704 390 0
2080 11 10.881651 0.00064 163.1 156.147522 390 0
2080 12 5.1271567 -4.2054763 125 118.8585725 390 0
2081 1 1.3064338 -8.499783 143.5 65.8194418 390 0
2081 2 2.3180995 -8.518082 209.8 77.73542895 390 0
2081 3 7.4732423 -4.533307 301.6 86.6900647 390 0
2081 4 16.876543 4.9880686 391.2 53.091612 390 0
2081 5 21.497244 8.393662 461.6 125.7972033 390 0
2081 6 27.757536 14.60165 512.7 76.183734 390 0
2081 7 33.221355 19.767733 503.7 119.727332 390 0
2081 8 30.280544 17.494394 439.3 111.2477222 390 0
2081 9 24.5307 11.968101 346.6 86.459421 390 0
2081 10 19.5625 7.424308 255.1 89.880222 390 0
2081 11 8.261373 -1.496523 163.1 83.028873 390 0
2081 12 5.578056 -2.2808452 125 127.701276 390 0
2082 1 1.7295142 -7.4043756 143.5 85.0234458 390 0
2082 2 2.1026866 -8.679482 209.8 66.981888475 390 0
2082 3 4.4923186 -9.445023 301.6 93.448756 390 0
2082 4 15.259397 3.943317 391.2 85.470708 390 0
2082 5 21.00998 7.931497 461.6 104.2407953 390 0
2082 6 28.311487 15.1616125 512.7 178.378458 390 0
2082 7 32.98165 20.094797 503.7 127.523987 390 0
2082 8 31.516983 18.232449 439.3 95.3661835 390 0
2082 9 27.467813 15.215087 346.6 169.85094 390 0
2082 10 18.49129 6.703872 255.1 60.2342927 390 0
2082 11 12.203538 2.8991954 163.1 152.833899 390 0
2082 12 4.295877 -5.6404805 125 93.5043824 390 0
2083 1 1.9874768 -8.143219 143.5 176.629041 390 0
2083 2 1.7780867 -9.469587 209.8 103.5648277 390 0
2083 3 5.7299466 -6.8800235 301.6 92.3103492 390 0
2083 4 15.356371 4.026638 391.2 118.590804 390 0
2083 5 20.35103 7.4162745 461.6 133.2592815 390 0
2083 6 26.191904 14.529811 512.7 169.263741 390 0
2083 7 32.92876 19.209671 503.7 83.4610365 390 0
2083 8 32.05577 19.021675 439.3 100.8382632 390 0
2083 9 23.483318 10.702948 346.6 167.098788 390 0
2083 10 15.220208 5.134481 255.1 142.6739815 390 0
2083 11 8.276729 -0.9440443 163.1 122.69202 390 0
2083 12 4.3642483 -3.4547393 125 138.013395 390 0
2084 1 1.1260751 -8.762307 143.5 141.161259 390 0
2084 2 2.772667 -9.781863 209.8 101.0924442 390 0
2084 3 7.3911214 -4.850776 301.6 62.6617508 390 0
2084 4 13.282676 1.3783195 391.2 105.850824 390 0
2084 5 16.60273 6.079523 461.6 130.6211164 390 0
2084 6 28.20658 15.381666 512.7 154.99728 390 0
2084 7 33.86389 19.975288 503.7 92.6735328 390 0
2084 8 32.17788 18.814484 439.3 161.676873 390 0
2084 9 24.799942 11.0928545 346.6 75.134238 390 0
2084 10 19.726624 8.059212 255.1 87.2799823 390 0
2084 11 10.660625 0.40114602 163.1 76.540896 390 0
2084 12 7.2344995 -1.3277986 125 157.79775 390 0
2085 1 4.7486544 -3.3007138 143.5 95.0151054 390 0
2085 2 1.8538222 -8.508088 209.8 68.13792085 390 0
2085 3 9.118473 -1.3731246 301.6 46.785634 390 0
2085 4 14.748171 4.5970106 391.2 113.630505 390 0
2085 5 23.124151 8.809016 461.6 54.7408137 390 0
2085 6 28.202484 15.780785 512.7 121.466775 390 0
2085 7 34.769073 20.436293 503.7 79.2288297 390 0
2085 8 33.690395 20.192978 439.3 99.9475247 390 0
2085 9 24.804787 11.029168 346.6 136.695558 390 0
2085 10 16.399406 5.0935626 255.1 47.0326048 390 0
2085 11 11.809206 1.7873511 163.1 82.970265 390 0
2085 12 1.4308593 -6.9600353 125 107.049975 390 0
2086 1 -0.2066419 -10.267153 143.5 77.8315295 390 0
2086 2 4.3015237 -5.3733077 209.8 95.66099185 390 0
2086 3 6.7044754 -3.9155607 301.6 75.629181 390 0
2086 4 13.833196 3.2232451 391.2 75.945312 390 0
2086 5 17.208 7.5919666 461.6 107.33254 390 0
2086 6 29.323904 15.890591 512.7 142.165389 390 0
2086 7 32.93036 20.066444 503.7 131.9449745 390 0
2086 8 32.394863 19.143528 439.3 149.846095 390 0
2086 9 27.977818 15.038385 346.6 96.47757 390 0
2086 10 20.737324 9.831788 255.1 127.997605 390 0
2086 11 8.581535 -1.3688401 163.1 61.21356 390 0
2086 12 4.6816425 -5.1696835 125 269.013691 390 0
2087 1 0.74654746 -10.169212 143.5 137.440236 390 0
2087 2 3.298565 -7.684202 209.8 73.2745562 390 0
2087 3 6.2488394 -6.286624 301.6 55.0134463 390 0
2087 4 14.972903 3.6684487 391.2 100.548462 390 0
2087 5 18.599403 7.1671667 461.6 125.424264 390 0
2087 6 28.52867 15.641083 512.7 100.297101 390 0
2087 7 33.305454 19.779287 503.7 70.2230972 390 0
2087 8 31.577816 18.149622 439.3 103.3765029 390 0
2087 9 30.251307 15.839298 346.6 63.445731 390 0
2087 10 23.378294 10.538632 255.1 116.9839095 390 0
2087 11 10.855585 0.16271794 163.1 71.517792 390 0
2087 12 0.79269063 -7.934854 125 72.801826 390 0
2088 1 0.76603144 -8.828629 143.5 45.6930235 390 0
2088 2 0.96416414 -10.736224 209.8 76.0589327 390 0
2088 3 7.697089 -4.5042186 301.6 110.6365758 390 0
2088 4 13.364947 2.1742785 391.2 160.56534 390 0
2088 5 22.374195 9.157276 461.6 64.8412988 390 0
2088 6 28.924583 16.169617 512.7 118.765656 390 0
2088 7 34.115158 20.302036 503.7 108.528179 390 0
2088 8 34.732956 21.278835 439.3 84.7612261 390 0
2088 9 26.375938 14.555379 346.6 129.23958 390 0
2088 10 19.265821 7.9535437 255.1 50.4620511 390 0
2088 11 12.837396 3.1253748 163.1 138.988251 390 0
2088 12 4.9597154 -4.5463424 125 105.0273707 390 0
2089 1 1.5698538 -7.6415358 143.5 34.0505674 390 0
2089 2 0.7303661 -10.181968 209.8 61.578002475 390 0
2089 3 7.1650968 -4.6919513 301.6 83.0278208 390 0
2089 4 13.912607 2.7143755 391.2 101.138814 390 0
2089 5 20.698 7.7795486 461.6 109.9237308 390 0
2089 6 29.181147 16.443455 512.7 225.23436 390 0
2089 7 33.644535 20.609926 503.7 174.997852 390 0
2089 8 31.44193 19.110317 439.3 137.8048363 390 0
2089 9 25.721039 13.515956 346.6 99.60342 390 0
2089 10 22.372147 10.226913 255.1 38.6236409 390 0
2089 11 11.946763 0.37408233 163.1 76.462098 390 0
2089 12 5.903012 -2.1243353 125 59.9046852 390 0
2090 1 0.4676369 -8.994167 143.5 86.341231 390 0
2090 2 4.376671 -4.5979853 209.8 58.9969723 390 0
2090 3 8.78933 -3.6878595 301.6 124.77872 390 0
2090 4 14.404289 2.6334403 391.2 84.640902 390 0
2090 5 21.140162 9.033926 461.6 167.1653703 390 0
2090 6 28.048708 14.791991 512.7 93.600291 390 0
2090 7 34.429974 20.324814 503.7 85.5381078 390 0
2090 8 32.905064 18.964123 439.3 135.364848 390 0
2090 9 28.128178 15.76072 346.6 95.8407 390 0
2090 10 16.856789 5.9166937 255.1 59.8600266 390 0
2090 11 9.393813 0.6428437 163.1 69.108354 390 0
2090 12 4.664463 -3.9912932 125 208.118159 390 0
2091 1 0.7633452 -8.482128 143.5 31.3159148 390 0
2091 2 9.05425 -0.73527944 209.8 43.555948875 390 0
2091 3 9.887488 -2.1237307 301.6 95.2426733 390 0
2091 4 16.147835 5.401978 391.2 67.328409 390 0
2091 5 22.994467 9.8201475 461.6 78.4776935 390 0
2091 6 26.939434 15.89032 512.7 267.03603 390 0
2091 7 35.449085 21.297022 503.7 126.8562284 390 0
2091 8 32.339172 20.443499 439.3 214.1479845 390 0
2091 9 26.418837 14.059757 346.6 77.104332 390 0
2091 10 20.540749 8.853021 255.1 38.463839 390 0
2091 11 9.234306 -0.77835536 163.1 212.79561 390 0
2091 12 5.8082485 -1.9975063 125 115.246561 390 0
2092 1 3.784284 -5.9153786 143.5 92.2501255 390 0
2092 2 2.811629 -8.678009 209.8 55.69606715 390 0
2092 3 10.107081 -0.6566549 301.6 141.665629 390 0
2092 4 14.714667 4.108924 391.2 181.392531 390 0
2092 5 22.724655 10.298049 461.6 168.2470812 390 0
2092 6 29.431961 16.79963 512.7 98.610156 390 0
2092 7 36.75228 21.380646 503.7 71.6342854 390 0
2092 8 31.767038 18.741814 439.3 165.2467307 390 0
2092 9 30.379164 15.505223 346.6 57.585825 390 0
2092 10 22.443846 9.378995 255.1 34.5135803 390 0
2092 11 14.870242 4.5697494 163.1 63.011571 390 0
2092 12 3.4791226 -5.838978 125 132.246062 390 0
2093 1 0.6141111 -9.989101 143.5 119.9049496 390 0
2093 2 3.5488782 -7.6793056 209.8 83.945250725 390 0
2093 3 10.4442005 -1.1438872 301.6 73.5632852 390 0
2093 4 15.64059 4.9442334 391.2 114.33402 390 0
2093 5 24.980688 9.7576475 461.6 46.965031 390 0
2093 6 28.692247 16.283257 512.7 122.87322 390 0
2093 7 33.8396 20.557304 503.7 155.9979303 390 0
2093 8 29.625038 16.27195 439.3 55.5863697 390 0
2093 9 26.840843 13.818825 346.6 69.666324 390 0
2093 10 21.965874 10.131128 255.1 118.919255 390 0
2093 11 8.705116 -0.32390085 163.1 151.480722 390 0
2093 12 4.205309 -4.5756 125 54.1619042 390 0
2094 1 2.9054885 -7.117957 143.5 73.1725984 390 0
2094 2 4.5237045 -6.199337 209.8 91.7547118 390 0
2094 3 8.16229 -3.732531 301.6 124.656611 390 0
2094 4 14.217867 2.0780005 391.2 70.34253 390 0
2094 5 22.681528 9.684628 461.6 111.1667595 390 0
2094 6 26.32128 14.506025 512.7 102.855678 390 0
2094 7 37.58645 21.882227 503.7 46.3473467 390 0
2094 8 33.483337 19.049747 439.3 44.1838722 390 0
2094 9 28.791367 15.768809 346.6 153.99435 390 0
2094 10 18.200943 7.476146 255.1 36.6335835 390 0
2094 11 13.103531 1.7891201 163.1 126.706368 390 0
2094 12 4.4558864 -4.891239 125 119.9886217 390 0
2095 1 3.7646194 -5.2106247 143.5 78.5358836 390 0
2095 2 7.601253 -3.3368447 209.8 35.654808075 390 0
2095 3 11.664284 -0.957417 301.6 89.3059222 390 0
2095 4 16.130756 4.4114814 391.2 98.190378 390 0
2095 5 22.152376 9.65119 461.6 116.97447 390 0
2095 6 30.910608 17.155975 512.7 80.280891 390 0
2095 7 35.46768 21.266325 503.7 97.7989767 390 0
2095 8 34.231388 20.327513 439.3 158.862631 390 0
2095 9 25.74427 13.63214 346.6 111.62985 390 0
2095 10 21.667648 9.400291 255.1 35.6554901 390 0
2095 11 12.690939 3.4636843 163.1 142.736019 390 0
2095 12 7.1343513 -1.2160478 125 256.021002 390 0
2096 1 2.0514393 -6.856624 143.5 94.6925473 390 0
2096 2 6.519338 -4.361548 209.8 126.405077 390 0
2096 3 9.581789 -1.9750044 301.6 51.4960406 390 0
2096 4 15.321306 3.9110105 391.2 91.000785 390 0
2096 5 20.164522 8.722 461.6 165.4973874 390 0
2096 6 31.12324 17.662493 512.7 150.490008 390 0
2096 7 35.08899 21.645353 503.7 124.8780626 390 0
2096 8 31.122885 18.221457 439.3 99.6899116 390 0
2096 9 25.731245 12.209598 346.6 155.994945 390 0
2096 10 18.612942 7.6064262 255.1 67.9763722 390 0
2096 11 9.957716 0.9287328 163.1 188.81643 390 0
2096 12 3.6608522 -4.146829 125 45.6847155 390 0
2097 1 3.5780983 -5.1583695 143.5 59.17156 390 0
2097 2 2.162728 -7.945323 209.8 93.995770175 390 0
2097 3 9.126926 -2.5845299 301.6 125.9571757 390 0
2097 4 16.099304 5.0283546 391.2 96.566748 390 0
2097 5 24.391226 11.9896755 461.6 98.3040163 390 0
2097 6 29.409492 16.870285 512.7 138.023931 390 0
2097 7 34.88282 21.234648 503.7 125.9203074 390 0
2097 8 31.65834 18.379255 439.3 69.7788176 390 0
2097 9 31.27732 16.698528 346.6 42.89889 390 0
2097 10 20.931028 10.142623 255.1 131.2356635 390 0
2097 11 12.125362 1.9401002 163.1 176.35344 390 0
2097 12 4.658923 -2.8869662 125 209.9762215 390 0
2098 1 1.3413064 -9.122864 143.5 180.864633 390 0
2098 2 3.3185241 -7.936535 209.8 156.948318775 390 0
2098 3 8.203902 -2.6914668 301.6 208.5003766 390 0
2098 4 15.963873 4.3072248 391.2 74.510901 390 0
2098 5 23.024847 9.013503 461.6 168.5653675 390 0
2098 6 26.939365 15.30374 512.7 213.26793 390 0
2098 7 35.017662 21.37086 503.7 144.335225 390 0
2098 8 32.49648 19.612434 439.3 141.9373502 390 0
2098 9 26.759296 15.4775915 346.6 153.663639 390 0
2098 10 20.322096 9.534361 255.1 63.3828728 390 0
2098 11 11.723585 1.4795289 163.1 53.924247 390 0
2098 12 -0.18311025 -10.421235 125 97.9335787 390 0
2099 1 3.6381342 -5.3631706 143.5 60.4822338 390 0
2099 2 2.8363853 -8.024133 209.8 108.71337325 390 0
2099 3 7.201097 -5.2887225 301.6 66.736087 390 0
2099 4 15.608274 3.813056 391.2 70.116228 390 0
2099 5 17.373655 8.064535 461.6 195.4510475 390 0
2099 6 26.509787 14.965382 512.7 198.40545 390 0
2099 7 35.298435 20.881235 503.7 94.9456313 390 0
2099 8 34.38408 21.063072 439.3 102.909553 390 0
2099 9 28.966791 16.314419 346.6 72.762366 390 0
2099 10 21.218811 9.548193 255.1 45.9801145 390 0
2099 11 13.324272 2.7215693 163.1 192.55077 390 0
2099 12 5.1748095 -3.0336318 125 194.324647 390 0
2100-2200 1 3.6381342 -5.3631706 143.5 60.4822338 390 0
2100-2200 2 2.8363853 -8.024133 209.8 108.71337325 390 0
2100-2200 3 7.201097 -5.2887225 301.6 66.736087 390 0
2100-2200 4 15.608274 3.813056 391.2 70.116228 390 0
2100-2200 5 17.373655 8.064535 461.6 195.4510475 390 0
2100-2200 6 26.509787 14.965382 512.7 198.40545 390 0
2100-2200 7 35.298435 20.881235 503.7 94.9456313 390 0
2100-2200 8 34.38408 21.063072 439.3 102.909553 390 0
2100-2200 9 28.966791 16.314419 346.6 72.762366 390 0
2100-2200 10 21.218811 9.548193 255.1 45.9801145 390 0
2100-2200 11 13.324272 2.7215693 163.1 192.55077 390 0
2100-2200 12 5.1748095 -3.0336318 125 194.324647 390 0
