Year Month Tmax Tmin PAR Prec CO2 O3
1200-1980 1 -2.59764650107016 -12.9859310536297 143.5 63.7337103479364 390 0
1200-1980 2 -0.617014414337111 -11.7112368788428 209.8 56.0903904943367 390 0
1200-1980 3 4.50856182745697 -6.4514887307218 301.6 69.9824471322626 390 0
1200-1980 4 12.2649787838209 0.604689197019744 391.2 83.5208397313246 390 0
1200-1980 5 19.2960870618978 6.76312138750785 461.6 99.4222678096802 390 0
1200-1980 6 23.9365685082274 11.9728579275668 512.7 106.98602956062 390 0
1200-1980 7 26.4096415415786 14.6351292009785 503.7 109.313498848032 390 0
1200-1980 8 25.3375061488165 13.6384930310227 439.3 111.425454903707 390 0
1200-1980 9 20.8974942261222 9.37203246222694 346.6 99.0424747545682 390 0
1200-1980 10 13.8640804801434 3.34658942843113 255.1 104.276006652436 390 0
1200-1980 11 7.21270652664626 -1.80488530084917 163.1 88.0303883764398 390 0
1200-1980 12 0.460345296414254 -8.45006613989872 125 79.4739883355716 390 0
1981 1 -6.96649928359743 -19.2710936075977 143.5 16.4911132000342 390 0
1981 2 4.35641517396298 -5.90764014255254 209.8 137.051537993988 390 0
1981 3 4.75460306689624 -5.2311838052959 301.6 33.3295988709938 390 0
1981 4 13.6822344201796 1.53670407950734 391.2 77.3862055741908 390 0
1981 5 20.4819369974299 6.81686167917293 461.6 91.5726478173182 390 0
1981 6 24.0154150701353 11.7924107362615 512.7 91.7326237577064 390 0
1981 7 26.4399471395697 14.7608032734081 503.7 110.407011194455 390 0
1981 8 24.2435461273789 12.2861546698463 439.3 128.572631983983 390 0
1981 9 18.8948259778039 9.34017648311134 346.6 154.017435485851 390 0
1981 10 11.2909342256685 1.15988919186648 255.1 139.763231026669 390 0
1981 11 6.3173281234125 -1.94266277338844 163.1 67.3668878593062 390 0
1981 12 -0.20490419549615 -7.43421658417914 125 73.9219434519143 390 0
1982 1 -6.67199349069032 -19.0667466663585 143.5 59.3626296675619 390 0
1982 2 -1.65626178501645 -12.6452335690886 209.8 69.8602700347485 390 0
1982 3 3.94341158629246 -7.36571498169102 301.6 60.0428461442525 390 0
1982 4 10.9498714030258 -1.40083017720301 391.2 72.8798791332862 390 0
1982 5 20.7709151024638 7.09446709079706 461.6 43.3761470202973 390 0
1982 6 21.4955147187323 10.6657769972022 512.7 143.5305956689 390 0
1982 7 27.0437437410212 13.023131597605 503.7 56.097757609216 390 0
1982 8 23.5903006435107 11.1594081631729 439.3 97.3711071367478 390 0
1982 9 21.2293899602428 9.06113982944612 346.6 70.1021981828072 390 0
1982 10 14.7865880871142 2.9548096971475 255.1 50.3506638206714 390 0
1982 11 9.28941430184743 -0.592749250191998 163.1 96.9937554658756 390 0
1982 12 4.02941721247274 -6.32110045072264 125 52.5439078974907 390 0
1983 1 -1.48208012960069 -11.6030151525773 143.5 79.564278365613 390 0
1983 2 -0.0456454074855425 -10.9686049589914 209.8 49.1054320568096 390 0
1983 3 4.73260051220203 -4.23225491636302 301.6 84.8264264497132 390 0
1983 4 9.89788350160822 0.562526472929047 391.2 146.193620555156 390 0
1983 5 16.7839409277653 6.14119644313193 461.6 164.03765782501 390 0
1983 6 25.1945236796016 11.4645023236578 512.7 60.2447552726045 390 0
1983 7 27.1676388930688 14.2460784234692 503.7 65.3806381322473 390 0
1983 8 25.5849523550454 13.6927162812599 439.3 156.295708305992 390 0
1983 9 22.7260950189668 10.1524050490201 346.6 66.4080888172275 390 0
1983 10 14.1784080001677 3.08169003576613 255.1 86.5674892959149 390 0
1983 11 6.46362110812474 -1.38500153938873 163.1 169.571153973413 390 0
1983 12 -1.77278496078666 -10.4281439951484 125 148.099138152301 390 0
1984 1 -3.86888003307201 -14.2726674722738 143.5 31.0386541291505 390 0
1984 2 3.28611674573663 -6.79131740847911 209.8 62.4335880684525 390 0
1984 3 0.0900617615599066 -10.7279645738686 301.6 59.5285997400456 390 0
1984 4 12.285241674783 1.01338245343901 391.2 76.6370501853986 390 0
1984 5 16.7273362093077 5.70397632840471 461.6 188.15732618068 390 0
1984 6 24.9302389469915 11.5878006752817 512.7 70.9172377218729 390 0
1984 7 26.05608564363 14.3488055490961 503.7 127.178569962352 390 0
1984 8 26.2499774279379 14.944801173427 439.3 96.2511155914255 390 0
1984 9 19.2101076055088 7.26792127310944 346.6 60.4014100633959 390 0
1984 10 15.2238499936023 4.04182192029319 255.1 60.4364989279532 390 0
1984 11 7.18229246969952 -2.19422625973528 163.1 88.9829432110421 390 0
1984 12 2.77629681922284 -6.1323289986034 125 89.214211029442 390 0
1985 1 -5.73604969669938 -15.2886728002085 143.5 39.4333932470533 390 0
1985 2 -0.776167549714915 -10.3054718424306 209.8 52.6274619861031 390 0
1985 3 5.25072736705489 -6.0908914725354 301.6 71.5317047262113 390 0
1985 4 11.8576357291197 0.665961718506185 391.2 59.4199588955857 390 0
1985 5 19.6192671903 6.21611807475774 461.6 85.1794294758678 390 0
1985 6 21.0298090123735 10.501648374046 512.7 97.6740234265155 390 0
1985 7 26.3323301338648 13.6721947344074 503.7 77.0481569619736 390 0
1985 8 24.5758791743162 12.7832869721477 439.3 91.1303641964971 390 0
1985 9 21.1963697794906 9.63782828248392 346.6 114.723339500853 390 0
1985 10 14.711195680697 3.85886689295208 255.1 93.3879946695067 390 0
1985 11 6.3758674482656 -1.48255932833413 163.1 100.550052056824 390 0
1985 12 -2.18600492393811 -10.9911580981415 125 53.9423543105305 390 0
1986 1 -1.7789490011096 -12.9048809672621 143.5 99.4870905753812 390 0
1986 2 -2.60325866491528 -14.1264073672435 209.8 44.1839955061841 390 0
1986 3 5.85865271889195 -5.4341791622599 301.6 83.0341008194484 390 0
1986 4 15.3498000060118 2.46233826423508 391.2 36.1073713994691 390 0
1986 5 20.459352096683 7.94328948812616 461.6 111.735452599076 390 0
1986 6 22.1868796804377 10.1646557783641 512.7 119.154058066772 390 0
1986 7 24.6610578598171 14.051835462637 503.7 132.677653275295 390 0
1986 8 23.6224503671398 13.0088097641158 439.3 136.809754023147 390 0
1986 9 18.8752489447299 8.26578086651387 346.6 100.067160235657 390 0
1986 10 13.3912562588207 3.23897843653841 255.1 64.8968412421364 390 0
1986 11 5.26216645033289 -3.41827996725742 163.1 89.0314737727744 390 0
1986 12 0.790608519059237 -7.05141281009704 125 61.0810461539446 390 0
1987 1 -3.03587537321229 -13.236557130372 143.5 77.5262669581581 390 0
1987 2 -3.41229105449685 -15.5267560371913 209.8 14.6897702213684 390 0
1987 3 6.12541295918496 -5.50048578394008 301.6 43.1347120112579 390 0
1987 4 15.0129802579846 2.83911248617305 391.2 60.0571835250622 390 0
1987 5 19.1809511205694 6.36624558064631 461.6 53.4493153158598 390 0
1987 6 23.8917090474582 12.6580259050865 512.7 138.249442378248 390 0
1987 7 26.9908649706591 14.9609310496364 503.7 102.715231422721 390 0
1987 8 24.2742496730457 11.8569093507418 439.3 74.4273737593428 390 0
1987 9 19.4622722608336 9.8742466277431 346.6 129.653881575622 390 0
1987 10 13.3680020336933 1.92696258096142 255.1 127.56478273163 390 0
1987 11 6.8466517339135 -2.76878281890785 163.1 73.0915769934815 390 0
1987 12 1.09843767857511 -5.96380109797439 125 50.9342467968006 390 0
1988 1 -2.04313478552123 -13.0963448242888 143.5 32.9614141833474 390 0
1988 2 -0.510343488334857 -12.2203270452878 209.8 57.3325375738495 390 0
1988 3 3.98156260266995 -7.10071005443388 301.6 44.4070931842132 390 0
1988 4 11.6811864382607 1.46877225541359 391.2 85.0229477939348 390 0
1988 5 20.2247870983995 7.85191603845977 461.6 56.6796534305284 390 0
1988 6 23.7866463166951 9.84912981485822 512.7 57.1714088654004 390 0
1988 7 27.4093790775328 15.8839557451276 503.7 95.6628009184387 390 0
1988 8 26.1996182266819 15.0343663485277 439.3 145.989325942329 390 0
1988 9 19.7224929717854 7.71425275235654 346.6 53.162340811446 390 0
1988 10 11.100100821868 2.09445073707826 255.1 61.5757012000207 390 0
1988 11 7.58973595424516 -1.16666473743018 163.1 136.133205725125 390 0
1988 12 -0.658655400178548 -11.1202433571578 125 35.8948599939975 390 0
1989 1 0.545495116482118 -10.9606891889594 143.5 30.8417317262824 390 0
1989 2 -2.09852291677496 -12.7434595644795 209.8 37.6301029269141 390 0
1989 3 3.41462780095954 -8.50622653801189 301.6 68.9322529321764 390 0
1989 4 9.9230975993336 -1.27741219355424 391.2 65.3099875095179 390 0
1989 5 20.4692678954004 8.34919174607661 461.6 127.725948915301 390 0
1989 6 24.0805867536731 12.7596509241511 512.7 104.482647200346 390 0
1989 7 26.9502851287954 14.3193668212876 503.7 83.0841652397016 390 0
1989 8 24.5575230551314 13.0823639105451 439.3 141.90525216426 390 0
1989 9 20.9768345002766 9.62773383495143 346.6 131.044595011009 390 0
1989 10 14.961879002006 3.52632234498391 255.1 106.264217612646 390 0
1989 11 6.51509638786207 -3.17720963258277 163.1 94.5128534374198 390 0
1989 12 -8.46073834025243 -20.3878933998469 125 34.6254317618852 390 0
1990 1 2.55958373962408 -6.56697924789023 143.5 83.7405743951912 390 0
1990 2 0.852843071715879 -11.4223307829743 209.8 75.2483153228779 390 0
1990 3 6.44289987561977 -5.94121007780073 301.6 67.6500578728084 390 0
1990 4 12.4393218112607 1.76821852609695 391.2 99.1117524963402 390 0
1990 5 17.1756232695886 4.93686896436638 461.6 121.940295266201 390 0
1990 6 23.6512557481606 11.9095245583871 512.7 104.726881368922 390 0
1990 7 26.2451975745593 14.1963961042244 503.7 96.060493256681 390 0
1990 8 25.7780390724918 14.2216132281712 439.3 164.387654239972 390 0
1990 9 19.7929658578503 8.89089325374206 346.6 65.4111374036415 390 0
1990 10 14.5688790185094 4.64859178837586 255.1 167.041642645426 390 0
1990 11 8.07830355524177 -1.38341307559346 163.1 92.253745019026 390 0
1990 12 3.03268404885334 -6.69391143954779 125 128.080378411489 390 0
1991 1 -2.77350136171487 -13.2614943653904 143.5 54.9863020295558 390 0
1991 2 1.63802356547717 -9.28697581823979 209.8 29.4382760308636 390 0
1991 3 5.14555431017713 -4.29118649811658 301.6 81.2645664632356 390 0
1991 4 14.486239920706 2.35186384949557 391.2 83.3352892663292 390 0
1991 5 21.4137139014753 7.82478106018166 461.6 84.1143566623596 390 0
1991 6 24.8861529895127 11.5100986908165 512.7 56.7121198923557 390 0
1991 7 26.6141691203131 13.7134369794047 503.7 64.1432890886184 390 0
1991 8 26.1574614018433 14.6250675819116 439.3 123.833773013286 390 0
1991 9 19.3687446852525 7.47525474580517 346.6 129.804508552237 390 0
1991 10 15.5190414954319 4.09563178810476 255.1 108.539942164371 390 0
1991 11 6.85459263577159 -1.89955621234407 163.1 52.6573346614134 390 0
1991 12 0.53696277890815 -10.2737398121677 125 64.8883006606059 390 0
1992 1 -2.36819997193959 -13.4712988959436 143.5 53.5095590272 390 0
1992 2 -1.15494809418328 -12.741596294926 209.8 50.6410749853605 390 0
1992 3 1.85396030861365 -9.83666496155202 301.6 70.2699789890456 390 0
1992 4 10.2612178705722 -0.535640691955069 391.2 73.6920855258262 390 0
1992 5 20.2327927729952 5.34582901848739 461.6 55.5654958126177 390 0
1992 6 23.0786868705192 10.7321910385656 512.7 66.0196965293099 390 0
1992 7 23.6790633220323 12.2505652249433 503.7 98.6271456364837 390 0
1992 8 23.9093753222358 12.8113452944743 439.3 95.4503560153699 390 0
1992 9 20.7737012721534 8.88745697678514 346.6 101.88944343915 390 0
1992 10 11.3079825869485 1.64635693502187 255.1 80.3282712703357 390 0
1992 11 5.56484852411893 -2.363807050252 163.1 108.604028584289 390 0
1992 12 1.17980121069107 -7.89560165593599 125 41.8523089112249 390 0
1993 1 -1.39476906466903 -11.2738994092317 143.5 70.0348615908889 390 0
1993 2 -5.09459588992946 -19.3041347536909 209.8 62.8465540895059 390 0
1993 3 3.21132331375228 -9.72856162343483 301.6 72.6592108763533 390 0
1993 4 12.1616120593735 0.560258825083052 391.2 110.499037008987 390 0
1993 5 19.0490425795424 6.57015792470752 461.6 58.7078171600997 390 0
1993 6 23.1452593468264 10.7678524875587 512.7 100.468431101715 390 0
1993 7 26.9225019279965 14.864103756304 503.7 90.9609654719237 390 0
1993 8 26.1350537455189 14.0113256581887 439.3 84.3484369348133 390 0
1993 9 19.4402578141305 9.09127139064407 346.6 110.700429745274 390 0
1993 10 12.2482081224884 1.59522546074914 255.1 82.6889858053264 390 0
1993 11 6.58154866189075 -2.88876042835133 163.1 79.9150303623543 390 0
1993 12 -0.590832702743921 -9.33539401884303 125 60.311082239028 390 0
1994 1 -8.04936021860247 -21.08435022058 143.5 86.2528953999631 390 0
1994 2 -4.09251119665093 -16.2962170510186 209.8 33.8589573577175 390 0
1994 3 2.87709544699777 -6.91998886297279 301.6 89.5648972203769 390 0
1994 4 12.2608098624995 0.151043165045994 391.2 96.509609189522 390 0
1994 5 17.9604294762175 5.06616033259116 461.6 101.72063016516 390 0
1994 6 25.1431650325362 12.9876147039219 512.7 103.518950412907 390 0
1994 7 27.1506686631962 15.7948099641037 503.7 110.578243968815 390 0
1994 8 24.0299103601572 12.3554202700167 439.3 125.96315413219 390 0
1994 9 19.4066460471753 9.03249381810666 346.6 83.4651553375287 390 0
1994 10 14.6292504576364 3.20890680795474 255.1 20.4831971933867 390 0
1994 11 9.49723162827995 -0.771051914585638 163.1 77.4165957913726 390 0
1994 12 2.31723563776525 -6.96355570195047 125 54.3410690817136 390 0
1995 1 0.736280872746991 -7.75206483795134 143.5 65.7222565839226 390 0
1995 2 -2.71838112561793 -13.8112988861812 209.8 47.6263260305519 390 0
1995 3 6.41572811380498 -4.58101616732126 301.6 52.0580578641686 390 0
1995 4 9.08122493181872 -1.94377507565095 391.2 55.5783770283059 390 0
1995 5 18.1710029771593 5.8973949503275 461.6 55.728727288609 390 0
1995 6 26.6614816050565 11.863479909397 512.7 36.5887095727533 390 0
1995 7 28.1918013210327 15.8134566227359 503.7 115.74495378994 390 0
1995 8 26.1567098594848 13.5749496942078 439.3 115.21555621206 390 0
1995 9 19.564192254685 6.67209611517476 346.6 88.0044629411997 390 0
1995 10 16.6361986101571 5.85176117079209 255.1 188.704443783158 390 0
1995 11 4.75602136709478 -3.61994931034372 163.1 96.7693290448121 390 0
1995 12 -3.30881806160742 -11.2980022433491 125 68.4668184037524 390 0
1996 1 -2.90047564264536 -14.5199843353419 143.5 101.946991214543 390 0
1996 2 -1.74223320595129 -11.5810556413229 209.8 44.3558437162039 390 0
1996 3 3.35861315991552 -8.37527143595371 301.6 31.9778964528962 390 0
1996 4 10.9266861575899 -0.0713297001171808 391.2 143.437847502095 390 0
1996 5 17.7476540308354 5.51001804241466 461.6 134.19078330446 390 0
1996 6 23.6688657420069 12.7991658743376 512.7 108.436227167963 390 0
1996 7 24.9890356339248 14.0975982412782 503.7 170.535672789872 390 0
1996 8 25.4892907809654 13.6343743021215 439.3 62.8017015165699 390 0
1996 9 21.1258232117571 10.4823253796062 346.6 84.0762847962763 390 0
1996 10 13.2863284400832 2.72516688964153 255.1 108.761576686546 390 0
1996 11 4.11596365979065 -4.20837654017437 163.1 102.156890519871 390 0
1996 12 2.85171681807553 -3.56087294455526 125 114.753196140296 390 0
1997 1 -2.93752953463583 -13.6948783239911 143.5 60.8521532784438 390 0
1997 2 1.26169551087855 -10.0519857202539 209.8 55.2046709595034 390 0
1997 3 2.40429691551107 -8.75169195663827 301.6 84.2634651835623 390 0
1997 4 10.5693747876225 -1.62618287805516 391.2 62.9643654580689 390 0
1997 5 15.3500009991003 4.45413545822613 461.6 81.2346438357433 390 0
1997 6 25.3685097849238 11.6862962187145 512.7 62.8255944886734 390 0
1997 7 25.5732880139354 13.1073392820252 503.7 116.332077879212 390 0
1997 8 24.2478601339067 12.3949731893712 439.3 142.800077784018 390 0
1997 9 20.0406619017811 8.58998788586209 346.6 81.5996989726753 390 0
1997 10 13.4700443207273 1.67830329024185 255.1 54.8288612365723 390 0
1997 11 5.29768046809593 -3.53855463901365 163.1 116.43130184853 390 0
1997 12 0.317281347762022 -8.50663627262186 125 60.81295293802 390 0
1998 1 -0.574379884290737 -10.1605557397141 143.5 142.215896048661 390 0
1998 2 2.32660515955664 -8.07843102610931 209.8 54.8324637448788 390 0
1998 3 5.51706369699423 -4.69408664676522 301.6 95.1308654637111 390 0
1998 4 14.3103536236475 0.846813987977608 391.2 56.2767874887889 390 0
1998 5 22.9750569504075 9.33151565452929 461.6 63.3663190046329 390 0
1998 6 23.0821454085782 13.1533798121837 512.7 208.376264670774 390 0
1998 7 25.7896080545907 14.5810093933691 503.7 143.667208014739 390 0
1998 8 25.3848406397778 13.9702031946597 439.3 124.079026297024 390 0
1998 9 21.4326021077242 9.75757595439838 346.6 112.369601143436 390 0
1998 10 13.8709887862664 4.54513871969693 255.1 67.8569662323832 390 0
1998 11 6.38376018290972 -0.542898100200546 163.1 58.503928344373 390 0
1998 12 4.86451166795632 -5.58742419009993 125 32.1214697410179 390 0
1999 1 -2.12635337354784 -13.3660345433461 143.5 115.249971436887 390 0
1999 2 1.39474124671466 -10.2600054899016 209.8 26.5337527559327 390 0
1999 3 3.91577466293946 -6.07897039254094 301.6 84.2464818007193 390 0
1999 4 12.5777785045845 -0.167233290902295 391.2 21.3248256790302 390 0
1999 5 21.4590444278715 7.56572052798092 461.6 72.5864382519886 390 0
1999 6 26.8797873922461 13.7571114877778 512.7 58.1553147012261 390 0
1999 7 27.9645090716768 15.6513645604723 503.7 94.2620009728477 390 0
1999 8 25.0739297266676 12.8946229948146 439.3 55.8108250133724 390 0
1999 9 23.0473364418554 11.2622282321812 346.6 207.590975625118 390 0
1999 10 13.0097486012457 1.47961458912936 255.1 98.8653194801645 390 0
1999 11 10.1825423883851 0.634132972256668 163.1 72.222703941344 390 0
1999 12 1.52664588411544 -6.74977730931993 125 41.2543670919478 390 0
2000 1 -3.28459181222551 -14.086195911324 143.5 81.8471921022401 390 0
2000 2 0.296331474106752 -11.6827448283658 209.8 83.2590032274807 390 0
2000 3 7.79628283758621 -3.58762703990168 301.6 63.3721330355526 390 0
2000 4 10.3584088546231 0.442493450034435 391.2 147.170772533786 390 0
2000 5 18.53805299287 7.31853048261955 461.6 143.918438945656 390 0
2000 6 22.403051553454 11.3231347894232 512.7 84.8919593157671 390 0
2000 7 24.3251899095674 12.9102170844672 503.7 110.350075210934 390 0
2000 8 24.2130551825702 13.2186194259809 439.3 96.5317594083469 390 0
2000 9 20.0297987141452 8.19725630547517 346.6 63.2638443711119 390 0
2000 10 14.3250656912141 2.97129077692737 255.1 63.9402535367031 390 0
2000 11 6.05011243976765 -1.25327871610233 163.1 75.8469342401412 390 0
2000 12 -2.55445016772803 -12.7650110414135 125 112.720320343394 390 0
2001 1 -1.87478959266772 -12.2904408149889 143.5 37.7617820306984 390 0
2001 2 -0.395753972723907 -12.1236173544445 209.8 62.0704447117581 390 0
2001 3 1.82004555925824 -7.98551181356191 301.6 136.837133974135 390 0
2001 4 11.7915877141822 -0.705384332324854 391.2 18.9187950439858 390 0
2001 5 20.9208670015351 7.5047593047265 461.6 62.6976620212067 390 0
2001 6 24.7844386700815 12.4669339195923 512.7 101.00703379426 390 0
2001 7 24.8768471799525 13.124846801354 503.7 73.4738025217106 390 0
2001 8 28.0700794485112 14.6971913364693 439.3 63.4969262852694 390 0
2001 9 21.8161652005098 9.41363388735711 346.6 90.3172507770408 390 0
2001 10 16.1093298806424 4.30383783184216 255.1 49.0814831627128 390 0
2001 11 9.61685169598821 -0.0969058526351332 163.1 61.5665956703291 390 0
2001 12 4.20650066242146 -4.28623537971405 125 54.4888188037163 390 0
2002 1 1.37964343774178 -7.13683370061551 143.5 50.5155838808715 390 0
2002 2 2.50371206358713 -9.67148519620843 209.8 72.342991009618 390 0
2002 3 4.77461596151088 -5.48816489044476 301.6 79.1000120945471 390 0
2002 4 13.086418990142 1.59226972422187 391.2 107.745186945825 390 0
2002 5 16.8031146700248 4.94081400988334 461.6 107.149810630607 390 0
2002 6 23.1675659966514 11.2001481808525 512.7 177.059535207664 390 0
2002 7 26.6618164714279 14.6023355956992 503.7 81.6999416673087 390 0
2002 8 27.1427459965652 13.981177662752 439.3 41.7975965132579 390 0
2002 9 23.6577503954755 10.7012237539328 346.6 140.707395895923 390 0
2002 10 12.2697823160921 2.28777948328741 255.1 91.5636774068302 390 0
2002 11 5.39588453299464 -3.10820912197163 163.1 105.728207761186 390 0
2002 12 0.0604896785000187 -9.09668265926948 125 54.4867889451136 390 0
2003 1 -6.38579170614183 -16.9487196125985 143.5 45.0394806437575 390 0
2003 2 -3.2541403131715 -15.074993163889 209.8 39.5582963397308 390 0
2003 3 4.96509619964102 -7.88748316296445 301.6 64.6329275280658 390 0
2003 4 10.0511702697093 -1.1504691536916 391.2 72.3965351856136 390 0
2003 5 18.0823313546325 6.42040710010057 461.6 104.101834952902 390 0
2003 6 24.0126604758172 11.674361290701 512.7 80.869515863954 390 0
2003 7 26.2551522365799 14.807594656283 503.7 114.666243206924 390 0
2003 8 26.3101342156475 15.6186374392131 439.3 112.486879411722 390 0
2003 9 22.1175036374386 10.008286673253 346.6 98.8091815580513 390 0
2003 10 12.9044342119823 2.57518027802027 255.1 166.494203562393 390 0
2003 11 8.53116467678007 -1.24159951130205 163.1 119.255609264861 390 0
2003 12 0.280886209416046 -9.23794623252235 125 161.976729017761 390 0
2004 1 -8.23613021166848 -18.2010292547129 143.5 23.8472965650238 390 0
2004 2 -1.12687925675104 -14.1261355365491 209.8 26.90604006645 390 0
2004 3 6.01617161031847 -4.50966155013381 301.6 44.3410084821729 390 0
2004 4 11.8773198735223 0.233423984545219 391.2 73.8427774779898 390 0
2004 5 20.3682881437253 7.73767892346432 461.6 123.415394710166 390 0
2004 6 22.7975473803367 10.3351906373188 512.7 83.212891296394 390 0
2004 7 25.3313280128614 14.8296969580506 503.7 140.85742155664 390 0
2004 8 24.3562704706698 13.7031630799442 439.3 203.967965265583 390 0
2004 9 21.723535282445 9.97377154967446 346.6 70.2239688878997 390 0
2004 10 14.3392346739098 2.70380099236962 255.1 31.9739903262638 390 0
2004 11 7.56772931596965 -2.42192634983113 163.1 77.6549061777645 390 0
2004 12 0.0392031979926612 -9.91220840249093 125 104.982815234301 390 0
2005 1 -4.10950421596246 -14.927508256656 143.5 63.9940265796747 390 0
2005 2 0.32247915799738 -11.8446839854087 209.8 54.5420311401613 390 0
2005 3 2.76802827524492 -8.66855710371005 301.6 52.6785275787576 390 0
2005 4 14.1786665453009 1.05329186947503 391.2 117.98786968353 390 0
2005 5 16.3151478545288 5.11437138759589 461.6 53.9626905678529 390 0
2005 6 26.5544389207762 14.8321339208377 512.7 121.928995418828 390 0
2005 7 27.3746697068787 16.1858965568772 503.7 117.239795136303 390 0
2005 8 26.728060444291 15.2941297939837 439.3 90.0599294358975 390 0
2005 9 23.1372662572524 11.3716894301392 346.6 106.892623761644 390 0
2005 10 13.6907938412606 5.57984406676449 255.1 214.364904333666 390 0
2005 11 9.15290153681659 -1.03269742832006 163.1 118.401831612726 390 0
2005 12 -0.592598330343695 -8.79168076120219 125 77.4674822669193 390 0
2006 1 2.18189824725766 -7.35348947531682 143.5 96.9950503867482 390 0
2006 2 -0.592479198707967 -9.92834210004005 209.8 47.1457910903474 390 0
2006 3 4.33226041566679 -6.09193032573916 301.6 37.6565187136933 390 0
2006 4 13.6125016019729 1.00181485822766 391.2 81.9517565441466 390 0
2006 5 18.9346898817678 8.31126798048002 461.6 163.734666553176 390 0
2006 6 23.5292656983716 13.2568277019765 512.7 198.351291174714 390 0
2006 7 27.6133991756443 16.392552858 503.7 113.16340601979 390 0
2006 8 24.47133971282 13.0358658220302 439.3 107.761228940668 390 0
2006 9 20.1092040720823 9.49233768836437 346.6 74.1735569880193 390 0
2006 10 12.6157494565727 2.92780238574109 255.1 174.264832089499 390 0
2006 11 9.70990590482236 1.10684768722689 163.1 62.139703998039 390 0
2006 12 4.03854905468174 -4.17318860845003 125 101.384674960298 390 0
2007 1 -1.49339723460439 -11.5525887732349 143.5 77.3657671816044 390 0
2007 2 -5.10995098175078 -15.8765586002402 209.8 64.6986366960129 390 0
2007 3 3.23651311003323 -8.74019101380168 301.6 79.9210461145415 390 0
2007 4 9.81620049465231 0.19737359409396 391.2 114.816646537094 390 0
2007 5 19.7408688243589 6.03819234778399 461.6 62.5997965665688 390 0
2007 6 25.0769378642573 12.625004847932 512.7 76.8923417253581 390 0
2007 7 24.958422012536 13.8512165718843 503.7 152.84950425482 390 0
2007 8 25.6910854981987 13.241301490187 439.3 67.0874374758493 390 0
2007 9 22.7825264300364 9.85026564452059 346.6 82.5923415222399 390 0
2007 10 16.7487055506744 6.08654989129628 255.1 139.389059086942 390 0
2007 11 5.53856582761769 -3.12990683134654 163.1 116.820617629814 390 0
2007 12 -0.861792982569498 -9.26401365393999 125 109.986385158342 390 0
2008 1 0.0294758672940118 -10.0884306264831 143.5 57.391456543494 390 0
2008 2 -0.646378912713309 -11.1114370298993 209.8 119.665484914248 390 0
2008 3 2.63363809912806 -8.57970287649601 301.6 109.011936952459 390 0
2008 4 15.4459581583657 2.08627253260795 391.2 74.6854706192151 390 0
2008 5 18.0493435717024 4.52903946404533 461.6 38.5460149582415 390 0
2008 6 24.4960947998085 13.6395571022663 512.7 163.081693455954 390 0
2008 7 26.3269438532877 15.3324899790955 503.7 174.883893000776 390 0
2008 8 24.2967190090536 13.1628551477706 439.3 133.747031873241 390 0
2008 9 21.7035599502043 10.1011879836376 346.6 55.697581229084 390 0
2008 10 13.2084446761554 2.43915301750263 255.1 130.87763769003 390 0
2008 11 6.53659576525197 -1.4792825127697 163.1 56.4307721340314 390 0
2008 12 0.957282584752002 -9.4347039361252 125 113.969615703354 390 0
2009 1 -5.7947418816954 -16.4057692633435 143.5 59.5112021907502 390 0
2009 2 -0.147122949433718 -11.3096144101444 209.8 51.5401125357623 390 0
2009 3 5.44554555303914 -6.20478168408236 301.6 56.3905846537493 390 0
2009 4 13.4309265518402 0.966365147431058 391.2 56.4787091238208 390 0
2009 5 18.8472529629995 6.51200410020623 461.6 135.756874045797 390 0
2009 6 22.1438373628244 11.551827461515 512.7 107.359475562562 390 0
2009 7 24.3732013163867 14.0256021982603 503.7 159.533157377164 390 0
2009 8 25.6273957359633 14.7276767533432 439.3 98.4478541906333 390 0
2009 9 20.7067922045474 8.18215645071134 346.6 69.9153151400894 390 0
2009 10 11.1467839447175 2.47197350368477 255.1 99.6345971788883 390 0
2009 11 10.356657816466 0.037366777179888 163.1 93.1512955941053 390 0
2009 12 -0.765945561278757 -8.71418556778118 125 88.703459638657 390 0
2010 1 -2.00660688552751 -9.90840539340229 143.5 57.7240261215147 390 0
2010 2 -0.810694621554202 -8.09185405901734 209.8 67.2338165018656 390 0
2010 3 8.12673659132754 -2.40475396677758 301.6 87.8610074781102 390 0
2010 4 15.2714383027309 2.8403035712203 391.2 90.7450362450339 390 0
2010 5 21.7362462166743 7.75143520086041 461.6 53.5647327633394 390 0
2010 6 23.3218593201542 12.4346936346574 512.7 144.251091332953 390 0
2010 7 27.9829802604561 16.5093633341338 503.7 93.7527521766379 390 0
2010 8 25.8333778287036 14.1705177869451 439.3 113.35235035232 390 0
2010 9 21.5870770006091 10.8863830651703 346.6 83.2451302941271 390 0
2010 10 13.3955221415195 3.35602867417119 255.1 219.739043511204 390 0
2010 11 6.90354245635486 -1.80819706401273 163.1 70.3499867558526 390 0
2010 12 -1.72904489738625 -9.23254259751666 125 101.419844670355 390 0
2011 1 -3.55358598696049 -12.7052842403358 143.5 53.8208306706073 390 0
2011 2 -1.53902014522533 -13.2139876191919 209.8 82.2238318584944 390 0
2011 3 3.35159062257122 -7.07179193855523 301.6 114.160710836748 390 0
2011 4 11.8570767339137 1.22343177399809 391.2 174.848226582628 390 0
2011 5 19.7530599992205 9.13391609944602 461.6 198.615085750089 390 0
2011 6 23.810686356422 12.4297175293384 512.7 109.786456937221 390 0
2011 7 27.9538215565245 15.5099809106713 503.7 78.3036008967231 390 0
2011 8 25.9278387325452 14.7000686779822 439.3 232.663902486237 390 0
2011 9 22.3054434006737 11.9365518283366 346.6 140.18310794692 390 0
2011 10 14.4306078223048 5.111888310954 255.1 100.037719060043 390 0
2011 11 10.9027275131228 0.454279578529472 163.1 44.8988068561032 390 0
2011 12 3.01668057529338 -5.9886674067942 125 75.5199294804838 390 0
2012 1 -0.30981061421473 -10.0716473178068 143.5 63.069179634375 390 0
2012 2 2.025140487915 -8.02685515840413 209.8 32.6639888576311 390 0
2012 3 10.6010902115332 -1.23218653194209 301.6 43.6121053950082 390 0
2012 4 12.5287476305607 1.06563709010617 391.2 84.0315392574465 390 0
2012 5 21.5964976921911 9.39694787407195 461.6 124.370563059458 390 0
2012 6 24.2431863479625 12.3542834734596 512.7 87.1108666205742 390 0
2012 7 27.9745236943578 14.9550292294622 503.7 89.5939667444762 390 0
2012 8 27.3511152493922 14.6198093807284 439.3 77.0165483760717 390 0
2012 9 21.4982129649123 9.09391697541886 346.6 139.913500845684 390 0
2012 10 15.3172720991403 5.7596288738157 255.1 134.362918134695 390 0
2012 11 6.49999059321485 -3.2548321665189 163.1 35.1243959835866 390 0
2012 12 1.89672762013689 -5.72399602787471 125 118.321690479559 390 0
2013 1 -1.39773082924478 -12.0071743996811 143.5 33.1115338927013 390 0
2013 2 -1.09799859966995 -10.3192585596474 209.8 41.631486001735 390 0
2013 3 3.62095507918337 -5.05852430421266 301.6 61.9922894619371 390 0
2013 4 11.7233275845899 -0.0966726847582936 391.2 58.8242081387015 390 0
2013 5 20.8329958528855 7.48779710908901 461.6 157.432186862576 390 0
2013 6 23.3885568781204 12.3701808092648 512.7 205.750845529278 390 0
2013 7 27.3387001944176 16.5852581125158 503.7 155.813866629303 390 0
2013 8 24.8575172927773 13.5565441846971 439.3 75.1794075448258 390 0
2013 9 20.1559053376976 8.9853412664561 346.6 107.974720042512 390 0
2013 10 15.4540449954148 4.50420377455492 255.1 56.4772734256957 390 0
2013 11 6.10201825487659 -3.62250281032974 163.1 94.4683621313254 390 0
2013 12 -0.93995390067138 -9.53590596130105 125 80.0739772042061 390 0
2014 1 -0.69009703 -9.836869 143.5 38.7966116 390 0
2014 2 4.7919745 -5.355675 209.8 52.1380644 390 0
2014 3 4.0299034 -7.2787623 301.6 50.4469107 390 0
2014 4 12.837493 2.5999913 391.2 149.783592 390 0
2014 5 20.508072 6.7689953 461.6 77.0066443 390 0
2014 6 26.997923 14.475078 512.7 90.507546 390 0
2014 7 29.810938 16.953499 503.7 72.995855 390 0
2014 8 27.065264 13.142199 439.3 56.2864365 390 0
2014 9 24.379364 12.341975 346.6 126.2679 390 0
2014 10 16.516615 5.9179235 255.1 184.9117977 390 0
2014 11 9.808951 -0.015352685 163.1 67.560438 390 0
2014 12 5.3129663 -2.4813986 125 47.0607931 390 0
2015 1 -1.3704042 -10.884989 143.5 81.437496 390 0
2015 2 -2.48828 -12.572258 209.8 111.851600775 390 0
2015 3 2.100886 -6.4938493 301.6 75.0887673 390 0
2015 4 14.320428 3.2800117 391.2 66.569652 390 0
2015 5 17.929596 6.205536 461.6 128.9288357 390 0
2015 6 25.401232 12.5596895 512.7 70.513266 390 0
2015 7 27.030933 14.505712 503.7 116.3123348 390 0
2015 8 27.399794 14.927313 439.3 72.4152808 390 0
2015 9 21.81718 11.164072 346.6 60.562578 390 0
2015 10 17.580927 5.5104046 255.1 115.1407022 390 0
2015 11 10.426989 1.3560481 163.1 127.043739 390 0
2015 12 3.2645063 -5.8983283 125 97.168446 390 0
2016 1 -2.772534 -13.323684 143.5 87.7904934 390 0
2016 2 -0.042124163 -12.125823 209.8 61.22773355 390 0
2016 3 0.1191732 -10.313583 301.6 64.89354 390 0
2016 4 13.399159 1.8673178 391.2 95.517348 390 0
2016 5 17.37924 6.012134 461.6 137.011847 390 0
2016 6 26.885948 14.711945 512.7 84.97656 390 0
2016 7 27.277674 14.390556 503.7 56.6162827 390 0
2016 8 28.702702 15.938503 439.3 73.096667 390 0
2016 9 21.24008 9.775425 346.6 119.240211 390 0
2016 10 13.167696 3.244172 255.1 222.323599 390 0
2016 11 6.954296 -1.1111441 163.1 85.242156 390 0
2016 12 -0.06430231 -8.024627 125 33.6670075 390 0
2017 1 2.1481159 -6.883762 143.5 162.4360754 390 0
2017 2 0.5309147 -9.685028 209.8 41.857632325 390 0
2017 3 1.523574 -7.9743814 301.6 57.044278 390 0
2017 4 12.843949 1.7977834 391.2 89.769429 390 0
2017 5 22.221245 8.895334 461.6 171.313037 390 0
2017 6 26.233543 13.436307 512.7 97.338252 390 0
2017 7 27.35044 15.699697 503.7 179.1608637 390 0
2017 8 25.975042 13.733811 439.3 64.1081643 390 0
2017 9 21.048199 7.8979583 346.6 80.530101 390 0
2017 10 16.553736 4.0552235 255.1 51.9581204 390 0
2017 11 9.631344 1.4408579 163.1 101.974218 390 0
2017 12 0.3867959 -8.11203 125 44.5765771 390 0
2018 1 3.9831302 -6.598769 143.5 64.3256665 390 0
2018 2 4.58287 -5.7790136 209.8 60.3833806 390 0
2018 3 7.4712863 -3.5023685 301.6 45.7055227 390 0
2018 4 13.554122 1.8110005 391.2 80.619864 390 0
2018 5 19.772427 8.310644 461.6 208.1224773 390 0
2018 6 25.544815 13.982625 512.7 84.65358 390 0
2018 7 27.647808 15.237711 503.7 95.6774018 390 0
2018 8 24.316954 12.397282 439.3 103.0356827 390 0
2018 9 21.261816 11.060997 346.6 120.956955 390 0
2018 10 16.173819 4.923504 255.1 53.284474 390 0
2018 11 11.198865 2.1963418 163.1 151.49211 390 0
2018 12 4.011733 -3.9379518 125 146.351899 390 0
2019 1 2.5481026 -7.7684097 143.5 61.1412008 390 0
2019 2 -0.97985667 -12.146898 209.8 78.5218581 390 0
2019 3 4.7795644 -4.8931513 301.6 89.0113354 390 0
2019 4 13.936244 1.8707154 391.2 75.604914 390 0
2019 5 19.815384 7.7429543 461.6 119.1293544 390 0
2019 6 28.576628 15.607015 512.7 105.265152 390 0
2019 7 28.597204 16.223444 503.7 112.176972 390 0
2019 8 27.683348 16.125921 439.3 141.469368 390 0
2019 9 20.84162 10.979706 346.6 68.661168 390 0
2019 10 15.021056 4.512663 255.1 101.1031923 390 0
2019 11 6.949234 -0.8191334 163.1 111.321738 390 0
2019 12 3.5207899 -4.1336894 125 91.293295 390 0
2020 1 0.7430586 -9.003406 143.5 39.4868514 390 0
2020 2 1.9580624 -9.058393 209.8 49.1445362 390 0
2020 3 5.5401845 -4.456457 301.6 62.4497635 390 0
2020 4 14.143768 2.1291 391.2 60.935124 390 0
2020 5 20.366833 6.1501346 461.6 79.488061 390 0
2020 6 25.486208 12.767383 512.7 106.848192 390 0
2020 7 28.307854 16.271635 503.7 98.2233791 390 0
2020 8 26.017565 14.272216 439.3 106.5018423 390 0
2020 9 23.664854 11.014254 346.6 59.661705 390 0
2020 10 15.073344 4.842312 255.1 130.4888487 390 0
2020 11 7.3498564 -0.7007336 163.1 101.637405 390 0
2020 12 1.1262956 -6.9301443 125 60.4158721 390 0
2021 1 -1.6894004 -10.480354 143.5 70.071439 390 0
2021 2 0.57554317 -11.600874 209.8 70.472498025 390 0
2021 3 5.453597 -5.300395 301.6 101.5337017 390 0
2021 4 13.525219 1.244539 391.2 40.88934 390 0
2021 5 19.729485 6.863132 461.6 103.0556529 390 0
2021 6 28.72318 16.372633 512.7 167.24241 390 0
2021 7 28.989264 16.761002 503.7 110.4612243 390 0
2021 8 27.404339 15.978304 439.3 89.4520872 390 0
2021 9 24.086613 11.475099 346.6 50.677071 390 0
2021 10 15.982721 5.720889 255.1 147.5877977 390 0
2021 11 9.344373 0.4103654 163.1 123.5904 390 0
2021 12 3.799043 -3.9556468 125 55.4870426 390 0
2022 1 0.34185466 -9.206511 143.5 30.6970959 390 0
2022 2 0.62236416 -11.024561 209.8 24.2441952 390 0
2022 3 5.786072 -3.4020169 301.6 68.1097497 390 0
2022 4 13.17233 1.7582798 391.2 75.964929 390 0
2022 5 21.898659 7.7121267 461.6 85.136106 390 0
2022 6 27.287903 14.418412 512.7 163.931652 390 0
2022 7 29.561193 16.595795 503.7 76.5666148 390 0
2022 8 24.357723 13.374153 439.3 154.4408003 390 0
2022 9 20.613115 10.033299 346.6 126.74157 390 0
2022 10 12.142725 2.2961795 255.1 59.2229952 390 0
2022 11 7.565211 -0.24698816 163.1 146.530911 390 0
2022 12 4.639033 -2.8360863 125 74.439804 390 0
2023 1 0.051954944 -9.383789 143.5 49.1980416 390 0
2023 2 -1.3831551 -13.385264 209.8 43.597041325 390 0
2023 3 0.8942914 -10.595299 301.6 55.6681818 390 0
2023 4 14.551753 3.1318438 391.2 113.7 390 0
2023 5 21.049927 7.4025702 461.6 56.2679853 390 0
2023 6 24.044598 11.34765 512.7 98.18949 390 0
2023 7 30.266808 17.794529 503.7 171.9123135 390 0
2023 8 26.98884 14.277182 439.3 75.598336 390 0
2023 9 20.686546 9.71124 346.6 158.13672 390 0
2023 10 16.259275 3.7638352 255.1 20.4166899 390 0
2023 11 11.55192 2.2130406 163.1 44.14926 390 0
2023 12 4.477519 -3.8434284 125 66.4781763 390 0
2024 1 -1.9107289 -12.560774 143.5 67.6107334 390 0
2024 2 2.1708052 -8.3455515 209.8 67.1344639 390 0
2024 3 7.179335 -3.20724 301.6 53.7039784 390 0
2024 4 14.349441 2.4956033 391.2 94.226232 390 0
2024 5 21.87607 7.9242663 461.6 122.9451661 390 0
2024 6 24.417435 13.050215 512.7 108.411978 390 0
2024 7 29.500854 17.261272 503.7 89.6596198 390 0
2024 8 28.236496 15.830568 439.3 121.2365794 390 0
2024 9 21.042782 8.751829 346.6 189.68154 390 0
2024 10 17.81651 5.9285083 255.1 56.5811101 390 0
2024 11 9.914213 0.51523525 163.1 69.391581 390 0
2024 12 -0.5901477 -11.727838 125 114.2604882 390 0
2025 1 -0.13045771 -9.641093 143.5 139.534813 390 0
2025 2 -0.999604 -12.923087 209.8 28.8415663 390 0
2025 3 3.0335217 -7.8077374 301.6 103.600605 390 0
2025 4 9.782733 -0.9688368 391.2 87.44976 390 0
2025 5 19.060234 7.309274 461.6 189.6679355 390 0
2025 6 25.182499 13.504796 512.7 157.710828 390 0
2025 7 28.635115 15.800333 503.7 101.2608707 390 0
2025 8 26.418503 14.570159 439.3 69.588521 390 0
2025 9 24.03032 12.931669 346.6 56.078091 390 0
2025 10 13.86391 3.2708707 255.1 104.1851627 390 0
2025 11 12.63782 3.1545959 163.1 96.349455 390 0
2025 12 8.340844 -0.88758725 125 94.5109896 390 0
2026 1 -2.1063535 -11.715551 143.5 28.6821579 390 0
2026 2 -1.5164967 -12.708698 209.8 55.106921875 390 0
2026 3 2.0819225 -7.4961886 301.6 35.1041954 390 0
2026 4 10.131342 0.126675 391.2 100.130295 390 0
2026 5 18.878792 7.5401673 461.6 91.368997 390 0
2026 6 27.13795 14.05823 512.7 54.280461 390 0
2026 7 28.02512 16.227596 503.7 151.961783 390 0
2026 8 27.450466 15.178302 439.3 129.749632 390 0
2026 9 21.971447 10.707951 346.6 96.103908 390 0
2026 10 12.995427 3.2178812 255.1 93.5290522 390 0
2026 11 8.348725 0.4243036 163.1 59.989977 390 0
2026 12 6.1188536 -1.7248318 125 141.324598 390 0
2027 1 -3.3036952 -12.336781 143.5 30.7058379 390 0
2027 2 0.65204567 -10.1022625 209.8 61.029088025 390 0
2027 3 3.7696347 -6.2199855 301.6 55.8278194 390 0
2027 4 14.330524 2.3772447 391.2 98.705121 390 0
2027 5 17.974358 6.605361 461.6 73.9338468 390 0
2027 6 26.266912 15.007414 512.7 226.351518 390 0
2027 7 28.917555 17.247139 503.7 120.1385315 390 0
2027 8 28.44104 15.501982 439.3 69.5599049 390 0
2027 9 22.86559 11.0246725 346.6 33.663426 390 0
2027 10 17.706476 5.874342 255.1 101.9901612 390 0
2027 11 8.103556 -0.055115256 163.1 125.779251 390 0
2027 12 1.0037339 -7.759469 125 41.7242578 390 0
2028 1 -5.7385945 -17.022896 143.5 47.7290291 390 0
2028 2 -1.4526502 -13.047106 209.8 58.872822025 390 0
2028 3 3.1759355 -4.8166075 301.6 85.2066217 390 0
2028 4 9.850583 -0.6857521 391.2 81.305622 390 0
2028 5 19.842127 7.417128 461.6 88.6956872 390 0
2028 6 25.570137 13.026238 512.7 93.000819 390 0
2028 7 30.863342 17.441763 503.7 74.6329154 390 0
2028 8 30.265097 17.864561 439.3 69.4707923 390 0
2028 9 29.090082 17.112633 346.6 102.293874 390 0
2028 10 21.227795 8.659315 255.1 127.4851254 390 0
2028 11 13.576467 3.4268475 163.1 114.076266 390 0
2028 12 3.758935 -4.388886 125 68.3070213 390 0
2029 1 -1.1782988 -10.172614 143.5 67.815507 390 0
2029 2 0.84916425 -10.699059 209.8 47.238398525 390 0
2029 3 5.6466613 -4.0275717 301.6 58.2156688 390 0
2029 4 14.585384 3.1185966 391.2 61.418109 390 0
2029 5 18.705294 7.3412313 461.6 113.1529977 390 0
2029 6 25.128769 13.476328 512.7 184.100532 390 0
2029 7 27.665659 15.638801 503.7 123.5426849 390 0
2029 8 26.143682 14.3583555 439.3 141.306742 390 0
2029 9 25.284325 13.011756 346.6 53.18004 390 0
2029 10 13.831457 2.6315217 255.1 79.2683857 390 0
2029 11 11.501502 1.3784826 163.1 69.746841 390 0
2029 12 5.579931 -1.5763551 125 86.0722905 390 0
2030 1 -2.775103 -12.315602 143.5 74.0659006 390 0
2030 2 0.54498404 -8.302787 209.8 61.23505595 390 0
2030 3 3.9796665 -6.2046585 301.6 88.23189 390 0
2030 4 14.912192 3.1854093 391.2 60.332394 390 0
2030 5 23.131788 10.1690235 461.6 122.7029724 390 0
2030 6 23.642912 12.795728 512.7 104.649225 390 0
2030 7 28.271706 16.552298 503.7 90.3706544 390 0
2030 8 25.830282 14.569484 439.3 106.7640744 390 0
2030 9 22.361877 11.382754 346.6 60.481854 390 0
2030 10 14.612025 6.0559607 255.1 204.0155322 390 0
2030 11 10.9622555 1.7784107 163.1 84.982395 390 0
2030 12 0.86834544 -7.3851123 125 131.5291126 390 0
2031 1 -4.8753667 -16.988197 143.5 94.3393395 390 0
2031 2 2.086391 -8.297844 209.8 63.006729275 390 0
2031 3 5.7715745 -3.6898131 301.6 66.2181855 390 0
2031 4 14.812114 3.544899 391.2 88.649589 390 0
2031 5 18.992266 8.111305 461.6 74.3740003 390 0
2031 6 27.16131 14.780739 512.7 90.765468 390 0
2031 7 28.546535 16.611917 503.7 81.4221262 390 0
2031 8 26.592827 14.309689 439.3 96.9783912 390 0
2031 9 22.382088 11.245978 346.6 132.49962 390 0
2031 10 15.197146 3.9287772 255.1 52.304843 390 0
2031 11 7.3889737 -1.0195729 163.1 131.79069 390 0
2031 12 2.5909293 -6.343237 125 224.3361655 390 0
2032 1 -1.351987 -12.978265 143.5 58.0299664 390 0
2032 2 1.7127498 -8.162031 209.8 51.157046425 390 0
2032 3 2.215316 -9.490118 301.6 31.8466472 390 0
2032 4 16.582722 5.82478 391.2 85.729443 390 0
2032 5 22.295872 8.707875 461.6 117.530734 390 0
2032 6 26.390179 13.767568 512.7 109.646286 390 0
2032 7 28.49236 16.615326 503.7 97.2066318 390 0
2032 8 28.885841 17.412128 439.3 93.6235929 390 0
2032 9 22.807245 10.04184 346.6 29.9390085 390 0
2032 10 15.480429 4.9325304 255.1 156.457434 390 0
2032 11 9.5647745 -0.35095096 163.1 98.416464 390 0
2032 12 4.59153 -3.6344707 125 128.164726 390 0
2033 1 0.76031286 -9.444561 143.5 36.8894761 390 0
2033 2 0.5785541 -10.65973 209.8 67.09496475 390 0
2033 3 7.058606 -3.3366868 301.6 52.8868711 390 0
2033 4 15.141465 4.4829803 391.2 80.29056 390 0
2033 5 23.843693 10.793358 461.6 93.5993354 390 0
2033 6 27.893059 15.090157 512.7 159.145602 390 0
2033 7 30.117863 16.437702 503.7 54.8034585 390 0
2033 8 27.014622 15.3906975 439.3 183.530044 390 0
2033 9 20.946093 8.44453 346.6 128.387718 390 0
2033 10 13.600873 2.936833 255.1 21.4528215 390 0
2033 11 8.659565 0.773158 163.1 101.06214 390 0
2033 12 5.057965 -2.3444695 125 169.6998373 390 0
2034 1 1.104981 -8.357806 143.5 134.3732944 390 0
2034 2 2.9749706 -8.603463 209.8 108.91880725 390 0
2034 3 8.339038 -3.2894158 301.6 44.3386676 390 0
2034 4 15.904831 4.074045 391.2 91.473807 390 0
2034 5 17.108862 7.4751754 461.6 196.001561 390 0
2034 6 29.493195 16.755222 512.7 143.519739 390 0
2034 7 28.286924 16.513174 503.7 148.588518 390 0
2034 8 28.83591 16.58631 439.3 98.2232706 390 0
2034 9 22.983917 10.694895 346.6 49.641756 390 0
2034 10 17.859705 7.374285 255.1 159.842169 390 0
2034 11 7.227426 -1.3310018 163.1 87.063774 390 0
2034 12 -0.34998927 -10.629759 125 118.35676 390 0
2035 1 1.9362309 -7.466489 143.5 158.484245 390 0
2035 2 1.9149593 -8.400444 209.8 59.293328925 390 0
2035 3 7.7846255 -2.508905 301.6 63.5931024 390 0
2035 4 16.799997 4.31643 391.2 73.634856 390 0
2035 5 20.79634 8.582916 461.6 181.4112095 390 0
2035 6 25.552967 14.433049 512.7 120.508575 390 0
2035 7 30.295956 17.498905 503.7 98.7062754 390 0
2035 8 28.414753 15.866356 439.3 55.8550343 390 0
2035 9 22.804134 9.929635 346.6 28.5732132 390 0
2035 10 16.183817 3.9392917 255.1 104.2460715 390 0
2035 11 11.867296 1.9802855 163.1 98.395086 390 0
2035 12 8.296837 -1.0579368 125 83.2999946 390 0
2036 1 6.428707 -0.9302995 143.5 107.2145168 390 0
2036 2 0.9055106 -9.020749 209.8 38.409087025 390 0
2036 3 6.9048824 -2.2921922 301.6 47.207668 390 0
2036 4 15.257443 3.261631 391.2 38.666517 390 0
2036 5 20.694695 10.341949 461.6 169.054098 390 0
2036 6 28.375116 16.128119 512.7 168.44445 390 0
2036 7 29.525412 17.373783 503.7 104.5414829 390 0
2036 8 27.413187 16.637676 439.3 164.9659048 390 0
2036 9 22.872696 10.116351 346.6 31.78935 390 0
2036 10 18.777267 7.3865743 255.1 90.8190632 390 0
2036 11 11.951865 2.5772033 163.1 94.910352 390 0
2036 12 5.260027 -2.8897648 125 120.839705 390 0
2037 1 2.6032953 -6.017377 143.5 62.9544404 390 0
2037 2 3.4986107 -6.659888 209.8 69.5726536 390 0
2037 3 6.7857924 -4.465949 301.6 62.3826764 390 0
2037 4 16.286331 4.777865 391.2 93.140265 390 0
2037 5 22.520718 9.9978695 461.6 106.1789246 390 0
2037 6 27.280901 15.349387 512.7 131.54835 390 0
2037 7 28.801027 16.516981 503.7 45.076883 390 0
2037 8 28.80656 16.6764 439.3 119.2321783 390 0
2037 9 22.548367 11.572404 346.6 125.282751 390 0
2037 10 18.988993 7.800898 255.1 137.219795 390 0
2037 11 8.0638485 0.3547705 163.1 128.84952 390 0
2037 12 4.515739 -3.6980033 125 69.3262517 390 0
2038 1 1.7626884 -10.026341 143.5 87.4517285 390 0
2038 2 2.0608218 -9.213676 209.8 71.884760725 390 0
2038 3 4.8767047 -6.4023128 301.6 40.0653021 390 0
2038 4 15.825547 3.2682028 391.2 55.475649 390 0
2038 5 22.171942 8.898356 461.6 111.2742458 390 0
2038 6 26.980343 14.088115 512.7 96.87999 390 0
2038 7 30.366148 17.502157 503.7 104.4103746 390 0
2038 8 29.135237 17.591621 439.3 163.811595 390 0
2038 9 22.251854 11.480244 346.6 106.968633 390 0
2038 10 15.4256525 5.0848145 255.1 143.926428 390 0
2038 11 8.15001 -0.48853052 163.1 82.480668 390 0
2038 12 5.3739986 -1.6453303 125 108.592163 390 0
2039 1 3.0010023 -5.9199615 143.5 240.9008946 390 0
2039 2 2.9044166 -7.032133 209.8 16.9513495025 390 0
2039 3 8.189529 -1.4937254 301.6 92.0421899 390 0
2039 4 15.59764 4.0302057 391.2 61.33632 390 0
2039 5 24.711054 11.788329 461.6 98.297652 390 0
2039 6 23.63624 12.010653 512.7 120.30504 390 0
2039 7 29.030983 16.269037 503.7 76.4645256 390 0
2039 8 26.232876 15.122693 439.3 156.8331974 390 0
2039 9 22.463455 12.584536 346.6 89.76366 390 0
2039 10 15.753725 4.9155216 255.1 74.6113766 390 0
2039 11 12.228402 1.7338923 163.1 158.613411 390 0
2039 12 5.325269 -2.8816457 125 133.5781134 390 0
2040 1 0.7283266 -8.1723385 143.5 63.986945 390 0
2040 2 1.9453719 -9.024369 209.8 29.3288336 390 0
2040 3 3.88208 -6.3714504 301.6 61.7199057 390 0
2040 4 13.3738165 2.0253386 391.2 82.4172 390 0
2040 5 19.567625 9.272899 461.6 151.323493 390 0
2040 6 28.122368 15.275149 512.7 119.32848 390 0
2040 7 28.128843 15.292815 503.7 92.2181738 390 0
2040 8 27.101143 15.61019 439.3 134.9095386 390 0
2040 9 25.759886 13.325617 346.6 50.083476 390 0
2040 10 19.018715 6.160212 255.1 62.8259206 390 0
2040 11 10.217068 -0.28577867 163.1 115.559964 390 0
2040 12 4.560095 -4.147296 125 38.1299194 390 0
2041 1 2.5252764 -6.40724 143.5 98.1838014 390 0
2041 2 0.44466892 -10.832871 209.8 53.6878029 390 0
2041 3 9.450399 -1.4297377 301.6 57.7179576 390 0
2041 4 14.943484 3.8075984 391.2 115.230273 390 0
2041 5 25.25727 11.802909 461.6 84.2739123 390 0
2041 6 27.872248 14.381524 512.7 61.0293 390 0
2041 7 30.37391 17.121347 503.7 71.389001 390 0
2041 8 30.117863 18.079678 439.3 63.7229924 390 0
2041 9 26.338686 13.343951 346.6 34.230282 390 0
2041 10 20.665718 8.395395 255.1 21.4127478 390 0
2041 11 6.032559 -2.7942367 163.1 32.483169 390 0
2041 12 4.2444124 -4.4825215 125 115.0457895 390 0
2042 1 3.5520394 -4.9850907 143.5 86.483614 390 0
2042 2 3.4723508 -7.195703 209.8 119.7946335 390 0
2042 3 9.654857 -0.26148602 301.6 77.6977304 390 0
2042 4 14.4447 3.5592082 391.2 168.91767 390 0
2042 5 21.326092 9.623255 461.6 154.051896 390 0
2042 6 25.782543 14.470443 512.7 209.696589 390 0
2042 7 31.725681 17.830847 503.7 65.0601805 390 0
2042 8 27.474463 15.260654 439.3 67.1496704 390 0
2042 9 25.090721 13.341488 346.6 178.542408 390 0
2042 10 20.318314 8.049025 255.1 130.3014134 390 0
2042 11 11.034435 0.99904203 163.1 37.635351 390 0
2042 12 2.4141874 -5.886298 125 31.495256 390 0
2043 1 -3.5273387 -15.21514 143.5 41.2642767 390 0
2043 2 0.7217301 -9.90022 209.8 54.789131975 390 0
2043 3 9.069897 -3.1930833 301.6 64.4117938 390 0
2043 4 15.469117 3.5876493 391.2 56.994246 390 0
2043 5 24.057045 10.414601 461.6 53.5848392 390 0
2043 6 26.70316 13.740107 512.7 112.308132 390 0
2043 7 28.827152 17.078257 503.7 81.8407874 390 0
2043 8 26.659369 14.956511 439.3 142.5822897 390 0
2043 9 23.609863 11.771665 346.6 45.30876 390 0
2043 10 18.547764 7.7767196 255.1 47.1616485 390 0
2043 11 10.760051 1.5756562 163.1 194.109579 390 0
2043 12 7.500404 -1.4128041 125 145.096647 390 0
2044 1 1.9864534 -5.1656885 143.5 81.459258 390 0
2044 2 3.8943462 -6.130893 209.8 127.92246925 390 0
2044 3 5.4444737 -4.685399 301.6 94.9705088 390 0
2044 4 14.776556 3.1194775 391.2 43.262721 390 0
2044 5 24.304192 10.70923 461.6 67.9381306 390 0
2044 6 28.197222 15.245803 512.7 99.71526 390 0
2044 7 29.120703 17.688437 503.7 155.206677 390 0
2044 8 29.366917 16.61782 439.3 84.9034293 390 0
2044 9 23.924212 12.705372 346.6 75.936942 390 0
2044 10 19.30026 7.245325 255.1 56.8843459 390 0
2044 11 9.476623 -0.061733343 163.1 95.851485 390 0
2044 12 3.9101846 -3.8175967 125 127.6593454 390 0
2045 1 1.3072786 -8.006605 143.5 74.3917385 390 0
2045 2 -1.087345 -12.925811 209.8 43.31812625 390 0
2045 3 9.356389 -0.92223316 301.6 92.1993444 390 0
2045 4 13.319361 2.2989197 391.2 101.030538 390 0
2045 5 23.449474 10.704426 461.6 172.403834 390 0
2045 6 24.71395 13.076391 512.7 78.796383 390 0
2045 7 29.350096 17.320854 503.7 68.1739476 390 0
2045 8 27.703873 15.678103 439.3 153.4279094 390 0
2045 9 23.038422 11.075197 346.6 124.255515 390 0
2045 10 20.588526 9.150115 255.1 39.2339348 390 0
2045 11 6.494803 -1.7564685 163.1 71.64339 390 0
2045 12 2.6279774 -5.9297123 125 43.049266 390 0
2046 1 1.1413159 -8.080571 143.5 32.0723303 390 0
2046 2 -0.5956852 -11.91028 209.8 36.904305575 390 0
2046 3 6.0029917 -5.009179 301.6 76.3115003 390 0
2046 4 15.193172 3.5475051 391.2 85.516926 390 0
2046 5 23.891977 9.783025 461.6 130.1851386 390 0
2046 6 27.814785 16.270367 512.7 115.735824 390 0
2046 7 29.773123 16.952372 503.7 45.9534855 390 0
2046 8 30.069178 17.54873 439.3 86.1059782 390 0
2046 9 26.457579 13.738209 346.6 84.76032 390 0
2046 10 20.21805 9.008028 255.1 195.8970197 390 0
2046 11 10.461764 1.0364084 163.1 55.515246 390 0
2046 12 1.2332523 -5.992377 125 116.8802641 390 0
2047 1 -0.9495249 -10.74514 143.5 22.1934425 390 0
2047 2 3.996068 -6.4494133 209.8 61.95998485 390 0
2047 3 10.064968 0.5690589 301.6 81.2902832 390 0
2047 4 15.898853 4.470832 391.2 98.928516 390 0
2047 5 20.516613 7.798644 461.6 38.7861677 390 0
2047 6 27.240019 15.277968 512.7 102.778158 390 0
2047 7 29.499676 18.016201 503.7 123.714769 390 0
2047 8 27.44774 16.220282 439.3 105.9963873 390 0
2047 9 29.168427 17.015482 346.6 48.908769 390 0
2047 10 16.582396 5.584561 255.1 47.4578411 390 0
2047 11 9.343711 0.100747846 163.1 80.368374 390 0
2047 12 1.4292926 -6.0557003 125 70.9958807 390 0
2048 1 -0.5395302 -11.531292 143.5 64.2248917 390 0
2048 2 0.85992754 -9.769879 209.8 42.61682 390 0
2048 3 6.2175584 -3.889944 301.6 82.4250568 390 0
2048 4 13.103146 2.6291285 391.2 90.601194 390 0
2048 5 23.921152 10.505011 461.6 79.3747653 390 0
2048 6 27.76244 15.102321 512.7 86.652726 390 0
2048 7 30.664076 17.985277 503.7 93.112561 390 0
2048 8 29.081493 16.780613 439.3 84.4037775 390 0
2048 9 24.61221 14.116932 346.6 93.566166 390 0
2048 10 16.438755 5.6813717 255.1 94.5463327 390 0
2048 11 9.121211 -0.116645604 163.1 100.49511 390 0
2048 12 6.0901847 -0.8298637 125 104.0787242 390 0
2049 1 2.5757627 -5.9708395 143.5 85.7198143 390 0
2049 2 1.8709831 -7.334483 209.8 46.13818815 390 0
2049 3 10.036474 0.14423658 301.6 66.1099087 390 0
2049 4 16.575994 5.0768256 391.2 133.39476 390 0
2049 5 20.502083 8.483853 461.6 81.3545555 390 0
2049 6 29.489819 16.839539 512.7 67.925757 390 0
2049 7 29.475752 17.873932 503.7 130.7803324 390 0
2049 8 29.045967 16.598188 439.3 58.1628944 390 0
2049 9 23.633863 11.688683 346.6 53.457237 390 0
2049 10 18.644348 7.7830343 255.1 114.7866822 390 0
2049 11 8.360996 -0.8257875 163.1 118.362135 390 0
2049 12 5.5268383 -1.7409778 125 171.650875 390 0
2050 1 2.2731636 -6.2698298 143.5 211.4446915 390 0
2050 2 -1.2079313 -10.50953 209.8 50.41426635 390 0
2050 3 4.416626 -6.296636 301.6 100.8714921 390 0
2050 4 15.257377 3.0868602 391.2 75.179709 390 0
2050 5 24.392048 9.667956 461.6 66.99689 390 0
2050 6 26.568415 14.436763 512.7 70.669449 390 0
2050 7 31.84211 18.821272 503.7 72.4984166 390 0
2050 8 29.41136 17.568237 439.3 143.676444 390 0
2050 9 24.929804 14.62191 346.6 134.17203 390 0
2050 10 18.789534 6.052359 255.1 44.3644441 390 0
2050 11 7.230822 -1.1042196 163.1 114.997071 390 0
2050 12 4.5131598 -4.042098 125 119.8317772 390 0
2051 1 3.8834047 -5.184225 143.5 214.258732 390 0
2051 2 1.8743526 -9.134862 209.8 48.255353325 390 0
2051 3 4.819554 -5.798731 301.6 33.6939558 390 0
2051 4 16.469246 4.9067407 391.2 70.05942 390 0
2051 5 24.480896 10.880882 461.6 36.1582357 390 0
2051 6 28.46552 15.803084 512.7 98.099349 390 0
2051 7 30.766956 18.086725 503.7 75.0950293 390 0
2051 8 28.214857 17.071793 439.3 177.4864545 390 0
2051 9 24.013542 13.40538 346.6 78.19203 390 0
2051 10 17.796349 6.7004647 255.1 55.4293485 390 0
2051 11 6.97633 -1.1604608 163.1 84.922242 390 0
2051 12 6.923892 -0.73708797 125 85.354842 390 0
2052 1 1.7466007 -7.3461676 143.5 55.9588998 390 0
2052 2 3.1057487 -6.202811 209.8 63.3286013 390 0
2052 3 6.136522 -4.6777835 301.6 83.4305573 390 0
2052 4 12.239769 2.4788005 391.2 96.427218 390 0
2052 5 25.4558 11.001462 461.6 76.8573762 390 0
2052 6 25.580383 13.264491 512.7 113.215098 390 0
2052 7 30.137665 17.714327 503.7 167.320857 390 0
2052 8 28.266203 16.605228 439.3 114.9666465 390 0
2052 9 23.597437 11.251258 346.6 102.093564 390 0
2052 10 19.897242 8.182875 255.1 77.903589 390 0
2052 11 10.374086 1.0356696 163.1 127.08336 390 0
2052 12 2.5338616 -4.724872 125 101.653991 390 0
2053 1 -1.9769778 -12.428701 143.5 21.84111014 390 0
2053 2 0.14753282 -10.725836 209.8 58.57526195 390 0
2053 3 7.9607563 -2.2127352 301.6 80.5992963 390 0
2053 4 16.435923 5.935844 391.2 86.54964 390 0
2053 5 20.195517 8.302704 461.6 88.018889 390 0
2053 6 29.750023 17.137465 512.7 130.183725 390 0
2053 7 30.064894 18.341038 503.7 134.045891 390 0
2053 8 28.872633 17.07323 439.3 101.2861264 390 0
2053 9 23.573338 12.303917 346.6 83.301108 390 0
2053 10 18.037079 6.512131 255.1 53.9997308 390 0
2053 11 9.990963 0.3982176 163.1 68.367327 390 0
2053 12 6.5367503 -1.7076831 125 118.1966729 390 0
2054 1 2.0447984 -6.748967 143.5 79.621485 390 0
2054 2 6.6385107 -3.598975 209.8 70.30100075 390 0
2054 3 10.842129 1.5642443 301.6 108.7349087 390 0
2054 4 16.645628 5.287151 391.2 73.123578 390 0
2054 5 25.43508 11.933995 461.6 104.100604 390 0
2054 6 28.234701 16.65215 512.7 162.80496 390 0
2054 7 31.382956 19.262451 503.7 117.9904485 390 0
2054 8 30.143179 17.786654 439.3 129.1100307 390 0
2054 9 29.243889 16.832222 346.6 161.16489 390 0
2054 10 18.281933 6.7345576 255.1 21.44123773 390 0
2054 11 13.645915 2.844884 163.1 51.594909 390 0
2054 12 7.262501 -0.99690753 125 99.2950925 390 0
2055 1 1.6169561 -6.879525 143.5 75.1646057 390 0
2055 2 0.79808486 -10.322043 209.8 62.140652075 390 0
2055 3 5.630733 -5.5084476 301.6 77.5567765 390 0
2055 4 17.608747 5.695113 391.2 82.474128 390 0
2055 5 21.338247 8.446193 461.6 39.621286 390 0
2055 6 27.67666 15.355637 512.7 100.419831 390 0
2055 7 31.89904 19.283657 503.7 136.0810224 390 0
2055 8 29.113083 17.548796 439.3 153.251073 390 0
2055 9 24.405212 11.815087 346.6 88.35312 390 0
2055 10 18.81659 8.481579 255.1 82.9645033 390 0
2055 11 13.556231 2.9724197 163.1 89.143866 390 0
2055 12 10.369038 0.8792804 125 105.0108539 390 0
2056 1 2.9598866 -6.2486734 143.5 114.2912154 390 0
2056 2 2.1788797 -7.287089 209.8 41.16485475 390 0
2056 3 8.113333 -1.9105794 301.6 79.0613274 390 0
2056 4 14.92981 4.1577044 391.2 87.854382 390 0
2056 5 21.056337 8.22566 461.6 48.7153344 390 0
2056 6 29.078707 16.435785 512.7 151.06284 390 0
2056 7 31.588638 18.287445 503.7 65.1922963 390 0
2056 8 32.400803 19.63652 439.3 68.450728 390 0
2056 9 28.186878 14.325023 346.6 39.38061 390 0
2056 10 14.274309 4.7845697 255.1 129.407237 390 0
2056 11 11.283888 2.110081 163.1 114.664428 390 0
2056 12 6.861537 -1.2434514 125 118.3086015 390 0
2057 1 3.259414 -5.3081775 143.5 23.99996223 390 0
2057 2 2.3375697 -8.460616 209.8 117.6419835 390 0
2057 3 9.342656 -1.2232724 301.6 100.9503685 390 0
2057 4 15.726307 5.4059243 391.2 117.328749 390 0
2057 5 20.801628 9.066444 461.6 72.6778105 390 0
2057 6 30.765905 18.00537 512.7 103.186161 390 0
2057 7 34.22773 20.926754 503.7 82.5367963 390 0
2057 8 31.48658 18.69065 439.3 150.3720503 390 0
2057 9 24.976755 14.301657 346.6 154.306899 390 0
2057 10 18.858734 8.626541 255.1 53.2726537 390 0
2057 11 14.2411995 3.7733192 163.1 116.227275 390 0
2057 12 6.087602 -4.534751 125 113.376424 390 0
2058 1 3.1406016 -5.4091606 143.5 98.723871 390 0
2058 2 3.7427485 -6.7051 209.8 130.18506825 390 0
2058 3 10.369569 -0.8373602 301.6 44.397828 390 0
2058 4 16.037834 4.7145886 391.2 83.341986 390 0
2058 5 24.044796 11.829706 461.6 150.33357 390 0
2058 6 27.27835 15.706785 512.7 107.86524 390 0
2058 7 31.202187 18.490608 503.7 67.3468893 390 0
2058 8 29.16924 17.17464 439.3 68.9476363 390 0
2058 9 26.851625 15.02808 346.6 84.986766 390 0
2058 10 17.53931 6.0504737 255.1 97.7391839 390 0
2058 11 12.705633 2.0950809 163.1 85.026804 390 0
2058 12 1.853464 -7.16377 125 84.5448647 390 0
2059 1 6.7131677 -2.9229963 143.5 154.6346495 390 0
2059 2 5.247282 -4.5952997 209.8 18.5984092525 390 0
2059 3 6.2596774 -3.785939 301.6 83.7315456 390 0
2059 4 17.536999 5.1882873 391.2 58.883547 390 0
2059 5 23.023916 10.417596 461.6 42.4264636 390 0
2059 6 26.13004 14.4054985 512.7 292.07181 390 0
2059 7 31.956133 18.795925 503.7 97.8824876 390 0
2059 8 29.9326 18.50615 439.3 166.41017 390 0
2059 9 27.761003 15.376246 346.6 69.405585 390 0
2059 10 20.23587 7.9769826 255.1 90.274635 390 0
2059 11 12.987969 2.7480044 163.1 116.966322 390 0
2059 12 7.2782106 -1.2083766 125 118.41163 390 0
2060 1 4.3596845 -3.9210932 143.5 67.704651 390 0
2060 2 5.5343256 -3.5664682 209.8 66.816456475 390 0
2060 3 7.8226986 -3.2111745 301.6 88.565636 390 0
2060 4 18.4764 6.84932 391.2 84.05808 390 0
2060 5 22.927769 10.128609 461.6 59.7648039 390 0
2060 6 26.635592 14.683136 512.7 93.248742 390 0
2060 7 32.20119 19.065567 503.7 82.4772608 390 0
2060 8 32.90374 18.90076 439.3 31.892304 390 0
2060 9 25.569832 14.406121 346.6 174.75345 390 0
2060 10 20.031948 8.675885 255.1 61.3192617 390 0
2060 11 9.662525 0.23227514 163.1 117.44691 390 0
2060 12 5.223593 -2.3857543 125 120.2637002 390 0
2061 1 3.7583203 -4.2381926 143.5 96.188412 390 0
2061 2 5.462143 -4.1465654 209.8 68.600353575 390 0
2061 3 7.9977593 -3.0596282 301.6 73.2836342 390 0
2061 4 16.891973 5.654462 391.2 142.893492 390 0
2061 5 26.248806 14.034153 461.6 109.2149964 390 0
2061 6 29.507397 16.735275 512.7 189.737679 390 0
2061 7 34.634502 20.340944 503.7 60.6116061 390 0
2061 8 33.460167 20.39896 439.3 70.6810416 390 0
2061 9 28.030247 15.270161 346.6 80.898837 390 0
2061 10 21.330427 9.177827 255.1 71.5342484 390 0
2061 11 15.378272 5.032272 163.1 80.981268 390 0
2061 12 4.0358195 -3.1315815 125 31.8018987 390 0
2062 1 0.21008492 -9.173503 143.5 36.0873015 390 0
2062 2 3.497841 -7.360838 209.8 63.969879125 390 0
2062 3 8.2753935 -1.7746744 301.6 68.6741853 390 0
2062 4 17.281218 5.3262696 391.2 102.709593 390 0
2062 5 26.011736 13.205817 461.6 104.472542 390 0
2062 6 27.805296 16.084991 512.7 152.654385 390 0
2062 7 34.008835 20.042202 503.7 74.7926553 390 0
2062 8 32.76032 19.543379 439.3 66.7954861 390 0
2062 9 25.507204 13.58018 346.6 59.185017 390 0
2062 10 19.53287 7.151866 255.1 54.71872 390 0
2062 11 12.347638 2.406449 163.1 62.8236 390 0
2062 12 6.070539 -0.7530545 125 75.0645625 390 0
2063 1 4.019956 -3.7605767 143.5 135.234927 390 0
2063 2 2.6066735 -8.015935 209.8 86.797754925 390 0
2063 3 11.003347 0.28114837 301.6 79.2546992 390 0
2063 4 17.0088 5.2548156 391.2 89.38617 390 0
2063 5 22.779312 11.032637 461.6 131.5113465 390 0
2063 6 29.986443 17.344381 512.7 111.28236 390 0
2063 7 33.693317 20.157394 503.7 50.8947491 390 0
2063 8 31.709959 19.543093 439.3 179.6710493 390 0
2063 9 28.782885 15.822677 346.6 111.70335 390 0
2063 10 18.501871 7.918441 255.1 209.760787 390 0
2063 11 12.9296465 3.302053 163.1 119.093979 390 0
2063 12 8.978944 0.554514 125 89.5291594 390 0
2064 1 3.991369 -4.151034 143.5 62.1315144 390 0
2064 2 1.6857446 -9.35545 209.8 16.8330563 390 0
2064 3 9.197529 -2.4734228 301.6 53.5467805 390 0
2064 4 15.598686 3.9221587 391.2 98.55279 390 0
2064 5 19.424059 9.844425 461.6 113.8209423 390 0
2064 6 29.416233 16.517838 512.7 66.0288 390 0
2064 7 32.662746 19.390085 503.7 96.9204336 390 0
2064 8 31.744701 18.608896 439.3 74.3081346 390 0
2064 9 24.970583 11.225346 346.6 70.250181 390 0
2064 10 16.009787 5.926915 255.1 115.2159206 390 0
2064 11 8.626299 -0.1753043 163.1 114.28611 390 0
2064 12 6.296919 -1.7276775 125 72.2634645 390 0
2065 1 4.0829434 -4.527153 143.5 54.250155 390 0
2065 2 6.300741 -4.0027184 209.8 64.32265665 390 0
2065 3 9.4748 -1.1694553 301.6 84.2634002 390 0
2065 4 16.138308 5.0114775 391.2 106.430175 390 0
2065 5 25.973204 13.058366 461.6 40.097632 390 0
2065 6 28.897951 15.9235935 512.7 99.657525 390 0
2065 7 34.46594 21.148602 503.7 106.468136 390 0
2065 8 31.715376 18.187225 439.3 50.4274861 390 0
2065 9 26.936996 13.397526 346.6 67.197819 390 0
2065 10 21.933945 9.787396 255.1 80.2218217 390 0
2065 11 12.19171 3.0153363 163.1 98.068971 390 0
2065 12 6.365542 -1.6622365 125 147.110779 390 0
2066 1 4.0344243 -4.5863867 143.5 116.5009915 390 0
2066 2 2.6663442 -7.4990087 209.8 56.453232125 390 0
2066 3 7.0450444 -3.196153 301.6 66.9734974 390 0
2066 4 16.1155 4.0712633 391.2 62.199219 390 0
2066 5 22.351103 9.044457 461.6 91.2962617 390 0
2066 6 28.727953 16.16324 512.7 181.2309 390 0
2066 7 33.904976 20.775642 503.7 52.6045541 390 0
2066 8 32.29095 19.343958 439.3 139.279652 390 0
2066 9 27.649244 15.373627 346.6 95.53743 390 0
2066 10 21.404528 9.365965 255.1 69.3700237 390 0
2066 11 8.648528 0.2122165 163.1 156.734475 390 0
2066 12 6.455368 -1.5136628 125 67.6932554 390 0
2067 1 0.6476146 -9.735751 143.5 36.8565882 390 0
2067 2 5.9095325 -3.703646 209.8 83.348412975 390 0
2067 3 12.441205 1.0976111 301.6 100.9796294 390 0
2067 4 16.100895 5.033409 391.2 158.88288 390 0
2067 5 21.370579 10.18458 461.6 113.9157682 390 0
2067 6 29.988424 17.841833 512.7 101.48937 390 0
2067 7 33.46407 20.219604 503.7 136.7079416 390 0
2067 8 30.665504 18.958973 439.3 106.4208951 390 0
2067 9 25.386965 14.058461 346.6 67.421688 390 0
2067 10 19.421715 9.516539 255.1 113.4176447 390 0
2067 11 10.100554 1.4878644 163.1 45.53691 390 0
2067 12 6.529752 -1.5999599 125 68.8685832 390 0
2068 1 6.3092303 -2.584093 143.5 48.1025388 390 0
2068 2 5.781604 -3.8213606 209.8 84.0496938 390 0
2068 3 8.166178 -2.8071628 301.6 93.3224992 390 0
2068 4 18.020082 6.460264 391.2 103.29345 390 0
2068 5 24.867998 11.6425705 461.6 51.9765406 390 0
2068 6 28.245058 15.859696 512.7 148.399845 390 0
2068 7 36.798542 22.865108 503.7 44.5866676 390 0
2068 8 31.29557 19.318485 439.3 133.7677373 390 0
2068 9 26.888388 15.58224 346.6 86.931009 390 0
2068 10 19.780544 8.01075 255.1 61.1260914 390 0
2068 11 9.421877 0.58546865 163.1 106.176573 390 0
2068 12 5.942104 -2.1664162 125 34.4443821 390 0
2069 1 0.45325968 -9.234781 143.5 24.11161214 390 0
2069 2 2.1431146 -7.545676 209.8 54.3352364 390 0
2069 3 9.542182 -1.4055774 301.6 62.2247903 390 0
2069 4 18.250929 6.5270033 391.2 69.628974 390 0
2069 5 22.66379 10.599902 461.6 183.7606375 390 0
2069 6 26.426722 15.877098 512.7 125.29803 390 0
2069 7 32.415447 20.402147 503.7 90.7966378 390 0
2069 8 31.733767 19.522552 439.3 131.579531 390 0
2069 9 27.475769 15.410849 346.6 58.989357 390 0
2069 10 22.56585 10.548123 255.1 70.4158893 390 0
2069 11 12.489316 1.730548 163.1 85.978869 390 0
2069 12 7.113549 0.5565083 125 104.0341214 390 0
2070 1 4.098211 -4.1994042 143.5 47.9497429 390 0
2070 2 4.728781 -5.5153866 209.8 98.4653298 390 0
2070 3 9.625116 -1.5182219 301.6 133.248757 390 0
2070 4 15.791908 4.972669 391.2 74.614557 390 0
2070 5 20.88534 9.73643 461.6 142.3847856 390 0
2070 6 28.925398 16.425062 512.7 111.817869 390 0
2070 7 33.80258 21.32649 503.7 91.2971917 390 0
2070 8 33.048508 20.691082 439.3 93.1933346 390 0
2070 9 26.179495 13.84275 346.6 152.766681 390 0
2070 10 18.134626 7.9839683 255.1 140.7682317 390 0
2070 11 13.441051 3.4855149 163.1 79.440186 390 0
2070 12 5.0706043 -2.9898493 125 69.885935 390 0
2071 1 4.169745 -4.478589 143.5 138.8390707 390 0
2071 2 6.4010115 -3.2094395 209.8 125.0384098 390 0
2071 3 13.234255 2.3250606 301.6 96.776265 390 0
2071 4 17.533749 5.37946 391.2 65.218779 390 0
2071 5 25.957867 12.183858 461.6 110.2053937 390 0
2071 6 27.992872 16.656868 512.7 147.10326 390 0
2071 7 35.436535 21.612123 503.7 61.8516619 390 0
2071 8 34.524685 22.12863 439.3 128.1684956 390 0
2071 9 28.985283 16.490732 346.6 53.450532 390 0
2071 10 23.342026 11.799414 255.1 106.4497809 390 0
2071 11 9.821291 1.0030515 163.1 84.48594 390 0
2071 12 3.5410235 -3.8348691 125 67.1834325 390 0
2072 1 3.48025 -5.1197066 143.5 127.2766256 390 0
2072 2 5.4528766 -5.0494933 209.8 80.96425705 390 0
2072 3 5.998272 -5.8288403 301.6 64.1105513 390 0
2072 4 16.701035 5.905703 391.2 102.360456 390 0
2072 5 24.323153 11.390836 461.6 82.7070762 390 0
2072 6 32.742832 18.516449 512.7 91.470696 390 0
2072 7 34.119766 21.624075 503.7 107.5502313 390 0
2072 8 33.813972 21.355896 439.3 151.705568 390 0
2072 9 26.589312 15.456041 346.6 101.103009 390 0
2072 10 18.457724 9.370586 255.1 193.0458753 390 0
2072 11 14.77241 4.7572775 163.1 91.162833 390 0
2072 12 8.45881 1.640854 125 119.082842 390 0
2073 1 3.368866 -4.627429 143.5 45.6993165 390 0
2073 2 5.5749288 -5.506467 209.8 20.284158225 390 0
2073 3 6.329629 -3.8072457 301.6 100.4244504 390 0
2073 4 18.956825 7.486955 391.2 88.889988 390 0
2073 5 24.255926 10.937225 461.6 65.8897684 390 0
2073 6 30.309546 16.996136 512.7 56.297106 390 0
2073 7 33.641144 21.03237 503.7 92.7520775 390 0
2073 8 35.035336 22.347328 439.3 131.138091 390 0
2073 9 28.458496 17.420427 346.6 143.39943 390 0
2073 10 19.744648 8.794262 255.1 104.8726497 390 0
2073 11 13.886591 4.967993 163.1 126.07887 390 0
2073 12 4.8604946 -2.455509 125 173.757108 390 0
2074 1 5.1064453 -3.2103956 143.5 124.300235 390 0
2074 2 5.8808885 -4.072835 209.8 38.702723175 390 0
2074 3 8.36574 -2.4821322 301.6 96.3553408 390 0
2074 4 16.934378 5.1094084 391.2 65.108649 390 0
2074 5 26.725708 13.870948 461.6 110.6167823 390 0
2074 6 28.04951 16.948936 512.7 174.485535 390 0
2074 7 35.26674 22.253662 503.7 121.1874816 390 0
2074 8 32.63799 20.564337 439.3 91.6296915 390 0
2074 9 29.831087 18.056265 346.6 105.449001 390 0
2074 10 23.07978 10.802672 255.1 70.2067633 390 0
2074 11 15.518408 6.2402925 163.1 90.00591 390 0
2074 12 10.583857 2.118711 125 121.521116 390 0
2075 1 2.9228137 -4.8687706 143.5 115.5193796 390 0
2075 2 4.242631 -5.0310645 209.8 130.65340805 390 0
2075 3 8.777595 -1.7732747 301.6 61.5323774 390 0
2075 4 19.786623 8.464716 391.2 90.356025 390 0
2075 5 23.88503 12.586304 461.6 101.2715068 390 0
2075 6 28.201807 16.32049 512.7 86.517699 390 0
2075 7 34.181274 21.664408 503.7 96.5384826 390 0
2075 8 32.18684 20.596039 439.3 144.0350303 390 0
2075 9 27.556107 16.16968 346.6 129.800349 390 0
2075 10 20.68515 8.928346 255.1 25.76298896 390 0
2075 11 11.966351 2.8979354 163.1 68.693211 390 0
2075 12 8.910036 2.2510552 125 120.3159383 390 0
2076 1 2.9064884 -6.812155 143.5 52.7623286 390 0
2076 2 8.818716 -0.39062622 209.8 66.6949052 390 0
2076 3 9.89356 0.39048243 301.6 87.0740648 390 0
2076 4 17.884102 6.246371 391.2 86.573361 390 0
2076 5 26.099037 13.446224 461.6 129.627647 390 0
2076 6 28.58583 16.592426 512.7 95.074668 390 0
2076 7 34.257614 20.982698 503.7 70.802264 390 0
2076 8 36.098377 22.711237 439.3 55.4998146 390 0
2076 9 31.102253 18.173534 346.6 68.42454 390 0
2076 10 23.48998 11.152567 255.1 45.4883274 390 0
2076 11 12.20174 2.7394345 163.1 103.795794 390 0
2076 12 8.660308 0.6674361 125 139.5831327 390 0
2077 1 2.0619526 -5.274448 143.5 45.7632292 390 0
2077 2 6.6051097 -2.7980833 209.8 63.2285285 390 0
2077 3 8.527618 -2.577225 301.6 21.38524026 390 0
2077 4 19.71403 8.559126 391.2 102.494601 390 0
2077 5 26.112288 12.805737 461.6 66.3599888 390 0
2077 6 32.73648 19.38263 512.7 60.643896 390 0
2077 7 33.403786 22.245405 503.7 195.990742 390 0
2077 8 32.428 20.316612 439.3 124.9890457 390 0
2077 9 27.652384 16.898134 346.6 129.30045 390 0
2077 10 24.466427 12.64142 255.1 39.973818 390 0
2077 11 13.621375 4.4361444 163.1 146.098995 390 0
2077 12 8.426847 0.36806098 125 97.7411555 390 0
2078 1 4.063925 -3.8592985 143.5 139.9498286 390 0
2078 2 8.721495 -0.4787384 209.8 154.849711025 390 0
2078 3 11.365116 0.20789701 301.6 21.74048197 390 0
2078 4 19.8591 7.5953174 391.2 64.967421 390 0
2078 5 24.33056 12.781829 461.6 138.584198 390 0
2078 6 29.46065 17.527815 512.7 106.204362 390 0
2078 7 37.510876 23.120724 503.7 46.1978864 390 0
2078 8 33.890263 21.321741 439.3 120.9176018 390 0
2078 9 29.493567 17.888597 346.6 88.18125 390 0
2078 10 18.45744 8.778148 255.1 59.2960808 390 0
2078 11 15.934628 5.241946 163.1 76.680285 390 0
2078 12 8.967074 1.0389315 125 139.3831176 390 0
2079 1 5.145954 -3.2963936 143.5 87.7501686 390 0
2079 2 8.614628 -1.2059263 209.8 71.47453965 390 0
2079 3 12.28613 2.0068016 301.6 86.0629936 390 0
2079 4 17.460785 6.4071584 391.2 126.30255 390 0
2079 5 21.413029 11.142479 461.6 119.6150593 390 0
2079 6 31.740078 19.670988 512.7 61.25577 390 0
2079 7 34.88496 21.545702 503.7 103.6195305 390 0
2079 8 31.77704 19.657246 439.3 97.1255978 390 0
2079 9 31.139868 18.25978 346.6 54.486927 390 0
2079 10 24.769682 12.68033 255.1 67.4183164 390 0
2079 11 15.184489 5.8429837 163.1 107.500776 390 0
2079 12 5.4221587 -5.007479 125 68.495461 390 0
2080 1 5.994469 -2.7835383 143.5 62.8983428 390 0
2080 2 8.190004 -0.41445142 209.8 78.166622825 390 0
2080 3 10.143764 -0.024613064 301.6 101.9578623 390 0
2080 4 20.38501 8.81003 391.2 112.048158 390 0
2080 5 25.232872 12.316548 461.6 70.2060968 390 0
2080 6 30.702402 18.706024 512.7 183.07086 390 0
2080 7 38.267128 23.188192 503.7 69.2542883 390 0
2080 8 35.24608 21.77083 439.3 105.1839207 390 0
2080 9 27.474533 16.71796 346.6 155.787678 390 0
2080 10 21.78761 9.198258 255.1 24.38970694 390 0
2080 11 14.729481 3.7884912 163.1 127.337622 390 0
2080 12 8.927562 0.73927283 125 97.4154664 390 0
2081 1 4.222181 -3.9915059 143.5 57.6001793 390 0
2081 2 5.5373645 -3.7271404 209.8 64.7412482 390 0
2081 3 9.352604 -1.0643107 301.6 73.6266926 390 0
2081 4 20.773882 9.006068 391.2 58.04199 390 0
2081 5 24.209234 12.22486 461.6 113.139801 390 0
2081 6 30.929438 17.679815 512.7 55.698309 390 0
2081 7 36.23635 23.591164 503.7 138.872157 390 0
2081 8 33.62611 21.664013 439.3 129.379833 390 0
2081 9 27.954863 16.541525 346.6 66.659631 390 0
2081 10 23.023075 11.045416 255.1 94.9764205 390 0
2081 11 11.861704 2.4031978 163.1 87.96441 390 0
2081 12 9.258655 2.0722635 125 122.6808818 390 0
2082 1 5.433981 -2.343451 143.5 66.1088423 390 0
2082 2 6.03589 -2.5172927 209.8 68.452123 390 0
2082 3 7.038275 -4.534962 301.6 89.0038985 390 0
2082 4 19.603329 8.637254 391.2 92.348334 390 0
2082 5 23.371952 11.50317 461.6 107.4581396 390 0
2082 6 30.93141 18.771793 512.7 232.142085 390 0
2082 7 35.973587 23.40818 503.7 91.6643402 390 0
2082 8 34.53813 21.821651 439.3 69.31848 390 0
2082 9 31.205387 19.512564 346.6 124.75338 390 0
2082 10 22.587011 10.446589 255.1 51.7959563 390 0
2082 11 16.093525 6.273659 163.1 159.367518 390 0
2082 12 8.118596 -0.20401584 125 79.279493 390 0
2083 1 4.6349134 -3.5072806 143.5 137.951674 390 0
2083 2 5.109891 -4.233899 209.8 80.40235325 390 0
2083 3 9.013588 -1.8960222 301.6 87.4524508 390 0
2083 4 19.57933 8.688965 391.2 108.44877 390 0
2083 5 23.659685 11.447267 461.6 117.7610702 390 0
2083 6 28.613117 18.023981 512.7 237.690798 390 0
2083 7 36.812325 22.977955 503.7 57.0788895 390 0
2083 8 35.16806 22.784237 439.3 98.524169 390 0
2083 9 25.322577 14.188288 346.6 146.75553 390 0
2083 10 18.66401 8.45066 255.1 90.883506 390 0
2083 11 11.225646 1.9411212 163.1 97.833501 390 0
2083 12 8.712276 1.2172065 125 117.006524 390 0
2084 1 4.4841223 -3.5510993 143.5 99.2187829 390 0
2084 2 6.992285 -4.155673 209.8 86.2372608 390 0
2084 3 10.598662 0.6618974 301.6 63.8821557 390 0
2084 4 15.64277 5.1232944 391.2 81.882498 390 0
2084 5 20.745014 8.43914 461.6 125.6468285 390 0
2084 6 31.070808 18.19845 512.7 101.51553 390 0
2084 7 37.32468 23.377436 503.7 53.0915424 390 0
2084 8 36.12649 23.116478 439.3 123.369708 390 0
2084 9 27.518713 15.41287 346.6 89.929419 390 0
2084 10 22.84054 10.956867 255.1 107.4469052 390 0
2084 11 13.471902 3.4672778 163.1 107.726061 390 0
2084 12 10.742943 2.6513119 125 135.9690783 390 0
2085 1 8.118303 -0.13243048 143.5 75.6007323 390 0
2085 2 4.975878 -3.481525 209.8 59.82812685 390 0
2085 3 11.559795 1.9911227 301.6 69.138897 390 0
2085 4 18.162348 8.018657 391.2 99.540225 390 0
2085 5 25.71303 12.754097 461.6 90.1234015 390 0
2085 6 30.596321 18.890184 512.7 130.222305 390 0
2085 7 37.52528 23.848585 503.7 109.2977447 390 0
2085 8 36.01887 22.972347 439.3 98.5405556 390 0
2085 9 27.733679 15.000074 346.6 130.934271 390 0
2085 10 19.27613 8.697059 255.1 58.3898857 390 0
2085 11 15.060979 4.8661046 163.1 71.880798 390 0
2085 12 3.8770068 -2.942599 125 76.7959497 390 0
2086 1 2.120009 -5.5669446 143.5 86.6873677 390 0
2086 2 7.1568503 -1.0488858 209.8 70.870879525 390 0
2086 3 8.543874 -0.48318347 301.6 83.2726557 390 0
2086 4 18.015968 7.3001904 391.2 83.713068 390 0
2086 5 20.870901 11.056224 461.6 110.6625042 390 0
2086 6 31.681864 19.071938 512.7 145.56516 390 0
2086 7 35.71931 23.569899 503.7 128.1647105 390 0
2086 8 35.718353 22.984869 439.3 137.8586864 390 0
2086 9 31.214554 19.183506 346.6 69.917058 390 0
2086 10 22.750175 12.319317 255.1 307.973778 390 0
2086 11 11.5967045 2.1159692 163.1 77.50485 390 0
2086 12 8.172879 0.055600524 125 269.966166 390 0
2087 1 2.8932428 -6.6786094 143.5 135.344419 390 0
2087 2 5.7159944 -3.0194688 209.8 72.831099 390 0
2087 3 9.152009 -1.5927246 301.6 55.580954 390 0
2087 4 19.640215 8.709193 391.2 112.761396 390 0
2087 5 21.476254 10.339407 461.6 79.5866069 390 0
2087 6 31.961329 19.192045 512.7 122.710218 390 0
2087 7 35.841087 22.929201 503.7 88.8713332 390 0
2087 8 34.426434 22.307922 439.3 156.1453663 390 0
2087 9 33.26627 20.576452 346.6 45.803643 390 0
2087 10 27.015274 15.234207 255.1 70.9891413 390 0
2087 11 14.7753525 4.4136524 163.1 84.833163 390 0
2087 12 4.356486 -2.1034312 125 55.4136005 390 0
2088 1 3.5716622 -3.6925232 143.5 35.6846177 390 0
2088 2 3.9273078 -5.715892 209.8 88.842973 390 0
2088 3 10.767639 0.6900699 301.6 88.3147065 390 0
2088 4 16.425072 5.648119 391.2 111.552615 390 0
2088 5 24.812744 12.38378 461.6 80.7153107 390 0
2088 6 31.4765 19.461191 512.7 141.55494 390 0
2088 7 36.46246 23.696955 503.7 71.079807 390 0
2088 8 37.627655 25.188787 439.3 71.5656142 390 0
2088 9 29.328825 18.235006 346.6 124.471494 390 0
2088 10 22.190489 10.534727 255.1 41.392967 390 0
2088 11 15.992283 5.6925225 163.1 130.539495 390 0
2088 12 8.221172 0.33584788 125 97.0339587 390 0
2089 1 4.454789 -2.9768481 143.5 38.9744369 390 0
2089 2 4.090997 -5.0805583 209.8 52.8820903 390 0
2089 3 9.646502 -0.6217055 301.6 78.1291481 390 0
2089 4 17.307411 6.6235785 391.2 95.990088 390 0
2089 5 23.046099 11.094808 461.6 96.2224066 390 0
2089 6 32.722168 20.369965 512.7 133.785552 390 0
2089 7 36.649815 24.132902 503.7 140.0816995 390 0
2089 8 33.613605 22.634628 439.3 175.16953 390 0
2089 9 29.638525 19.060038 346.6 55.224228 390 0
2089 10 25.248419 13.525023 255.1 43.435681 390 0
2089 11 15.719472 4.214374 163.1 93.40902 390 0
2089 12 8.960674 2.3199263 125 107.459826 390 0
2090 1 3.3190138 -4.6848307 143.5 81.4112886 390 0
2090 2 6.7631464 -0.8192417 209.8 43.7221182 390 0
2090 3 11.290436 0.5027729 301.6 123.4092082 390 0
2090 4 18.310574 6.804616 391.2 97.122 390 0
2090 5 24.160357 13.150623 461.6 144.870068 390 0
2090 6 31.13495 17.949368 512.7 65.586771 390 0
2090 7 37.70422 24.14604 503.7 74.4347634 390 0
2090 8 35.856 22.709013 439.3 106.4178447 390 0
2090 9 31.338106 20.148613 346.6 91.868283 390 0
2090 10 21.210857 10.621942 255.1 91.8872674 390 0
2090 11 12.527021 3.8227446 163.1 57.79443 390 0
2090 12 7.977272 0.57133603 125 137.662041 390 0
2091 1 3.6793857 -3.5234153 143.5 23.32161496 390 0
2091 2 11.383149 1.5360909 209.8 30.946612225 390 0
2091 3 12.188394 1.7501819 301.6 77.6172296 390 0
2091 4 19.996365 8.862603 391.2 77.81721 390 0
2091 5 25.967087 13.309538 461.6 100.7032954 390 0
2091 6 28.88426 18.268042 512.7 304.14126 390 0
2091 7 38.064907 24.713758 503.7 85.2307924 390 0
2091 8 35.00788 23.730356 439.3 174.1019613 390 0
2091 9 29.324846 17.753283 346.6 56.321577 390 0
2091 10 23.255959 12.043343 255.1 68.065305 390 0
2091 11 12.607298 2.8206875 163.1 191.54202 390 0
2091 12 9.119167 1.916818 125 74.0841286 390 0
2092 1 6.1694202 -2.1312537 143.5 92.7530292 390 0
2092 2 6.4149384 -3.3210175 209.8 61.71237925 390 0
2092 3 12.362618 2.1426241 301.6 106.940204 390 0
2092 4 18.012394 7.5334816 391.2 139.353918 390 0
2092 5 25.804152 14.130995 461.6 201.02477 390 0
2092 6 31.502874 18.98945 512.7 84.717894 390 0
2092 7 39.278915 24.667152 503.7 75.860813 390 0
2092 8 35.352364 23.242195 439.3 168.195615 390 0
2092 9 32.683113 19.654554 346.6 50.901612 390 0
2092 10 25.784418 13.131816 255.1 22.17497146 390 0
2092 11 18.771843 7.6231866 163.1 53.08668 390 0
2092 12 8.077037 0.1140496 125 130.5374505 390 0
2093 1 3.152375 -4.6915965 143.5 108.1926753 390 0
2093 2 6.44859 -2.8182786 209.8 63.18323245 390 0
2093 3 12.926364 2.2327013 301.6 62.367939 390 0
2093 4 19.409128 8.668308 391.2 107.187996 390 0
2093 5 27.824825 14.32306 461.6 70.4756976 390 0
2093 6 31.620956 19.95283 512.7 190.415181 390 0
2093 7 37.237022 23.82318 503.7 123.3492604 390 0
2093 8 33.180683 20.331144 439.3 69.7147964 390 0
2093 9 30.32758 18.058266 346.6 39.881445 390 0
2093 10 25.216808 13.830968 255.1 84.366221 390 0
2093 11 11.847994 3.2015884 163.1 114.88533 390 0
2093 12 8.125347 0.10988454 125 53.2511273 390 0
2094 1 5.8487163 -2.1366415 143.5 82.199135 390 0
2094 2 7.775577 -1.6469742 209.8 87.0630987 390 0
2094 3 9.635423 -0.15940522 301.6 94.6667088 390 0
2094 4 17.43706 6.1292443 391.2 83.581188 390 0
2094 5 27.211515 14.516841 461.6 97.3501277 390 0
2094 6 29.333824 17.376661 512.7 116.15715 390 0
2094 7 42.154392 26.691454 503.7 45.512433 390 0
2094 8 38.08225 24.640621 439.3 32.5120312 390 0
2094 9 32.69177 19.873169 346.6 109.92396 390 0
2094 10 21.379736 10.838632 255.1 57.7457181 390 0
2094 11 16.884193 5.8278656 163.1 114.4641 390 0
2094 12 7.687506 -0.5624486 125 95.7543283 390 0
2095 1 6.3206925 -1.2579101 143.5 37.4672882 390 0
2095 2 11.470752 1.5233341 209.8 24.83678415 390 0
2095 3 14.162432 2.98009 301.6 99.9371552 390 0
2095 4 19.858866 8.382955 391.2 83.909562 390 0
2095 5 25.818754 14.017006 461.6 123.9765175 390 0
2095 6 33.582264 20.320904 512.7 43.053786 390 0
2095 7 39.256096 24.892498 503.7 53.9594339 390 0
2095 8 38.122814 24.727978 439.3 85.111213 390 0
2095 9 28.821022 17.854153 346.6 113.294736 390 0
2095 10 23.948427 12.007022 255.1 37.5809063 390 0
2095 11 16.043396 6.3739634 163.1 97.24437 390 0
2095 12 9.905831 2.295731 125 300.364611 390 0
2096 1 5.466946 -2.2524087 143.5 88.0767815 390 0
2096 2 9.5791 0.13633843 209.8 69.23356885 390 0
2096 3 11.79777 1.9039224 301.6 53.4608919 390 0
2096 4 19.009315 7.459176 391.2 90.393291 390 0
2096 5 23.313599 12.72964 461.6 144.4628923 390 0
2096 6 33.678646 21.613134 512.7 155.07651 390 0
2096 7 38.064865 24.952385 503.7 139.133239 390 0
2096 8 34.78493 22.558258 439.3 102.061269 390 0
2096 9 27.349152 15.338396 346.6 135.24621 390 0
2096 10 21.857363 11.283935 255.1 92.5420928 390 0
2096 11 13.5396385 4.475341 163.1 146.62617 390 0
2096 12 6.444643 0.06413846 125 29.7460469 390 0
2097 1 6.183186 -1.3440707 143.5 45.2375374 390 0
2097 2 4.545609 -3.4870043 209.8 100.380999025 390 0
2097 3 11.925263 1.7576929 301.6 86.550481 390 0
2097 4 20.127518 9.048323 391.2 86.17962 390 0
2097 5 26.490738 15.426835 461.6 156.017079 390 0
2097 6 31.297787 19.56834 512.7 120.537585 390 0
2097 7 37.127487 24.584301 503.7 127.189621 390 0
2097 8 33.90586 21.843346 439.3 68.045496 390 0
2097 9 33.03401 19.928644 346.6 27.763272 390 0
2097 10 23.78319 13.70501 255.1 150.119887 390 0
2097 11 15.589866 5.078659 163.1 152.28024 390 0
2097 12 8.269039 1.5019526 125 200.994669 390 0
2098 1 5.3361316 -3.0067177 143.5 171.6427344 390 0
2098 2 7.0016217 -2.6594539 209.8 147.949431 390 0
2098 3 9.925301 0.60155386 301.6 149.4004483 390 0
2098 4 19.606947 8.237846 391.2 95.146536 390 0
2098 5 26.091024 12.641396 461.6 120.3173736 390 0
2098 6 29.542356 18.200924 512.7 211.700835 390 0
2098 7 38.071445 24.85094 503.7 110.5395117 390 0
2098 8 34.874123 23.328547 439.3 141.009514 390 0
2098 9 29.148968 18.912472 346.6 124.31955 390 0
2098 10 23.019398 12.090275 255.1 81.3931536 390 0
2098 11 15.735262 4.77898 163.1 37.50438 390 0
2098 12 4.164229 -5.973657 125 68.0189972 390 0
2099 1 6.183399 -1.5061395 143.5 60.1503044 390 0
2099 2 6.9062243 -2.6122398 209.8 115.5944235 390 0
2099 3 9.312014 -0.75668657 301.6 64.0010252 390 0
2099 4 18.324944 7.0240374 391.2 75.81456 390 0
2099 5 20.61924 10.115034 461.6 143.173469 390 0
2099 6 29.248009 17.670645 512.7 171.14079 390 0
2099 7 37.897476 23.838255 503.7 78.607971 390 0
2099 8 36.467636 23.97222 439.3 102.4113365 390 0
2099 9 31.295101 19.771606 346.6 61.224345 390 0
2099 10 24.740128 13.149168 255.1 53.8844449 390 0
2099 11 16.271624 5.5362988 163.1 157.96959 390 0
2099 12 8.6776 0.79289776 125 156.9418028 390 0
2100-2200 1 6.183399 -1.5061395 143.5 60.1503044 390 0
2100-2200 2 6.9062243 -2.6122398 209.8 115.5944235 390 0
2100-2200 3 9.312014 -0.75668657 301.6 64.0010252 390 0
2100-2200 4 18.324944 7.0240374 391.2 75.81456 390 0
2100-2200 5 20.61924 10.115034 461.6 143.173469 390 0
2100-2200 6 29.248009 17.670645 512.7 171.14079 390 0
2100-2200 7 37.897476 23.838255 503.7 78.607971 390 0
2100-2200 8 36.467636 23.97222 439.3 102.4113365 390 0
2100-2200 9 31.295101 19.771606 346.6 61.224345 390 0
2100-2200 10 24.740128 13.149168 255.1 53.8844449 390 0
2100-2200 11 16.271624 5.5362988 163.1 157.96959 390 0
2100-2200 12 8.6776 0.79289776 125 156.9418028 390 0
