Year Month Tmax Tmin PAR Prec CO2 O3
1200-1980 1 -2.59764650107016 -12.9859310536297 143.5 63.7337103479364 390 0
1200-1980 2 -0.617014414337111 -11.7112368788428 209.8 56.0903904943367 390 0
1200-1980 3 4.50856182745697 -6.4514887307218 301.6 69.9824471322626 390 0
1200-1980 4 12.2649787838209 0.604689197019744 391.2 83.5208397313246 390 0
1200-1980 5 19.2960870618978 6.76312138750785 461.6 99.4222678096802 390 0
1200-1980 6 23.9365685082274 11.9728579275668 512.7 106.98602956062 390 0
1200-1980 7 26.4096415415786 14.6351292009785 503.7 109.313498848032 390 0
1200-1980 8 25.3375061488165 13.6384930310227 439.3 111.425454903707 390 0
1200-1980 9 20.8974942261222 9.37203246222694 346.6 99.0424747545682 390 0
1200-1980 10 13.8640804801434 3.34658942843113 255.1 104.276006652436 390 0
1200-1980 11 7.21270652664626 -1.80488530084917 163.1 88.0303883764398 390 0
1200-1980 12 0.460345296414254 -8.45006613989872 125 79.4739883355716 390 0
1981 1 -6.96649928359743 -19.2710936075977 143.5 16.4911132000342 390 0
1981 2 4.35641517396298 -5.90764014255254 209.8 137.051537993988 390 0
1981 3 4.75460306689624 -5.2311838052959 301.6 33.3295988709938 390 0
1981 4 13.6822344201796 1.53670407950734 391.2 77.3862055741908 390 0
1981 5 20.4819369974299 6.81686167917293 461.6 91.5726478173182 390 0
1981 6 24.0154150701353 11.7924107362615 512.7 91.7326237577064 390 0
1981 7 26.4399471395697 14.7608032734081 503.7 110.407011194455 390 0
1981 8 24.2435461273789 12.2861546698463 439.3 128.572631983983 390 0
1981 9 18.8948259778039 9.34017648311134 346.6 154.017435485851 390 0
1981 10 11.2909342256685 1.15988919186648 255.1 139.763231026669 390 0
1981 11 6.3173281234125 -1.94266277338844 163.1 67.3668878593062 390 0
1981 12 -0.20490419549615 -7.43421658417914 125 73.9219434519143 390 0
1982 1 -6.67199349069032 -19.0667466663585 143.5 59.3626296675619 390 0
1982 2 -1.65626178501645 -12.6452335690886 209.8 69.8602700347485 390 0
1982 3 3.94341158629246 -7.36571498169102 301.6 60.0428461442525 390 0
1982 4 10.9498714030258 -1.40083017720301 391.2 72.8798791332862 390 0
1982 5 20.7709151024638 7.09446709079706 461.6 43.3761470202973 390 0
1982 6 21.4955147187323 10.6657769972022 512.7 143.5305956689 390 0
1982 7 27.0437437410212 13.023131597605 503.7 56.097757609216 390 0
1982 8 23.5903006435107 11.1594081631729 439.3 97.3711071367478 390 0
1982 9 21.2293899602428 9.06113982944612 346.6 70.1021981828072 390 0
1982 10 14.7865880871142 2.9548096971475 255.1 50.3506638206714 390 0
1982 11 9.28941430184743 -0.592749250191998 163.1 96.9937554658756 390 0
1982 12 4.02941721247274 -6.32110045072264 125 52.5439078974907 390 0
1983 1 -1.48208012960069 -11.6030151525773 143.5 79.564278365613 390 0
1983 2 -0.0456454074855425 -10.9686049589914 209.8 49.1054320568096 390 0
1983 3 4.73260051220203 -4.23225491636302 301.6 84.8264264497132 390 0
1983 4 9.89788350160822 0.562526472929047 391.2 146.193620555156 390 0
1983 5 16.7839409277653 6.14119644313193 461.6 164.03765782501 390 0
1983 6 25.1945236796016 11.4645023236578 512.7 60.2447552726045 390 0
1983 7 27.1676388930688 14.2460784234692 503.7 65.3806381322473 390 0
1983 8 25.5849523550454 13.6927162812599 439.3 156.295708305992 390 0
1983 9 22.7260950189668 10.1524050490201 346.6 66.4080888172275 390 0
1983 10 14.1784080001677 3.08169003576613 255.1 86.5674892959149 390 0
1983 11 6.46362110812474 -1.38500153938873 163.1 169.571153973413 390 0
1983 12 -1.77278496078666 -10.4281439951484 125 148.099138152301 390 0
1984 1 -3.86888003307201 -14.2726674722738 143.5 31.0386541291505 390 0
1984 2 3.28611674573663 -6.79131740847911 209.8 62.4335880684525 390 0
1984 3 0.0900617615599066 -10.7279645738686 301.6 59.5285997400456 390 0
1984 4 12.285241674783 1.01338245343901 391.2 76.6370501853986 390 0
1984 5 16.7273362093077 5.70397632840471 461.6 188.15732618068 390 0
1984 6 24.9302389469915 11.5878006752817 512.7 70.9172377218729 390 0
1984 7 26.05608564363 14.3488055490961 503.7 127.178569962352 390 0
1984 8 26.2499774279379 14.944801173427 439.3 96.2511155914255 390 0
1984 9 19.2101076055088 7.26792127310944 346.6 60.4014100633959 390 0
1984 10 15.2238499936023 4.04182192029319 255.1 60.4364989279532 390 0
1984 11 7.18229246969952 -2.19422625973528 163.1 88.9829432110421 390 0
1984 12 2.77629681922284 -6.1323289986034 125 89.214211029442 390 0
1985 1 -5.73604969669938 -15.2886728002085 143.5 39.4333932470533 390 0
1985 2 -0.776167549714915 -10.3054718424306 209.8 52.6274619861031 390 0
1985 3 5.25072736705489 -6.0908914725354 301.6 71.5317047262113 390 0
1985 4 11.8576357291197 0.665961718506185 391.2 59.4199588955857 390 0
1985 5 19.6192671903 6.21611807475774 461.6 85.1794294758678 390 0
1985 6 21.0298090123735 10.501648374046 512.7 97.6740234265155 390 0
1985 7 26.3323301338648 13.6721947344074 503.7 77.0481569619736 390 0
1985 8 24.5758791743162 12.7832869721477 439.3 91.1303641964971 390 0
1985 9 21.1963697794906 9.63782828248392 346.6 114.723339500853 390 0
1985 10 14.711195680697 3.85886689295208 255.1 93.3879946695067 390 0
1985 11 6.3758674482656 -1.48255932833413 163.1 100.550052056824 390 0
1985 12 -2.18600492393811 -10.9911580981415 125 53.9423543105305 390 0
1986 1 -1.7789490011096 -12.9048809672621 143.5 99.4870905753812 390 0
1986 2 -2.60325866491528 -14.1264073672435 209.8 44.1839955061841 390 0
1986 3 5.85865271889195 -5.4341791622599 301.6 83.0341008194484 390 0
1986 4 15.3498000060118 2.46233826423508 391.2 36.1073713994691 390 0
1986 5 20.459352096683 7.94328948812616 461.6 111.735452599076 390 0
1986 6 22.1868796804377 10.1646557783641 512.7 119.154058066772 390 0
1986 7 24.6610578598171 14.051835462637 503.7 132.677653275295 390 0
1986 8 23.6224503671398 13.0088097641158 439.3 136.809754023147 390 0
1986 9 18.8752489447299 8.26578086651387 346.6 100.067160235657 390 0
1986 10 13.3912562588207 3.23897843653841 255.1 64.8968412421364 390 0
1986 11 5.26216645033289 -3.41827996725742 163.1 89.0314737727744 390 0
1986 12 0.790608519059237 -7.05141281009704 125 61.0810461539446 390 0
1987 1 -3.03587537321229 -13.236557130372 143.5 77.5262669581581 390 0
1987 2 -3.41229105449685 -15.5267560371913 209.8 14.6897702213684 390 0
1987 3 6.12541295918496 -5.50048578394008 301.6 43.1347120112579 390 0
1987 4 15.0129802579846 2.83911248617305 391.2 60.0571835250622 390 0
1987 5 19.1809511205694 6.36624558064631 461.6 53.4493153158598 390 0
1987 6 23.8917090474582 12.6580259050865 512.7 138.249442378248 390 0
1987 7 26.9908649706591 14.9609310496364 503.7 102.715231422721 390 0
1987 8 24.2742496730457 11.8569093507418 439.3 74.4273737593428 390 0
1987 9 19.4622722608336 9.8742466277431 346.6 129.653881575622 390 0
1987 10 13.3680020336933 1.92696258096142 255.1 127.56478273163 390 0
1987 11 6.8466517339135 -2.76878281890785 163.1 73.0915769934815 390 0
1987 12 1.09843767857511 -5.96380109797439 125 50.9342467968006 390 0
1988 1 -2.04313478552123 -13.0963448242888 143.5 32.9614141833474 390 0
1988 2 -0.510343488334857 -12.2203270452878 209.8 57.3325375738495 390 0
1988 3 3.98156260266995 -7.10071005443388 301.6 44.4070931842132 390 0
1988 4 11.6811864382607 1.46877225541359 391.2 85.0229477939348 390 0
1988 5 20.2247870983995 7.85191603845977 461.6 56.6796534305284 390 0
1988 6 23.7866463166951 9.84912981485822 512.7 57.1714088654004 390 0
1988 7 27.4093790775328 15.8839557451276 503.7 95.6628009184387 390 0
1988 8 26.1996182266819 15.0343663485277 439.3 145.989325942329 390 0
1988 9 19.7224929717854 7.71425275235654 346.6 53.162340811446 390 0
1988 10 11.100100821868 2.09445073707826 255.1 61.5757012000207 390 0
1988 11 7.58973595424516 -1.16666473743018 163.1 136.133205725125 390 0
1988 12 -0.658655400178548 -11.1202433571578 125 35.8948599939975 390 0
1989 1 0.545495116482118 -10.9606891889594 143.5 30.8417317262824 390 0
1989 2 -2.09852291677496 -12.7434595644795 209.8 37.6301029269141 390 0
1989 3 3.41462780095954 -8.50622653801189 301.6 68.9322529321764 390 0
1989 4 9.9230975993336 -1.27741219355424 391.2 65.3099875095179 390 0
1989 5 20.4692678954004 8.34919174607661 461.6 127.725948915301 390 0
1989 6 24.0805867536731 12.7596509241511 512.7 104.482647200346 390 0
1989 7 26.9502851287954 14.3193668212876 503.7 83.0841652397016 390 0
1989 8 24.5575230551314 13.0823639105451 439.3 141.90525216426 390 0
1989 9 20.9768345002766 9.62773383495143 346.6 131.044595011009 390 0
1989 10 14.961879002006 3.52632234498391 255.1 106.264217612646 390 0
1989 11 6.51509638786207 -3.17720963258277 163.1 94.5128534374198 390 0
1989 12 -8.46073834025243 -20.3878933998469 125 34.6254317618852 390 0
1990 1 2.55958373962408 -6.56697924789023 143.5 83.7405743951912 390 0
1990 2 0.852843071715879 -11.4223307829743 209.8 75.2483153228779 390 0
1990 3 6.44289987561977 -5.94121007780073 301.6 67.6500578728084 390 0
1990 4 12.4393218112607 1.76821852609695 391.2 99.1117524963402 390 0
1990 5 17.1756232695886 4.93686896436638 461.6 121.940295266201 390 0
1990 6 23.6512557481606 11.9095245583871 512.7 104.726881368922 390 0
1990 7 26.2451975745593 14.1963961042244 503.7 96.060493256681 390 0
1990 8 25.7780390724918 14.2216132281712 439.3 164.387654239972 390 0
1990 9 19.7929658578503 8.89089325374206 346.6 65.4111374036415 390 0
1990 10 14.5688790185094 4.64859178837586 255.1 167.041642645426 390 0
1990 11 8.07830355524177 -1.38341307559346 163.1 92.253745019026 390 0
1990 12 3.03268404885334 -6.69391143954779 125 128.080378411489 390 0
1991 1 -2.77350136171487 -13.2614943653904 143.5 54.9863020295558 390 0
1991 2 1.63802356547717 -9.28697581823979 209.8 29.4382760308636 390 0
1991 3 5.14555431017713 -4.29118649811658 301.6 81.2645664632356 390 0
1991 4 14.486239920706 2.35186384949557 391.2 83.3352892663292 390 0
1991 5 21.4137139014753 7.82478106018166 461.6 84.1143566623596 390 0
1991 6 24.8861529895127 11.5100986908165 512.7 56.7121198923557 390 0
1991 7 26.6141691203131 13.7134369794047 503.7 64.1432890886184 390 0
1991 8 26.1574614018433 14.6250675819116 439.3 123.833773013286 390 0
1991 9 19.3687446852525 7.47525474580517 346.6 129.804508552237 390 0
1991 10 15.5190414954319 4.09563178810476 255.1 108.539942164371 390 0
1991 11 6.85459263577159 -1.89955621234407 163.1 52.6573346614134 390 0
1991 12 0.53696277890815 -10.2737398121677 125 64.8883006606059 390 0
1992 1 -2.36819997193959 -13.4712988959436 143.5 53.5095590272 390 0
1992 2 -1.15494809418328 -12.741596294926 209.8 50.6410749853605 390 0
1992 3 1.85396030861365 -9.83666496155202 301.6 70.2699789890456 390 0
1992 4 10.2612178705722 -0.535640691955069 391.2 73.6920855258262 390 0
1992 5 20.2327927729952 5.34582901848739 461.6 55.5654958126177 390 0
1992 6 23.0786868705192 10.7321910385656 512.7 66.0196965293099 390 0
1992 7 23.6790633220323 12.2505652249433 503.7 98.6271456364837 390 0
1992 8 23.9093753222358 12.8113452944743 439.3 95.4503560153699 390 0
1992 9 20.7737012721534 8.88745697678514 346.6 101.88944343915 390 0
1992 10 11.3079825869485 1.64635693502187 255.1 80.3282712703357 390 0
1992 11 5.56484852411893 -2.363807050252 163.1 108.604028584289 390 0
1992 12 1.17980121069107 -7.89560165593599 125 41.8523089112249 390 0
1993 1 -1.39476906466903 -11.2738994092317 143.5 70.0348615908889 390 0
1993 2 -5.09459588992946 -19.3041347536909 209.8 62.8465540895059 390 0
1993 3 3.21132331375228 -9.72856162343483 301.6 72.6592108763533 390 0
1993 4 12.1616120593735 0.560258825083052 391.2 110.499037008987 390 0
1993 5 19.0490425795424 6.57015792470752 461.6 58.7078171600997 390 0
1993 6 23.1452593468264 10.7678524875587 512.7 100.468431101715 390 0
1993 7 26.9225019279965 14.864103756304 503.7 90.9609654719237 390 0
1993 8 26.1350537455189 14.0113256581887 439.3 84.3484369348133 390 0
1993 9 19.4402578141305 9.09127139064407 346.6 110.700429745274 390 0
1993 10 12.2482081224884 1.59522546074914 255.1 82.6889858053264 390 0
1993 11 6.58154866189075 -2.88876042835133 163.1 79.9150303623543 390 0
1993 12 -0.590832702743921 -9.33539401884303 125 60.311082239028 390 0
1994 1 -8.04936021860247 -21.08435022058 143.5 86.2528953999631 390 0
1994 2 -4.09251119665093 -16.2962170510186 209.8 33.8589573577175 390 0
1994 3 2.87709544699777 -6.91998886297279 301.6 89.5648972203769 390 0
1994 4 12.2608098624995 0.151043165045994 391.2 96.509609189522 390 0
1994 5 17.9604294762175 5.06616033259116 461.6 101.72063016516 390 0
1994 6 25.1431650325362 12.9876147039219 512.7 103.518950412907 390 0
1994 7 27.1506686631962 15.7948099641037 503.7 110.578243968815 390 0
1994 8 24.0299103601572 12.3554202700167 439.3 125.96315413219 390 0
1994 9 19.4066460471753 9.03249381810666 346.6 83.4651553375287 390 0
1994 10 14.6292504576364 3.20890680795474 255.1 20.4831971933867 390 0
1994 11 9.49723162827995 -0.771051914585638 163.1 77.4165957913726 390 0
1994 12 2.31723563776525 -6.96355570195047 125 54.3410690817136 390 0
1995 1 0.736280872746991 -7.75206483795134 143.5 65.7222565839226 390 0
1995 2 -2.71838112561793 -13.8112988861812 209.8 47.6263260305519 390 0
1995 3 6.41572811380498 -4.58101616732126 301.6 52.0580578641686 390 0
1995 4 9.08122493181872 -1.94377507565095 391.2 55.5783770283059 390 0
1995 5 18.1710029771593 5.8973949503275 461.6 55.728727288609 390 0
1995 6 26.6614816050565 11.863479909397 512.7 36.5887095727533 390 0
1995 7 28.1918013210327 15.8134566227359 503.7 115.74495378994 390 0
1995 8 26.1567098594848 13.5749496942078 439.3 115.21555621206 390 0
1995 9 19.564192254685 6.67209611517476 346.6 88.0044629411997 390 0
1995 10 16.6361986101571 5.85176117079209 255.1 188.704443783158 390 0
1995 11 4.75602136709478 -3.61994931034372 163.1 96.7693290448121 390 0
1995 12 -3.30881806160742 -11.2980022433491 125 68.4668184037524 390 0
1996 1 -2.90047564264536 -14.5199843353419 143.5 101.946991214543 390 0
1996 2 -1.74223320595129 -11.5810556413229 209.8 44.3558437162039 390 0
1996 3 3.35861315991552 -8.37527143595371 301.6 31.9778964528962 390 0
1996 4 10.9266861575899 -0.0713297001171808 391.2 143.437847502095 390 0
1996 5 17.7476540308354 5.51001804241466 461.6 134.19078330446 390 0
1996 6 23.6688657420069 12.7991658743376 512.7 108.436227167963 390 0
1996 7 24.9890356339248 14.0975982412782 503.7 170.535672789872 390 0
1996 8 25.4892907809654 13.6343743021215 439.3 62.8017015165699 390 0
1996 9 21.1258232117571 10.4823253796062 346.6 84.0762847962763 390 0
1996 10 13.2863284400832 2.72516688964153 255.1 108.761576686546 390 0
1996 11 4.11596365979065 -4.20837654017437 163.1 102.156890519871 390 0
1996 12 2.85171681807553 -3.56087294455526 125 114.753196140296 390 0
1997 1 -2.93752953463583 -13.6948783239911 143.5 60.8521532784438 390 0
1997 2 1.26169551087855 -10.0519857202539 209.8 55.2046709595034 390 0
1997 3 2.40429691551107 -8.75169195663827 301.6 84.2634651835623 390 0
1997 4 10.5693747876225 -1.62618287805516 391.2 62.9643654580689 390 0
1997 5 15.3500009991003 4.45413545822613 461.6 81.2346438357433 390 0
1997 6 25.3685097849238 11.6862962187145 512.7 62.8255944886734 390 0
1997 7 25.5732880139354 13.1073392820252 503.7 116.332077879212 390 0
1997 8 24.2478601339067 12.3949731893712 439.3 142.800077784018 390 0
1997 9 20.0406619017811 8.58998788586209 346.6 81.5996989726753 390 0
1997 10 13.4700443207273 1.67830329024185 255.1 54.8288612365723 390 0
1997 11 5.29768046809593 -3.53855463901365 163.1 116.43130184853 390 0
1997 12 0.317281347762022 -8.50663627262186 125 60.81295293802 390 0
1998 1 -0.574379884290737 -10.1605557397141 143.5 142.215896048661 390 0
1998 2 2.32660515955664 -8.07843102610931 209.8 54.8324637448788 390 0
1998 3 5.51706369699423 -4.69408664676522 301.6 95.1308654637111 390 0
1998 4 14.3103536236475 0.846813987977608 391.2 56.2767874887889 390 0
1998 5 22.9750569504075 9.33151565452929 461.6 63.3663190046329 390 0
1998 6 23.0821454085782 13.1533798121837 512.7 208.376264670774 390 0
1998 7 25.7896080545907 14.5810093933691 503.7 143.667208014739 390 0
1998 8 25.3848406397778 13.9702031946597 439.3 124.079026297024 390 0
1998 9 21.4326021077242 9.75757595439838 346.6 112.369601143436 390 0
1998 10 13.8709887862664 4.54513871969693 255.1 67.8569662323832 390 0
1998 11 6.38376018290972 -0.542898100200546 163.1 58.503928344373 390 0
1998 12 4.86451166795632 -5.58742419009993 125 32.1214697410179 390 0
1999 1 -2.12635337354784 -13.3660345433461 143.5 115.249971436887 390 0
1999 2 1.39474124671466 -10.2600054899016 209.8 26.5337527559327 390 0
1999 3 3.91577466293946 -6.07897039254094 301.6 84.2464818007193 390 0
1999 4 12.5777785045845 -0.167233290902295 391.2 21.3248256790302 390 0
1999 5 21.4590444278715 7.56572052798092 461.6 72.5864382519886 390 0
1999 6 26.8797873922461 13.7571114877778 512.7 58.1553147012261 390 0
1999 7 27.9645090716768 15.6513645604723 503.7 94.2620009728477 390 0
1999 8 25.0739297266676 12.8946229948146 439.3 55.8108250133724 390 0
1999 9 23.0473364418554 11.2622282321812 346.6 207.590975625118 390 0
1999 10 13.0097486012457 1.47961458912936 255.1 98.8653194801645 390 0
1999 11 10.1825423883851 0.634132972256668 163.1 72.222703941344 390 0
1999 12 1.52664588411544 -6.74977730931993 125 41.2543670919478 390 0
2000 1 -3.28459181222551 -14.086195911324 143.5 81.8471921022401 390 0
2000 2 0.296331474106752 -11.6827448283658 209.8 83.2590032274807 390 0
2000 3 7.79628283758621 -3.58762703990168 301.6 63.3721330355526 390 0
2000 4 10.3584088546231 0.442493450034435 391.2 147.170772533786 390 0
2000 5 18.53805299287 7.31853048261955 461.6 143.918438945656 390 0
2000 6 22.403051553454 11.3231347894232 512.7 84.8919593157671 390 0
2000 7 24.3251899095674 12.9102170844672 503.7 110.350075210934 390 0
2000 8 24.2130551825702 13.2186194259809 439.3 96.5317594083469 390 0
2000 9 20.0297987141452 8.19725630547517 346.6 63.2638443711119 390 0
2000 10 14.3250656912141 2.97129077692737 255.1 63.9402535367031 390 0
2000 11 6.05011243976765 -1.25327871610233 163.1 75.8469342401412 390 0
2000 12 -2.55445016772803 -12.7650110414135 125 112.720320343394 390 0
2001 1 -1.87478959266772 -12.2904408149889 143.5 37.7617820306984 390 0
2001 2 -0.395753972723907 -12.1236173544445 209.8 62.0704447117581 390 0
2001 3 1.82004555925824 -7.98551181356191 301.6 136.837133974135 390 0
2001 4 11.7915877141822 -0.705384332324854 391.2 18.9187950439858 390 0
2001 5 20.9208670015351 7.5047593047265 461.6 62.6976620212067 390 0
2001 6 24.7844386700815 12.4669339195923 512.7 101.00703379426 390 0
2001 7 24.8768471799525 13.124846801354 503.7 73.4738025217106 390 0
2001 8 28.0700794485112 14.6971913364693 439.3 63.4969262852694 390 0
2001 9 21.8161652005098 9.41363388735711 346.6 90.3172507770408 390 0
2001 10 16.1093298806424 4.30383783184216 255.1 49.0814831627128 390 0
2001 11 9.61685169598821 -0.0969058526351332 163.1 61.5665956703291 390 0
2001 12 4.20650066242146 -4.28623537971405 125 54.4888188037163 390 0
2002 1 1.37964343774178 -7.13683370061551 143.5 50.5155838808715 390 0
2002 2 2.50371206358713 -9.67148519620843 209.8 72.342991009618 390 0
2002 3 4.77461596151088 -5.48816489044476 301.6 79.1000120945471 390 0
2002 4 13.086418990142 1.59226972422187 391.2 107.745186945825 390 0
2002 5 16.8031146700248 4.94081400988334 461.6 107.149810630607 390 0
2002 6 23.1675659966514 11.2001481808525 512.7 177.059535207664 390 0
2002 7 26.6618164714279 14.6023355956992 503.7 81.6999416673087 390 0
2002 8 27.1427459965652 13.981177662752 439.3 41.7975965132579 390 0
2002 9 23.6577503954755 10.7012237539328 346.6 140.707395895923 390 0
2002 10 12.2697823160921 2.28777948328741 255.1 91.5636774068302 390 0
2002 11 5.39588453299464 -3.10820912197163 163.1 105.728207761186 390 0
2002 12 0.0604896785000187 -9.09668265926948 125 54.4867889451136 390 0
2003 1 -6.38579170614183 -16.9487196125985 143.5 45.0394806437575 390 0
2003 2 -3.2541403131715 -15.074993163889 209.8 39.5582963397308 390 0
2003 3 4.96509619964102 -7.88748316296445 301.6 64.6329275280658 390 0
2003 4 10.0511702697093 -1.1504691536916 391.2 72.3965351856136 390 0
2003 5 18.0823313546325 6.42040710010057 461.6 104.101834952902 390 0
2003 6 24.0126604758172 11.674361290701 512.7 80.869515863954 390 0
2003 7 26.2551522365799 14.807594656283 503.7 114.666243206924 390 0
2003 8 26.3101342156475 15.6186374392131 439.3 112.486879411722 390 0
2003 9 22.1175036374386 10.008286673253 346.6 98.8091815580513 390 0
2003 10 12.9044342119823 2.57518027802027 255.1 166.494203562393 390 0
2003 11 8.53116467678007 -1.24159951130205 163.1 119.255609264861 390 0
2003 12 0.280886209416046 -9.23794623252235 125 161.976729017761 390 0
2004 1 -8.23613021166848 -18.2010292547129 143.5 23.8472965650238 390 0
2004 2 -1.12687925675104 -14.1261355365491 209.8 26.90604006645 390 0
2004 3 6.01617161031847 -4.50966155013381 301.6 44.3410084821729 390 0
2004 4 11.8773198735223 0.233423984545219 391.2 73.8427774779898 390 0
2004 5 20.3682881437253 7.73767892346432 461.6 123.415394710166 390 0
2004 6 22.7975473803367 10.3351906373188 512.7 83.212891296394 390 0
2004 7 25.3313280128614 14.8296969580506 503.7 140.85742155664 390 0
2004 8 24.3562704706698 13.7031630799442 439.3 203.967965265583 390 0
2004 9 21.723535282445 9.97377154967446 346.6 70.2239688878997 390 0
2004 10 14.3392346739098 2.70380099236962 255.1 31.9739903262638 390 0
2004 11 7.56772931596965 -2.42192634983113 163.1 77.6549061777645 390 0
2004 12 0.0392031979926612 -9.91220840249093 125 104.982815234301 390 0
2005 1 -4.10950421596246 -14.927508256656 143.5 63.9940265796747 390 0
2005 2 0.32247915799738 -11.8446839854087 209.8 54.5420311401613 390 0
2005 3 2.76802827524492 -8.66855710371005 301.6 52.6785275787576 390 0
2005 4 14.1786665453009 1.05329186947503 391.2 117.98786968353 390 0
2005 5 16.3151478545288 5.11437138759589 461.6 53.9626905678529 390 0
2005 6 26.5544389207762 14.8321339208377 512.7 121.928995418828 390 0
2005 7 27.3746697068787 16.1858965568772 503.7 117.239795136303 390 0
2005 8 26.728060444291 15.2941297939837 439.3 90.0599294358975 390 0
2005 9 23.1372662572524 11.3716894301392 346.6 106.892623761644 390 0
2005 10 13.6907938412606 5.57984406676449 255.1 214.364904333666 390 0
2005 11 9.15290153681659 -1.03269742832006 163.1 118.401831612726 390 0
2005 12 -0.592598330343695 -8.79168076120219 125 77.4674822669193 390 0
2006 1 2.18189824725766 -7.35348947531682 143.5 96.9950503867482 390 0
2006 2 -0.592479198707967 -9.92834210004005 209.8 47.1457910903474 390 0
2006 3 4.33226041566679 -6.09193032573916 301.6 37.6565187136933 390 0
2006 4 13.6125016019729 1.00181485822766 391.2 81.9517565441466 390 0
2006 5 18.9346898817678 8.31126798048002 461.6 163.734666553176 390 0
2006 6 23.5292656983716 13.2568277019765 512.7 198.351291174714 390 0
2006 7 27.6133991756443 16.392552858 503.7 113.16340601979 390 0
2006 8 24.47133971282 13.0358658220302 439.3 107.761228940668 390 0
2006 9 20.1092040720823 9.49233768836437 346.6 74.1735569880193 390 0
2006 10 12.6157494565727 2.92780238574109 255.1 174.264832089499 390 0
2006 11 9.70990590482236 1.10684768722689 163.1 62.139703998039 390 0
2006 12 4.03854905468174 -4.17318860845003 125 101.384674960298 390 0
2007 1 -1.49339723460439 -11.5525887732349 143.5 77.3657671816044 390 0
2007 2 -5.10995098175078 -15.8765586002402 209.8 64.6986366960129 390 0
2007 3 3.23651311003323 -8.74019101380168 301.6 79.9210461145415 390 0
2007 4 9.81620049465231 0.19737359409396 391.2 114.816646537094 390 0
2007 5 19.7408688243589 6.03819234778399 461.6 62.5997965665688 390 0
2007 6 25.0769378642573 12.625004847932 512.7 76.8923417253581 390 0
2007 7 24.958422012536 13.8512165718843 503.7 152.84950425482 390 0
2007 8 25.6910854981987 13.241301490187 439.3 67.0874374758493 390 0
2007 9 22.7825264300364 9.85026564452059 346.6 82.5923415222399 390 0
2007 10 16.7487055506744 6.08654989129628 255.1 139.389059086942 390 0
2007 11 5.53856582761769 -3.12990683134654 163.1 116.820617629814 390 0
2007 12 -0.861792982569498 -9.26401365393999 125 109.986385158342 390 0
2008 1 0.0294758672940118 -10.0884306264831 143.5 57.391456543494 390 0
2008 2 -0.646378912713309 -11.1114370298993 209.8 119.665484914248 390 0
2008 3 2.63363809912806 -8.57970287649601 301.6 109.011936952459 390 0
2008 4 15.4459581583657 2.08627253260795 391.2 74.6854706192151 390 0
2008 5 18.0493435717024 4.52903946404533 461.6 38.5460149582415 390 0
2008 6 24.4960947998085 13.6395571022663 512.7 163.081693455954 390 0
2008 7 26.3269438532877 15.3324899790955 503.7 174.883893000776 390 0
2008 8 24.2967190090536 13.1628551477706 439.3 133.747031873241 390 0
2008 9 21.7035599502043 10.1011879836376 346.6 55.697581229084 390 0
2008 10 13.2084446761554 2.43915301750263 255.1 130.87763769003 390 0
2008 11 6.53659576525197 -1.4792825127697 163.1 56.4307721340314 390 0
2008 12 0.957282584752002 -9.4347039361252 125 113.969615703354 390 0
2009 1 -5.7947418816954 -16.4057692633435 143.5 59.5112021907502 390 0
2009 2 -0.147122949433718 -11.3096144101444 209.8 51.5401125357623 390 0
2009 3 5.44554555303914 -6.20478168408236 301.6 56.3905846537493 390 0
2009 4 13.4309265518402 0.966365147431058 391.2 56.4787091238208 390 0
2009 5 18.8472529629995 6.51200410020623 461.6 135.756874045797 390 0
2009 6 22.1438373628244 11.551827461515 512.7 107.359475562562 390 0
2009 7 24.3732013163867 14.0256021982603 503.7 159.533157377164 390 0
2009 8 25.6273957359633 14.7276767533432 439.3 98.4478541906333 390 0
2009 9 20.7067922045474 8.18215645071134 346.6 69.9153151400894 390 0
2009 10 11.1467839447175 2.47197350368477 255.1 99.6345971788883 390 0
2009 11 10.356657816466 0.037366777179888 163.1 93.1512955941053 390 0
2009 12 -0.765945561278757 -8.71418556778118 125 88.703459638657 390 0
2010 1 -2.00660688552751 -9.90840539340229 143.5 57.7240261215147 390 0
2010 2 -0.810694621554202 -8.09185405901734 209.8 67.2338165018656 390 0
2010 3 8.12673659132754 -2.40475396677758 301.6 87.8610074781102 390 0
2010 4 15.2714383027309 2.8403035712203 391.2 90.7450362450339 390 0
2010 5 21.7362462166743 7.75143520086041 461.6 53.5647327633394 390 0
2010 6 23.3218593201542 12.4346936346574 512.7 144.251091332953 390 0
2010 7 27.9829802604561 16.5093633341338 503.7 93.7527521766379 390 0
2010 8 25.8333778287036 14.1705177869451 439.3 113.35235035232 390 0
2010 9 21.5870770006091 10.8863830651703 346.6 83.2451302941271 390 0
2010 10 13.3955221415195 3.35602867417119 255.1 219.739043511204 390 0
2010 11 6.90354245635486 -1.80819706401273 163.1 70.3499867558526 390 0
2010 12 -1.72904489738625 -9.23254259751666 125 101.419844670355 390 0
2011 1 -3.55358598696049 -12.7052842403358 143.5 53.8208306706073 390 0
2011 2 -1.53902014522533 -13.2139876191919 209.8 82.2238318584944 390 0
2011 3 3.35159062257122 -7.07179193855523 301.6 114.160710836748 390 0
2011 4 11.8570767339137 1.22343177399809 391.2 174.848226582628 390 0
2011 5 19.7530599992205 9.13391609944602 461.6 198.615085750089 390 0
2011 6 23.810686356422 12.4297175293384 512.7 109.786456937221 390 0
2011 7 27.9538215565245 15.5099809106713 503.7 78.3036008967231 390 0
2011 8 25.9278387325452 14.7000686779822 439.3 232.663902486237 390 0
2011 9 22.3054434006737 11.9365518283366 346.6 140.18310794692 390 0
2011 10 14.4306078223048 5.111888310954 255.1 100.037719060043 390 0
2011 11 10.9027275131228 0.454279578529472 163.1 44.8988068561032 390 0
2011 12 3.01668057529338 -5.9886674067942 125 75.5199294804838 390 0
2012 1 -0.30981061421473 -10.0716473178068 143.5 63.069179634375 390 0
2012 2 2.025140487915 -8.02685515840413 209.8 32.6639888576311 390 0
2012 3 10.6010902115332 -1.23218653194209 301.6 43.6121053950082 390 0
2012 4 12.5287476305607 1.06563709010617 391.2 84.0315392574465 390 0
2012 5 21.5964976921911 9.39694787407195 461.6 124.370563059458 390 0
2012 6 24.2431863479625 12.3542834734596 512.7 87.1108666205742 390 0
2012 7 27.9745236943578 14.9550292294622 503.7 89.5939667444762 390 0
2012 8 27.3511152493922 14.6198093807284 439.3 77.0165483760717 390 0
2012 9 21.4982129649123 9.09391697541886 346.6 139.913500845684 390 0
2012 10 15.3172720991403 5.7596288738157 255.1 134.362918134695 390 0
2012 11 6.49999059321485 -3.2548321665189 163.1 35.1243959835866 390 0
2012 12 1.89672762013689 -5.72399602787471 125 118.321690479559 390 0
2013 1 -1.39773082924478 -12.0071743996811 143.5 33.1115338927013 390 0
2013 2 -1.09799859966995 -10.3192585596474 209.8 41.631486001735 390 0
2013 3 3.62095507918337 -5.05852430421266 301.6 61.9922894619371 390 0
2013 4 11.7233275845899 -0.0966726847582936 391.2 58.8242081387015 390 0
2013 5 20.8329958528855 7.48779710908901 461.6 157.432186862576 390 0
2013 6 23.3885568781204 12.3701808092648 512.7 205.750845529278 390 0
2013 7 27.3387001944176 16.5852581125158 503.7 155.813866629303 390 0
2013 8 24.8575172927773 13.5565441846971 439.3 75.1794075448258 390 0
2013 9 20.1559053376976 8.9853412664561 346.6 107.974720042512 390 0
2013 10 15.4540449954148 4.50420377455492 255.1 56.4772734256957 390 0
2013 11 6.10201825487659 -3.62250281032974 163.1 94.4683621313254 390 0
2013 12 -0.93995390067138 -9.53590596130105 125 80.0739772042061 390 0
2014 1 -3.0160954 -14.517149 143.5 29.14102176 399 0
2014 2 4.904794 -5.2842865 209.8 81.430367925 399.92 0
2014 3 5.6220884 -5.1053805 301.6 80.0196056 400.9 0
2014 4 14.448507 2.5936382 391.2 75.106116 402.36 0
2014 5 22.389486 8.728082 461.6 43.4364529 402.9 0
2014 6 26.352093 13.26381 512.7 49.026177 402.35 0
2014 7 27.546522 14.842716 503.7 95.2031917 400.83 0
2014 8 26.28895 13.649597 439.3 77.5339388 398.24 0
2014 9 20.489199 6.7464247 346.6 58.180065 397.24 0
2014 10 17.791279 6.7787013 255.1 55.6221654 397.1 0
2014 11 7.8402157 -1.9978515 163.1 95.280777 398.53 0
2014 12 3.4040563 -4.2014074 125 29.5566276 399.74 0
2015 1 -0.023013253 -9.639994 143.5 96.1805287 401.63 0
2015 2 3.9083405 -7.2140985 209.8 97.7584244 402.55 0
2015 3 9.887909 0.2469609 301.6 87.3590726 403.53 0
2015 4 13.080718 1.8537321 391.2 90.69561 404.99 0
2015 5 18.553467 6.90948 461.6 144.7506684 405.53 0
2015 6 25.684584 13.123242 512.7 61.929774 404.98 0
2015 7 28.568916 16.239988 503.7 125.1972045 403.46 0
2015 8 26.050905 14.14526 439.3 124.5198824 400.87 0
2015 9 21.72133 11.231569 346.6 148.152708 399.87 0
2015 10 14.942988 4.158274 255.1 159.659083 399.73 0
2015 11 8.169173 0.11781669 163.1 72.681678 401.16 0
2015 12 2.1676056 -7.5075765 125 60.9881228 402.37 0
2016 1 -3.9233363 -14.6278715 143.5 43.1281362 404.33 0
2016 2 -1.6835043 -10.240165 209.8 33.38565225 405.25 0
2016 3 6.427105 -3.0925767 301.6 58.5658386 406.23 0
2016 4 17.783499 4.058994 391.2 52.290672 407.69 0
2016 5 21.457094 7.215665 461.6 52.9110201 408.23 0
2016 6 27.999788 15.191584 512.7 72.580098 407.68 0
2016 7 28.252558 15.59999 503.7 84.373506 406.16 0
2016 8 26.00159 13.202546 439.3 113.0400337 403.57 0
2016 9 21.215982 10.695907 346.6 112.1154 402.57 0
2016 10 13.141087 3.1453931 255.1 48.2882288 402.43 0
2016 11 10.584488 1.1068743 163.1 106.61196 403.86 0
2016 12 4.1907725 -3.7358723 125 33.1504669 405.07 0
2017 1 0.099204086 -9.007326 143.5 73.0469802 407.1 0
2017 2 2.3592558 -8.994942 209.8 65.863482275 408.02 0
2017 3 10.414001 -1.2332112 301.6 19.80148157 409 0
2017 4 17.189276 5.6244874 391.2 106.75395 410.46 0
2017 5 19.578636 6.888969 461.6 88.2992065 411 0
2017 6 25.513777 12.5503025 512.7 92.897178 410.45 0
2017 7 28.851458 16.020948 503.7 98.6192336 408.93 0
2017 8 27.583641 15.988608 439.3 132.08201 406.34 0
2017 9 23.202654 10.420416 346.6 48.682416 405.34 0
2017 10 18.8058 6.5772266 255.1 52.7420856 405.2 0
2017 11 10.925841 0.89373773 163.1 34.846002 406.63 0
2017 12 3.4492602 -5.1630964 125 36.1116737 407.84 0
2018 1 -0.23675422 -10.532071 143.5 46.9568005 409.93 0
2018 2 7.0228667 -4.853534 209.8 71.763862025 410.85 0
2018 3 6.996379 -3.7913966 301.6 50.1377384 411.83 0
2018 4 14.869238 1.5075989 391.2 62.08608 413.29 0
2018 5 20.042786 8.080605 461.6 152.716726 413.83 0
2018 6 26.024448 13.200423 512.7 45.942987 413.28 0
2018 7 28.552076 15.3477745 503.7 92.4735115 411.76 0
2018 8 28.144165 14.678892 439.3 54.2264183 409.17 0
2018 9 24.512758 12.02678 346.6 135.729618 408.17 0
2018 10 15.657945 3.3429549 255.1 63.1754828 408.03 0
2018 11 8.518292 -1.0664164 163.1 48.598416 409.46 0
2018 12 4.982191 -3.1447532 125 81.3421617 410.67 0
2019 1 1.9774901 -8.124742 143.5 57.9645719 412.82 0
2019 2 8.464661 -2.416456 209.8 85.91754425 413.74 0
2019 3 4.9600086 -5.70687 301.6 73.6261377 414.72 0
2019 4 16.266834 4.240716 391.2 102.14496 416.18 0
2019 5 22.288885 9.499682 461.6 111.5082307 416.72 0
2019 6 26.430378 14.503163 512.7 74.864295 416.17 0
2019 7 26.13186 14.039239 503.7 81.3775358 414.65 0
2019 8 26.591892 13.70192 439.3 113.2229678 412.06 0
2019 9 23.430744 11.584439 346.6 116.152719 411.06 0
2019 10 16.675978 5.896895 255.1 140.4813143 410.92 0
2019 11 9.135583 -1.2327869 163.1 41.706216 412.35 0
2019 12 4.102804 -5.6045885 125 104.678568 413.56 0
2020 1 -3.582149 -13.168288 143.5 66.0543505 415.78 0
2020 2 1.8292015 -8.192844 209.8 102.713906625 416.7 0
2020 3 5.9100394 -4.32315 301.6 81.3471744 417.68 0
2020 4 16.56791 1.9321988 391.2 43.542753 419.14 0
2020 5 23.421272 9.774189 461.6 67.9344292 419.68 0
2020 6 28.482449 15.75982 512.7 91.07523 419.13 0
2020 7 29.016638 16.123444 503.7 92.610206 417.61 0
2020 8 26.556036 14.187936 439.3 78.2692836 415.02 0
2020 9 24.097803 11.810562 346.6 113.64453 414.02 0
2020 10 15.774001 3.589819 255.1 60.5730359 413.88 0
2020 11 8.419559 -1.9497997 163.1 147.028755 415.31 0
2020 12 -1.4327413 -10.679524 125 43.3164798 416.52 0
2021 1 -5.798889 -16.562798 143.5 24.4539439 418.8 0
2021 2 -1.8538325 -12.075426 209.8 65.888831 419.72 0
2021 3 5.715573 -5.6590486 301.6 20.55803285 420.7 0
2021 4 14.455897 3.4511855 391.2 140.978451 422.16 0
2021 5 22.710419 9.626163 461.6 49.3696514 422.7 0
2021 6 25.615923 13.54704 512.7 98.154816 422.15 0
2021 7 27.901104 15.111368 503.7 108.1640127 420.63 0
2021 8 25.87245 14.770987 439.3 116.9125258 418.04 0
2021 9 21.901154 11.400727 346.6 103.6149 417.04 0
2021 10 11.9658785 2.333252 255.1 113.0201131 416.9 0
2021 11 6.7104373 -1.007446 163.1 115.383588 418.33 0
2021 12 -1.138037 -10.761069 125 51.4121546 419.54 0
2022 1 -5.7059946 -15.662025 143.5 22.8357129 421.86 0
2022 2 0.19063239 -10.525155 209.8 41.078141375 422.78 0
2022 3 7.193506 -3.0168028 301.6 62.9781957 423.76 0
2022 4 16.991001 3.9783 391.2 46.922769 425.22 0
2022 5 19.30304 7.273819 461.6 86.2073823 425.76 0
2022 6 23.936716 12.391933 512.7 120.752535 425.21 0
2022 7 27.346367 14.853996 503.7 97.3540833 423.69 0
2022 8 25.978373 13.370358 439.3 102.3812634 421.1 0
2022 9 23.21587 10.596044 346.6 69.307593 420.1 0
2022 10 13.3828125 2.2245362 255.1 120.7847482 419.96 0
2022 11 8.296958 0.39445537 163.1 95.797878 421.39 0
2022 12 3.793784 -4.622821 125 132.7105753 422.6 0
2023 1 -0.25441647 -9.291208 143.5 92.3249905 424.99 0
2023 2 -4.8358927 -16.115252 209.8 30.3665917 425.91 0
2023 3 6.433128 -3.032804 301.6 58.365126 426.89 0
2023 4 16.5059 4.058394 391.2 108.890211 428.35 0
2023 5 22.489761 8.94797 461.6 67.1816872 428.89 0
2023 6 25.737032 13.2634115 512.7 98.499183 428.34 0
2023 7 26.841253 14.002642 503.7 90.7155976 426.82 0
2023 8 28.9256 16.104193 439.3 80.1549113 424.23 0
2023 9 22.997747 11.4073 346.6 186.862179 423.23 0
2023 10 15.136015 4.681271 255.1 112.1631956 423.09 0
2023 11 5.97584 -1.094765 163.1 133.49046 424.52 0
2023 12 1.920628 -6.3542695 125 66.0033431 425.73 0
2024 1 -0.7072782 -11.345276 143.5 71.1764743 428.2 0
2024 2 1.952722 -7.690003 209.8 61.042450275 429.12 0
2024 3 5.1140347 -4.5826154 301.6 30.2780007 430.1 0
2024 4 11.628313 0.25979707 391.2 66.562842 431.56 0
2024 5 19.969435 6.693417 461.6 139.3646106 432.1 0
2024 6 23.62013 10.426657 512.7 97.587327 431.55 0
2024 7 28.096344 15.52832 503.7 89.3063376 430.03 0
2024 8 27.217749 16.962187 439.3 161.5017075 427.44 0
2024 9 21.478842 10.8770685 346.6 101.52405 426.44 0
2024 10 13.4300585 2.8886623 255.1 75.4150795 426.3 0
2024 11 10.644886 1.7492907 163.1 118.85469 427.73 0
2024 12 -0.19600001 -9.040521 125 98.184967 428.94 0
2025 1 -1.1698896 -11.408758 143.5 50.3992327 431.47 0
2025 2 2.6452992 -7.8845973 209.8 77.318795125 432.39 0
2025 3 5.1793694 -4.998709 301.6 62.382323 433.37 0
2025 4 11.694688 0.16325943 391.2 90.146736 434.83 0
2025 5 23.373259 8.671448 461.6 28.4073398 435.37 0
2025 6 25.661394 12.741749 512.7 85.98861 434.82 0
2025 7 28.497904 15.65601 503.7 74.140561 433.3 0
2025 8 25.687292 14.277609 439.3 218.2451863 430.71 0
2025 9 20.63029 7.7907963 346.6 112.646712 429.71 0
2025 10 13.649527 3.1036997 255.1 178.056095 429.57 0
2025 11 8.944213 -0.49689195 163.1 124.771485 431 0
2025 12 0.24268998 -9.000483 125 48.0607756 432.21 0
2026 1 -1.1783514 -11.215257 143.5 63.687578 434.83 0
2026 2 1.8866303 -8.446535 209.8 84.635403875 435.75 0
2026 3 7.020368 -2.9675825 301.6 72.0253783 436.73 0
2026 4 15.959353 4.326923 391.2 102.903486 438.19 0
2026 5 22.20006 9.585811 461.6 31.1469741 438.73 0
2026 6 25.523638 12.803428 512.7 75.117588 438.18 0
2026 7 27.628946 14.827954 503.7 97.6626046 436.66 0
2026 8 27.2539 14.8293085 439.3 72.3418015 434.07 0
2026 9 23.085596 10.818405 346.6 190.17111 433.07 0
2026 10 13.164344 3.9056966 255.1 73.342311 432.93 0
2026 11 6.8417106 -1.6669626 163.1 74.952306 434.36 0
2026 12 1.4246591 -5.999762 125 122.3210276 435.57 0
2027 1 -2.0741832 -11.408384 143.5 24.6213191 438.24 0
2027 2 -0.42738783 -11.6779 209.8 57.968980225 439.16 0
2027 3 5.5617642 -4.4553757 301.6 68.0471111 440.14 0
2027 4 16.633486 4.0322466 391.2 60.565947 441.6 0
2027 5 20.34594 6.950857 461.6 48.8701949 442.14 0
2027 6 23.707785 11.355043 512.7 143.49681 441.59 0
2027 7 28.475336 15.788829 503.7 98.2706169 440.07 0
2027 8 28.256224 15.572254 439.3 92.2815223 437.48 0
2027 9 22.90139 11.222003 346.6 127.65009 436.48 0
2027 10 16.325062 5.5501604 255.1 97.4256561 436.34 0
2027 11 8.52738 0.20146708 163.1 95.350779 437.77 0
2027 12 -2.4570742 -13.04555 125 65.4423547 438.98 0
2028 1 -1.6027267 -14.265857 143.5 69.2847892 441.72 0
2028 2 2.0418792 -10.324562 209.8 86.0809818 442.64 0
2028 3 5.4983335 -4.227078 301.6 91.534723 443.62 0
2028 4 14.905014 3.8418071 391.2 132.833118 445.08 0
2028 5 22.467987 9.49425 461.6 89.3736634 445.62 0
2028 6 27.99165 14.890099 512.7 38.9472 445.07 0
2028 7 29.137386 15.995681 503.7 102.0261336 443.55 0
2028 8 27.443335 14.943409 439.3 81.775427 440.96 0
2028 9 22.757107 10.72483 346.6 80.098986 439.96 0
2028 10 17.882063 5.460779 255.1 54.0994299 439.82 0
2028 11 11.526205 2.205965 163.1 58.534977 441.25 0
2028 12 2.1509163 -7.548562 125 66.2323153 442.46 0
2029 1 -5.704276 -16.474348 143.5 58.994922 445.25 0
2029 2 -1.953917 -12.589512 209.8 111.091540175 446.17 0
2029 3 6.160262 -3.6141388 301.6 79.6443506 447.15 0
2029 4 16.51054 3.8045697 391.2 68.025906 448.61 0
2029 5 21.53108 8.3990755 461.6 79.524734 449.15 0
2029 6 25.832218 13.373211 512.7 50.392575 448.6 0
2029 7 29.545033 17.970572 503.7 146.767299 447.08 0
2029 8 28.729832 16.04812 439.3 73.058971 444.49 0
2029 9 24.610098 11.045505 346.6 49.022673 443.49 0
2029 10 18.399504 5.560577 255.1 44.1336956 443.35 0
2029 11 11.308832 2.3216147 163.1 52.843098 444.78 0
2029 12 5.0106473 -4.223901 125 84.034211 445.99 0
2030 1 -0.09590514 -9.3517685 143.5 29.0911161 448.83 0
2030 2 2.566885 -8.661514 209.8 89.63373005 449.75 0
2030 3 4.880661 -6.26327 301.6 66.4624872 450.73 0
2030 4 17.629177 4.9927926 391.2 71.819259 452.19 0
2030 5 21.717192 8.430448 461.6 60.8355346 452.73 0
2030 6 27.40639 15.187052 512.7 113.8152 452.18 0
2030 7 29.512875 16.630205 503.7 72.4403815 450.66 0
2030 8 28.542967 16.232855 439.3 111.8969428 448.07 0
2030 9 27.906673 16.169468 346.6 62.419059 447.07 0
2030 10 17.035578 4.146993 255.1 29.20445675 446.93 0
2030 11 9.44019 -1.1546522 163.1 119.61732 448.36 0
2030 12 1.8641216 -6.178202 125 58.7384652 449.57 0
2031 1 -0.027944647 -9.027745 143.5 76.289822 452.47 0
2031 2 0.15912686 -10.567811 209.8 54.5814069 453.39 0
2031 3 7.3041387 -2.4025667 301.6 49.2143445 454.37 0
2031 4 15.314772 4.175947 391.2 156.40164 455.83 0
2031 5 19.803003 7.0197344 461.6 81.1920504 456.37 0
2031 6 25.663153 12.989299 512.7 98.594535 455.82 0
2031 7 28.271906 15.457027 503.7 104.974401 454.3 0
2031 8 28.568758 16.84316 439.3 157.348529 451.71 0
2031 9 21.713364 10.701282 346.6 138.264312 450.71 0
2031 10 13.3445 3.999584 255.1 88.5638473 450.57 0
2031 11 7.075513 -1.9161417 163.1 146.33094 452 0
2031 12 1.165993 -6.8931127 125 113.3709556 453.21 0
2032 1 -2.6929047 -12.005521 143.5 63.7576473 456.18 0
2032 2 -0.26939094 -11.462131 209.8 59.510752225 457.1 0
2032 3 5.9552016 -3.3897722 301.6 76.3593271 458.08 0
2032 4 16.700417 4.1612043 391.2 51.736566 459.54 0
2032 5 21.812908 7.984626 461.6 120.8673198 460.08 0
2032 6 23.496876 10.955982 512.7 78.713022 459.53 0
2032 7 27.8733 14.654744 503.7 75.6746425 458.01 0
2032 8 26.941637 13.895616 439.3 97.130347 455.42 0
2032 9 21.31127 9.7729 346.6 111.969159 454.42 0
2032 10 17.705055 6.622242 255.1 99.4548727 454.28 0
2032 11 8.72174 -0.21249303 163.1 108.743211 455.71 0
2032 12 4.229536 -3.605556 125 93.6621879 456.92 0
2033 1 -3.5099757 -14.570099 143.5 38.5465935 459.96 0
2033 2 -1.4065392 -11.910527 209.8 50.86448095 460.88 0
2033 3 6.1585484 -4.2016706 301.6 34.9707125 461.86 0
2033 4 15.789536 4.4865212 391.2 97.533246 463.32 0
2033 5 20.904453 7.9316616 461.6 120.3677796 463.86 0
2033 6 25.933405 13.219176 512.7 97.145676 463.31 0
2033 7 28.355356 15.892194 503.7 99.8274214 461.79 0
2033 8 27.332687 15.219375 439.3 117.0116545 459.2 0
2033 9 22.317532 11.27699 346.6 179.08089 458.2 0
2033 10 13.472566 4.2596397 255.1 193.9522905 458.06 0
2033 11 9.618113 1.1658442 163.1 148.68033 459.49 0
2033 12 2.6557133 -5.649465 125 43.1368906 460.7 0
2034 1 -3.0980294 -13.467341 143.5 62.2675455 463.85 0
2034 2 3.756135 -6.5876727 209.8 79.3821949 464.77 0
2034 3 6.394344 -2.653087 301.6 87.562941 465.75 0
2034 4 14.349494 4.00198 391.2 135.443301 467.21 0
2034 5 21.027803 7.8552203 461.6 88.0719486 467.75 0
2034 6 27.204351 15.1386795 512.7 113.830191 467.2 0
2034 7 28.825478 15.91622 503.7 82.7767425 465.68 0
2034 8 27.737167 15.073179 439.3 57.57444 463.09 0
2034 9 21.204653 7.4630594 346.6 43.007934 462.09 0
2034 10 17.787525 4.2385283 255.1 106.123416 461.95 0
2034 11 9.49483 1.711024 163.1 98.89182 463.38 0
2034 12 2.1698952 -5.9941444 125 68.114099 464.59 0
2035 1 -2.0712695 -11.50493 143.5 47.2030149 467.85 0
2035 2 5.386678 -6.171442 209.8 71.13673745 468.77 0
2035 3 6.5830684 -4.114753 301.6 29.4891716 469.75 0
2035 4 15.772659 3.5030713 391.2 74.309235 471.21 0
2035 5 21.994951 8.408704 461.6 71.27272 471.75 0
2035 6 25.598791 12.764644 512.7 66.015759 471.2 0
2035 7 28.395199 15.768482 503.7 72.0382464 469.68 0
2035 8 28.582716 15.71078 439.3 67.1175916 467.09 0
2035 9 22.76381 10.991144 346.6 74.694966 466.09 0
2035 10 17.485344 5.231395 255.1 80.9185932 465.95 0
2035 11 10.110039 0.62237716 163.1 120.672039 467.38 0
2035 12 -1.1287127 -11.268456 125 32.0729472 468.59 0
2036 1 3.1137924 -7.162156 143.5 95.7001 471.96 0
2036 2 -1.2005259 -11.350865 209.8 54.98948945 472.88 0
2036 3 5.4813986 -4.348444 301.6 74.1953535 473.86 0
2036 4 14.084023 0.22238798 391.2 63.60915 475.32 0
2036 5 22.161972 7.635736 461.6 148.280998 475.86 0
2036 6 27.21944 13.673906 512.7 38.886531 475.31 0
2036 7 29.021929 16.45734 503.7 118.3162368 473.79 0
2036 8 27.805193 14.852394 439.3 131.562605 471.2 0
2036 9 21.46086 8.711456 346.6 84.994155 470.2 0
2036 10 16.193811 4.8515143 255.1 59.1128894 470.06 0
2036 11 9.656046 0.06917101 163.1 72.87198 471.49 0
2036 12 4.377211 -4.0257406 125 74.508996 472.7 0
2037 1 3.0383265 -7.350384 143.5 90.1478357 476.18 0
2037 2 0.6705374 -9.363812 209.8 44.768823075 477.1 0
2037 3 7.1010227 -4.000527 301.6 31.1599414 478.08 0
2037 4 11.178646 2.3302815 391.2 71.520861 479.54 0
2037 5 19.249184 6.851342 461.6 150.9995895 480.08 0
2037 6 24.456743 12.333978 512.7 57.42951 479.53 0
2037 7 28.306206 16.058073 503.7 94.725739 478.01 0
2037 8 26.726444 13.337199 439.3 40.2036086 475.42 0
2037 9 23.690666 11.667287 346.6 121.45317 474.42 0
2037 10 18.88097 8.49002 255.1 55.6203178 474.28 0
2037 11 8.03964 -1.598275 163.1 61.197738 475.71 0
2037 12 3.3104448 -5.747453 125 87.8226652 476.92 0
2038 1 -0.34666753 -9.596646 143.5 148.9546404 480.51 0
2038 2 2.7606905 -7.5010056 209.8 64.6562835 481.43 0
2038 3 10.3867 0.84313834 301.6 84.447627 482.41 0
2038 4 15.891829 3.3388953 391.2 51.680529 483.87 0
2038 5 23.841187 10.415027 461.6 117.4857034 484.41 0
2038 6 26.072824 13.431984 512.7 102.150771 483.86 0
2038 7 28.566326 15.882803 503.7 64.5855984 482.34 0
2038 8 30.978123 18.315819 439.3 66.1910605 479.75 0
2038 9 26.910643 14.630381 346.6 76.295415 478.75 0
2038 10 17.70565 7.6280365 255.1 132.6047227 478.61 0
2038 11 9.734031 0.6873699 163.1 109.721061 480.04 0
2038 12 2.19812 -8.035652 125 103.7060267 481.25 0
2039 1 -1.3653048 -9.925321 143.5 29.2520433 484.93 0
2039 2 1.4319967 -7.7301826 209.8 45.5691258 485.85 0
2039 3 7.586133 -3.508458 301.6 36.0034682 486.83 0
2039 4 13.732224 3.6301599 391.2 129.892272 488.29 0
2039 5 22.494623 8.84984 461.6 40.7779115 488.83 0
2039 6 26.284363 13.328739 512.7 42.825705 488.28 0
2039 7 28.893085 15.702278 503.7 47.581497 486.76 0
2039 8 29.856998 17.594374 439.3 126.0349423 484.17 0
2039 9 25.999338 12.081772 346.6 41.598066 483.17 0
2039 10 15.585748 3.8588328 255.1 82.7411328 483.03 0
2039 11 11.511302 2.5645652 163.1 173.940495 484.46 0
2039 12 3.4754176 -3.4172616 125 74.2501956 485.67 0
2040 1 -1.5726432 -10.475349 143.5 60.0705228 489.44 0
2040 2 0.97506946 -10.360196 209.8 17.638884725 490.36 0
2040 3 6.0033298 -5.3688035 301.6 85.7340867 491.34 0
2040 4 13.511396 3.03089 391.2 58.736397 492.8 0
2040 5 23.994944 9.527771 461.6 57.9846785 493.34 0
2040 6 28.753197 15.380509 512.7 48.235671 492.79 0
2040 7 29.8133 17.038187 503.7 94.4756 491.27 0
2040 8 29.852716 17.66879 439.3 133.9558515 488.68 0
2040 9 26.151031 13.442037 346.6 72.670476 487.68 0
2040 10 18.28096 8.082283 255.1 141.99736 487.54 0
2040 11 6.647862 -1.3776993 163.1 53.647341 488.97 0
2040 12 0.052614626 -7.987509 125 49.6642103 490.18 0
2041 1 1.189609 -8.760793 143.5 96.678305 494.03 0
2041 2 1.7942407 -9.272955 209.8 61.28113735 494.95 0
2041 3 6.3239374 -4.1389723 301.6 89.2886366 495.93 0
2041 4 13.740044 1.8447673 391.2 81.093672 497.39 0
2041 5 22.21575 9.194971 461.6 109.7564424 497.93 0
2041 6 25.827288 12.832094 512.7 79.33557 497.38 0
2041 7 29.63545 16.54135 503.7 61.9516524 495.86 0
2041 8 30.0044 17.063175 439.3 85.4077001 493.27 0
2041 9 24.927425 12.052721 346.6 111.819642 492.27 0
2041 10 16.7275 4.93902 255.1 99.696713 492.13 0
2041 11 9.492471 0.4340599 163.1 119.778636 493.56 0
2041 12 2.414545 -5.6589255 125 73.8438166 494.77 0
2042 1 2.134923 -7.418088 143.5 79.0877146 498.73 0
2042 2 -0.01553655 -9.145392 209.8 62.13047925 499.65 0
2042 3 2.9318144 -9.158294 301.6 90.6686512 500.63 0
2042 4 15.500271 1.4464772 391.2 57.926031 502.09 0
2042 5 22.21352 8.870707 461.6 111.3457194 502.63 0
2042 6 25.25486 13.160862 512.7 88.873551 502.08 0
2042 7 27.782915 14.951551 503.7 94.6849058 500.56 0
2042 8 28.558743 15.500692 439.3 72.6824574 497.97 0
2042 9 27.25458 16.260246 346.6 90.30387 496.97 0
2042 10 14.82066 4.46379 255.1 86.3356169 496.83 0
2042 11 11.639508 2.8575137 163.1 69.328464 498.26 0
2042 12 2.5903456 -4.3310575 125 111.262627 499.47 0
2043 1 1.3542577 -6.147417 143.5 141.8993473 503.53 0
2043 2 0.70174295 -9.314499 209.8 65.799778525 504.45 0
2043 3 5.7344284 -3.4028578 301.6 97.581459 505.43 0
2043 4 15.010719 4.646698 391.2 112.383636 506.89 0
2043 5 19.006193 8.486298 461.6 83.994779 507.43 0
2043 6 27.740063 15.637426 512.7 99.850809 506.88 0
2043 7 30.609287 18.68073 503.7 99.0758171 505.36 0
2043 8 29.812275 16.932724 439.3 86.2053797 502.77 0
2043 9 24.889263 11.741676 346.6 71.757666 501.77 0
2043 10 12.775468 3.0891554 255.1 85.8096802 501.63 0
2043 11 8.970339 -0.9075327 163.1 87.222918 503.06 0
2043 12 1.0779254 -7.0433226 125 30.518074 504.27 0
2044 1 -0.11594107 -8.371928 143.5 57.4236808 508.43 0
2044 2 3.6788836 -8.131214 209.8 70.94985805 509.35 0
2044 3 7.485524 -0.82536274 301.6 87.1989483 510.33 0
2044 4 17.762 5.1937733 391.2 64.561542 511.79 0
2044 5 19.666674 7.4002633 461.6 126.2788906 512.33 0
2044 6 25.297712 13.694007 512.7 91.916019 511.78 0
2044 7 30.10133 17.301146 503.7 40.0226988 510.26 0
2044 8 30.009426 17.112387 439.3 111.3364876 507.67 0
2044 9 26.342283 13.308661 346.6 75.774864 506.67 0
2044 10 16.774578 5.064718 255.1 48.7963219 506.53 0
2044 11 11.852182 3.1266482 163.1 115.880499 507.96 0
2044 12 -0.2974832 -10.90309 125 138.3186427 509.17 0
2045 1 -1.4898027 -11.276803 143.5 49.4649702 513.46 0
2045 2 5.3136377 -7.0319595 209.8 56.378431775 514.38 0
2045 3 8.928268 -1.2871027 301.6 77.8889508 515.36 0
2045 4 16.516186 4.135651 391.2 82.66647 516.82 0
2045 5 21.444021 9.0991745 461.6 85.6641104 517.36 0
2045 6 27.008265 14.885497 512.7 94.680441 516.81 0
2045 7 29.599762 16.844137 503.7 105.847454 515.29 0
2045 8 28.606943 15.752612 439.3 141.0113213 512.7 0
2045 9 26.063173 11.635729 346.6 29.568612 511.7 0
2045 10 17.70776 7.141942 255.1 205.9633366 511.56 0
2045 11 8.76173 0.4128171 163.1 146.44371 512.99 0
2045 12 1.5476998 -6.599539 125 90.9137775 514.2 0
2046 1 -4.3451486 -16.46652 143.5 30.0460618 518.61 0
2046 2 -2.3697352 -16.026253 209.8 45.95050645 519.53 0
2046 3 4.2741156 -7.2832913 301.6 83.9208502 520.51 0
2046 4 15.7752495 4.103322 391.2 64.181886 521.97 0
2046 5 23.615849 10.008601 461.6 62.043555 522.51 0
2046 6 27.004013 14.050017 512.7 122.07096 521.96 0
2046 7 29.505684 16.823505 503.7 89.7779499 520.44 0
2046 8 27.863623 15.121253 439.3 180.055161 517.85 0
2046 9 20.446583 10.149965 346.6 213.911148 516.85 0
2046 10 14.555002 4.1038175 255.1 111.6343418 516.71 0
2046 11 9.752766 2.8775964 163.1 111.348609 518.14 0
2046 12 2.3605952 -6.3789573 125 54.8999956 519.35 0
2047 1 1.1817799 -6.6817217 143.5 78.4391636 523.9 0
2047 2 -3.0491738 -12.394528 209.8 53.3246322 524.82 0
2047 3 6.814346 -4.322614 301.6 39.2027271 525.8 0
2047 4 11.958383 1.3967025 391.2 73.225815 527.26 0
2047 5 20.989754 8.394531 461.6 60.7054555 527.8 0
2047 6 29.32925 16.694868 512.7 102.376749 527.25 0
2047 7 28.621012 15.813197 503.7 104.707243 525.73 0
2047 8 30.998377 18.249517 439.3 92.864964 523.14 0
2047 9 25.908356 12.895919 346.6 88.924533 522.14 0
2047 10 16.218002 5.0520887 255.1 117.0121133 522 0
2047 11 9.091121 -0.5381053 163.1 62.319561 523.43 0
2047 12 4.9834523 -3.9189224 125 53.9171096 524.64 0
2048 1 3.1251037 -4.704545 143.5 79.341555 529.32 0
2048 2 -2.5244772 -13.022861 209.8 25.9131840125 530.24 0
2048 3 7.8848715 -2.255062 301.6 94.0267696 531.22 0
2048 4 14.283347 3.0590086 391.2 113.626671 532.68 0
2048 5 20.183998 8.220619 461.6 175.3401726 533.22 0
2048 6 27.034649 14.085437 512.7 49.217409 532.67 0
2048 7 29.61135 16.881842 503.7 107.2375095 531.15 0
2048 8 29.027935 16.529942 439.3 66.9892795 528.56 0
2048 9 25.310604 13.797575 346.6 174.370638 527.56 0
2048 10 18.749084 7.411572 255.1 108.247474 527.42 0
2048 11 10.135292 1.1505493 163.1 48.205395 528.85 0
2048 12 2.175088 -6.592352 125 64.7838713 530.06 0
2049 1 -1.9432415 -11.816683 143.5 52.9102048 534.88 0
2049 2 1.8202294 -8.833317 209.8 55.63198485 535.8 0
2049 3 9.373763 -1.1800405 301.6 93.0084568 536.78 0
2049 4 15.378126 3.8725417 391.2 74.932365 538.24 0
2049 5 22.231636 9.818326 461.6 121.6096613 538.78 0
2049 6 28.70606 16.811466 512.7 104.397804 538.23 0
2049 7 29.843018 16.98572 503.7 64.4032936 536.71 0
2049 8 29.46793 18.687904 439.3 296.336471 534.12 0
2049 9 24.84939 15.95824 346.6 154.625802 533.12 0
2049 10 13.59674 4.1783032 255.1 64.471754 532.98 0
2049 11 9.209646 0.28296152 163.1 95.424585 534.41 0
2049 12 1.9907593 -6.417624 125 132.5719495 535.62 0
2050 1 -0.9626332 -9.804973 143.5 64.602016 540.54 0
2050 2 -0.27143064 -12.68652 209.8 60.6015497 541.46 0
2050 3 5.8592477 -3.8341208 301.6 71.7596959 542.44 0
2050 4 13.621798 3.292304 391.2 153.45948 543.9 0
2050 5 22.06722 9.727347 461.6 94.9597766 544.44 0
2050 6 28.48724 15.78577 512.7 57.973563 543.89 0
2050 7 30.212896 17.185291 503.7 63.0145742 542.37 0
2050 8 28.7283 16.352165 439.3 147.241072 539.78 0
2050 9 23.702827 12.174286 346.6 58.709145 538.78 0
2050 10 17.081015 4.4324994 255.1 85.2254542 538.64 0
2050 11 10.693934 1.096914 163.1 168.67698 540.07 0
2050 12 -1.4212661 -11.34767 125 70.2717796 541.28 0
2051 1 -1.7318339 -10.93098 143.5 51.2660733 546.32 0
2051 2 3.3424554 -7.7467575 209.8 103.80108245 547.24 0
2051 3 6.0340037 -3.9417734 301.6 83.3040153 548.22 0
2051 4 15.208867 3.701165 391.2 99.012624 549.68 0
2051 5 21.068707 7.1640635 461.6 102.041367 550.22 0
2051 6 25.075352 13.33277 512.7 155.174718 549.67 0
2051 7 28.54317 16.517515 503.7 109.930588 548.15 0
2051 8 28.198778 16.49916 439.3 39.3167854 545.56 0
2051 9 23.98985 9.864505 346.6 36.667509 544.56 0
2051 10 16.731375 4.310202 255.1 68.259396 544.42 0
2051 11 7.6913476 -1.3559569 163.1 88.507068 545.85 0
2051 12 3.5996869 -3.1196208 125 73.795841 547.06 0
2052 1 -1.8858775 -10.929988 143.5 22.82403396 552.21 0
2052 2 -2.8915088 -14.595202 209.8 78.2959485 553.13 0
2052 3 5.9392705 -4.779216 301.6 58.4913735 554.11 0
2052 4 14.1031 1.0691869 391.2 61.030656 555.57 0
2052 5 22.575195 9.267244 461.6 124.992 556.11 0
2052 6 27.890112 14.521289 512.7 43.869348 555.56 0
2052 7 30.94203 18.209175 503.7 84.7999265 554.04 0
2052 8 29.253096 16.326046 439.3 38.8057132 551.45 0
2052 9 24.313341 11.679765 346.6 41.62026 550.45 0
2052 10 18.715876 6.7371387 255.1 124.749921 550.31 0
2052 11 12.258214 2.3764977 163.1 101.374833 551.74 0
2052 12 2.048286 -7.992785 125 84.8751511 552.95 0
2053 1 -1.2285469 -8.851279 143.5 23.0842988 558.21 0
2053 2 2.7973194 -7.9839625 209.8 72.277605225 559.13 0
2053 3 7.7664337 -2.0386307 301.6 67.9487078 560.11 0
2053 4 14.027543 4.341109 391.2 149.08884 561.57 0
2053 5 20.049429 7.6954193 461.6 169.4802085 562.11 0
2053 6 27.06787 14.766456 512.7 136.27362 561.56 0
2053 7 30.59769 17.81652 503.7 103.89681 560.04 0
2053 8 28.531477 15.317636 439.3 145.190546 557.45 0
2053 9 22.87992 10.647049 346.6 93.414525 556.45 0
2053 10 17.917633 6.717023 255.1 173.629977 556.31 0
2053 11 8.5562105 -0.28913245 163.1 65.5017 557.74 0
2053 12 4.014054 -3.7080798 125 154.6197354 558.95 0
2054 1 -3.3265185 -13.897552 143.5 33.6289116 564.31 0
2054 2 1.1186298 -8.913021 209.8 72.6750573 565.23 0
2054 3 5.9171953 -4.165096 301.6 74.4296484 566.21 0
2054 4 14.011114 2.3767102 391.2 116.697651 567.67 0
2054 5 20.974247 8.683389 461.6 103.9932107 568.21 0
2054 6 26.068048 14.351791 512.7 215.038692 567.66 0
2054 7 30.786623 18.039959 503.7 88.2435584 566.14 0
2054 8 30.5692 18.884962 439.3 73.194069 563.55 0
2054 9 23.687649 12.459472 346.6 101.742927 562.55 0
2054 10 14.717725 4.401654 255.1 50.2507799 562.41 0
2054 11 10.845895 2.550388 163.1 78.55143 563.84 0
2054 12 2.8537889 -3.334741 125 47.6868195 565.05 0
2055 1 -3.1611426 -13.601298 143.5 31.8149094 570.52 0
2055 2 2.907613 -7.1496882 209.8 36.47455245 571.44 0
2055 3 5.5691237 -4.6072855 301.6 67.7162853 572.42 0
2055 4 16.889471 4.7587066 391.2 55.7229 573.88 0
2055 5 24.064926 10.008194 461.6 47.9270633 574.42 0
2055 6 25.17515 13.157344 512.7 152.58249 573.87 0
2055 7 30.831028 18.298084 503.7 91.3010946 572.35 0
2055 8 30.398739 16.939058 439.3 123.1317737 569.76 0
2055 9 23.465288 10.686819 346.6 62.389062 568.76 0
2055 10 17.133078 5.699498 255.1 96.987096 568.62 0
2055 11 9.310739 0.98200715 163.1 119.90727 570.05 0
2055 12 4.751043 -2.0560286 125 117.8086304 571.26 0
2056 1 0.7892799 -6.7874117 143.5 33.3343155 576.84 0
2056 2 -0.51535344 -10.472433 209.8 59.014363 577.76 0
2056 3 6.5723777 -2.7039685 301.6 83.5348723 578.74 0
2056 4 17.890877 5.3103614 391.2 75.957285 580.2 0
2056 5 24.024614 10.626188 461.6 56.9920647 580.74 0
2056 6 27.975447 15.54823 512.7 101.914524 580.19 0
2056 7 30.592464 17.417107 503.7 84.0013448 578.67 0
2056 8 30.687456 18.502876 439.3 113.1798344 576.08 0
2056 9 26.034931 12.352338 346.6 108.734415 575.08 0
2056 10 21.316786 9.939617 255.1 55.6554501 574.94 0
2056 11 7.6565046 -1.4305974 163.1 110.999064 576.37 0
2056 12 1.2888982 -7.7611475 125 35.2812519 577.58 0
2057 1 1.6327399 -5.9027643 143.5 56.9537518 583.3 0
2057 2 1.0483036 -9.128211 209.8 56.56296925 584.22 0
2057 3 9.996228 1.9390109 301.6 93.5359714 585.2 0
2057 4 17.293385 5.4964232 391.2 68.69718 586.66 0
2057 5 21.459421 7.1659484 461.6 66.4674906 587.2 0
2057 6 26.84083 14.758924 512.7 216.125721 586.65 0
2057 7 29.572264 16.178053 503.7 71.5568133 585.13 0
2057 8 31.073606 18.709799 439.3 84.4974068 582.54 0
2057 9 26.772533 13.536854 346.6 52.103586 581.54 0
2057 10 19.957193 7.467018 255.1 55.6688638 581.4 0
2057 11 9.79932 0.073793694 163.1 71.541702 582.83 0
2057 12 3.8602502 -5.315952 125 66.8993516 584.04 0
2058 1 -1.0346175 -8.815027 143.5 44.0288629 589.91 0
2058 2 4.676734 -6.057355 209.8 50.946064125 590.83 0
2058 3 6.4081187 -4.7460103 301.6 70.851058 591.81 0
2058 4 15.550645 3.7345324 391.2 56.584293 593.27 0
2058 5 23.246454 9.267174 461.6 74.043345 593.81 0
2058 6 28.67406 15.134157 512.7 40.656612 593.26 0
2058 7 29.604671 16.834944 503.7 98.359807 591.74 0
2058 8 30.819809 19.065811 439.3 167.1734706 589.15 0
2058 9 26.93964 14.209712 346.6 64.793235 588.15 0
2058 10 18.915524 6.6486626 255.1 72.8134045 588.01 0
2058 11 8.621529 -0.70613253 163.1 61.477362 589.44 0
2058 12 3.1603005 -6.824729 125 152.7533215 590.65 0
2059 1 -0.619088 -9.977903 143.5 157.2006187 596.65 0
2059 2 3.1502535 -6.907335 209.8 73.98152375 597.57 0
2059 3 9.577809 -1.7190518 301.6 74.0991977 598.55 0
2059 4 12.966796 3.6309888 391.2 156.399135 600.01 0
2059 5 23.13996 9.329016 461.6 111.6545197 600.55 0
2059 6 28.763111 16.474304 512.7 98.085588 600 0
2059 7 29.035011 16.05413 503.7 98.6075776 598.48 0
2059 8 30.591408 18.689962 439.3 129.427201 595.89 0
2059 9 26.866182 16.169113 346.6 123.239595 594.89 0
2059 10 19.482193 7.5005894 255.1 68.0214276 594.75 0
2059 11 9.670531 1.7613114 163.1 136.750215 596.18 0
2059 12 4.1099277 -2.4409359 125 49.5432607 597.39 0
2060 1 -0.19515987 -8.001909 143.5 49.6576321 603.52 0
2060 2 4.248807 -5.026673 209.8 61.180276375 604.44 0
2060 3 5.614773 -4.594947 301.6 78.5552307 605.42 0
2060 4 15.591531 4.6508245 391.2 66.143754 606.88 0
2060 5 23.39498 9.625187 461.6 57.4186154 607.42 0
2060 6 30.092232 16.757828 512.7 45.214719 606.87 0
2060 7 30.112812 16.967178 503.7 102.9778925 605.35 0
2060 8 29.354013 16.075535 439.3 141.1064448 602.76 0
2060 9 26.087141 14.228351 346.6 85.446888 601.76 0
2060 10 18.86229 6.625267 255.1 37.9609384 601.62 0
2060 11 11.3462105 1.4505228 163.1 77.919144 603.05 0
2060 12 4.6911383 -4.069294 125 134.2715493 604.26 0
2061 1 0.6749214 -7.1581187 143.5 77.2842865 610.52 0
2061 2 1.7871327 -8.785312 209.8 48.77279445 611.44 0
2061 3 8.9050665 -1.8835105 301.6 50.5496385 612.42 0
2061 4 12.91198 2.7227128 391.2 153.013788 613.88 0
2061 5 20.955732 7.9806523 461.6 77.022011 614.42 0
2061 6 26.27412 13.942427 512.7 110.480382 613.87 0
2061 7 30.550344 16.761194 503.7 80.5187335 612.35 0
2061 8 31.184317 18.039888 439.3 89.5660277 609.76 0
2061 9 27.000914 14.428559 346.6 110.050779 608.76 0
2061 10 18.691422 7.546199 255.1 51.8492825 608.62 0
2061 11 11.618556 2.6455233 163.1 59.864451 610.05 0
2061 12 2.9152565 -4.9793205 125 128.467627 611.26 0
2062 1 0.94874835 -7.858257 143.5 56.8245531 617.61 0
2062 2 1.3813145 -8.757889 209.8 41.2719618 618.53 0
2062 3 6.8561573 -4.1236663 301.6 138.122763 619.51 0
2062 4 16.236809 4.5827065 391.2 54.681828 620.97 0
2062 5 24.326637 10.636509 461.6 75.5605625 621.51 0
2062 6 27.0108 14.407805 512.7 93.79677 620.96 0
2062 7 28.030298 15.027056 503.7 81.7884656 619.44 0
2062 8 29.588856 16.416204 439.3 121.510204 616.85 0
2062 9 25.64251 12.543222 346.6 58.358349 615.85 0
2062 10 18.019537 6.86991 255.1 54.9288938 615.71 0
2062 11 9.32602 0.1219719 163.1 90.22257 617.14 0
2062 12 4.1621647 -4.3903966 125 66.1510736 618.35 0
2063 1 -0.1409533 -9.18477 143.5 79.8011734 624.76 0
2063 2 0.72753376 -8.570348 209.8 64.077517275 625.68 0
2063 3 5.1408772 -4.0350585 301.6 83.4928394 626.66 0
2063 4 15.959175 4.7645154 391.2 70.809981 628.12 0
2063 5 22.011847 9.341098 461.6 81.5363147 628.66 0
2063 6 26.981497 14.472272 512.7 120.494271 628.11 0
2063 7 31.369957 19.35667 503.7 106.5682195 626.59 0
2063 8 29.220034 17.206123 439.3 100.7204074 624 0
2063 9 23.594223 10.063078 346.6 107.859078 623 0
2063 10 19.344942 7.429793 255.1 70.7544558 622.86 0
2063 11 10.116883 3.1208653 163.1 94.148184 624.29 0
2063 12 3.1107314 -3.597447 125 65.7792565 625.5 0
2064 1 1.9579766 -7.18255 143.5 88.9467438 631.99 0
2064 2 1.6641934 -7.295568 209.8 14.315266575 632.91 0
2064 3 9.2596245 -1.0479947 301.6 75.7384932 633.89 0
2064 4 13.680179 3.705329 391.2 69.355809 635.35 0
2064 5 25.108 11.032315 461.6 58.8053074 635.89 0
2064 6 27.225275 14.617421 512.7 83.351325 635.34 0
2064 7 32.57979 19.649576 503.7 65.3674556 633.82 0
2064 8 30.97417 18.81417 439.3 104.1701215 631.23 0
2064 9 29.073868 16.494375 346.6 55.68933 630.23 0
2064 10 20.29965 6.850611 255.1 15.77114336 630.09 0
2064 11 13.083663 3.6378872 163.1 68.985144 631.52 0
2064 12 3.5665889 -4.2008715 125 126.552571 632.73 0
2065 1 0.46176356 -8.782239 143.5 84.2827659 639.29 0
2065 2 1.3837212 -9.054369 209.8 57.07743 640.21 0
2065 3 11.979093 -0.3001374 301.6 31.1277076 641.19 0
2065 4 13.993384 3.4256358 391.2 113.582619 642.65 0
2065 5 23.99658 11.033594 461.6 84.7207556 643.19 0
2065 6 29.421772 16.136477 512.7 81.757401 642.64 0
2065 7 31.766563 18.135984 503.7 58.5486088 641.12 0
2065 8 32.72414 19.936153 439.3 63.6041973 638.53 0
2065 9 26.213812 13.714519 346.6 71.992713 637.53 0
2065 10 19.257252 7.0736012 255.1 57.1344973 637.39 0
2065 11 12.23934 3.2205033 163.1 82.72584 638.82 0
2065 12 4.999156 -2.456339 125 96.4150964 640.03 0
2066 1 0.17576566 -9.830476 143.5 73.916772 646.65 0
2066 2 2.7160954 -7.185689 209.8 71.350717075 647.57 0
2066 3 8.51081 -2.375812 301.6 103.1567532 648.55 0
2066 4 14.896212 2.925043 391.2 91.54521 650.01 0
2066 5 22.447666 7.503966 461.6 92.3186913 650.55 0
2066 6 27.65731 15.681631 512.7 128.204211 650 0
2066 7 29.026794 16.07561 503.7 91.2973033 648.48 0
2066 8 27.886887 15.433087 439.3 136.146823 645.89 0
2066 9 24.704687 12.839711 346.6 36.75321 644.89 0
2066 10 16.347137 6.469973 255.1 110.2136428 644.75 0
2066 11 9.696154 -0.16968495 163.1 92.561301 646.18 0
2066 12 4.667613 -3.8082612 125 75.2481104 647.39 0
2067 1 3.721303 -5.892714 143.5 74.6023618 654.1 0
2067 2 1.0107213 -8.45399 209.8 56.870914025 655.02 0
2067 3 8.887638 -2.0987043 301.6 76.1610945 656 0
2067 4 14.429594 3.0159333 391.2 153.78453 657.46 0
2067 5 19.151701 6.579654 461.6 105.8872673 658 0
2067 6 27.33477 15.058792 512.7 108.097452 657.45 0
2067 7 31.781721 18.550777 503.7 85.4203326 655.93 0
2067 8 30.785555 17.58145 439.3 72.4592791 653.34 0
2067 9 25.635775 13.596051 346.6 74.28825 652.34 0
2067 10 18.788227 7.742149 255.1 190.1756504 652.2 0
2067 11 12.524644 3.5828867 163.1 104.1978 653.63 0
2067 12 4.9762554 -1.9416407 125 111.430802 654.84 0
2068 1 -2.9913352 -11.458743 143.5 30.5244786 661.64 0
2068 2 1.0577289 -8.71461 209.8 77.155120275 662.56 0
2068 3 6.9551687 -2.993484 301.6 74.6285537 663.54 0
2068 4 19.839054 7.1404567 391.2 70.42248 665 0
2068 5 24.684597 11.67711 461.6 129.318701 665.54 0
2068 6 26.029144 13.966543 512.7 139.67868 664.99 0
2068 7 31.50169 19.004152 503.7 143.667671 663.47 0
2068 8 29.202843 16.473642 439.3 164.7932782 660.88 0
2068 9 23.345125 10.157999 346.6 139.1073 659.88 0
2068 10 18.398523 7.6267667 255.1 132.463527 659.74 0
2068 11 8.685526 0.31717432 163.1 66.747516 661.17 0
2068 12 2.1542335 -4.613788 125 92.6288246 662.38 0
2069 1 3.3884113 -4.8525314 143.5 45.1784638 669.3 0
2069 2 4.7450542 -4.2528496 209.8 77.758867975 670.22 0
2069 3 7.495361 -1.0836707 301.6 92.0854194 671.2 0
2069 4 18.711493 7.001952 391.2 105.038925 672.66 0
2069 5 24.482819 10.796618 461.6 67.9539995 673.2 0
2069 6 25.40811 12.280852 512.7 60.3114 672.65 0
2069 7 31.497742 17.683603 503.7 78.743038 671.13 0
2069 8 31.540672 18.629484 439.3 134.2927626 668.54 0
2069 9 25.97052 14.092543 346.6 127.909068 667.54 0
2069 10 18.574854 6.3670387 255.1 15.7232558 667.4 0
2069 11 12.740727 3.8765447 163.1 115.427922 668.83 0
2069 12 5.7289214 -1.98268 125 40.902702 670.04 0
2070 1 0.8740886 -7.323781 143.5 50.088746 677.08 0
2070 2 2.4678378 -8.00489 209.8 76.3763045 678 0
2070 3 7.5162425 -1.5736495 301.6 56.2692284 678.98 0
2070 4 13.982282 4.968708 391.2 98.461776 680.44 0
2070 5 24.158947 10.192723 461.6 73.2874627 680.98 0
2070 6 27.361853 14.525158 512.7 127.69581 680.43 0
2070 7 31.47082 18.465359 503.7 68.2258416 678.91 0
2070 8 31.52324 18.588554 439.3 65.5441122 676.32 0
2070 9 24.996899 11.332611 346.6 44.646459 675.32 0
2070 10 22.659206 10.352106 255.1 72.2635885 675.18 0
2070 11 9.265457 0.45446387 163.1 151.197609 676.61 0
2070 12 0.011389662 -8.669811 125 54.0543187 677.82 0
2071 1 -3.7764895 -16.111591 143.5 59.1132428 684.95 0
2071 2 4.1061954 -5.7476535 209.8 57.375052225 685.87 0
2071 3 8.375369 -0.53507847 301.6 92.9917292 686.85 0
2071 4 17.620275 6.859698 391.2 162.24666 688.31 0
2071 5 19.232426 7.8573575 461.6 131.31941 688.85 0
2071 6 27.127165 14.35708 512.7 93.995661 688.3 0
2071 7 31.986856 19.517288 503.7 130.3623594 686.78 0
2071 8 31.091793 18.17599 439.3 117.824521 684.19 0
2071 9 25.36836 13.613232 346.6 124.42536 683.19 0
2071 10 15.792478 5.6262417 255.1 84.5063348 683.05 0
2071 11 8.124027 0.41809407 163.1 118.836744 684.48 0
2071 12 6.1196804 -0.9210951 125 163.3941986 685.69 0
2072 1 1.9891295 -7.2328243 143.5 107.7974222 692.9 0
2072 2 0.43706837 -11.344419 209.8 58.92375395 693.82 0
2072 3 7.526525 -2.814768 301.6 93.3298958 694.8 0
2072 4 19.656595 6.785271 391.2 50.727654 696.26 0
2072 5 25.422092 11.048081 461.6 59.8793861 696.8 0
2072 6 29.163078 16.522976 512.7 68.25321 696.25 0
2072 7 31.502872 19.289528 503.7 117.2920898 694.73 0
2072 8 31.708273 18.787231 439.3 77.188636 692.14 0
2072 9 30.698935 18.844013 346.6 59.573313 691.14 0
2072 10 18.757978 6.4562144 255.1 60.6918868 691 0
2072 11 12.300639 3.5609393 163.1 105.991293 692.43 0
2072 12 3.724579 -3.387297 125 86.9259995 693.64 0
2073 1 0.09591677 -7.4626737 143.5 15.147158 700.89 0
2073 2 2.2519927 -5.619833 209.8 69.70814625 701.81 0
2073 3 5.2820845 -4.510902 301.6 90.2120646 702.79 0
2073 4 16.724411 4.501582 391.2 100.23573 704.25 0
2073 5 25.560614 11.401118 461.6 66.758748 704.79 0
2073 6 27.95583 15.001597 512.7 69.70077 704.24 0
2073 7 33.550068 19.989273 503.7 101.006215 702.72 0
2073 8 33.905083 21.06882 439.3 52.1061671 700.13 0
2073 9 29.715717 15.534247 346.6 27.64014 699.13 0
2073 10 21.824434 9.734527 255.1 131.895793 698.99 0
2073 11 11.132593 0.96307135 163.1 142.826685 700.42 0
2073 12 7.013757 -1.163501 125 133.393589 701.63 0
2074 1 -0.6722718 -8.909965 143.5 83.230443 708.93 0
2074 2 0.15069278 -9.320028 209.8 41.446803875 709.85 0
2074 3 7.252374 -2.3652847 301.6 106.1341916 710.83 0
2074 4 14.599772 3.0369399 391.2 158.466612 712.29 0
2074 5 23.108349 9.488338 461.6 45.5221298 712.83 0
2074 6 28.248802 15.423339 512.7 100.064049 712.28 0
2074 7 31.14056 17.877695 503.7 115.399236 710.76 0
2074 8 28.918386 16.187687 439.3 136.9376516 708.17 0
2074 9 25.809784 13.562352 346.6 140.29647 707.17 0
2074 10 18.37259 6.8128233 255.1 71.2127412 707.03 0
2074 11 9.509097 0.42246103 163.1 83.687898 708.46 0
2074 12 0.33572817 -8.106901 125 51.0706865 709.67 0
2075 1 -0.856722 -10.061486 143.5 49.5222241 717.02 0
2075 2 1.7780161 -8.1133 209.8 49.28662805 717.94 0
2075 3 6.1913075 -3.7458353 301.6 74.0752657 718.92 0
2075 4 16.087366 4.349351 391.2 117.5943 720.38 0
2075 5 24.486359 10.62368 461.6 53.1311108 720.92 0
2075 6 28.693577 15.945646 512.7 66.871848 720.37 0
2075 7 32.44434 19.523062 503.7 89.5155473 718.85 0
2075 8 32.205376 18.970839 439.3 32.4948014 716.26 0
2075 9 29.331612 18.257372 346.6 98.496975 715.26 0
2075 10 19.242733 7.788073 255.1 174.1937585 715.12 0
2075 11 8.44917 -0.35798433 163.1 95.323068 716.55 0
2075 12 4.421604 -3.0304608 125 53.1541469 717.76 0
2076 1 2.4648383 -5.1468716 143.5 60.7012457 725.14 0
2076 2 0.63531744 -8.351517 209.8 44.901490725 726.06 0
2076 3 7.777408 -0.6841836 301.6 84.445023 727.04 0
2076 4 18.586052 6.30228 391.2 65.892576 728.5 0
2076 5 25.51368 12.009664 461.6 152.6259456 729.04 0
2076 6 28.946037 16.65991 512.7 87.658032 728.49 0
2076 7 33.200012 20.058369 503.7 57.2939768 726.97 0
2076 8 32.176582 19.333305 439.3 77.8480122 724.38 0
2076 9 26.593964 14.390851 346.6 82.692276 723.38 0
2076 10 18.55436 7.2459955 255.1 107.8699715 723.24 0
2076 11 12.513186 3.8459375 163.1 112.600686 724.67 0
2076 12 4.42981 -3.164919 125 148.10157 725.88 0
2077 1 -1.4405556 -11.013518 143.5 51.3184478 733.31 0
2077 2 1.9388181 -7.009824 209.8 57.70263075 734.23 0
2077 3 8.467001 -1.4866828 301.6 70.1193185 735.21 0
2077 4 12.495682 1.7048653 391.2 122.90193 736.67 0
2077 5 24.421879 11.118964 461.6 137.0550796 737.21 0
2077 6 29.585184 17.471167 512.7 97.99323 736.66 0
2077 7 32.22437 19.239548 503.7 72.6181634 735.14 0
2077 8 32.30755 20.216446 439.3 161.7239 732.55 0
2077 9 27.482155 14.816273 346.6 39.07059 731.55 0
2077 10 19.067602 8.555776 255.1 112.5416064 731.41 0
2077 11 8.035351 -0.60549784 163.1 59.070204 732.84 0
2077 12 5.0374303 -3.591567 125 89.4015045 734.05 0
2078 1 0.98957604 -5.9248114 143.5 35.9782745 741.52 0
2078 2 1.909492 -7.423056 209.8 64.48285675 742.44 0
2078 3 6.7860847 -2.3497043 301.6 88.4507965 743.42 0
2078 4 16.915325 6.0682607 391.2 138.787965 744.88 0
2078 5 24.870306 9.984377 461.6 34.0299307 745.42 0
2078 6 29.9486 17.756506 512.7 86.192322 744.87 0
2078 7 32.016285 18.896748 503.7 69.9131344 743.35 0
2078 8 31.765385 19.214827 439.3 112.6355178 740.76 0
2078 9 25.301289 10.997407 346.6 43.006776 739.76 0
2078 10 18.989466 6.881031 255.1 122.1999292 739.62 0
2078 11 11.344391 2.0974696 163.1 63.69153 741.05 0
2078 12 4.7018075 -2.6877303 125 136.468448 742.26 0
2079 1 0.1741883 -8.089315 143.5 66.4692204 749.8 0
2079 2 5.457698 -4.2322702 209.8 80.1509565 750.72 0
2079 3 7.228911 -2.8225212 301.6 73.3756887 751.7 0
2079 4 17.486298 6.1747217 391.2 118.058466 753.16 0
2079 5 21.809334 9.510456 461.6 145.5869275 753.7 0
2079 6 26.946121 14.2556505 512.7 70.973505 753.15 0
2079 7 29.91612 17.908184 503.7 185.297509 751.63 0
2079 8 31.064337 19.381107 439.3 156.7886163 749.04 0
2079 9 26.629976 14.095681 346.6 60.588528 748.04 0
2079 10 20.820421 8.043882 255.1 85.179444 747.9 0
2079 11 13.651158 4.699081 163.1 154.20624 749.33 0
2079 12 5.407866 -1.5820426 125 39.2986225 750.54 0
2080 1 3.5266647 -3.7832148 143.5 80.6179707 758.18 0
2080 2 3.0239356 -4.601933 209.8 46.956570875 759.1 0
2080 3 7.258681 -1.8498044 301.6 101.83562 760.08 0
2080 4 14.1800375 4.013585 391.2 134.05608 761.54 0
2080 5 24.179235 10.527722 461.6 85.872077 762.08 0
2080 6 29.069452 16.146513 512.7 47.429442 761.53 0
2080 7 33.252937 20.327236 503.7 64.79713 760.01 0
2080 8 30.60703 18.879023 439.3 256.273032 757.42 0
2080 9 26.956196 13.464255 346.6 36.158514 756.42 0
2080 10 19.741697 8.06943 255.1 56.599924 756.28 0
2080 11 11.113718 0.8720426 163.1 97.91238 757.71 0
2080 12 0.8602838 -8.736914 125 24.74736014 758.92 0
2081 1 1.6561991 -6.3425345 143.5 124.3433405 766.64 0
2081 2 6.52726 -2.3401318 209.8 98.4475775 767.56 0
2081 3 7.221829 -1.4438926 301.6 28.42808624 768.54 0
2081 4 18.317608 6.0651674 391.2 59.629098 770 0
2081 5 25.03316 11.587474 461.6 130.963468 770.54 0
2081 6 28.706432 16.821861 512.7 100.50447 769.99 0
2081 7 29.77567 17.151499 503.7 134.1703095 768.47 0
2081 8 29.648397 17.638659 439.3 138.497243 765.88 0
2081 9 27.725224 15.167986 346.6 39.326427 764.88 0
2081 10 19.280815 6.7590084 255.1 41.9918994 764.74 0
2081 11 14.8079815 5.3382645 163.1 62.011728 766.17 0
2081 12 3.4356744 -5.2657304 125 66.29908 767.38 0
2082 1 3.3748374 -4.2713766 143.5 137.142729 775.17 0
2082 2 3.6235569 -4.15715 209.8 64.115033275 776.09 0
2082 3 3.7687628 -5.1348753 301.6 69.1282423 777.07 0
2082 4 19.704271 6.4422994 391.2 32.444793 778.53 0
2082 5 24.840057 11.064488 461.6 81.9722491 779.07 0
2082 6 28.907131 16.512651 512.7 86.454978 778.52 0
2082 7 35.543003 21.754581 503.7 39.4595032 777 0
2082 8 34.471725 22.818968 439.3 168.82135 774.41 0
2082 9 27.277597 14.518947 346.6 61.22166 773.41 0
2082 10 18.426939 6.105578 255.1 75.449288 773.27 0
2082 11 12.669677 2.9680219 163.1 77.85276 774.7 0
2082 12 5.385738 -1.8962448 125 67.891147 775.91 0
2083 1 1.2201351 -5.8453465 143.5 67.0771645 783.75 0
2083 2 1.6213986 -7.558703 209.8 47.378241675 784.67 0
2083 3 6.785515 -4.01509 301.6 34.5645939 785.65 0
2083 4 18.54722 6.925321 391.2 59.545566 787.11 0
2083 5 20.876642 8.67608 461.6 80.7419924 787.65 0
2083 6 29.243504 16.023817 512.7 107.365179 787.1 0
2083 7 33.3274 20.42026 503.7 83.4065044 785.58 0
2083 8 32.345116 19.729052 439.3 78.027403 782.99 0
2083 9 28.820614 15.576088 346.6 43.67529 781.99 0
2083 10 20.565313 8.207695 255.1 108.4659558 781.85 0
2083 11 13.440329 5.1541696 163.1 126.354762 783.28 0
2083 12 2.439603 -3.9243367 125 37.0109341 784.49 0
2084 1 -0.79765475 -8.056145 143.5 56.4600241 792.37 0
2084 2 2.454079 -7.0018897 209.8 45.6481693 793.29 0
2084 3 9.944604 -1.245084 301.6 58.9147808 794.27 0
2084 4 15.532108 4.7922935 391.2 160.842948 795.73 0
2084 5 24.602188 11.262006 461.6 157.067638 796.27 0
2084 6 29.089003 15.624746 512.7 40.980945 795.72 0
2084 7 33.147236 20.227673 503.7 114.7980437 794.2 0
2084 8 30.273458 17.665045 439.3 155.266569 791.61 0
2084 9 25.902994 12.847809 346.6 192.698952 790.61 0
2084 10 15.894313 6.005243 255.1 49.911767 790.47 0
2084 11 10.653748 1.6072304 163.1 135.11784 791.9 0
2084 12 5.771808 -2.2162228 125 156.1348697 793.11 0
2085 1 1.8254366 -6.617192 143.5 60.7447635 801.02 0
2085 2 3.7273824 -5.5440907 209.8 59.843780175 801.94 0
2085 3 11.250805 0.77517813 301.6 92.0375616 802.92 0
2085 4 14.484486 3.9571664 391.2 156.47151 804.38 0
2085 5 24.416227 10.7097435 461.6 107.033142 804.92 0
2085 6 29.383533 16.73247 512.7 103.43628 804.37 0
2085 7 33.562096 20.514223 503.7 66.2721255 802.85 0
2085 8 33.613026 20.980646 439.3 84.215375 800.26 0
2085 9 29.928633 16.729773 346.6 73.967322 799.26 0
2085 10 19.871662 8.072487 255.1 90.0342827 799.12 0
2085 11 13.910129 5.514385 163.1 143.29476 800.55 0
2085 12 7.4167366 -0.44052875 125 142.1730494 801.76 0
2086 1 2.005753 -6.088053 143.5 79.8379425 809.71 0
2086 2 2.5859766 -7.316535 209.8 91.142424125 810.63 0
2086 3 5.8605685 -4.394691 301.6 74.4401574 811.61 0
2086 4 15.315202 3.1968951 391.2 105.9768 813.07 0
2086 5 24.178549 10.452627 461.6 82.6207846 813.61 0
2086 6 30.175283 16.946608 512.7 85.818558 813.06 0
2086 7 33.794693 20.927073 503.7 102.5219631 811.54 0
2086 8 31.941652 18.388853 439.3 52.8631716 808.95 0
2086 9 25.85369 12.408198 346.6 130.82628 807.95 0
2086 10 22.737465 11.21848 255.1 30.59130127 807.81 0
2086 11 10.152469 2.4268286 163.1 101.8071 809.24 0
2086 12 5.714962 -1.9771279 125 77.385734 810.45 0
2087 1 -1.129627 -8.848994 143.5 30.2783014 818.42 0
2087 2 3.6398528 -6.745837 209.8 95.52884965 819.34 0
2087 3 7.809253 -1.6569443 301.6 94.7644332 820.32 0
2087 4 19.25407 8.492041 391.2 124.03638 821.78 0
2087 5 23.89126 10.75662 461.6 79.6263675 822.32 0
2087 6 30.16049 18.054823 512.7 108.403194 821.77 0
2087 7 31.650557 18.53313 503.7 97.7244217 820.25 0
2087 8 33.22642 20.84458 439.3 96.0793602 817.66 0
2087 9 30.2632 18.847717 346.6 77.358507 816.66 0
2087 10 18.218521 7.1076536 255.1 91.0699865 816.52 0
2087 11 10.523914 2.0522377 163.1 88.83945 817.95 0
2087 12 5.849169 -1.7923324 125 32.7639465 819.16 0
2088 1 1.9972074 -5.4768066 143.5 71.3811425 827.16 0
2088 2 2.088595 -6.776029 209.8 80.937105975 828.08 0
2088 3 7.681741 -1.8415264 301.6 92.9444852 829.06 0
2088 4 16.386948 6.0393376 391.2 164.499078 830.52 0
2088 5 25.793055 11.937112 461.6 82.3845026 831.06 0
2088 6 30.070599 17.821325 512.7 154.41837 830.51 0
2088 7 33.275333 21.17923 503.7 93.1830302 828.99 0
2088 8 33.092392 19.663488 439.3 76.033638 826.4 0
2088 9 28.035166 14.7415905 346.6 37.578801 825.4 0
2088 10 18.652502 7.5668154 255.1 77.8901412 825.26 0
2088 11 14.917752 6.1105423 163.1 185.659059 826.69 0
2088 12 7.591717 -0.22845149 125 168.4522547 827.9 0
2089 1 1.9570799 -4.8419867 143.5 89.3115859 835.96 0
2089 2 6.452969 -2.497666 209.8 60.262998875 836.88 0
2089 3 7.637419 -1.1211553 301.6 73.3968772 837.86 0
2089 4 18.049341 6.4681396 391.2 106.706013 839.32 0
2089 5 27.359564 13.142484 461.6 55.4385803 839.86 0
2089 6 31.358677 18.611366 512.7 140.34204 839.31 0
2089 7 32.566574 20.03703 503.7 141.0807675 837.79 0
2089 8 32.653206 20.107086 439.3 83.7528457 835.2 0
2089 9 27.5141 15.744987 346.6 74.824971 834.2 0
2089 10 20.36228 7.8900704 255.1 82.1351975 834.06 0
2089 11 12.872658 3.697022 163.1 62.703759 835.49 0
2089 12 6.026275 -1.5558746 125 72.1313797 836.7 0
2090 1 3.0903826 -4.8530264 143.5 90.3534184 844.8 0
2090 2 1.2532444 -6.9636493 209.8 53.6869215 845.72 0
2090 3 7.1795583 -2.2824976 301.6 86.2867702 846.7 0
2090 4 13.551737 3.390222 391.2 85.396644 848.16 0
2090 5 25.74219 12.227266 461.6 135.461444 848.7 0
2090 6 27.411325 15.066243 512.7 119.944332 848.15 0
2090 7 33.555466 20.667227 503.7 55.8580041 846.63 0
2090 8 31.92956 19.55409 439.3 158.444906 844.04 0
2090 9 26.658367 15.318286 346.6 105.18675 843.04 0
2090 10 18.083292 7.4807515 255.1 101.285246 842.9 0
2090 11 12.861438 5.1160765 163.1 47.56065 844.33 0
2090 12 6.1463017 -1.6374595 125 93.7872357 845.54 0
2091 1 3.4600947 -4.4709744 143.5 124.6960244 853.73 0
2091 2 2.6557865 -6.3939257 209.8 39.5561924 854.65 0
2091 3 7.5043464 -0.21547846 301.6 67.6609038 855.63 0
2091 4 17.521688 5.7733445 391.2 35.88747 857.09 0
2091 5 25.75098 11.218655 461.6 96.5398404 857.63 0
2091 6 29.878342 17.098295 512.7 47.415216 857.08 0
2091 7 34.199753 21.51895 503.7 135.015819 855.56 0
2091 8 32.96232 20.868385 439.3 130.2749084 852.97 0
2091 9 26.793507 14.180985 346.6 44.450847 851.97 0
2091 10 22.153864 10.21192 255.1 51.5622535 851.83 0
2091 11 14.313833 5.830312 163.1 150.539775 853.26 0
2091 12 6.984195 0.11773096 125 105.3907868 854.47 0
2092 1 6.8469105 -1.2057334 143.5 69.61639 862.73 0
2092 2 2.6985562 -5.7139535 209.8 71.303726025 863.65 0
2092 3 11.396415 2.0953493 301.6 80.1377807 864.63 0
2092 4 16.129627 4.361711 391.2 161.901555 866.09 0
2092 5 27.96769 14.327683 461.6 138.589995 866.63 0
2092 6 32.740128 19.74881 512.7 41.4447 866.08 0
2092 7 34.24045 19.823425 503.7 57.320271 864.56 0
2092 8 35.368595 21.85138 439.3 30.50099455 861.97 0
2092 9 29.819714 16.88996 346.6 94.39167 860.97 0
2092 10 21.717554 10.051329 255.1 169.365431 860.83 0
2092 11 9.402799 1.7757927 163.1 116.95503 862.26 0
2092 12 3.3296666 -3.8467774 125 111.317621 863.47 0
2093 1 3.6349792 -3.8531544 143.5 74.0160495 871.78 0
2093 2 3.3043275 -5.6020055 209.8 61.510083825 872.7 0
2093 3 8.609637 1.0678623 301.6 95.2348613 873.68 0
2093 4 14.810938 5.321453 391.2 80.055249 875.14 0
2093 5 27.420513 13.553998 461.6 68.1419463 875.68 0
2093 6 31.487995 18.305374 512.7 67.338036 875.13 0
2093 7 34.61582 21.268963 503.7 65.3136706 873.61 0
2093 8 32.90315 19.22704 439.3 69.8355507 871.02 0
2093 9 31.390188 19.43235 346.6 67.254711 870.02 0
2093 10 20.805777 8.171857 255.1 54.2992156 869.88 0
2093 11 13.727972 5.34324 163.1 126.23052 871.31 0
2093 12 5.7384233 -0.9695202 125 156.315268 872.52 0
2094 1 4.425489 -2.9711661 143.5 62.9417428 880.86 0
2094 2 4.8544507 -3.375855 209.8 42.27513625 881.78 0
2094 3 8.618853 0.87717193 301.6 92.2866156 882.76 0
2094 4 18.150911 6.7475185 391.2 95.63058 884.22 0
2094 5 28.228329 13.810855 461.6 30.81265367 884.76 0
2094 6 30.645704 17.459442 512.7 50.050239 884.21 0
2094 7 34.423416 20.929613 503.7 126.609084 882.69 0
2094 8 32.949135 20.379816 439.3 148.0442944 880.1 0
2094 9 23.5956 11.642525 346.6 260.37636 879.1 0
2094 10 18.337212 6.546097 255.1 49.95216 878.96 0
2094 11 13.404134 4.125062 163.1 125.96568 880.39 0
2094 12 6.245689 -0.66257286 125 138.758325 881.6 0
2095 1 -2.3608236 -12.016021 143.5 31.7169866 889.98 0
2095 2 2.805445 -7.5058427 209.8 107.1540354 890.9 0
2095 3 7.929154 -2.4671347 301.6 97.2088421 891.88 0
2095 4 17.07103 6.9449153 391.2 121.638279 893.34 0
2095 5 22.715275 8.799959 461.6 152.7921366 893.88 0
2095 6 28.542086 17.184607 512.7 137.867388 893.33 0
2095 7 34.931698 21.632935 503.7 58.4532001 891.81 0
2095 8 34.6145 20.879108 439.3 44.7526168 889.22 0
2095 9 27.280668 13.484868 346.6 57.860544 888.22 0
2095 10 21.560356 9.010492 255.1 27.16168695 888.08 0
2095 11 8.606209 -0.21683995 163.1 45.693186 889.51 0
2095 12 4.3117948 -3.5684462 125 42.8707928 890.72 0
2096 1 3.6944847 -7.668494 143.5 108.3402663 899.12 0
2096 2 7.208645 -2.2494628 209.8 129.392325225 900.04 0
2096 3 11.31213 1.4713869 301.6 87.1240337 901.02 0
2096 4 16.889986 6.1055746 391.2 90.32799 902.48 0
2096 5 23.435965 9.772469 461.6 104.332577 903.02 0
2096 6 30.018745 17.169113 512.7 87.887379 902.47 0
2096 7 34.369274 20.692455 503.7 71.3988466 900.95 0
2096 8 33.464924 20.083614 439.3 141.4328004 898.36 0
2096 9 27.328726 14.074561 346.6 121.500291 897.36 0
2096 10 17.068 6.9471254 255.1 84.6028378 897.22 0
2096 11 10.176714 2.3429272 163.1 150.690738 898.65 0
2096 12 4.687031 -2.5078204 125 92.5055438 899.86 0
2097 1 3.7228527 -3.864279 143.5 97.7298994 908.29 0
2097 2 4.0000105 -4.6359787 209.8 89.94298845 909.21 0
2097 3 8.522703 -1.5623627 301.6 95.3858747 910.19 0
2097 4 18.972351 8.314242 391.2 150.68097 911.65 0
2097 5 28.471611 14.258704 461.6 41.0857229 912.19 0
2097 6 31.830145 19.430025 512.7 75.201072 911.64 0
2097 7 34.339325 19.813797 503.7 72.9464875 910.12 0
2097 8 35.941154 23.374622 439.3 75.8666844 907.53 0
2097 9 29.493418 16.570356 346.6 96.65418 906.53 0
2097 10 17.154701 7.206701 255.1 172.645541 906.39 0
2097 11 8.76667 1.1212095 163.1 99.361602 907.82 0
2097 12 1.5469763 -5.7174463 125 75.9306002 909.03 0
2098 1 2.5931168 -5.303947 143.5 88.6539147 917.47 0
2098 2 1.2397982 -7.537062 209.8 81.11402725 918.39 0
2098 3 8.497397 -1.5927364 301.6 102.5294217 919.37 0
2098 4 15.136625 3.5948613 391.2 93.483588 920.83 0
2098 5 24.161375 12.383077 461.6 94.2808332 921.37 0
2098 6 28.877132 16.527672 512.7 85.066788 920.82 0
2098 7 33.587517 19.993681 503.7 71.1326899 919.3 0
2098 8 36.197147 23.742434 439.3 129.116984 916.71 0
2098 9 30.484806 17.8606 346.6 101.454141 915.71 0
2098 10 19.89449 7.6786504 255.1 52.2083276 915.57 0
2098 11 14.560473 5.500078 163.1 113.91789 917 0
2098 12 6.4557953 0.5889204 125 43.0983173 918.21 0
2099 1 2.1006913 -5.445059 143.5 81.115003 926.67 0
2099 2 3.4921005 -6.1099105 209.8 91.356915075 927.59 0
2099 3 8.370003 0.938156 301.6 97.8137358 928.57 0
2099 4 16.51385 5.616877 391.2 200.286 930.03 0
2099 5 24.117193 12.345118 461.6 93.063798 930.57 0
2099 6 30.03309 17.152275 512.7 73.096746 930.02 0
2099 7 34.38769 20.778097 503.7 105.5836688 928.5 0
2099 8 36.059753 23.175909 439.3 60.3073814 925.91 0
2099 9 28.43905 16.74958 346.6 204.87735 924.91 0
2099 10 22.852636 11.52719 255.1 44.6260655 924.77 0
2099 11 12.037202 3.392264 163.1 77.188026 926.2 0
2099 12 7.038055 -0.46725258 125 72.5922722 927.41 0
2100-2200 1 2.1006913 -5.445059 143.5 81.115003 926.67 0
2100-2200 2 3.4921005 -6.1099105 209.8 91.356915075 927.59 0
2100-2200 3 8.370003 0.938156 301.6 97.8137358 928.57 0
2100-2200 4 16.51385 5.616877 391.2 200.286 930.03 0
2100-2200 5 24.117193 12.345118 461.6 93.063798 930.57 0
2100-2200 6 30.03309 17.152275 512.7 73.096746 930.02 0
2100-2200 7 34.38769 20.778097 503.7 105.5836688 928.5 0
2100-2200 8 36.059753 23.175909 439.3 60.3073814 925.91 0
2100-2200 9 28.43905 16.74958 346.6 204.87735 924.91 0
2100-2200 10 22.852636 11.52719 255.1 44.6260655 924.77 0
2100-2200 11 12.037202 3.392264 163.1 77.188026 926.2 0
2100-2200 12 7.038055 -0.46725258 125 72.5922722 927.41 0
