Year Month Tmax Tmin PAR Prec CO2 O3
1200-1980 1 -2.59764650107016 -12.9859310536297 143.5 63.7337103479364 390 0
1200-1980 2 -0.617014414337111 -11.7112368788428 209.8 56.0903904943367 390 0
1200-1980 3 4.50856182745697 -6.4514887307218 301.6 69.9824471322626 390 0
1200-1980 4 12.2649787838209 0.604689197019744 391.2 83.5208397313246 390 0
1200-1980 5 19.2960870618978 6.76312138750785 461.6 99.4222678096802 390 0
1200-1980 6 23.9365685082274 11.9728579275668 512.7 106.98602956062 390 0
1200-1980 7 26.4096415415786 14.6351292009785 503.7 109.313498848032 390 0
1200-1980 8 25.3375061488165 13.6384930310227 439.3 111.425454903707 390 0
1200-1980 9 20.8974942261222 9.37203246222694 346.6 99.0424747545682 390 0
1200-1980 10 13.8640804801434 3.34658942843113 255.1 104.276006652436 390 0
1200-1980 11 7.21270652664626 -1.80488530084917 163.1 88.0303883764398 390 0
1200-1980 12 0.460345296414254 -8.45006613989872 125 79.4739883355716 390 0
1981 1 -6.96649928359743 -19.2710936075977 143.5 16.4911132000342 390 0
1981 2 4.35641517396298 -5.90764014255254 209.8 137.051537993988 390 0
1981 3 4.75460306689624 -5.2311838052959 301.6 33.3295988709938 390 0
1981 4 13.6822344201796 1.53670407950734 391.2 77.3862055741908 390 0
1981 5 20.4819369974299 6.81686167917293 461.6 91.5726478173182 390 0
1981 6 24.0154150701353 11.7924107362615 512.7 91.7326237577064 390 0
1981 7 26.4399471395697 14.7608032734081 503.7 110.407011194455 390 0
1981 8 24.2435461273789 12.2861546698463 439.3 128.572631983983 390 0
1981 9 18.8948259778039 9.34017648311134 346.6 154.017435485851 390 0
1981 10 11.2909342256685 1.15988919186648 255.1 139.763231026669 390 0
1981 11 6.3173281234125 -1.94266277338844 163.1 67.3668878593062 390 0
1981 12 -0.20490419549615 -7.43421658417914 125 73.9219434519143 390 0
1982 1 -6.67199349069032 -19.0667466663585 143.5 59.3626296675619 390 0
1982 2 -1.65626178501645 -12.6452335690886 209.8 69.8602700347485 390 0
1982 3 3.94341158629246 -7.36571498169102 301.6 60.0428461442525 390 0
1982 4 10.9498714030258 -1.40083017720301 391.2 72.8798791332862 390 0
1982 5 20.7709151024638 7.09446709079706 461.6 43.3761470202973 390 0
1982 6 21.4955147187323 10.6657769972022 512.7 143.5305956689 390 0
1982 7 27.0437437410212 13.023131597605 503.7 56.097757609216 390 0
1982 8 23.5903006435107 11.1594081631729 439.3 97.3711071367478 390 0
1982 9 21.2293899602428 9.06113982944612 346.6 70.1021981828072 390 0
1982 10 14.7865880871142 2.9548096971475 255.1 50.3506638206714 390 0
1982 11 9.28941430184743 -0.592749250191998 163.1 96.9937554658756 390 0
1982 12 4.02941721247274 -6.32110045072264 125 52.5439078974907 390 0
1983 1 -1.48208012960069 -11.6030151525773 143.5 79.564278365613 390 0
1983 2 -0.0456454074855425 -10.9686049589914 209.8 49.1054320568096 390 0
1983 3 4.73260051220203 -4.23225491636302 301.6 84.8264264497132 390 0
1983 4 9.89788350160822 0.562526472929047 391.2 146.193620555156 390 0
1983 5 16.7839409277653 6.14119644313193 461.6 164.03765782501 390 0
1983 6 25.1945236796016 11.4645023236578 512.7 60.2447552726045 390 0
1983 7 27.1676388930688 14.2460784234692 503.7 65.3806381322473 390 0
1983 8 25.5849523550454 13.6927162812599 439.3 156.295708305992 390 0
1983 9 22.7260950189668 10.1524050490201 346.6 66.4080888172275 390 0
1983 10 14.1784080001677 3.08169003576613 255.1 86.5674892959149 390 0
1983 11 6.46362110812474 -1.38500153938873 163.1 169.571153973413 390 0
1983 12 -1.77278496078666 -10.4281439951484 125 148.099138152301 390 0
1984 1 -3.86888003307201 -14.2726674722738 143.5 31.0386541291505 390 0
1984 2 3.28611674573663 -6.79131740847911 209.8 62.4335880684525 390 0
1984 3 0.0900617615599066 -10.7279645738686 301.6 59.5285997400456 390 0
1984 4 12.285241674783 1.01338245343901 391.2 76.6370501853986 390 0
1984 5 16.7273362093077 5.70397632840471 461.6 188.15732618068 390 0
1984 6 24.9302389469915 11.5878006752817 512.7 70.9172377218729 390 0
1984 7 26.05608564363 14.3488055490961 503.7 127.178569962352 390 0
1984 8 26.2499774279379 14.944801173427 439.3 96.2511155914255 390 0
1984 9 19.2101076055088 7.26792127310944 346.6 60.4014100633959 390 0
1984 10 15.2238499936023 4.04182192029319 255.1 60.4364989279532 390 0
1984 11 7.18229246969952 -2.19422625973528 163.1 88.9829432110421 390 0
1984 12 2.77629681922284 -6.1323289986034 125 89.214211029442 390 0
1985 1 -5.73604969669938 -15.2886728002085 143.5 39.4333932470533 390 0
1985 2 -0.776167549714915 -10.3054718424306 209.8 52.6274619861031 390 0
1985 3 5.25072736705489 -6.0908914725354 301.6 71.5317047262113 390 0
1985 4 11.8576357291197 0.665961718506185 391.2 59.4199588955857 390 0
1985 5 19.6192671903 6.21611807475774 461.6 85.1794294758678 390 0
1985 6 21.0298090123735 10.501648374046 512.7 97.6740234265155 390 0
1985 7 26.3323301338648 13.6721947344074 503.7 77.0481569619736 390 0
1985 8 24.5758791743162 12.7832869721477 439.3 91.1303641964971 390 0
1985 9 21.1963697794906 9.63782828248392 346.6 114.723339500853 390 0
1985 10 14.711195680697 3.85886689295208 255.1 93.3879946695067 390 0
1985 11 6.3758674482656 -1.48255932833413 163.1 100.550052056824 390 0
1985 12 -2.18600492393811 -10.9911580981415 125 53.9423543105305 390 0
1986 1 -1.7789490011096 -12.9048809672621 143.5 99.4870905753812 390 0
1986 2 -2.60325866491528 -14.1264073672435 209.8 44.1839955061841 390 0
1986 3 5.85865271889195 -5.4341791622599 301.6 83.0341008194484 390 0
1986 4 15.3498000060118 2.46233826423508 391.2 36.1073713994691 390 0
1986 5 20.459352096683 7.94328948812616 461.6 111.735452599076 390 0
1986 6 22.1868796804377 10.1646557783641 512.7 119.154058066772 390 0
1986 7 24.6610578598171 14.051835462637 503.7 132.677653275295 390 0
1986 8 23.6224503671398 13.0088097641158 439.3 136.809754023147 390 0
1986 9 18.8752489447299 8.26578086651387 346.6 100.067160235657 390 0
1986 10 13.3912562588207 3.23897843653841 255.1 64.8968412421364 390 0
1986 11 5.26216645033289 -3.41827996725742 163.1 89.0314737727744 390 0
1986 12 0.790608519059237 -7.05141281009704 125 61.0810461539446 390 0
1987 1 -3.03587537321229 -13.236557130372 143.5 77.5262669581581 390 0
1987 2 -3.41229105449685 -15.5267560371913 209.8 14.6897702213684 390 0
1987 3 6.12541295918496 -5.50048578394008 301.6 43.1347120112579 390 0
1987 4 15.0129802579846 2.83911248617305 391.2 60.0571835250622 390 0
1987 5 19.1809511205694 6.36624558064631 461.6 53.4493153158598 390 0
1987 6 23.8917090474582 12.6580259050865 512.7 138.249442378248 390 0
1987 7 26.9908649706591 14.9609310496364 503.7 102.715231422721 390 0
1987 8 24.2742496730457 11.8569093507418 439.3 74.4273737593428 390 0
1987 9 19.4622722608336 9.8742466277431 346.6 129.653881575622 390 0
1987 10 13.3680020336933 1.92696258096142 255.1 127.56478273163 390 0
1987 11 6.8466517339135 -2.76878281890785 163.1 73.0915769934815 390 0
1987 12 1.09843767857511 -5.96380109797439 125 50.9342467968006 390 0
1988 1 -2.04313478552123 -13.0963448242888 143.5 32.9614141833474 390 0
1988 2 -0.510343488334857 -12.2203270452878 209.8 57.3325375738495 390 0
1988 3 3.98156260266995 -7.10071005443388 301.6 44.4070931842132 390 0
1988 4 11.6811864382607 1.46877225541359 391.2 85.0229477939348 390 0
1988 5 20.2247870983995 7.85191603845977 461.6 56.6796534305284 390 0
1988 6 23.7866463166951 9.84912981485822 512.7 57.1714088654004 390 0
1988 7 27.4093790775328 15.8839557451276 503.7 95.6628009184387 390 0
1988 8 26.1996182266819 15.0343663485277 439.3 145.989325942329 390 0
1988 9 19.7224929717854 7.71425275235654 346.6 53.162340811446 390 0
1988 10 11.100100821868 2.09445073707826 255.1 61.5757012000207 390 0
1988 11 7.58973595424516 -1.16666473743018 163.1 136.133205725125 390 0
1988 12 -0.658655400178548 -11.1202433571578 125 35.8948599939975 390 0
1989 1 0.545495116482118 -10.9606891889594 143.5 30.8417317262824 390 0
1989 2 -2.09852291677496 -12.7434595644795 209.8 37.6301029269141 390 0
1989 3 3.41462780095954 -8.50622653801189 301.6 68.9322529321764 390 0
1989 4 9.9230975993336 -1.27741219355424 391.2 65.3099875095179 390 0
1989 5 20.4692678954004 8.34919174607661 461.6 127.725948915301 390 0
1989 6 24.0805867536731 12.7596509241511 512.7 104.482647200346 390 0
1989 7 26.9502851287954 14.3193668212876 503.7 83.0841652397016 390 0
1989 8 24.5575230551314 13.0823639105451 439.3 141.90525216426 390 0
1989 9 20.9768345002766 9.62773383495143 346.6 131.044595011009 390 0
1989 10 14.961879002006 3.52632234498391 255.1 106.264217612646 390 0
1989 11 6.51509638786207 -3.17720963258277 163.1 94.5128534374198 390 0
1989 12 -8.46073834025243 -20.3878933998469 125 34.6254317618852 390 0
1990 1 2.55958373962408 -6.56697924789023 143.5 83.7405743951912 390 0
1990 2 0.852843071715879 -11.4223307829743 209.8 75.2483153228779 390 0
1990 3 6.44289987561977 -5.94121007780073 301.6 67.6500578728084 390 0
1990 4 12.4393218112607 1.76821852609695 391.2 99.1117524963402 390 0
1990 5 17.1756232695886 4.93686896436638 461.6 121.940295266201 390 0
1990 6 23.6512557481606 11.9095245583871 512.7 104.726881368922 390 0
1990 7 26.2451975745593 14.1963961042244 503.7 96.060493256681 390 0
1990 8 25.7780390724918 14.2216132281712 439.3 164.387654239972 390 0
1990 9 19.7929658578503 8.89089325374206 346.6 65.4111374036415 390 0
1990 10 14.5688790185094 4.64859178837586 255.1 167.041642645426 390 0
1990 11 8.07830355524177 -1.38341307559346 163.1 92.253745019026 390 0
1990 12 3.03268404885334 -6.69391143954779 125 128.080378411489 390 0
1991 1 -2.77350136171487 -13.2614943653904 143.5 54.9863020295558 390 0
1991 2 1.63802356547717 -9.28697581823979 209.8 29.4382760308636 390 0
1991 3 5.14555431017713 -4.29118649811658 301.6 81.2645664632356 390 0
1991 4 14.486239920706 2.35186384949557 391.2 83.3352892663292 390 0
1991 5 21.4137139014753 7.82478106018166 461.6 84.1143566623596 390 0
1991 6 24.8861529895127 11.5100986908165 512.7 56.7121198923557 390 0
1991 7 26.6141691203131 13.7134369794047 503.7 64.1432890886184 390 0
1991 8 26.1574614018433 14.6250675819116 439.3 123.833773013286 390 0
1991 9 19.3687446852525 7.47525474580517 346.6 129.804508552237 390 0
1991 10 15.5190414954319 4.09563178810476 255.1 108.539942164371 390 0
1991 11 6.85459263577159 -1.89955621234407 163.1 52.6573346614134 390 0
1991 12 0.53696277890815 -10.2737398121677 125 64.8883006606059 390 0
1992 1 -2.36819997193959 -13.4712988959436 143.5 53.5095590272 390 0
1992 2 -1.15494809418328 -12.741596294926 209.8 50.6410749853605 390 0
1992 3 1.85396030861365 -9.83666496155202 301.6 70.2699789890456 390 0
1992 4 10.2612178705722 -0.535640691955069 391.2 73.6920855258262 390 0
1992 5 20.2327927729952 5.34582901848739 461.6 55.5654958126177 390 0
1992 6 23.0786868705192 10.7321910385656 512.7 66.0196965293099 390 0
1992 7 23.6790633220323 12.2505652249433 503.7 98.6271456364837 390 0
1992 8 23.9093753222358 12.8113452944743 439.3 95.4503560153699 390 0
1992 9 20.7737012721534 8.88745697678514 346.6 101.88944343915 390 0
1992 10 11.3079825869485 1.64635693502187 255.1 80.3282712703357 390 0
1992 11 5.56484852411893 -2.363807050252 163.1 108.604028584289 390 0
1992 12 1.17980121069107 -7.89560165593599 125 41.8523089112249 390 0
1993 1 -1.39476906466903 -11.2738994092317 143.5 70.0348615908889 390 0
1993 2 -5.09459588992946 -19.3041347536909 209.8 62.8465540895059 390 0
1993 3 3.21132331375228 -9.72856162343483 301.6 72.6592108763533 390 0
1993 4 12.1616120593735 0.560258825083052 391.2 110.499037008987 390 0
1993 5 19.0490425795424 6.57015792470752 461.6 58.7078171600997 390 0
1993 6 23.1452593468264 10.7678524875587 512.7 100.468431101715 390 0
1993 7 26.9225019279965 14.864103756304 503.7 90.9609654719237 390 0
1993 8 26.1350537455189 14.0113256581887 439.3 84.3484369348133 390 0
1993 9 19.4402578141305 9.09127139064407 346.6 110.700429745274 390 0
1993 10 12.2482081224884 1.59522546074914 255.1 82.6889858053264 390 0
1993 11 6.58154866189075 -2.88876042835133 163.1 79.9150303623543 390 0
1993 12 -0.590832702743921 -9.33539401884303 125 60.311082239028 390 0
1994 1 -8.04936021860247 -21.08435022058 143.5 86.2528953999631 390 0
1994 2 -4.09251119665093 -16.2962170510186 209.8 33.8589573577175 390 0
1994 3 2.87709544699777 -6.91998886297279 301.6 89.5648972203769 390 0
1994 4 12.2608098624995 0.151043165045994 391.2 96.509609189522 390 0
1994 5 17.9604294762175 5.06616033259116 461.6 101.72063016516 390 0
1994 6 25.1431650325362 12.9876147039219 512.7 103.518950412907 390 0
1994 7 27.1506686631962 15.7948099641037 503.7 110.578243968815 390 0
1994 8 24.0299103601572 12.3554202700167 439.3 125.96315413219 390 0
1994 9 19.4066460471753 9.03249381810666 346.6 83.4651553375287 390 0
1994 10 14.6292504576364 3.20890680795474 255.1 20.4831971933867 390 0
1994 11 9.49723162827995 -0.771051914585638 163.1 77.4165957913726 390 0
1994 12 2.31723563776525 -6.96355570195047 125 54.3410690817136 390 0
1995 1 0.736280872746991 -7.75206483795134 143.5 65.7222565839226 390 0
1995 2 -2.71838112561793 -13.8112988861812 209.8 47.6263260305519 390 0
1995 3 6.41572811380498 -4.58101616732126 301.6 52.0580578641686 390 0
1995 4 9.08122493181872 -1.94377507565095 391.2 55.5783770283059 390 0
1995 5 18.1710029771593 5.8973949503275 461.6 55.728727288609 390 0
1995 6 26.6614816050565 11.863479909397 512.7 36.5887095727533 390 0
1995 7 28.1918013210327 15.8134566227359 503.7 115.74495378994 390 0
1995 8 26.1567098594848 13.5749496942078 439.3 115.21555621206 390 0
1995 9 19.564192254685 6.67209611517476 346.6 88.0044629411997 390 0
1995 10 16.6361986101571 5.85176117079209 255.1 188.704443783158 390 0
1995 11 4.75602136709478 -3.61994931034372 163.1 96.7693290448121 390 0
1995 12 -3.30881806160742 -11.2980022433491 125 68.4668184037524 390 0
1996 1 -2.90047564264536 -14.5199843353419 143.5 101.946991214543 390 0
1996 2 -1.74223320595129 -11.5810556413229 209.8 44.3558437162039 390 0
1996 3 3.35861315991552 -8.37527143595371 301.6 31.9778964528962 390 0
1996 4 10.9266861575899 -0.0713297001171808 391.2 143.437847502095 390 0
1996 5 17.7476540308354 5.51001804241466 461.6 134.19078330446 390 0
1996 6 23.6688657420069 12.7991658743376 512.7 108.436227167963 390 0
1996 7 24.9890356339248 14.0975982412782 503.7 170.535672789872 390 0
1996 8 25.4892907809654 13.6343743021215 439.3 62.8017015165699 390 0
1996 9 21.1258232117571 10.4823253796062 346.6 84.0762847962763 390 0
1996 10 13.2863284400832 2.72516688964153 255.1 108.761576686546 390 0
1996 11 4.11596365979065 -4.20837654017437 163.1 102.156890519871 390 0
1996 12 2.85171681807553 -3.56087294455526 125 114.753196140296 390 0
1997 1 -2.93752953463583 -13.6948783239911 143.5 60.8521532784438 390 0
1997 2 1.26169551087855 -10.0519857202539 209.8 55.2046709595034 390 0
1997 3 2.40429691551107 -8.75169195663827 301.6 84.2634651835623 390 0
1997 4 10.5693747876225 -1.62618287805516 391.2 62.9643654580689 390 0
1997 5 15.3500009991003 4.45413545822613 461.6 81.2346438357433 390 0
1997 6 25.3685097849238 11.6862962187145 512.7 62.8255944886734 390 0
1997 7 25.5732880139354 13.1073392820252 503.7 116.332077879212 390 0
1997 8 24.2478601339067 12.3949731893712 439.3 142.800077784018 390 0
1997 9 20.0406619017811 8.58998788586209 346.6 81.5996989726753 390 0
1997 10 13.4700443207273 1.67830329024185 255.1 54.8288612365723 390 0
1997 11 5.29768046809593 -3.53855463901365 163.1 116.43130184853 390 0
1997 12 0.317281347762022 -8.50663627262186 125 60.81295293802 390 0
1998 1 -0.574379884290737 -10.1605557397141 143.5 142.215896048661 390 0
1998 2 2.32660515955664 -8.07843102610931 209.8 54.8324637448788 390 0
1998 3 5.51706369699423 -4.69408664676522 301.6 95.1308654637111 390 0
1998 4 14.3103536236475 0.846813987977608 391.2 56.2767874887889 390 0
1998 5 22.9750569504075 9.33151565452929 461.6 63.3663190046329 390 0
1998 6 23.0821454085782 13.1533798121837 512.7 208.376264670774 390 0
1998 7 25.7896080545907 14.5810093933691 503.7 143.667208014739 390 0
1998 8 25.3848406397778 13.9702031946597 439.3 124.079026297024 390 0
1998 9 21.4326021077242 9.75757595439838 346.6 112.369601143436 390 0
1998 10 13.8709887862664 4.54513871969693 255.1 67.8569662323832 390 0
1998 11 6.38376018290972 -0.542898100200546 163.1 58.503928344373 390 0
1998 12 4.86451166795632 -5.58742419009993 125 32.1214697410179 390 0
1999 1 -2.12635337354784 -13.3660345433461 143.5 115.249971436887 390 0
1999 2 1.39474124671466 -10.2600054899016 209.8 26.5337527559327 390 0
1999 3 3.91577466293946 -6.07897039254094 301.6 84.2464818007193 390 0
1999 4 12.5777785045845 -0.167233290902295 391.2 21.3248256790302 390 0
1999 5 21.4590444278715 7.56572052798092 461.6 72.5864382519886 390 0
1999 6 26.8797873922461 13.7571114877778 512.7 58.1553147012261 390 0
1999 7 27.9645090716768 15.6513645604723 503.7 94.2620009728477 390 0
1999 8 25.0739297266676 12.8946229948146 439.3 55.8108250133724 390 0
1999 9 23.0473364418554 11.2622282321812 346.6 207.590975625118 390 0
1999 10 13.0097486012457 1.47961458912936 255.1 98.8653194801645 390 0
1999 11 10.1825423883851 0.634132972256668 163.1 72.222703941344 390 0
1999 12 1.52664588411544 -6.74977730931993 125 41.2543670919478 390 0
2000 1 -3.28459181222551 -14.086195911324 143.5 81.8471921022401 390 0
2000 2 0.296331474106752 -11.6827448283658 209.8 83.2590032274807 390 0
2000 3 7.79628283758621 -3.58762703990168 301.6 63.3721330355526 390 0
2000 4 10.3584088546231 0.442493450034435 391.2 147.170772533786 390 0
2000 5 18.53805299287 7.31853048261955 461.6 143.918438945656 390 0
2000 6 22.403051553454 11.3231347894232 512.7 84.8919593157671 390 0
2000 7 24.3251899095674 12.9102170844672 503.7 110.350075210934 390 0
2000 8 24.2130551825702 13.2186194259809 439.3 96.5317594083469 390 0
2000 9 20.0297987141452 8.19725630547517 346.6 63.2638443711119 390 0
2000 10 14.3250656912141 2.97129077692737 255.1 63.9402535367031 390 0
2000 11 6.05011243976765 -1.25327871610233 163.1 75.8469342401412 390 0
2000 12 -2.55445016772803 -12.7650110414135 125 112.720320343394 390 0
2001 1 -1.87478959266772 -12.2904408149889 143.5 37.7617820306984 390 0
2001 2 -0.395753972723907 -12.1236173544445 209.8 62.0704447117581 390 0
2001 3 1.82004555925824 -7.98551181356191 301.6 136.837133974135 390 0
2001 4 11.7915877141822 -0.705384332324854 391.2 18.9187950439858 390 0
2001 5 20.9208670015351 7.5047593047265 461.6 62.6976620212067 390 0
2001 6 24.7844386700815 12.4669339195923 512.7 101.00703379426 390 0
2001 7 24.8768471799525 13.124846801354 503.7 73.4738025217106 390 0
2001 8 28.0700794485112 14.6971913364693 439.3 63.4969262852694 390 0
2001 9 21.8161652005098 9.41363388735711 346.6 90.3172507770408 390 0
2001 10 16.1093298806424 4.30383783184216 255.1 49.0814831627128 390 0
2001 11 9.61685169598821 -0.0969058526351332 163.1 61.5665956703291 390 0
2001 12 4.20650066242146 -4.28623537971405 125 54.4888188037163 390 0
2002 1 1.37964343774178 -7.13683370061551 143.5 50.5155838808715 390 0
2002 2 2.50371206358713 -9.67148519620843 209.8 72.342991009618 390 0
2002 3 4.77461596151088 -5.48816489044476 301.6 79.1000120945471 390 0
2002 4 13.086418990142 1.59226972422187 391.2 107.745186945825 390 0
2002 5 16.8031146700248 4.94081400988334 461.6 107.149810630607 390 0
2002 6 23.1675659966514 11.2001481808525 512.7 177.059535207664 390 0
2002 7 26.6618164714279 14.6023355956992 503.7 81.6999416673087 390 0
2002 8 27.1427459965652 13.981177662752 439.3 41.7975965132579 390 0
2002 9 23.6577503954755 10.7012237539328 346.6 140.707395895923 390 0
2002 10 12.2697823160921 2.28777948328741 255.1 91.5636774068302 390 0
2002 11 5.39588453299464 -3.10820912197163 163.1 105.728207761186 390 0
2002 12 0.0604896785000187 -9.09668265926948 125 54.4867889451136 390 0
2003 1 -6.38579170614183 -16.9487196125985 143.5 45.0394806437575 390 0
2003 2 -3.2541403131715 -15.074993163889 209.8 39.5582963397308 390 0
2003 3 4.96509619964102 -7.88748316296445 301.6 64.6329275280658 390 0
2003 4 10.0511702697093 -1.1504691536916 391.2 72.3965351856136 390 0
2003 5 18.0823313546325 6.42040710010057 461.6 104.101834952902 390 0
2003 6 24.0126604758172 11.674361290701 512.7 80.869515863954 390 0
2003 7 26.2551522365799 14.807594656283 503.7 114.666243206924 390 0
2003 8 26.3101342156475 15.6186374392131 439.3 112.486879411722 390 0
2003 9 22.1175036374386 10.008286673253 346.6 98.8091815580513 390 0
2003 10 12.9044342119823 2.57518027802027 255.1 166.494203562393 390 0
2003 11 8.53116467678007 -1.24159951130205 163.1 119.255609264861 390 0
2003 12 0.280886209416046 -9.23794623252235 125 161.976729017761 390 0
2004 1 -8.23613021166848 -18.2010292547129 143.5 23.8472965650238 390 0
2004 2 -1.12687925675104 -14.1261355365491 209.8 26.90604006645 390 0
2004 3 6.01617161031847 -4.50966155013381 301.6 44.3410084821729 390 0
2004 4 11.8773198735223 0.233423984545219 391.2 73.8427774779898 390 0
2004 5 20.3682881437253 7.73767892346432 461.6 123.415394710166 390 0
2004 6 22.7975473803367 10.3351906373188 512.7 83.212891296394 390 0
2004 7 25.3313280128614 14.8296969580506 503.7 140.85742155664 390 0
2004 8 24.3562704706698 13.7031630799442 439.3 203.967965265583 390 0
2004 9 21.723535282445 9.97377154967446 346.6 70.2239688878997 390 0
2004 10 14.3392346739098 2.70380099236962 255.1 31.9739903262638 390 0
2004 11 7.56772931596965 -2.42192634983113 163.1 77.6549061777645 390 0
2004 12 0.0392031979926612 -9.91220840249093 125 104.982815234301 390 0
2005 1 -4.10950421596246 -14.927508256656 143.5 63.9940265796747 390 0
2005 2 0.32247915799738 -11.8446839854087 209.8 54.5420311401613 390 0
2005 3 2.76802827524492 -8.66855710371005 301.6 52.6785275787576 390 0
2005 4 14.1786665453009 1.05329186947503 391.2 117.98786968353 390 0
2005 5 16.3151478545288 5.11437138759589 461.6 53.9626905678529 390 0
2005 6 26.5544389207762 14.8321339208377 512.7 121.928995418828 390 0
2005 7 27.3746697068787 16.1858965568772 503.7 117.239795136303 390 0
2005 8 26.728060444291 15.2941297939837 439.3 90.0599294358975 390 0
2005 9 23.1372662572524 11.3716894301392 346.6 106.892623761644 390 0
2005 10 13.6907938412606 5.57984406676449 255.1 214.364904333666 390 0
2005 11 9.15290153681659 -1.03269742832006 163.1 118.401831612726 390 0
2005 12 -0.592598330343695 -8.79168076120219 125 77.4674822669193 390 0
2006 1 2.18189824725766 -7.35348947531682 143.5 96.9950503867482 390 0
2006 2 -0.592479198707967 -9.92834210004005 209.8 47.1457910903474 390 0
2006 3 4.33226041566679 -6.09193032573916 301.6 37.6565187136933 390 0
2006 4 13.6125016019729 1.00181485822766 391.2 81.9517565441466 390 0
2006 5 18.9346898817678 8.31126798048002 461.6 163.734666553176 390 0
2006 6 23.5292656983716 13.2568277019765 512.7 198.351291174714 390 0
2006 7 27.6133991756443 16.392552858 503.7 113.16340601979 390 0
2006 8 24.47133971282 13.0358658220302 439.3 107.761228940668 390 0
2006 9 20.1092040720823 9.49233768836437 346.6 74.1735569880193 390 0
2006 10 12.6157494565727 2.92780238574109 255.1 174.264832089499 390 0
2006 11 9.70990590482236 1.10684768722689 163.1 62.139703998039 390 0
2006 12 4.03854905468174 -4.17318860845003 125 101.384674960298 390 0
2007 1 -1.49339723460439 -11.5525887732349 143.5 77.3657671816044 390 0
2007 2 -5.10995098175078 -15.8765586002402 209.8 64.6986366960129 390 0
2007 3 3.23651311003323 -8.74019101380168 301.6 79.9210461145415 390 0
2007 4 9.81620049465231 0.19737359409396 391.2 114.816646537094 390 0
2007 5 19.7408688243589 6.03819234778399 461.6 62.5997965665688 390 0
2007 6 25.0769378642573 12.625004847932 512.7 76.8923417253581 390 0
2007 7 24.958422012536 13.8512165718843 503.7 152.84950425482 390 0
2007 8 25.6910854981987 13.241301490187 439.3 67.0874374758493 390 0
2007 9 22.7825264300364 9.85026564452059 346.6 82.5923415222399 390 0
2007 10 16.7487055506744 6.08654989129628 255.1 139.389059086942 390 0
2007 11 5.53856582761769 -3.12990683134654 163.1 116.820617629814 390 0
2007 12 -0.861792982569498 -9.26401365393999 125 109.986385158342 390 0
2008 1 0.0294758672940118 -10.0884306264831 143.5 57.391456543494 390 0
2008 2 -0.646378912713309 -11.1114370298993 209.8 119.665484914248 390 0
2008 3 2.63363809912806 -8.57970287649601 301.6 109.011936952459 390 0
2008 4 15.4459581583657 2.08627253260795 391.2 74.6854706192151 390 0
2008 5 18.0493435717024 4.52903946404533 461.6 38.5460149582415 390 0
2008 6 24.4960947998085 13.6395571022663 512.7 163.081693455954 390 0
2008 7 26.3269438532877 15.3324899790955 503.7 174.883893000776 390 0
2008 8 24.2967190090536 13.1628551477706 439.3 133.747031873241 390 0
2008 9 21.7035599502043 10.1011879836376 346.6 55.697581229084 390 0
2008 10 13.2084446761554 2.43915301750263 255.1 130.87763769003 390 0
2008 11 6.53659576525197 -1.4792825127697 163.1 56.4307721340314 390 0
2008 12 0.957282584752002 -9.4347039361252 125 113.969615703354 390 0
2009 1 -5.7947418816954 -16.4057692633435 143.5 59.5112021907502 390 0
2009 2 -0.147122949433718 -11.3096144101444 209.8 51.5401125357623 390 0
2009 3 5.44554555303914 -6.20478168408236 301.6 56.3905846537493 390 0
2009 4 13.4309265518402 0.966365147431058 391.2 56.4787091238208 390 0
2009 5 18.8472529629995 6.51200410020623 461.6 135.756874045797 390 0
2009 6 22.1438373628244 11.551827461515 512.7 107.359475562562 390 0
2009 7 24.3732013163867 14.0256021982603 503.7 159.533157377164 390 0
2009 8 25.6273957359633 14.7276767533432 439.3 98.4478541906333 390 0
2009 9 20.7067922045474 8.18215645071134 346.6 69.9153151400894 390 0
2009 10 11.1467839447175 2.47197350368477 255.1 99.6345971788883 390 0
2009 11 10.356657816466 0.037366777179888 163.1 93.1512955941053 390 0
2009 12 -0.765945561278757 -8.71418556778118 125 88.703459638657 390 0
2010 1 -2.00660688552751 -9.90840539340229 143.5 57.7240261215147 390 0
2010 2 -0.810694621554202 -8.09185405901734 209.8 67.2338165018656 390 0
2010 3 8.12673659132754 -2.40475396677758 301.6 87.8610074781102 390 0
2010 4 15.2714383027309 2.8403035712203 391.2 90.7450362450339 390 0
2010 5 21.7362462166743 7.75143520086041 461.6 53.5647327633394 390 0
2010 6 23.3218593201542 12.4346936346574 512.7 144.251091332953 390 0
2010 7 27.9829802604561 16.5093633341338 503.7 93.7527521766379 390 0
2010 8 25.8333778287036 14.1705177869451 439.3 113.35235035232 390 0
2010 9 21.5870770006091 10.8863830651703 346.6 83.2451302941271 390 0
2010 10 13.3955221415195 3.35602867417119 255.1 219.739043511204 390 0
2010 11 6.90354245635486 -1.80819706401273 163.1 70.3499867558526 390 0
2010 12 -1.72904489738625 -9.23254259751666 125 101.419844670355 390 0
2011 1 -3.55358598696049 -12.7052842403358 143.5 53.8208306706073 390 0
2011 2 -1.53902014522533 -13.2139876191919 209.8 82.2238318584944 390 0
2011 3 3.35159062257122 -7.07179193855523 301.6 114.160710836748 390 0
2011 4 11.8570767339137 1.22343177399809 391.2 174.848226582628 390 0
2011 5 19.7530599992205 9.13391609944602 461.6 198.615085750089 390 0
2011 6 23.810686356422 12.4297175293384 512.7 109.786456937221 390 0
2011 7 27.9538215565245 15.5099809106713 503.7 78.3036008967231 390 0
2011 8 25.9278387325452 14.7000686779822 439.3 232.663902486237 390 0
2011 9 22.3054434006737 11.9365518283366 346.6 140.18310794692 390 0
2011 10 14.4306078223048 5.111888310954 255.1 100.037719060043 390 0
2011 11 10.9027275131228 0.454279578529472 163.1 44.8988068561032 390 0
2011 12 3.01668057529338 -5.9886674067942 125 75.5199294804838 390 0
2012 1 -0.30981061421473 -10.0716473178068 143.5 63.069179634375 390 0
2012 2 2.025140487915 -8.02685515840413 209.8 32.6639888576311 390 0
2012 3 10.6010902115332 -1.23218653194209 301.6 43.6121053950082 390 0
2012 4 12.5287476305607 1.06563709010617 391.2 84.0315392574465 390 0
2012 5 21.5964976921911 9.39694787407195 461.6 124.370563059458 390 0
2012 6 24.2431863479625 12.3542834734596 512.7 87.1108666205742 390 0
2012 7 27.9745236943578 14.9550292294622 503.7 89.5939667444762 390 0
2012 8 27.3511152493922 14.6198093807284 439.3 77.0165483760717 390 0
2012 9 21.4982129649123 9.09391697541886 346.6 139.913500845684 390 0
2012 10 15.3172720991403 5.7596288738157 255.1 134.362918134695 390 0
2012 11 6.49999059321485 -3.2548321665189 163.1 35.1243959835866 390 0
2012 12 1.89672762013689 -5.72399602787471 125 118.321690479559 390 0
2013 1 -1.39773082924478 -12.0071743996811 143.5 33.1115338927013 390 0
2013 2 -1.09799859966995 -10.3192585596474 209.8 41.631486001735 390 0
2013 3 3.62095507918337 -5.05852430421266 301.6 61.9922894619371 390 0
2013 4 11.7233275845899 -0.0966726847582936 391.2 58.8242081387015 390 0
2013 5 20.8329958528855 7.48779710908901 461.6 157.432186862576 390 0
2013 6 23.3885568781204 12.3701808092648 512.7 205.750845529278 390 0
2013 7 27.3387001944176 16.5852581125158 503.7 155.813866629303 390 0
2013 8 24.8575172927773 13.5565441846971 439.3 75.1794075448258 390 0
2013 9 20.1559053376976 8.9853412664561 346.6 107.974720042512 390 0
2013 10 15.4540449954148 4.50420377455492 255.1 56.4772734256957 390 0
2013 11 6.10201825487659 -3.62250281032974 163.1 94.4683621313254 390 0
2013 12 -0.93995390067138 -9.53590596130105 125 80.0739772042061 390 0
2014 1 -2.043134786 -13.09634482 143.5 32.96141418 390 0
2014 2 -0.510343488 -12.22032705 209.8 57.33253757 390 0
2014 3 3.981562603 -7.100710054 301.6 44.40709318 390 0
2014 4 11.68118644 1.468772255 391.2 85.02294779 390 0
2014 5 20.2247871 7.851916038 461.6 56.67965343 390 0
2014 6 23.78664632 9.849129815 512.7 57.17140887 390 0
2014 7 27.40937908 15.88395575 503.7 95.66280092 390 0
2014 8 26.19961823 15.03436635 439.3 145.9893259 390 0
2014 9 19.72249297 7.714252752 346.6 53.16234081 390 0
2014 10 11.10010082 2.094450737 255.1 61.5757012 390 0
2014 11 7.589735954 -1.166664737 163.1 136.1332057 390 0
2014 12 -0.6586554 -11.12024336 125 35.89485999 390 0
2015 1 1.379643438 -7.136833701 143.5 50.51558388 390 0
2015 2 2.503712064 -9.671485196 209.8 72.34299101 390 0
2015 3 4.774615962 -5.48816489 301.6 79.10001209 390 0
2015 4 13.08641899 1.592269724 391.2 107.7451869 390 0
2015 5 16.80311467 4.94081401 461.6 107.1498106 390 0
2015 6 23.167566 11.20014818 512.7 177.0595352 390 0
2015 7 26.66181647 14.6023356 503.7 81.69994167 390 0
2015 8 27.142746 13.98117766 439.3 41.79759651 390 0
2015 9 23.6577504 10.70122375 346.6 140.7073959 390 0
2015 10 12.26978232 2.287779483 255.1 91.56367741 390 0
2015 11 5.395884533 -3.108209122 163.1 105.7282078 390 0
2015 12 0.060489679 -9.096682659 125 54.48678895 390 0
2016 1 -6.385791706 -16.94871961 143.5 45.03948064 390 0
2016 2 -3.254140313 -15.07499316 209.8 39.55829634 390 0
2016 3 4.9650962 -7.887483163 301.6 64.63292753 390 0
2016 4 10.05117027 -1.150469154 391.2 72.39653519 390 0
2016 5 18.08233135 6.4204071 461.6 104.101835 390 0
2016 6 24.01266048 11.67436129 512.7 80.86951586 390 0
2016 7 26.25515224 14.80759466 503.7 114.6662432 390 0
2016 8 26.31013422 15.61863744 439.3 112.4868794 390 0
2016 9 22.11750364 10.00828667 346.6 98.80918156 390 0
2016 10 12.90443421 2.575180278 255.1 166.4942036 390 0
2016 11 8.531164677 -1.241599511 163.1 119.2556093 390 0
2016 12 0.280886209 -9.237946233 125 161.976729 390 0
2017 1 0.545495116 -10.96068919 143.5 30.84173173 390 0
2017 2 -2.098522917 -12.74345956 209.8 37.63010293 390 0
2017 3 3.414627801 -8.506226538 301.6 68.93225293 390 0
2017 4 9.923097599 -1.277412194 391.2 65.30998751 390 0
2017 5 20.4692679 8.349191746 461.6 127.7259489 390 0
2017 6 24.08058675 12.75965092 512.7 104.4826472 390 0
2017 7 26.95028513 14.31936682 503.7 83.08416524 390 0
2017 8 24.55752306 13.08236391 439.3 141.9052522 390 0
2017 9 20.9768345 9.627733835 346.6 131.044595 390 0
2017 10 14.961879 3.526322345 255.1 106.2642176 390 0
2017 11 6.515096388 -3.177209633 163.1 94.51285344 390 0
2017 12 -8.46073834 -20.3878934 125 34.62543176 390 0
2018 1 1.379643438 -7.136833701 143.5 50.51558388 390 0
2018 2 2.503712064 -9.671485196 209.8 72.34299101 390 0
2018 3 4.774615962 -5.48816489 301.6 79.10001209 390 0
2018 4 13.08641899 1.592269724 391.2 107.7451869 390 0
2018 5 16.80311467 4.94081401 461.6 107.1498106 390 0
2018 6 23.167566 11.20014818 512.7 177.0595352 390 0
2018 7 26.66181647 14.6023356 503.7 81.69994167 390 0
2018 8 27.142746 13.98117766 439.3 41.79759651 390 0
2018 9 23.6577504 10.70122375 346.6 140.7073959 390 0
2018 10 12.26978232 2.287779483 255.1 91.56367741 390 0
2018 11 5.395884533 -3.108209122 163.1 105.7282078 390 0
2018 12 0.060489679 -9.096682659 125 54.48678895 390 0
2019 1 -1.48208013 -11.60301515 143.5 79.56427837 390 0
2019 2 -0.045645407 -10.96860496 209.8 49.10543206 390 0
2019 3 4.732600512 -4.232254916 301.6 84.82642645 390 0
2019 4 9.897883502 0.562526473 391.2 146.1936206 390 0
2019 5 16.78394093 6.141196443 461.6 164.0376578 390 0
2019 6 25.19452368 11.46450232 512.7 60.24475527 390 0
2019 7 27.16763889 14.24607842 503.7 65.38063813 390 0
2019 8 25.58495236 13.69271628 439.3 156.2957083 390 0
2019 9 22.72609502 10.15240505 346.6 66.40808882 390 0
2019 10 14.178408 3.081690036 255.1 86.5674893 390 0
2019 11 6.463621108 -1.385001539 163.1 169.571154 390 0
2019 12 -1.772784961 -10.428144 125 148.0991382 390 0
2020 1 2.181898247 -7.353489475 143.5 96.99505039 390 0
2020 2 -0.592479199 -9.9283421 209.8 47.14579109 390 0
2020 3 4.332260416 -6.091930326 301.6 37.65651871 390 0
2020 4 13.6125016 1.001814858 391.2 81.95175654 390 0
2020 5 18.93468988 8.31126798 461.6 163.7346666 390 0
2020 6 23.5292657 13.2568277 512.7 198.3512912 390 0
2020 7 27.61339918 16.39255286 503.7 113.163406 390 0
2020 8 24.47133971 13.03586582 439.3 107.7612289 390 0
2020 9 20.10920407 9.492337688 346.6 74.17355699 390 0
2020 10 12.61574946 2.927802386 255.1 174.2648321 390 0
2020 11 9.709905905 1.106847687 163.1 62.139704 390 0
2020 12 4.038549055 -4.173188608 125 101.384675 390 0
2021 1 -1.778949001 -12.90488097 143.5 99.48709058 390 0
2021 2 -2.603258665 -14.12640737 209.8 44.18399551 390 0
2021 3 5.858652719 -5.434179162 301.6 83.03410082 390 0
2021 4 15.34980001 2.462338264 391.2 36.1073714 390 0
2021 5 20.4593521 7.943289488 461.6 111.7354526 390 0
2021 6 22.18687968 10.16465578 512.7 119.1540581 390 0
2021 7 24.66105786 14.05183546 503.7 132.6776533 390 0
2021 8 23.62245037 13.00880976 439.3 136.809754 390 0
2021 9 18.87524894 8.265780867 346.6 100.0671602 390 0
2021 10 13.39125626 3.238978437 255.1 64.89684124 390 0
2021 11 5.26216645 -3.418279967 163.1 89.03147377 390 0
2021 12 0.790608519 -7.05141281 125 61.08104615 390 0
2022 1 -1.874789593 -12.29044081 143.5 37.76178203 390 0
2022 2 -0.395753973 -12.12361735 209.8 62.07044471 390 0
2022 3 1.820045559 -7.985511814 301.6 136.837134 390 0
2022 4 11.79158771 -0.705384332 391.2 18.91879504 390 0
2022 5 20.920867 7.504759305 461.6 62.69766202 390 0
2022 6 24.78443867 12.46693392 512.7 101.0070338 390 0
2022 7 24.87684718 13.1248468 503.7 73.47380252 390 0
2022 8 28.07007945 14.69719134 439.3 63.49692629 390 0
2022 9 21.8161652 9.413633887 346.6 90.31725078 390 0
2022 10 16.10932988 4.303837832 255.1 49.08148316 390 0
2022 11 9.616851696 -0.096905853 163.1 61.56659567 390 0
2022 12 4.206500662 -4.28623538 125 54.4888188 390 0
2023 1 -1.397730829 -12.0071744 143.5 33.11153389 390 0
2023 2 -1.0979986 -10.31925856 209.8 41.631486 390 0
2023 3 3.620955079 -5.058524304 301.6 61.99228946 390 0
2023 4 11.72332758 -0.096672685 391.2 58.82420814 390 0
2023 5 20.83299585 7.487797109 461.6 157.4321869 390 0
2023 6 23.38855688 12.37018081 512.7 205.7508455 390 0
2023 7 27.33870019 16.58525811 503.7 155.8138666 390 0
2023 8 24.85751729 13.55654418 439.3 75.17940754 390 0
2023 9 20.15590534 8.985341266 346.6 107.97472 390 0
2023 10 15.454045 4.504203775 255.1 56.47727343 390 0
2023 11 6.102018255 -3.62250281 163.1 94.46836213 390 0
2023 12 -0.939953901 -9.535905961 125 80.0739772 390 0
2024 1 -2.368199972 -13.4712989 143.5 53.50955903 390 0
2024 2 -1.154948094 -12.74159629 209.8 50.64107499 390 0
2024 3 1.853960309 -9.836664962 301.6 70.26997899 390 0
2024 4 10.26121787 -0.535640692 391.2 73.69208553 390 0
2024 5 20.23279277 5.345829018 461.6 55.56549581 390 0
2024 6 23.07868687 10.73219104 512.7 66.01969653 390 0
2024 7 23.67906332 12.25056522 503.7 98.62714564 390 0
2024 8 23.90937532 12.81134529 439.3 95.45035602 390 0
2024 9 20.77370127 8.887456977 346.6 101.8894434 390 0
2024 10 11.30798259 1.646356935 255.1 80.32827127 390 0
2024 11 5.564848524 -2.36380705 163.1 108.6040286 390 0
2024 12 1.179801211 -7.895601656 125 41.85230891 390 0
2025 1 -6.966499284 -19.27109361 143.5 16.4911132 390 0
2025 2 4.356415174 -5.907640143 209.8 137.051538 390 0
2025 3 4.754603067 -5.231183805 301.6 33.32959887 390 0
2025 4 13.68223442 1.53670408 391.2 77.38620557 390 0
2025 5 20.481937 6.816861679 461.6 91.57264782 390 0
2025 6 24.01541507 11.79241074 512.7 91.73262376 390 0
2025 7 26.43994714 14.76080327 503.7 110.4070112 390 0
2025 8 24.24354613 12.28615467 439.3 128.572632 390 0
2025 9 18.89482598 9.340176483 346.6 154.0174355 390 0
2025 10 11.29093423 1.159889192 255.1 139.763231 390 0
2025 11 6.317328123 -1.942662773 163.1 67.36688786 390 0
2025 12 -0.204904195 -7.434216584 125 73.92194345 390 0
2026 1 -2.043134786 -13.09634482 143.5 32.96141418 390 0
2026 2 -0.510343488 -12.22032705 209.8 57.33253757 390 0
2026 3 3.981562603 -7.100710054 301.6 44.40709318 390 0
2026 4 11.68118644 1.468772255 391.2 85.02294779 390 0
2026 5 20.2247871 7.851916038 461.6 56.67965343 390 0
2026 6 23.78664632 9.849129815 512.7 57.17140887 390 0
2026 7 27.40937908 15.88395575 503.7 95.66280092 390 0
2026 8 26.19961823 15.03436635 439.3 145.9893259 390 0
2026 9 19.72249297 7.714252752 346.6 53.16234081 390 0
2026 10 11.10010082 2.094450737 255.1 61.5757012 390 0
2026 11 7.589735954 -1.166664737 163.1 136.1332057 390 0
2026 12 -0.6586554 -11.12024336 125 35.89485999 390 0
2027 1 -8.236130212 -18.20102925 143.5 23.84729657 390 0
2027 2 -1.126879257 -14.12613554 209.8 26.90604007 390 0
2027 3 6.01617161 -4.50966155 301.6 44.34100848 390 0
2027 4 11.87731987 0.233423985 391.2 73.84277748 390 0
2027 5 20.36828814 7.737678923 461.6 123.4153947 390 0
2027 6 22.79754738 10.33519064 512.7 83.2128913 390 0
2027 7 25.33132801 14.82969696 503.7 140.8574216 390 0
2027 8 24.35627047 13.70316308 439.3 203.9679653 390 0
2027 9 21.72353528 9.97377155 346.6 70.22396889 390 0
2027 10 14.33923467 2.703800992 255.1 31.97399033 390 0
2027 11 7.567729316 -2.42192635 163.1 77.65490618 390 0
2027 12 0.039203198 -9.912208402 125 104.9828152 390 0
2028 1 -2.773501362 -13.26149437 143.5 54.98630203 390 0
2028 2 1.638023565 -9.286975818 209.8 29.43827603 390 0
2028 3 5.14555431 -4.291186498 301.6 81.26456646 390 0
2028 4 14.48623992 2.351863849 391.2 83.33528927 390 0
2028 5 21.4137139 7.82478106 461.6 84.11435666 390 0
2028 6 24.88615299 11.51009869 512.7 56.71211989 390 0
2028 7 26.61416912 13.71343698 503.7 64.14328909 390 0
2028 8 26.1574614 14.62506758 439.3 123.833773 390 0
2028 9 19.36874469 7.475254746 346.6 129.8045086 390 0
2028 10 15.5190415 4.095631788 255.1 108.5399422 390 0
2028 11 6.854592636 -1.899556212 163.1 52.65733466 390 0
2028 12 0.536962779 -10.27373981 125 64.88830066 390 0
2029 1 -6.385791706 -16.94871961 143.5 45.03948064 390 0
2029 2 -3.254140313 -15.07499316 209.8 39.55829634 390 0
2029 3 4.9650962 -7.887483163 301.6 64.63292753 390 0
2029 4 10.05117027 -1.150469154 391.2 72.39653519 390 0
2029 5 18.08233135 6.4204071 461.6 104.101835 390 0
2029 6 24.01266048 11.67436129 512.7 80.86951586 390 0
2029 7 26.25515224 14.80759466 503.7 114.6662432 390 0
2029 8 26.31013422 15.61863744 439.3 112.4868794 390 0
2029 9 22.11750364 10.00828667 346.6 98.80918156 390 0
2029 10 12.90443421 2.575180278 255.1 166.4942036 390 0
2029 11 8.531164677 -1.241599511 163.1 119.2556093 390 0
2029 12 0.280886209 -9.237946233 125 161.976729 390 0
2030 1 -0.309810614 -10.07164732 143.5 63.06917963 390 0
2030 2 2.025140488 -8.026855158 209.8 32.66398886 390 0
2030 3 10.60109021 -1.232186532 301.6 43.6121054 390 0
2030 4 12.52874763 1.06563709 391.2 84.03153926 390 0
2030 5 21.59649769 9.396947874 461.6 124.3705631 390 0
2030 6 24.24318635 12.35428347 512.7 87.11086662 390 0
2030 7 27.97452369 14.95502923 503.7 89.59396674 390 0
2030 8 27.35111525 14.61980938 439.3 77.01654838 390 0
2030 9 21.49821296 9.093916975 346.6 139.9135008 390 0
2030 10 15.3172721 5.759628874 255.1 134.3629181 390 0
2030 11 6.499990593 -3.254832167 163.1 35.12439598 390 0
2030 12 1.89672762 -5.723996028 125 118.3216905 390 0
2031 1 -3.035875373 -13.23655713 143.5 77.52626696 390 0
2031 2 -3.412291054 -15.52675604 209.8 14.68977022 390 0
2031 3 6.125412959 -5.500485784 301.6 43.13471201 390 0
2031 4 15.01298026 2.839112486 391.2 60.05718353 390 0
2031 5 19.18095112 6.366245581 461.6 53.44931532 390 0
2031 6 23.89170905 12.65802591 512.7 138.2494424 390 0
2031 7 26.99086497 14.96093105 503.7 102.7152314 390 0
2031 8 24.27424967 11.85690935 439.3 74.42737376 390 0
2031 9 19.46227226 9.874246628 346.6 129.6538816 390 0
2031 10 13.36800203 1.926962581 255.1 127.5647827 390 0
2031 11 6.846651734 -2.768782819 163.1 73.09157699 390 0
2031 12 1.098437679 -5.963801098 125 50.9342468 390 0
2032 1 0.029475867 -10.08843063 143.5 57.39145654 390 0
2032 2 -0.646378913 -11.11143703 209.8 119.6654849 390 0
2032 3 2.633638099 -8.579702876 301.6 109.011937 390 0
2032 4 15.44595816 2.086272533 391.2 74.68547062 390 0
2032 5 18.04934357 4.529039464 461.6 38.54601496 390 0
2032 6 24.4960948 13.6395571 512.7 163.0816935 390 0
2032 7 26.32694385 15.33248998 503.7 174.883893 390 0
2032 8 24.29671901 13.16285515 439.3 133.7470319 390 0
2032 9 21.70355995 10.10118798 346.6 55.69758123 390 0
2032 10 13.20844468 2.439153018 255.1 130.8776377 390 0
2032 11 6.536595765 -1.479282513 163.1 56.43077213 390 0
2032 12 0.957282585 -9.434703936 125 113.9696157 390 0
2033 1 -2.043134786 -13.09634482 143.5 32.96141418 390 0
2033 2 -0.510343488 -12.22032705 209.8 57.33253757 390 0
2033 3 3.981562603 -7.100710054 301.6 44.40709318 390 0
2033 4 11.68118644 1.468772255 391.2 85.02294779 390 0
2033 5 20.2247871 7.851916038 461.6 56.67965343 390 0
2033 6 23.78664632 9.849129815 512.7 57.17140887 390 0
2033 7 27.40937908 15.88395575 503.7 95.66280092 390 0
2033 8 26.19961823 15.03436635 439.3 145.9893259 390 0
2033 9 19.72249297 7.714252752 346.6 53.16234081 390 0
2033 10 11.10010082 2.094450737 255.1 61.5757012 390 0
2033 11 7.589735954 -1.166664737 163.1 136.1332057 390 0
2033 12 -0.6586554 -11.12024336 125 35.89485999 390 0
2034 1 2.181898247 -7.353489475 143.5 96.99505039 390 0
2034 2 -0.592479199 -9.9283421 209.8 47.14579109 390 0
2034 3 4.332260416 -6.091930326 301.6 37.65651871 390 0
2034 4 13.6125016 1.001814858 391.2 81.95175654 390 0
2034 5 18.93468988 8.31126798 461.6 163.7346666 390 0
2034 6 23.5292657 13.2568277 512.7 198.3512912 390 0
2034 7 27.61339918 16.39255286 503.7 113.163406 390 0
2034 8 24.47133971 13.03586582 439.3 107.7612289 390 0
2034 9 20.10920407 9.492337688 346.6 74.17355699 390 0
2034 10 12.61574946 2.927802386 255.1 174.2648321 390 0
2034 11 9.709905905 1.106847687 163.1 62.139704 390 0
2034 12 4.038549055 -4.173188608 125 101.384675 390 0
2035 1 -0.309810614 -10.07164732 143.5 63.06917963 390 0
2035 2 2.025140488 -8.026855158 209.8 32.66398886 390 0
2035 3 10.60109021 -1.232186532 301.6 43.6121054 390 0
2035 4 12.52874763 1.06563709 391.2 84.03153926 390 0
2035 5 21.59649769 9.396947874 461.6 124.3705631 390 0
2035 6 24.24318635 12.35428347 512.7 87.11086662 390 0
2035 7 27.97452369 14.95502923 503.7 89.59396674 390 0
2035 8 27.35111525 14.61980938 439.3 77.01654838 390 0
2035 9 21.49821296 9.093916975 346.6 139.9135008 390 0
2035 10 15.3172721 5.759628874 255.1 134.3629181 390 0
2035 11 6.499990593 -3.254832167 163.1 35.12439598 390 0
2035 12 1.89672762 -5.723996028 125 118.3216905 390 0
2036 1 -2.773501362 -13.26149437 143.5 54.98630203 390 0
2036 2 1.638023565 -9.286975818 209.8 29.43827603 390 0
2036 3 5.14555431 -4.291186498 301.6 81.26456646 390 0
2036 4 14.48623992 2.351863849 391.2 83.33528927 390 0
2036 5 21.4137139 7.82478106 461.6 84.11435666 390 0
2036 6 24.88615299 11.51009869 512.7 56.71211989 390 0
2036 7 26.61416912 13.71343698 503.7 64.14328909 390 0
2036 8 26.1574614 14.62506758 439.3 123.833773 390 0
2036 9 19.36874469 7.475254746 346.6 129.8045086 390 0
2036 10 15.5190415 4.095631788 255.1 108.5399422 390 0
2036 11 6.854592636 -1.899556212 163.1 52.65733466 390 0
2036 12 0.536962779 -10.27373981 125 64.88830066 390 0
2037 1 -2.937529535 -13.69487832 143.5 60.85215328 390 0
2037 2 1.261695511 -10.05198572 209.8 55.20467096 390 0
2037 3 2.404296916 -8.751691957 301.6 84.26346518 390 0
2037 4 10.56937479 -1.626182878 391.2 62.96436546 390 0
2037 5 15.350001 4.454135458 461.6 81.23464384 390 0
2037 6 25.36850978 11.68629622 512.7 62.82559449 390 0
2037 7 25.57328801 13.10733928 503.7 116.3320779 390 0
2037 8 24.24786013 12.39497319 439.3 142.8000778 390 0
2037 9 20.0406619 8.589987886 346.6 81.59969897 390 0
2037 10 13.47004432 1.67830329 255.1 54.82886124 390 0
2037 11 5.297680468 -3.538554639 163.1 116.4313018 390 0
2037 12 0.317281348 -8.506636273 125 60.81295294 390 0
2038 1 0.545495116 -10.96068919 143.5 30.84173173 390 0
2038 2 -2.098522917 -12.74345956 209.8 37.63010293 390 0
2038 3 3.414627801 -8.506226538 301.6 68.93225293 390 0
2038 4 9.923097599 -1.277412194 391.2 65.30998751 390 0
2038 5 20.4692679 8.349191746 461.6 127.7259489 390 0
2038 6 24.08058675 12.75965092 512.7 104.4826472 390 0
2038 7 26.95028513 14.31936682 503.7 83.08416524 390 0
2038 8 24.55752306 13.08236391 439.3 141.9052522 390 0
2038 9 20.9768345 9.627733835 346.6 131.044595 390 0
2038 10 14.961879 3.526322345 255.1 106.2642176 390 0
2038 11 6.515096388 -3.177209633 163.1 94.51285344 390 0
2038 12 -8.46073834 -20.3878934 125 34.62543176 390 0
2039 1 -1.48208013 -11.60301515 143.5 79.56427837 390 0
2039 2 -0.045645407 -10.96860496 209.8 49.10543206 390 0
2039 3 4.732600512 -4.232254916 301.6 84.82642645 390 0
2039 4 9.897883502 0.562526473 391.2 146.1936206 390 0
2039 5 16.78394093 6.141196443 461.6 164.0376578 390 0
2039 6 25.19452368 11.46450232 512.7 60.24475527 390 0
2039 7 27.16763889 14.24607842 503.7 65.38063813 390 0
2039 8 25.58495236 13.69271628 439.3 156.2957083 390 0
2039 9 22.72609502 10.15240505 346.6 66.40808882 390 0
2039 10 14.178408 3.081690036 255.1 86.5674893 390 0
2039 11 6.463621108 -1.385001539 163.1 169.571154 390 0
2039 12 -1.772784961 -10.428144 125 148.0991382 390 0
2040 1 1.379643438 -7.136833701 143.5 50.51558388 390 0
2040 2 2.503712064 -9.671485196 209.8 72.34299101 390 0
2040 3 4.774615962 -5.48816489 301.6 79.10001209 390 0
2040 4 13.08641899 1.592269724 391.2 107.7451869 390 0
2040 5 16.80311467 4.94081401 461.6 107.1498106 390 0
2040 6 23.167566 11.20014818 512.7 177.0595352 390 0
2040 7 26.66181647 14.6023356 503.7 81.69994167 390 0
2040 8 27.142746 13.98117766 439.3 41.79759651 390 0
2040 9 23.6577504 10.70122375 346.6 140.7073959 390 0
2040 10 12.26978232 2.287779483 255.1 91.56367741 390 0
2040 11 5.395884533 -3.108209122 163.1 105.7282078 390 0
2040 12 0.060489679 -9.096682659 125 54.48678895 390 0
2041 1 -0.574379884 -10.16055574 143.5 142.215896 390 0
2041 2 2.32660516 -8.078431026 209.8 54.83246374 390 0
2041 3 5.517063697 -4.694086647 301.6 95.13086546 390 0
2041 4 14.31035362 0.846813988 391.2 56.27678749 390 0
2041 5 22.97505695 9.331515655 461.6 63.366319 390 0
2041 6 23.08214541 13.15337981 512.7 208.3762647 390 0
2041 7 25.78960805 14.58100939 503.7 143.667208 390 0
2041 8 25.38484064 13.97020319 439.3 124.0790263 390 0
2041 9 21.43260211 9.757575954 346.6 112.3696011 390 0
2041 10 13.87098879 4.54513872 255.1 67.85696623 390 0
2041 11 6.383760183 -0.5428981 163.1 58.50392834 390 0
2041 12 4.864511668 -5.58742419 125 32.12146974 390 0
2042 1 -2.773501362 -13.26149437 143.5 54.98630203 390 0
2042 2 1.638023565 -9.286975818 209.8 29.43827603 390 0
2042 3 5.14555431 -4.291186498 301.6 81.26456646 390 0
2042 4 14.48623992 2.351863849 391.2 83.33528927 390 0
2042 5 21.4137139 7.82478106 461.6 84.11435666 390 0
2042 6 24.88615299 11.51009869 512.7 56.71211989 390 0
2042 7 26.61416912 13.71343698 503.7 64.14328909 390 0
2042 8 26.1574614 14.62506758 439.3 123.833773 390 0
2042 9 19.36874469 7.475254746 346.6 129.8045086 390 0
2042 10 15.5190415 4.095631788 255.1 108.5399422 390 0
2042 11 6.854592636 -1.899556212 163.1 52.65733466 390 0
2042 12 0.536962779 -10.27373981 125 64.88830066 390 0
2043 1 -1.394769065 -11.27389941 143.5 70.03486159 390 0
2043 2 -5.09459589 -19.30413475 209.8 62.84655409 390 0
2043 3 3.211323314 -9.728561623 301.6 72.65921088 390 0
2043 4 12.16161206 0.560258825 391.2 110.499037 390 0
2043 5 19.04904258 6.570157925 461.6 58.70781716 390 0
2043 6 23.14525935 10.76785249 512.7 100.4684311 390 0
2043 7 26.92250193 14.86410376 503.7 90.96096547 390 0
2043 8 26.13505375 14.01132566 439.3 84.34843693 390 0
2043 9 19.44025781 9.091271391 346.6 110.7004297 390 0
2043 10 12.24820812 1.595225461 255.1 82.68898581 390 0
2043 11 6.581548662 -2.888760428 163.1 79.91503036 390 0
2043 12 -0.590832703 -9.335394019 125 60.31108224 390 0
2044 1 -4.109504216 -14.92750826 143.5 63.99402658 390 0
2044 2 0.322479158 -11.84468399 209.8 54.54203114 390 0
2044 3 2.768028275 -8.668557104 301.6 52.67852758 390 0
2044 4 14.17866655 1.053291869 391.2 117.9878697 390 0
2044 5 16.31514785 5.114371388 461.6 53.96269057 390 0
2044 6 26.55443892 14.83213392 512.7 121.9289954 390 0
2044 7 27.37466971 16.18589656 503.7 117.2397951 390 0
2044 8 26.72806044 15.29412979 439.3 90.05992944 390 0
2044 9 23.13726626 11.37168943 346.6 106.8926238 390 0
2044 10 13.69079384 5.579844067 255.1 214.3649043 390 0
2044 11 9.152901537 -1.032697428 163.1 118.4018316 390 0
2044 12 -0.59259833 -8.791680761 125 77.46748227 390 0
2045 1 -2.368199972 -13.4712989 143.5 53.50955903 390 0
2045 2 -1.154948094 -12.74159629 209.8 50.64107499 390 0
2045 3 1.853960309 -9.836664962 301.6 70.26997899 390 0
2045 4 10.26121787 -0.535640692 391.2 73.69208553 390 0
2045 5 20.23279277 5.345829018 461.6 55.56549581 390 0
2045 6 23.07868687 10.73219104 512.7 66.01969653 390 0
2045 7 23.67906332 12.25056522 503.7 98.62714564 390 0
2045 8 23.90937532 12.81134529 439.3 95.45035602 390 0
2045 9 20.77370127 8.887456977 346.6 101.8894434 390 0
2045 10 11.30798259 1.646356935 255.1 80.32827127 390 0
2045 11 5.564848524 -2.36380705 163.1 108.6040286 390 0
2045 12 1.179801211 -7.895601656 125 41.85230891 390 0
2046 1 -3.868880033 -14.27266747 143.5 31.03865413 390 0
2046 2 3.286116746 -6.791317408 209.8 62.43358807 390 0
2046 3 0.090061762 -10.72796457 301.6 59.52859974 390 0
2046 4 12.28524167 1.013382453 391.2 76.63705019 390 0
2046 5 16.72733621 5.703976328 461.6 188.1573262 390 0
2046 6 24.93023895 11.58780068 512.7 70.91723772 390 0
2046 7 26.05608564 14.34880555 503.7 127.17857 390 0
2046 8 26.24997743 14.94480117 439.3 96.25111559 390 0
2046 9 19.21010761 7.267921273 346.6 60.40141006 390 0
2046 10 15.22384999 4.04182192 255.1 60.43649893 390 0
2046 11 7.18229247 -2.19422626 163.1 88.98294321 390 0
2046 12 2.776296819 -6.132328999 125 89.21421103 390 0
2047 1 -6.385791706 -16.94871961 143.5 45.03948064 390 0
2047 2 -3.254140313 -15.07499316 209.8 39.55829634 390 0
2047 3 4.9650962 -7.887483163 301.6 64.63292753 390 0
2047 4 10.05117027 -1.150469154 391.2 72.39653519 390 0
2047 5 18.08233135 6.4204071 461.6 104.101835 390 0
2047 6 24.01266048 11.67436129 512.7 80.86951586 390 0
2047 7 26.25515224 14.80759466 503.7 114.6662432 390 0
2047 8 26.31013422 15.61863744 439.3 112.4868794 390 0
2047 9 22.11750364 10.00828667 346.6 98.80918156 390 0
2047 10 12.90443421 2.575180278 255.1 166.4942036 390 0
2047 11 8.531164677 -1.241599511 163.1 119.2556093 390 0
2047 12 0.280886209 -9.237946233 125 161.976729 390 0
2048 1 0.736280873 -7.752064838 143.5 65.72225658 390 0
2048 2 -2.718381126 -13.81129889 209.8 47.62632603 390 0
2048 3 6.415728114 -4.581016167 301.6 52.05805786 390 0
2048 4 9.081224932 -1.943775076 391.2 55.57837703 390 0
2048 5 18.17100298 5.89739495 461.6 55.72872729 390 0
2048 6 26.66148161 11.86347991 512.7 36.58870957 390 0
2048 7 28.19180132 15.81345662 503.7 115.7449538 390 0
2048 8 26.15670986 13.57494969 439.3 115.2155562 390 0
2048 9 19.56419225 6.672096115 346.6 88.00446294 390 0
2048 10 16.63619861 5.851761171 255.1 188.7044438 390 0
2048 11 4.756021367 -3.61994931 163.1 96.76932904 390 0
2048 12 -3.308818062 -11.29800224 125 68.4668184 390 0
2049 1 2.55958374 -6.566979248 143.5 83.7405744 390 0
2049 2 0.852843072 -11.42233078 209.8 75.24831532 390 0
2049 3 6.442899876 -5.941210078 301.6 67.65005787 390 0
2049 4 12.43932181 1.768218526 391.2 99.1117525 390 0
2049 5 17.17562327 4.936868964 461.6 121.9402953 390 0
2049 6 23.65125575 11.90952456 512.7 104.7268814 390 0
2049 7 26.24519757 14.1963961 503.7 96.06049326 390 0
2049 8 25.77803907 14.22161323 439.3 164.3876542 390 0
2049 9 19.79296586 8.890893254 346.6 65.4111374 390 0
2049 10 14.56887902 4.648591788 255.1 167.0416426 390 0
2049 11 8.078303555 -1.383413076 163.1 92.25374502 390 0
2049 12 3.032684049 -6.69391144 125 128.0803784 390 0
2050 1 0.545495116 -10.96068919 143.5 30.84173173 390 0
2050 2 -2.098522917 -12.74345956 209.8 37.63010293 390 0
2050 3 3.414627801 -8.506226538 301.6 68.93225293 390 0
2050 4 9.923097599 -1.277412194 391.2 65.30998751 390 0
2050 5 20.4692679 8.349191746 461.6 127.7259489 390 0
2050 6 24.08058675 12.75965092 512.7 104.4826472 390 0
2050 7 26.95028513 14.31936682 503.7 83.08416524 390 0
2050 8 24.55752306 13.08236391 439.3 141.9052522 390 0
2050 9 20.9768345 9.627733835 346.6 131.044595 390 0
2050 10 14.961879 3.526322345 255.1 106.2642176 390 0
2050 11 6.515096388 -3.177209633 163.1 94.51285344 390 0
2050 12 -8.46073834 -20.3878934 125 34.62543176 390 0
2051 1 0.545495116 -10.96068919 143.5 30.84173173 390 0
2051 2 -2.098522917 -12.74345956 209.8 37.63010293 390 0
2051 3 3.414627801 -8.506226538 301.6 68.93225293 390 0
2051 4 9.923097599 -1.277412194 391.2 65.30998751 390 0
2051 5 20.4692679 8.349191746 461.6 127.7259489 390 0
2051 6 24.08058675 12.75965092 512.7 104.4826472 390 0
2051 7 26.95028513 14.31936682 503.7 83.08416524 390 0
2051 8 24.55752306 13.08236391 439.3 141.9052522 390 0
2051 9 20.9768345 9.627733835 346.6 131.044595 390 0
2051 10 14.961879 3.526322345 255.1 106.2642176 390 0
2051 11 6.515096388 -3.177209633 163.1 94.51285344 390 0
2051 12 -8.46073834 -20.3878934 125 34.62543176 390 0
2052 1 -3.868880033 -14.27266747 143.5 31.03865413 390 0
2052 2 3.286116746 -6.791317408 209.8 62.43358807 390 0
2052 3 0.090061762 -10.72796457 301.6 59.52859974 390 0
2052 4 12.28524167 1.013382453 391.2 76.63705019 390 0
2052 5 16.72733621 5.703976328 461.6 188.1573262 390 0
2052 6 24.93023895 11.58780068 512.7 70.91723772 390 0
2052 7 26.05608564 14.34880555 503.7 127.17857 390 0
2052 8 26.24997743 14.94480117 439.3 96.25111559 390 0
2052 9 19.21010761 7.267921273 346.6 60.40141006 390 0
2052 10 15.22384999 4.04182192 255.1 60.43649893 390 0
2052 11 7.18229247 -2.19422626 163.1 88.98294321 390 0
2052 12 2.776296819 -6.132328999 125 89.21421103 390 0
2053 1 -0.309810614 -10.07164732 143.5 63.06917963 390 0
2053 2 2.025140488 -8.026855158 209.8 32.66398886 390 0
2053 3 10.60109021 -1.232186532 301.6 43.6121054 390 0
2053 4 12.52874763 1.06563709 391.2 84.03153926 390 0
2053 5 21.59649769 9.396947874 461.6 124.3705631 390 0
2053 6 24.24318635 12.35428347 512.7 87.11086662 390 0
2053 7 27.97452369 14.95502923 503.7 89.59396674 390 0
2053 8 27.35111525 14.61980938 439.3 77.01654838 390 0
2053 9 21.49821296 9.093916975 346.6 139.9135008 390 0
2053 10 15.3172721 5.759628874 255.1 134.3629181 390 0
2053 11 6.499990593 -3.254832167 163.1 35.12439598 390 0
2053 12 1.89672762 -5.723996028 125 118.3216905 390 0
2054 1 -2.368199972 -13.4712989 143.5 53.50955903 390 0
2054 2 -1.154948094 -12.74159629 209.8 50.64107499 390 0
2054 3 1.853960309 -9.836664962 301.6 70.26997899 390 0
2054 4 10.26121787 -0.535640692 391.2 73.69208553 390 0
2054 5 20.23279277 5.345829018 461.6 55.56549581 390 0
2054 6 23.07868687 10.73219104 512.7 66.01969653 390 0
2054 7 23.67906332 12.25056522 503.7 98.62714564 390 0
2054 8 23.90937532 12.81134529 439.3 95.45035602 390 0
2054 9 20.77370127 8.887456977 346.6 101.8894434 390 0
2054 10 11.30798259 1.646356935 255.1 80.32827127 390 0
2054 11 5.564848524 -2.36380705 163.1 108.6040286 390 0
2054 12 1.179801211 -7.895601656 125 41.85230891 390 0
2055 1 0.545495116 -10.96068919 143.5 30.84173173 390 0
2055 2 -2.098522917 -12.74345956 209.8 37.63010293 390 0
2055 3 3.414627801 -8.506226538 301.6 68.93225293 390 0
2055 4 9.923097599 -1.277412194 391.2 65.30998751 390 0
2055 5 20.4692679 8.349191746 461.6 127.7259489 390 0
2055 6 24.08058675 12.75965092 512.7 104.4826472 390 0
2055 7 26.95028513 14.31936682 503.7 83.08416524 390 0
2055 8 24.55752306 13.08236391 439.3 141.9052522 390 0
2055 9 20.9768345 9.627733835 346.6 131.044595 390 0
2055 10 14.961879 3.526322345 255.1 106.2642176 390 0
2055 11 6.515096388 -3.177209633 163.1 94.51285344 390 0
2055 12 -8.46073834 -20.3878934 125 34.62543176 390 0
2056 1 -5.736049697 -15.2886728 143.5 39.43339325 390 0
2056 2 -0.77616755 -10.30547184 209.8 52.62746199 390 0
2056 3 5.250727367 -6.090891473 301.6 71.53170473 390 0
2056 4 11.85763573 0.665961719 391.2 59.4199589 390 0
2056 5 19.61926719 6.216118075 461.6 85.17942948 390 0
2056 6 21.02980901 10.50164837 512.7 97.67402343 390 0
2056 7 26.33233013 13.67219473 503.7 77.04815696 390 0
2056 8 24.57587917 12.78328697 439.3 91.1303642 390 0
2056 9 21.19636978 9.637828282 346.6 114.7233395 390 0
2056 10 14.71119568 3.858866893 255.1 93.38799467 390 0
2056 11 6.375867448 -1.482559328 163.1 100.5500521 390 0
2056 12 -2.186004924 -10.9911581 125 53.94235431 390 0
2057 1 -0.309810614 -10.07164732 143.5 63.06917963 390 0
2057 2 2.025140488 -8.026855158 209.8 32.66398886 390 0
2057 3 10.60109021 -1.232186532 301.6 43.6121054 390 0
2057 4 12.52874763 1.06563709 391.2 84.03153926 390 0
2057 5 21.59649769 9.396947874 461.6 124.3705631 390 0
2057 6 24.24318635 12.35428347 512.7 87.11086662 390 0
2057 7 27.97452369 14.95502923 503.7 89.59396674 390 0
2057 8 27.35111525 14.61980938 439.3 77.01654838 390 0
2057 9 21.49821296 9.093916975 346.6 139.9135008 390 0
2057 10 15.3172721 5.759628874 255.1 134.3629181 390 0
2057 11 6.499990593 -3.254832167 163.1 35.12439598 390 0
2057 12 1.89672762 -5.723996028 125 118.3216905 390 0
2058 1 -2.937529535 -13.69487832 143.5 60.85215328 390 0
2058 2 1.261695511 -10.05198572 209.8 55.20467096 390 0
2058 3 2.404296916 -8.751691957 301.6 84.26346518 390 0
2058 4 10.56937479 -1.626182878 391.2 62.96436546 390 0
2058 5 15.350001 4.454135458 461.6 81.23464384 390 0
2058 6 25.36850978 11.68629622 512.7 62.82559449 390 0
2058 7 25.57328801 13.10733928 503.7 116.3320779 390 0
2058 8 24.24786013 12.39497319 439.3 142.8000778 390 0
2058 9 20.0406619 8.589987886 346.6 81.59969897 390 0
2058 10 13.47004432 1.67830329 255.1 54.82886124 390 0
2058 11 5.297680468 -3.538554639 163.1 116.4313018 390 0
2058 12 0.317281348 -8.506636273 125 60.81295294 390 0
2059 1 -5.736049697 -15.2886728 143.5 39.43339325 390 0
2059 2 -0.77616755 -10.30547184 209.8 52.62746199 390 0
2059 3 5.250727367 -6.090891473 301.6 71.53170473 390 0
2059 4 11.85763573 0.665961719 391.2 59.4199589 390 0
2059 5 19.61926719 6.216118075 461.6 85.17942948 390 0
2059 6 21.02980901 10.50164837 512.7 97.67402343 390 0
2059 7 26.33233013 13.67219473 503.7 77.04815696 390 0
2059 8 24.57587917 12.78328697 439.3 91.1303642 390 0
2059 9 21.19636978 9.637828282 346.6 114.7233395 390 0
2059 10 14.71119568 3.858866893 255.1 93.38799467 390 0
2059 11 6.375867448 -1.482559328 163.1 100.5500521 390 0
2059 12 -2.186004924 -10.9911581 125 53.94235431 390 0
2060 1 -6.966499284 -19.27109361 143.5 16.4911132 390 0
2060 2 4.356415174 -5.907640143 209.8 137.051538 390 0
2060 3 4.754603067 -5.231183805 301.6 33.32959887 390 0
2060 4 13.68223442 1.53670408 391.2 77.38620557 390 0
2060 5 20.481937 6.816861679 461.6 91.57264782 390 0
2060 6 24.01541507 11.79241074 512.7 91.73262376 390 0
2060 7 26.43994714 14.76080327 503.7 110.4070112 390 0
2060 8 24.24354613 12.28615467 439.3 128.572632 390 0
2060 9 18.89482598 9.340176483 346.6 154.0174355 390 0
2060 10 11.29093423 1.159889192 255.1 139.763231 390 0
2060 11 6.317328123 -1.942662773 163.1 67.36688786 390 0
2060 12 -0.204904195 -7.434216584 125 73.92194345 390 0
2061 1 -1.493397235 -11.55258877 143.5 77.36576718 390 0
2061 2 -5.109950982 -15.8765586 209.8 64.6986367 390 0
2061 3 3.23651311 -8.740191014 301.6 79.92104611 390 0
2061 4 9.816200495 0.197373594 391.2 114.8166465 390 0
2061 5 19.74086882 6.038192348 461.6 62.59979657 390 0
2061 6 25.07693786 12.62500485 512.7 76.89234173 390 0
2061 7 24.95842201 13.85121657 503.7 152.8495043 390 0
2061 8 25.6910855 13.24130149 439.3 67.08743748 390 0
2061 9 22.78252643 9.850265645 346.6 82.59234152 390 0
2061 10 16.74870555 6.086549891 255.1 139.3890591 390 0
2061 11 5.538565828 -3.129906831 163.1 116.8206176 390 0
2061 12 -0.861792983 -9.264013654 125 109.9863852 390 0
2062 1 -1.48208013 -11.60301515 143.5 79.56427837 390 0
2062 2 -0.045645407 -10.96860496 209.8 49.10543206 390 0
2062 3 4.732600512 -4.232254916 301.6 84.82642645 390 0
2062 4 9.897883502 0.562526473 391.2 146.1936206 390 0
2062 5 16.78394093 6.141196443 461.6 164.0376578 390 0
2062 6 25.19452368 11.46450232 512.7 60.24475527 390 0
2062 7 27.16763889 14.24607842 503.7 65.38063813 390 0
2062 8 25.58495236 13.69271628 439.3 156.2957083 390 0
2062 9 22.72609502 10.15240505 346.6 66.40808882 390 0
2062 10 14.178408 3.081690036 255.1 86.5674893 390 0
2062 11 6.463621108 -1.385001539 163.1 169.571154 390 0
2062 12 -1.772784961 -10.428144 125 148.0991382 390 0
2063 1 -0.309810614 -10.07164732 143.5 63.06917963 390 0
2063 2 2.025140488 -8.026855158 209.8 32.66398886 390 0
2063 3 10.60109021 -1.232186532 301.6 43.6121054 390 0
2063 4 12.52874763 1.06563709 391.2 84.03153926 390 0
2063 5 21.59649769 9.396947874 461.6 124.3705631 390 0
2063 6 24.24318635 12.35428347 512.7 87.11086662 390 0
2063 7 27.97452369 14.95502923 503.7 89.59396674 390 0
2063 8 27.35111525 14.61980938 439.3 77.01654838 390 0
2063 9 21.49821296 9.093916975 346.6 139.9135008 390 0
2063 10 15.3172721 5.759628874 255.1 134.3629181 390 0
2063 11 6.499990593 -3.254832167 163.1 35.12439598 390 0
2063 12 1.89672762 -5.723996028 125 118.3216905 390 0
2064 1 -3.284591812 -14.08619591 143.5 81.8471921 390 0
2064 2 0.296331474 -11.68274483 209.8 83.25900323 390 0
2064 3 7.796282838 -3.58762704 301.6 63.37213304 390 0
2064 4 10.35840885 0.44249345 391.2 147.1707725 390 0
2064 5 18.53805299 7.318530483 461.6 143.9184389 390 0
2064 6 22.40305155 11.32313479 512.7 84.89195932 390 0
2064 7 24.32518991 12.91021708 503.7 110.3500752 390 0
2064 8 24.21305518 13.21861943 439.3 96.53175941 390 0
2064 9 20.02979871 8.197256305 346.6 63.26384437 390 0
2064 10 14.32506569 2.971290777 255.1 63.94025354 390 0
2064 11 6.05011244 -1.253278716 163.1 75.84693424 390 0
2064 12 -2.554450168 -12.76501104 125 112.7203203 390 0
2065 1 -6.966499284 -19.27109361 143.5 16.4911132 390 0
2065 2 4.356415174 -5.907640143 209.8 137.051538 390 0
2065 3 4.754603067 -5.231183805 301.6 33.32959887 390 0
2065 4 13.68223442 1.53670408 391.2 77.38620557 390 0
2065 5 20.481937 6.816861679 461.6 91.57264782 390 0
2065 6 24.01541507 11.79241074 512.7 91.73262376 390 0
2065 7 26.43994714 14.76080327 503.7 110.4070112 390 0
2065 8 24.24354613 12.28615467 439.3 128.572632 390 0
2065 9 18.89482598 9.340176483 346.6 154.0174355 390 0
2065 10 11.29093423 1.159889192 255.1 139.763231 390 0
2065 11 6.317328123 -1.942662773 163.1 67.36688786 390 0
2065 12 -0.204904195 -7.434216584 125 73.92194345 390 0
2066 1 -5.794741882 -16.40576926 143.5 59.51120219 390 0
2066 2 -0.147122949 -11.30961441 209.8 51.54011254 390 0
2066 3 5.445545553 -6.204781684 301.6 56.39058465 390 0
2066 4 13.43092655 0.966365147 391.2 56.47870912 390 0
2066 5 18.84725296 6.5120041 461.6 135.756874 390 0
2066 6 22.14383736 11.55182746 512.7 107.3594756 390 0
2066 7 24.37320132 14.0256022 503.7 159.5331574 390 0
2066 8 25.62739574 14.72767675 439.3 98.44785419 390 0
2066 9 20.7067922 8.182156451 346.6 69.91531514 390 0
2066 10 11.14678394 2.471973504 255.1 99.63459718 390 0
2066 11 10.35665782 0.037366777 163.1 93.15129559 390 0
2066 12 -0.765945561 -8.714185568 125 88.70345964 390 0
2067 1 -3.868880033 -14.27266747 143.5 31.03865413 390 0
2067 2 3.286116746 -6.791317408 209.8 62.43358807 390 0
2067 3 0.090061762 -10.72796457 301.6 59.52859974 390 0
2067 4 12.28524167 1.013382453 391.2 76.63705019 390 0
2067 5 16.72733621 5.703976328 461.6 188.1573262 390 0
2067 6 24.93023895 11.58780068 512.7 70.91723772 390 0
2067 7 26.05608564 14.34880555 503.7 127.17857 390 0
2067 8 26.24997743 14.94480117 439.3 96.25111559 390 0
2067 9 19.21010761 7.267921273 346.6 60.40141006 390 0
2067 10 15.22384999 4.04182192 255.1 60.43649893 390 0
2067 11 7.18229247 -2.19422626 163.1 88.98294321 390 0
2067 12 2.776296819 -6.132328999 125 89.21421103 390 0
2068 1 0.736280873 -7.752064838 143.5 65.72225658 390 0
2068 2 -2.718381126 -13.81129889 209.8 47.62632603 390 0
2068 3 6.415728114 -4.581016167 301.6 52.05805786 390 0
2068 4 9.081224932 -1.943775076 391.2 55.57837703 390 0
2068 5 18.17100298 5.89739495 461.6 55.72872729 390 0
2068 6 26.66148161 11.86347991 512.7 36.58870957 390 0
2068 7 28.19180132 15.81345662 503.7 115.7449538 390 0
2068 8 26.15670986 13.57494969 439.3 115.2155562 390 0
2068 9 19.56419225 6.672096115 346.6 88.00446294 390 0
2068 10 16.63619861 5.851761171 255.1 188.7044438 390 0
2068 11 4.756021367 -3.61994931 163.1 96.76932904 390 0
2068 12 -3.308818062 -11.29800224 125 68.4668184 390 0
2069 1 -0.309810614 -10.07164732 143.5 63.06917963 390 0
2069 2 2.025140488 -8.026855158 209.8 32.66398886 390 0
2069 3 10.60109021 -1.232186532 301.6 43.6121054 390 0
2069 4 12.52874763 1.06563709 391.2 84.03153926 390 0
2069 5 21.59649769 9.396947874 461.6 124.3705631 390 0
2069 6 24.24318635 12.35428347 512.7 87.11086662 390 0
2069 7 27.97452369 14.95502923 503.7 89.59396674 390 0
2069 8 27.35111525 14.61980938 439.3 77.01654838 390 0
2069 9 21.49821296 9.093916975 346.6 139.9135008 390 0
2069 10 15.3172721 5.759628874 255.1 134.3629181 390 0
2069 11 6.499990593 -3.254832167 163.1 35.12439598 390 0
2069 12 1.89672762 -5.723996028 125 118.3216905 390 0
2070 1 -8.049360219 -21.08435022 143.5 86.2528954 390 0
2070 2 -4.092511197 -16.29621705 209.8 33.85895736 390 0
2070 3 2.877095447 -6.919988863 301.6 89.56489722 390 0
2070 4 12.26080986 0.151043165 391.2 96.50960919 390 0
2070 5 17.96042948 5.066160333 461.6 101.7206302 390 0
2070 6 25.14316503 12.9876147 512.7 103.5189504 390 0
2070 7 27.15066866 15.79480996 503.7 110.578244 390 0
2070 8 24.02991036 12.35542027 439.3 125.9631541 390 0
2070 9 19.40664605 9.032493818 346.6 83.46515534 390 0
2070 10 14.62925046 3.208906808 255.1 20.48319719 390 0
2070 11 9.497231628 -0.771051915 163.1 77.41659579 390 0
2070 12 2.317235638 -6.963555702 125 54.34106908 390 0
2071 1 -1.778949001 -12.90488097 143.5 99.48709058 390 0
2071 2 -2.603258665 -14.12640737 209.8 44.18399551 390 0
2071 3 5.858652719 -5.434179162 301.6 83.03410082 390 0
2071 4 15.34980001 2.462338264 391.2 36.1073714 390 0
2071 5 20.4593521 7.943289488 461.6 111.7354526 390 0
2071 6 22.18687968 10.16465578 512.7 119.1540581 390 0
2071 7 24.66105786 14.05183546 503.7 132.6776533 390 0
2071 8 23.62245037 13.00880976 439.3 136.809754 390 0
2071 9 18.87524894 8.265780867 346.6 100.0671602 390 0
2071 10 13.39125626 3.238978437 255.1 64.89684124 390 0
2071 11 5.26216645 -3.418279967 163.1 89.03147377 390 0
2071 12 0.790608519 -7.05141281 125 61.08104615 390 0
2072 1 -6.966499284 -19.27109361 143.5 16.4911132 390 0
2072 2 4.356415174 -5.907640143 209.8 137.051538 390 0
2072 3 4.754603067 -5.231183805 301.6 33.32959887 390 0
2072 4 13.68223442 1.53670408 391.2 77.38620557 390 0
2072 5 20.481937 6.816861679 461.6 91.57264782 390 0
2072 6 24.01541507 11.79241074 512.7 91.73262376 390 0
2072 7 26.43994714 14.76080327 503.7 110.4070112 390 0
2072 8 24.24354613 12.28615467 439.3 128.572632 390 0
2072 9 18.89482598 9.340176483 346.6 154.0174355 390 0
2072 10 11.29093423 1.159889192 255.1 139.763231 390 0
2072 11 6.317328123 -1.942662773 163.1 67.36688786 390 0
2072 12 -0.204904195 -7.434216584 125 73.92194345 390 0
2073 1 -2.368199972 -13.4712989 143.5 53.50955903 390 0
2073 2 -1.154948094 -12.74159629 209.8 50.64107499 390 0
2073 3 1.853960309 -9.836664962 301.6 70.26997899 390 0
2073 4 10.26121787 -0.535640692 391.2 73.69208553 390 0
2073 5 20.23279277 5.345829018 461.6 55.56549581 390 0
2073 6 23.07868687 10.73219104 512.7 66.01969653 390 0
2073 7 23.67906332 12.25056522 503.7 98.62714564 390 0
2073 8 23.90937532 12.81134529 439.3 95.45035602 390 0
2073 9 20.77370127 8.887456977 346.6 101.8894434 390 0
2073 10 11.30798259 1.646356935 255.1 80.32827127 390 0
2073 11 5.564848524 -2.36380705 163.1 108.6040286 390 0
2073 12 1.179801211 -7.895601656 125 41.85230891 390 0
2074 1 -8.049360219 -21.08435022 143.5 86.2528954 390 0
2074 2 -4.092511197 -16.29621705 209.8 33.85895736 390 0
2074 3 2.877095447 -6.919988863 301.6 89.56489722 390 0
2074 4 12.26080986 0.151043165 391.2 96.50960919 390 0
2074 5 17.96042948 5.066160333 461.6 101.7206302 390 0
2074 6 25.14316503 12.9876147 512.7 103.5189504 390 0
2074 7 27.15066866 15.79480996 503.7 110.578244 390 0
2074 8 24.02991036 12.35542027 439.3 125.9631541 390 0
2074 9 19.40664605 9.032493818 346.6 83.46515534 390 0
2074 10 14.62925046 3.208906808 255.1 20.48319719 390 0
2074 11 9.497231628 -0.771051915 163.1 77.41659579 390 0
2074 12 2.317235638 -6.963555702 125 54.34106908 390 0
2075 1 -5.794741882 -16.40576926 143.5 59.51120219 390 0
2075 2 -0.147122949 -11.30961441 209.8 51.54011254 390 0
2075 3 5.445545553 -6.204781684 301.6 56.39058465 390 0
2075 4 13.43092655 0.966365147 391.2 56.47870912 390 0
2075 5 18.84725296 6.5120041 461.6 135.756874 390 0
2075 6 22.14383736 11.55182746 512.7 107.3594756 390 0
2075 7 24.37320132 14.0256022 503.7 159.5331574 390 0
2075 8 25.62739574 14.72767675 439.3 98.44785419 390 0
2075 9 20.7067922 8.182156451 346.6 69.91531514 390 0
2075 10 11.14678394 2.471973504 255.1 99.63459718 390 0
2075 11 10.35665782 0.037366777 163.1 93.15129559 390 0
2075 12 -0.765945561 -8.714185568 125 88.70345964 390 0
2076 1 2.55958374 -6.566979248 143.5 83.7405744 390 0
2076 2 0.852843072 -11.42233078 209.8 75.24831532 390 0
2076 3 6.442899876 -5.941210078 301.6 67.65005787 390 0
2076 4 12.43932181 1.768218526 391.2 99.1117525 390 0
2076 5 17.17562327 4.936868964 461.6 121.9402953 390 0
2076 6 23.65125575 11.90952456 512.7 104.7268814 390 0
2076 7 26.24519757 14.1963961 503.7 96.06049326 390 0
2076 8 25.77803907 14.22161323 439.3 164.3876542 390 0
2076 9 19.79296586 8.890893254 346.6 65.4111374 390 0
2076 10 14.56887902 4.648591788 255.1 167.0416426 390 0
2076 11 8.078303555 -1.383413076 163.1 92.25374502 390 0
2076 12 3.032684049 -6.69391144 125 128.0803784 390 0
2077 1 -4.109504216 -14.92750826 143.5 63.99402658 390 0
2077 2 0.322479158 -11.84468399 209.8 54.54203114 390 0
2077 3 2.768028275 -8.668557104 301.6 52.67852758 390 0
2077 4 14.17866655 1.053291869 391.2 117.9878697 390 0
2077 5 16.31514785 5.114371388 461.6 53.96269057 390 0
2077 6 26.55443892 14.83213392 512.7 121.9289954 390 0
2077 7 27.37466971 16.18589656 503.7 117.2397951 390 0
2077 8 26.72806044 15.29412979 439.3 90.05992944 390 0
2077 9 23.13726626 11.37168943 346.6 106.8926238 390 0
2077 10 13.69079384 5.579844067 255.1 214.3649043 390 0
2077 11 9.152901537 -1.032697428 163.1 118.4018316 390 0
2077 12 -0.59259833 -8.791680761 125 77.46748227 390 0
2078 1 -1.874789593 -12.29044081 143.5 37.76178203 390 0
2078 2 -0.395753973 -12.12361735 209.8 62.07044471 390 0
2078 3 1.820045559 -7.985511814 301.6 136.837134 390 0
2078 4 11.79158771 -0.705384332 391.2 18.91879504 390 0
2078 5 20.920867 7.504759305 461.6 62.69766202 390 0
2078 6 24.78443867 12.46693392 512.7 101.0070338 390 0
2078 7 24.87684718 13.1248468 503.7 73.47380252 390 0
2078 8 28.07007945 14.69719134 439.3 63.49692629 390 0
2078 9 21.8161652 9.413633887 346.6 90.31725078 390 0
2078 10 16.10932988 4.303837832 255.1 49.08148316 390 0
2078 11 9.616851696 -0.096905853 163.1 61.56659567 390 0
2078 12 4.206500662 -4.28623538 125 54.4888188 390 0
2079 1 2.55958374 -6.566979248 143.5 83.7405744 390 0
2079 2 0.852843072 -11.42233078 209.8 75.24831532 390 0
2079 3 6.442899876 -5.941210078 301.6 67.65005787 390 0
2079 4 12.43932181 1.768218526 391.2 99.1117525 390 0
2079 5 17.17562327 4.936868964 461.6 121.9402953 390 0
2079 6 23.65125575 11.90952456 512.7 104.7268814 390 0
2079 7 26.24519757 14.1963961 503.7 96.06049326 390 0
2079 8 25.77803907 14.22161323 439.3 164.3876542 390 0
2079 9 19.79296586 8.890893254 346.6 65.4111374 390 0
2079 10 14.56887902 4.648591788 255.1 167.0416426 390 0
2079 11 8.078303555 -1.383413076 163.1 92.25374502 390 0
2079 12 3.032684049 -6.69391144 125 128.0803784 390 0
2080 1 -6.966499284 -19.27109361 143.5 16.4911132 390 0
2080 2 4.356415174 -5.907640143 209.8 137.051538 390 0
2080 3 4.754603067 -5.231183805 301.6 33.32959887 390 0
2080 4 13.68223442 1.53670408 391.2 77.38620557 390 0
2080 5 20.481937 6.816861679 461.6 91.57264782 390 0
2080 6 24.01541507 11.79241074 512.7 91.73262376 390 0
2080 7 26.43994714 14.76080327 503.7 110.4070112 390 0
2080 8 24.24354613 12.28615467 439.3 128.572632 390 0
2080 9 18.89482598 9.340176483 346.6 154.0174355 390 0
2080 10 11.29093423 1.159889192 255.1 139.763231 390 0
2080 11 6.317328123 -1.942662773 163.1 67.36688786 390 0
2080 12 -0.204904195 -7.434216584 125 73.92194345 390 0
2081 1 -0.309810614 -10.07164732 143.5 63.06917963 390 0
2081 2 2.025140488 -8.026855158 209.8 32.66398886 390 0
2081 3 10.60109021 -1.232186532 301.6 43.6121054 390 0
2081 4 12.52874763 1.06563709 391.2 84.03153926 390 0
2081 5 21.59649769 9.396947874 461.6 124.3705631 390 0
2081 6 24.24318635 12.35428347 512.7 87.11086662 390 0
2081 7 27.97452369 14.95502923 503.7 89.59396674 390 0
2081 8 27.35111525 14.61980938 439.3 77.01654838 390 0
2081 9 21.49821296 9.093916975 346.6 139.9135008 390 0
2081 10 15.3172721 5.759628874 255.1 134.3629181 390 0
2081 11 6.499990593 -3.254832167 163.1 35.12439598 390 0
2081 12 1.89672762 -5.723996028 125 118.3216905 390 0
2082 1 -6.671993491 -19.06674667 143.5 59.36262967 390 0
2082 2 -1.656261785 -12.64523357 209.8 69.86027003 390 0
2082 3 3.943411586 -7.365714982 301.6 60.04284614 390 0
2082 4 10.9498714 -1.400830177 391.2 72.87987913 390 0
2082 5 20.7709151 7.094467091 461.6 43.37614702 390 0
2082 6 21.49551472 10.665777 512.7 143.5305957 390 0
2082 7 27.04374374 13.0231316 503.7 56.09775761 390 0
2082 8 23.59030064 11.15940816 439.3 97.37110714 390 0
2082 9 21.22938996 9.061139829 346.6 70.10219818 390 0
2082 10 14.78658809 2.954809697 255.1 50.35066382 390 0
2082 11 9.289414302 -0.59274925 163.1 96.99375547 390 0
2082 12 4.029417212 -6.321100451 125 52.5439079 390 0
2083 1 -5.794741882 -16.40576926 143.5 59.51120219 390 0
2083 2 -0.147122949 -11.30961441 209.8 51.54011254 390 0
2083 3 5.445545553 -6.204781684 301.6 56.39058465 390 0
2083 4 13.43092655 0.966365147 391.2 56.47870912 390 0
2083 5 18.84725296 6.5120041 461.6 135.756874 390 0
2083 6 22.14383736 11.55182746 512.7 107.3594756 390 0
2083 7 24.37320132 14.0256022 503.7 159.5331574 390 0
2083 8 25.62739574 14.72767675 439.3 98.44785419 390 0
2083 9 20.7067922 8.182156451 346.6 69.91531514 390 0
2083 10 11.14678394 2.471973504 255.1 99.63459718 390 0
2083 11 10.35665782 0.037366777 163.1 93.15129559 390 0
2083 12 -0.765945561 -8.714185568 125 88.70345964 390 0
2084 1 -2.773501362 -13.26149437 143.5 54.98630203 390 0
2084 2 1.638023565 -9.286975818 209.8 29.43827603 390 0
2084 3 5.14555431 -4.291186498 301.6 81.26456646 390 0
2084 4 14.48623992 2.351863849 391.2 83.33528927 390 0
2084 5 21.4137139 7.82478106 461.6 84.11435666 390 0
2084 6 24.88615299 11.51009869 512.7 56.71211989 390 0
2084 7 26.61416912 13.71343698 503.7 64.14328909 390 0
2084 8 26.1574614 14.62506758 439.3 123.833773 390 0
2084 9 19.36874469 7.475254746 346.6 129.8045086 390 0
2084 10 15.5190415 4.095631788 255.1 108.5399422 390 0
2084 11 6.854592636 -1.899556212 163.1 52.65733466 390 0
2084 12 0.536962779 -10.27373981 125 64.88830066 390 0
2085 1 -0.309810614 -10.07164732 143.5 63.06917963 390 0
2085 2 2.025140488 -8.026855158 209.8 32.66398886 390 0
2085 3 10.60109021 -1.232186532 301.6 43.6121054 390 0
2085 4 12.52874763 1.06563709 391.2 84.03153926 390 0
2085 5 21.59649769 9.396947874 461.6 124.3705631 390 0
2085 6 24.24318635 12.35428347 512.7 87.11086662 390 0
2085 7 27.97452369 14.95502923 503.7 89.59396674 390 0
2085 8 27.35111525 14.61980938 439.3 77.01654838 390 0
2085 9 21.49821296 9.093916975 346.6 139.9135008 390 0
2085 10 15.3172721 5.759628874 255.1 134.3629181 390 0
2085 11 6.499990593 -3.254832167 163.1 35.12439598 390 0
2085 12 1.89672762 -5.723996028 125 118.3216905 390 0
2086 1 -4.109504216 -14.92750826 143.5 63.99402658 390 0
2086 2 0.322479158 -11.84468399 209.8 54.54203114 390 0
2086 3 2.768028275 -8.668557104 301.6 52.67852758 390 0
2086 4 14.17866655 1.053291869 391.2 117.9878697 390 0
2086 5 16.31514785 5.114371388 461.6 53.96269057 390 0
2086 6 26.55443892 14.83213392 512.7 121.9289954 390 0
2086 7 27.37466971 16.18589656 503.7 117.2397951 390 0
2086 8 26.72806044 15.29412979 439.3 90.05992944 390 0
2086 9 23.13726626 11.37168943 346.6 106.8926238 390 0
2086 10 13.69079384 5.579844067 255.1 214.3649043 390 0
2086 11 9.152901537 -1.032697428 163.1 118.4018316 390 0
2086 12 -0.59259833 -8.791680761 125 77.46748227 390 0
2087 1 -2.006606886 -9.908405393 143.5 57.72402612 390 0
2087 2 -0.810694622 -8.091854059 209.8 67.2338165 390 0
2087 3 8.126736591 -2.404753967 301.6 87.86100748 390 0
2087 4 15.2714383 2.840303571 391.2 90.74503625 390 0
2087 5 21.73624622 7.751435201 461.6 53.56473276 390 0
2087 6 23.32185932 12.43469363 512.7 144.2510913 390 0
2087 7 27.98298026 16.50936333 503.7 93.75275218 390 0
2087 8 25.83337783 14.17051779 439.3 113.3523504 390 0
2087 9 21.587077 10.88638307 346.6 83.24513029 390 0
2087 10 13.39552214 3.356028674 255.1 219.7390435 390 0
2087 11 6.903542456 -1.808197064 163.1 70.34998676 390 0
2087 12 -1.729044897 -9.232542598 125 101.4198447 390 0
2088 1 -2.773501362 -13.26149437 143.5 54.98630203 390 0
2088 2 1.638023565 -9.286975818 209.8 29.43827603 390 0
2088 3 5.14555431 -4.291186498 301.6 81.26456646 390 0
2088 4 14.48623992 2.351863849 391.2 83.33528927 390 0
2088 5 21.4137139 7.82478106 461.6 84.11435666 390 0
2088 6 24.88615299 11.51009869 512.7 56.71211989 390 0
2088 7 26.61416912 13.71343698 503.7 64.14328909 390 0
2088 8 26.1574614 14.62506758 439.3 123.833773 390 0
2088 9 19.36874469 7.475254746 346.6 129.8045086 390 0
2088 10 15.5190415 4.095631788 255.1 108.5399422 390 0
2088 11 6.854592636 -1.899556212 163.1 52.65733466 390 0
2088 12 0.536962779 -10.27373981 125 64.88830066 390 0
2089 1 -1.397730829 -12.0071744 143.5 33.11153389 390 0
2089 2 -1.0979986 -10.31925856 209.8 41.631486 390 0
2089 3 3.620955079 -5.058524304 301.6 61.99228946 390 0
2089 4 11.72332758 -0.096672685 391.2 58.82420814 390 0
2089 5 20.83299585 7.487797109 461.6 157.4321869 390 0
2089 6 23.38855688 12.37018081 512.7 205.7508455 390 0
2089 7 27.33870019 16.58525811 503.7 155.8138666 390 0
2089 8 24.85751729 13.55654418 439.3 75.17940754 390 0
2089 9 20.15590534 8.985341266 346.6 107.97472 390 0
2089 10 15.454045 4.504203775 255.1 56.47727343 390 0
2089 11 6.102018255 -3.62250281 163.1 94.46836213 390 0
2089 12 -0.939953901 -9.535905961 125 80.0739772 390 0
2090 1 -2.937529535 -13.69487832 143.5 60.85215328 390 0
2090 2 1.261695511 -10.05198572 209.8 55.20467096 390 0
2090 3 2.404296916 -8.751691957 301.6 84.26346518 390 0
2090 4 10.56937479 -1.626182878 391.2 62.96436546 390 0
2090 5 15.350001 4.454135458 461.6 81.23464384 390 0
2090 6 25.36850978 11.68629622 512.7 62.82559449 390 0
2090 7 25.57328801 13.10733928 503.7 116.3320779 390 0
2090 8 24.24786013 12.39497319 439.3 142.8000778 390 0
2090 9 20.0406619 8.589987886 346.6 81.59969897 390 0
2090 10 13.47004432 1.67830329 255.1 54.82886124 390 0
2090 11 5.297680468 -3.538554639 163.1 116.4313018 390 0
2090 12 0.317281348 -8.506636273 125 60.81295294 390 0
2091 1 -1.394769065 -11.27389941 143.5 70.03486159 390 0
2091 2 -5.09459589 -19.30413475 209.8 62.84655409 390 0
2091 3 3.211323314 -9.728561623 301.6 72.65921088 390 0
2091 4 12.16161206 0.560258825 391.2 110.499037 390 0
2091 5 19.04904258 6.570157925 461.6 58.70781716 390 0
2091 6 23.14525935 10.76785249 512.7 100.4684311 390 0
2091 7 26.92250193 14.86410376 503.7 90.96096547 390 0
2091 8 26.13505375 14.01132566 439.3 84.34843693 390 0
2091 9 19.44025781 9.091271391 346.6 110.7004297 390 0
2091 10 12.24820812 1.595225461 255.1 82.68898581 390 0
2091 11 6.581548662 -2.888760428 163.1 79.91503036 390 0
2091 12 -0.590832703 -9.335394019 125 60.31108224 390 0
2092 1 -5.794741882 -16.40576926 143.5 59.51120219 390 0
2092 2 -0.147122949 -11.30961441 209.8 51.54011254 390 0
2092 3 5.445545553 -6.204781684 301.6 56.39058465 390 0
2092 4 13.43092655 0.966365147 391.2 56.47870912 390 0
2092 5 18.84725296 6.5120041 461.6 135.756874 390 0
2092 6 22.14383736 11.55182746 512.7 107.3594756 390 0
2092 7 24.37320132 14.0256022 503.7 159.5331574 390 0
2092 8 25.62739574 14.72767675 439.3 98.44785419 390 0
2092 9 20.7067922 8.182156451 346.6 69.91531514 390 0
2092 10 11.14678394 2.471973504 255.1 99.63459718 390 0
2092 11 10.35665782 0.037366777 163.1 93.15129559 390 0
2092 12 -0.765945561 -8.714185568 125 88.70345964 390 0
2093 1 -5.794741882 -16.40576926 143.5 59.51120219 390 0
2093 2 -0.147122949 -11.30961441 209.8 51.54011254 390 0
2093 3 5.445545553 -6.204781684 301.6 56.39058465 390 0
2093 4 13.43092655 0.966365147 391.2 56.47870912 390 0
2093 5 18.84725296 6.5120041 461.6 135.756874 390 0
2093 6 22.14383736 11.55182746 512.7 107.3594756 390 0
2093 7 24.37320132 14.0256022 503.7 159.5331574 390 0
2093 8 25.62739574 14.72767675 439.3 98.44785419 390 0
2093 9 20.7067922 8.182156451 346.6 69.91531514 390 0
2093 10 11.14678394 2.471973504 255.1 99.63459718 390 0
2093 11 10.35665782 0.037366777 163.1 93.15129559 390 0
2093 12 -0.765945561 -8.714185568 125 88.70345964 390 0
2094 1 -3.284591812 -14.08619591 143.5 81.8471921 390 0
2094 2 0.296331474 -11.68274483 209.8 83.25900323 390 0
2094 3 7.796282838 -3.58762704 301.6 63.37213304 390 0
2094 4 10.35840885 0.44249345 391.2 147.1707725 390 0
2094 5 18.53805299 7.318530483 461.6 143.9184389 390 0
2094 6 22.40305155 11.32313479 512.7 84.89195932 390 0
2094 7 24.32518991 12.91021708 503.7 110.3500752 390 0
2094 8 24.21305518 13.21861943 439.3 96.53175941 390 0
2094 9 20.02979871 8.197256305 346.6 63.26384437 390 0
2094 10 14.32506569 2.971290777 255.1 63.94025354 390 0
2094 11 6.05011244 -1.253278716 163.1 75.84693424 390 0
2094 12 -2.554450168 -12.76501104 125 112.7203203 390 0
2095 1 -5.794741882 -16.40576926 143.5 59.51120219 390 0
2095 2 -0.147122949 -11.30961441 209.8 51.54011254 390 0
2095 3 5.445545553 -6.204781684 301.6 56.39058465 390 0
2095 4 13.43092655 0.966365147 391.2 56.47870912 390 0
2095 5 18.84725296 6.5120041 461.6 135.756874 390 0
2095 6 22.14383736 11.55182746 512.7 107.3594756 390 0
2095 7 24.37320132 14.0256022 503.7 159.5331574 390 0
2095 8 25.62739574 14.72767675 439.3 98.44785419 390 0
2095 9 20.7067922 8.182156451 346.6 69.91531514 390 0
2095 10 11.14678394 2.471973504 255.1 99.63459718 390 0
2095 11 10.35665782 0.037366777 163.1 93.15129559 390 0
2095 12 -0.765945561 -8.714185568 125 88.70345964 390 0
2096 1 -1.394769065 -11.27389941 143.5 70.03486159 390 0
2096 2 -5.09459589 -19.30413475 209.8 62.84655409 390 0
2096 3 3.211323314 -9.728561623 301.6 72.65921088 390 0
2096 4 12.16161206 0.560258825 391.2 110.499037 390 0
2096 5 19.04904258 6.570157925 461.6 58.70781716 390 0
2096 6 23.14525935 10.76785249 512.7 100.4684311 390 0
2096 7 26.92250193 14.86410376 503.7 90.96096547 390 0
2096 8 26.13505375 14.01132566 439.3 84.34843693 390 0
2096 9 19.44025781 9.091271391 346.6 110.7004297 390 0
2096 10 12.24820812 1.595225461 255.1 82.68898581 390 0
2096 11 6.581548662 -2.888760428 163.1 79.91503036 390 0
2096 12 -0.590832703 -9.335394019 125 60.31108224 390 0
2097 1 -1.397730829 -12.0071744 143.5 33.11153389 390 0
2097 2 -1.0979986 -10.31925856 209.8 41.631486 390 0
2097 3 3.620955079 -5.058524304 301.6 61.99228946 390 0
2097 4 11.72332758 -0.096672685 391.2 58.82420814 390 0
2097 5 20.83299585 7.487797109 461.6 157.4321869 390 0
2097 6 23.38855688 12.37018081 512.7 205.7508455 390 0
2097 7 27.33870019 16.58525811 503.7 155.8138666 390 0
2097 8 24.85751729 13.55654418 439.3 75.17940754 390 0
2097 9 20.15590534 8.985341266 346.6 107.97472 390 0
2097 10 15.454045 4.504203775 255.1 56.47727343 390 0
2097 11 6.102018255 -3.62250281 163.1 94.46836213 390 0
2097 12 -0.939953901 -9.535905961 125 80.0739772 390 0
2098 1 -5.736049697 -15.2886728 143.5 39.43339325 390 0
2098 2 -0.77616755 -10.30547184 209.8 52.62746199 390 0
2098 3 5.250727367 -6.090891473 301.6 71.53170473 390 0
2098 4 11.85763573 0.665961719 391.2 59.4199589 390 0
2098 5 19.61926719 6.216118075 461.6 85.17942948 390 0
2098 6 21.02980901 10.50164837 512.7 97.67402343 390 0
2098 7 26.33233013 13.67219473 503.7 77.04815696 390 0
2098 8 24.57587917 12.78328697 439.3 91.1303642 390 0
2098 9 21.19636978 9.637828282 346.6 114.7233395 390 0
2098 10 14.71119568 3.858866893 255.1 93.38799467 390 0
2098 11 6.375867448 -1.482559328 163.1 100.5500521 390 0
2098 12 -2.186004924 -10.9911581 125 53.94235431 390 0
2099 1 1.379643438 -7.136833701 143.5 50.51558388 390 0
2099 2 2.503712064 -9.671485196 209.8 72.34299101 390 0
2099 3 4.774615962 -5.48816489 301.6 79.10001209 390 0
2099 4 13.08641899 1.592269724 391.2 107.7451869 390 0
2099 5 16.80311467 4.94081401 461.6 107.1498106 390 0
2099 6 23.167566 11.20014818 512.7 177.0595352 390 0
2099 7 26.66181647 14.6023356 503.7 81.69994167 390 0
2099 8 27.142746 13.98117766 439.3 41.79759651 390 0
2099 9 23.6577504 10.70122375 346.6 140.7073959 390 0
2099 10 12.26978232 2.287779483 255.1 91.56367741 390 0
2099 11 5.395884533 -3.108209122 163.1 105.7282078 390 0
2099 12 0.060489679 -9.096682659 125 54.48678895 390 0
2100-2200 1 1.379643438 -7.136833701 143.5 50.51558388 390 0
2100-2200 2 2.503712064 -9.671485196 209.8 72.34299101 390 0
2100-2200 3 4.774615962 -5.48816489 301.6 79.10001209 390 0
2100-2200 4 13.08641899 1.592269724 391.2 107.7451869 390 0
2100-2200 5 16.80311467 4.94081401 461.6 107.1498106 390 0
2100-2200 6 23.167566 11.20014818 512.7 177.0595352 390 0
2100-2200 7 26.66181647 14.6023356 503.7 81.69994167 390 0
2100-2200 8 27.142746 13.98117766 439.3 41.79759651 390 0
2100-2200 9 23.6577504 10.70122375 346.6 140.7073959 390 0
2100-2200 10 12.26978232 2.287779483 255.1 91.56367741 390 0
2100-2200 11 5.395884533 -3.108209122 163.1 105.7282078 390 0
2100-2200 12 0.060489679 -9.096682659 125 54.48678895 390 0
