Year Month Tmax Tmin PAR Prec CO2 O3
1200-1980 1 -2.59764650107016 -12.9859310536297 143.5 63.7337103479364 390 0
1200-1980 2 -0.617014414337111 -11.7112368788428 209.8 56.0903904943367 390 0
1200-1980 3 4.50856182745697 -6.4514887307218 301.6 69.9824471322626 390 0
1200-1980 4 12.2649787838209 0.604689197019744 391.2 83.5208397313246 390 0
1200-1980 5 19.2960870618978 6.76312138750785 461.6 99.4222678096802 390 0
1200-1980 6 23.9365685082274 11.9728579275668 512.7 106.98602956062 390 0
1200-1980 7 26.4096415415786 14.6351292009785 503.7 109.313498848032 390 0
1200-1980 8 25.3375061488165 13.6384930310227 439.3 111.425454903707 390 0
1200-1980 9 20.8974942261222 9.37203246222694 346.6 99.0424747545682 390 0
1200-1980 10 13.8640804801434 3.34658942843113 255.1 104.276006652436 390 0
1200-1980 11 7.21270652664626 -1.80488530084917 163.1 88.0303883764398 390 0
1200-1980 12 0.460345296414254 -8.45006613989872 125 79.4739883355716 390 0
1981 1 -6.96649928359743 -19.2710936075977 143.5 16.4911132000342 390 0
1981 2 4.35641517396298 -5.90764014255254 209.8 137.051537993988 390 0
1981 3 4.75460306689624 -5.2311838052959 301.6 33.3295988709938 390 0
1981 4 13.6822344201796 1.53670407950734 391.2 77.3862055741908 390 0
1981 5 20.4819369974299 6.81686167917293 461.6 91.5726478173182 390 0
1981 6 24.0154150701353 11.7924107362615 512.7 91.7326237577064 390 0
1981 7 26.4399471395697 14.7608032734081 503.7 110.407011194455 390 0
1981 8 24.2435461273789 12.2861546698463 439.3 128.572631983983 390 0
1981 9 18.8948259778039 9.34017648311134 346.6 154.017435485851 390 0
1981 10 11.2909342256685 1.15988919186648 255.1 139.763231026669 390 0
1981 11 6.3173281234125 -1.94266277338844 163.1 67.3668878593062 390 0
1981 12 -0.20490419549615 -7.43421658417914 125 73.9219434519143 390 0
1982 1 -6.67199349069032 -19.0667466663585 143.5 59.3626296675619 390 0
1982 2 -1.65626178501645 -12.6452335690886 209.8 69.8602700347485 390 0
1982 3 3.94341158629246 -7.36571498169102 301.6 60.0428461442525 390 0
1982 4 10.9498714030258 -1.40083017720301 391.2 72.8798791332862 390 0
1982 5 20.7709151024638 7.09446709079706 461.6 43.3761470202973 390 0
1982 6 21.4955147187323 10.6657769972022 512.7 143.5305956689 390 0
1982 7 27.0437437410212 13.023131597605 503.7 56.097757609216 390 0
1982 8 23.5903006435107 11.1594081631729 439.3 97.3711071367478 390 0
1982 9 21.2293899602428 9.06113982944612 346.6 70.1021981828072 390 0
1982 10 14.7865880871142 2.9548096971475 255.1 50.3506638206714 390 0
1982 11 9.28941430184743 -0.592749250191998 163.1 96.9937554658756 390 0
1982 12 4.02941721247274 -6.32110045072264 125 52.5439078974907 390 0
1983 1 -1.48208012960069 -11.6030151525773 143.5 79.564278365613 390 0
1983 2 -0.0456454074855425 -10.9686049589914 209.8 49.1054320568096 390 0
1983 3 4.73260051220203 -4.23225491636302 301.6 84.8264264497132 390 0
1983 4 9.89788350160822 0.562526472929047 391.2 146.193620555156 390 0
1983 5 16.7839409277653 6.14119644313193 461.6 164.03765782501 390 0
1983 6 25.1945236796016 11.4645023236578 512.7 60.2447552726045 390 0
1983 7 27.1676388930688 14.2460784234692 503.7 65.3806381322473 390 0
1983 8 25.5849523550454 13.6927162812599 439.3 156.295708305992 390 0
1983 9 22.7260950189668 10.1524050490201 346.6 66.4080888172275 390 0
1983 10 14.1784080001677 3.08169003576613 255.1 86.5674892959149 390 0
1983 11 6.46362110812474 -1.38500153938873 163.1 169.571153973413 390 0
1983 12 -1.77278496078666 -10.4281439951484 125 148.099138152301 390 0
1984 1 -3.86888003307201 -14.2726674722738 143.5 31.0386541291505 390 0
1984 2 3.28611674573663 -6.79131740847911 209.8 62.4335880684525 390 0
1984 3 0.0900617615599066 -10.7279645738686 301.6 59.5285997400456 390 0
1984 4 12.285241674783 1.01338245343901 391.2 76.6370501853986 390 0
1984 5 16.7273362093077 5.70397632840471 461.6 188.15732618068 390 0
1984 6 24.9302389469915 11.5878006752817 512.7 70.9172377218729 390 0
1984 7 26.05608564363 14.3488055490961 503.7 127.178569962352 390 0
1984 8 26.2499774279379 14.944801173427 439.3 96.2511155914255 390 0
1984 9 19.2101076055088 7.26792127310944 346.6 60.4014100633959 390 0
1984 10 15.2238499936023 4.04182192029319 255.1 60.4364989279532 390 0
1984 11 7.18229246969952 -2.19422625973528 163.1 88.9829432110421 390 0
1984 12 2.77629681922284 -6.1323289986034 125 89.214211029442 390 0
1985 1 -5.73604969669938 -15.2886728002085 143.5 39.4333932470533 390 0
1985 2 -0.776167549714915 -10.3054718424306 209.8 52.6274619861031 390 0
1985 3 5.25072736705489 -6.0908914725354 301.6 71.5317047262113 390 0
1985 4 11.8576357291197 0.665961718506185 391.2 59.4199588955857 390 0
1985 5 19.6192671903 6.21611807475774 461.6 85.1794294758678 390 0
1985 6 21.0298090123735 10.501648374046 512.7 97.6740234265155 390 0
1985 7 26.3323301338648 13.6721947344074 503.7 77.0481569619736 390 0
1985 8 24.5758791743162 12.7832869721477 439.3 91.1303641964971 390 0
1985 9 21.1963697794906 9.63782828248392 346.6 114.723339500853 390 0
1985 10 14.711195680697 3.85886689295208 255.1 93.3879946695067 390 0
1985 11 6.3758674482656 -1.48255932833413 163.1 100.550052056824 390 0
1985 12 -2.18600492393811 -10.9911580981415 125 53.9423543105305 390 0
1986 1 -1.7789490011096 -12.9048809672621 143.5 99.4870905753812 390 0
1986 2 -2.60325866491528 -14.1264073672435 209.8 44.1839955061841 390 0
1986 3 5.85865271889195 -5.4341791622599 301.6 83.0341008194484 390 0
1986 4 15.3498000060118 2.46233826423508 391.2 36.1073713994691 390 0
1986 5 20.459352096683 7.94328948812616 461.6 111.735452599076 390 0
1986 6 22.1868796804377 10.1646557783641 512.7 119.154058066772 390 0
1986 7 24.6610578598171 14.051835462637 503.7 132.677653275295 390 0
1986 8 23.6224503671398 13.0088097641158 439.3 136.809754023147 390 0
1986 9 18.8752489447299 8.26578086651387 346.6 100.067160235657 390 0
1986 10 13.3912562588207 3.23897843653841 255.1 64.8968412421364 390 0
1986 11 5.26216645033289 -3.41827996725742 163.1 89.0314737727744 390 0
1986 12 0.790608519059237 -7.05141281009704 125 61.0810461539446 390 0
1987 1 -3.03587537321229 -13.236557130372 143.5 77.5262669581581 390 0
1987 2 -3.41229105449685 -15.5267560371913 209.8 14.6897702213684 390 0
1987 3 6.12541295918496 -5.50048578394008 301.6 43.1347120112579 390 0
1987 4 15.0129802579846 2.83911248617305 391.2 60.0571835250622 390 0
1987 5 19.1809511205694 6.36624558064631 461.6 53.4493153158598 390 0
1987 6 23.8917090474582 12.6580259050865 512.7 138.249442378248 390 0
1987 7 26.9908649706591 14.9609310496364 503.7 102.715231422721 390 0
1987 8 24.2742496730457 11.8569093507418 439.3 74.4273737593428 390 0
1987 9 19.4622722608336 9.8742466277431 346.6 129.653881575622 390 0
1987 10 13.3680020336933 1.92696258096142 255.1 127.56478273163 390 0
1987 11 6.8466517339135 -2.76878281890785 163.1 73.0915769934815 390 0
1987 12 1.09843767857511 -5.96380109797439 125 50.9342467968006 390 0
1988 1 -2.04313478552123 -13.0963448242888 143.5 32.9614141833474 390 0
1988 2 -0.510343488334857 -12.2203270452878 209.8 57.3325375738495 390 0
1988 3 3.98156260266995 -7.10071005443388 301.6 44.4070931842132 390 0
1988 4 11.6811864382607 1.46877225541359 391.2 85.0229477939348 390 0
1988 5 20.2247870983995 7.85191603845977 461.6 56.6796534305284 390 0
1988 6 23.7866463166951 9.84912981485822 512.7 57.1714088654004 390 0
1988 7 27.4093790775328 15.8839557451276 503.7 95.6628009184387 390 0
1988 8 26.1996182266819 15.0343663485277 439.3 145.989325942329 390 0
1988 9 19.7224929717854 7.71425275235654 346.6 53.162340811446 390 0
1988 10 11.100100821868 2.09445073707826 255.1 61.5757012000207 390 0
1988 11 7.58973595424516 -1.16666473743018 163.1 136.133205725125 390 0
1988 12 -0.658655400178548 -11.1202433571578 125 35.8948599939975 390 0
1989 1 0.545495116482118 -10.9606891889594 143.5 30.8417317262824 390 0
1989 2 -2.09852291677496 -12.7434595644795 209.8 37.6301029269141 390 0
1989 3 3.41462780095954 -8.50622653801189 301.6 68.9322529321764 390 0
1989 4 9.9230975993336 -1.27741219355424 391.2 65.3099875095179 390 0
1989 5 20.4692678954004 8.34919174607661 461.6 127.725948915301 390 0
1989 6 24.0805867536731 12.7596509241511 512.7 104.482647200346 390 0
1989 7 26.9502851287954 14.3193668212876 503.7 83.0841652397016 390 0
1989 8 24.5575230551314 13.0823639105451 439.3 141.90525216426 390 0
1989 9 20.9768345002766 9.62773383495143 346.6 131.044595011009 390 0
1989 10 14.961879002006 3.52632234498391 255.1 106.264217612646 390 0
1989 11 6.51509638786207 -3.17720963258277 163.1 94.5128534374198 390 0
1989 12 -8.46073834025243 -20.3878933998469 125 34.6254317618852 390 0
1990 1 2.55958373962408 -6.56697924789023 143.5 83.7405743951912 390 0
1990 2 0.852843071715879 -11.4223307829743 209.8 75.2483153228779 390 0
1990 3 6.44289987561977 -5.94121007780073 301.6 67.6500578728084 390 0
1990 4 12.4393218112607 1.76821852609695 391.2 99.1117524963402 390 0
1990 5 17.1756232695886 4.93686896436638 461.6 121.940295266201 390 0
1990 6 23.6512557481606 11.9095245583871 512.7 104.726881368922 390 0
1990 7 26.2451975745593 14.1963961042244 503.7 96.060493256681 390 0
1990 8 25.7780390724918 14.2216132281712 439.3 164.387654239972 390 0
1990 9 19.7929658578503 8.89089325374206 346.6 65.4111374036415 390 0
1990 10 14.5688790185094 4.64859178837586 255.1 167.041642645426 390 0
1990 11 8.07830355524177 -1.38341307559346 163.1 92.253745019026 390 0
1990 12 3.03268404885334 -6.69391143954779 125 128.080378411489 390 0
1991 1 -2.77350136171487 -13.2614943653904 143.5 54.9863020295558 390 0
1991 2 1.63802356547717 -9.28697581823979 209.8 29.4382760308636 390 0
1991 3 5.14555431017713 -4.29118649811658 301.6 81.2645664632356 390 0
1991 4 14.486239920706 2.35186384949557 391.2 83.3352892663292 390 0
1991 5 21.4137139014753 7.82478106018166 461.6 84.1143566623596 390 0
1991 6 24.8861529895127 11.5100986908165 512.7 56.7121198923557 390 0
1991 7 26.6141691203131 13.7134369794047 503.7 64.1432890886184 390 0
1991 8 26.1574614018433 14.6250675819116 439.3 123.833773013286 390 0
1991 9 19.3687446852525 7.47525474580517 346.6 129.804508552237 390 0
1991 10 15.5190414954319 4.09563178810476 255.1 108.539942164371 390 0
1991 11 6.85459263577159 -1.89955621234407 163.1 52.6573346614134 390 0
1991 12 0.53696277890815 -10.2737398121677 125 64.8883006606059 390 0
1992 1 -2.36819997193959 -13.4712988959436 143.5 53.5095590272 390 0
1992 2 -1.15494809418328 -12.741596294926 209.8 50.6410749853605 390 0
1992 3 1.85396030861365 -9.83666496155202 301.6 70.2699789890456 390 0
1992 4 10.2612178705722 -0.535640691955069 391.2 73.6920855258262 390 0
1992 5 20.2327927729952 5.34582901848739 461.6 55.5654958126177 390 0
1992 6 23.0786868705192 10.7321910385656 512.7 66.0196965293099 390 0
1992 7 23.6790633220323 12.2505652249433 503.7 98.6271456364837 390 0
1992 8 23.9093753222358 12.8113452944743 439.3 95.4503560153699 390 0
1992 9 20.7737012721534 8.88745697678514 346.6 101.88944343915 390 0
1992 10 11.3079825869485 1.64635693502187 255.1 80.3282712703357 390 0
1992 11 5.56484852411893 -2.363807050252 163.1 108.604028584289 390 0
1992 12 1.17980121069107 -7.89560165593599 125 41.8523089112249 390 0
1993 1 -1.39476906466903 -11.2738994092317 143.5 70.0348615908889 390 0
1993 2 -5.09459588992946 -19.3041347536909 209.8 62.8465540895059 390 0
1993 3 3.21132331375228 -9.72856162343483 301.6 72.6592108763533 390 0
1993 4 12.1616120593735 0.560258825083052 391.2 110.499037008987 390 0
1993 5 19.0490425795424 6.57015792470752 461.6 58.7078171600997 390 0
1993 6 23.1452593468264 10.7678524875587 512.7 100.468431101715 390 0
1993 7 26.9225019279965 14.864103756304 503.7 90.9609654719237 390 0
1993 8 26.1350537455189 14.0113256581887 439.3 84.3484369348133 390 0
1993 9 19.4402578141305 9.09127139064407 346.6 110.700429745274 390 0
1993 10 12.2482081224884 1.59522546074914 255.1 82.6889858053264 390 0
1993 11 6.58154866189075 -2.88876042835133 163.1 79.9150303623543 390 0
1993 12 -0.590832702743921 -9.33539401884303 125 60.311082239028 390 0
1994 1 -8.04936021860247 -21.08435022058 143.5 86.2528953999631 390 0
1994 2 -4.09251119665093 -16.2962170510186 209.8 33.8589573577175 390 0
1994 3 2.87709544699777 -6.91998886297279 301.6 89.5648972203769 390 0
1994 4 12.2608098624995 0.151043165045994 391.2 96.509609189522 390 0
1994 5 17.9604294762175 5.06616033259116 461.6 101.72063016516 390 0
1994 6 25.1431650325362 12.9876147039219 512.7 103.518950412907 390 0
1994 7 27.1506686631962 15.7948099641037 503.7 110.578243968815 390 0
1994 8 24.0299103601572 12.3554202700167 439.3 125.96315413219 390 0
1994 9 19.4066460471753 9.03249381810666 346.6 83.4651553375287 390 0
1994 10 14.6292504576364 3.20890680795474 255.1 20.4831971933867 390 0
1994 11 9.49723162827995 -0.771051914585638 163.1 77.4165957913726 390 0
1994 12 2.31723563776525 -6.96355570195047 125 54.3410690817136 390 0
1995 1 0.736280872746991 -7.75206483795134 143.5 65.7222565839226 390 0
1995 2 -2.71838112561793 -13.8112988861812 209.8 47.6263260305519 390 0
1995 3 6.41572811380498 -4.58101616732126 301.6 52.0580578641686 390 0
1995 4 9.08122493181872 -1.94377507565095 391.2 55.5783770283059 390 0
1995 5 18.1710029771593 5.8973949503275 461.6 55.728727288609 390 0
1995 6 26.6614816050565 11.863479909397 512.7 36.5887095727533 390 0
1995 7 28.1918013210327 15.8134566227359 503.7 115.74495378994 390 0
1995 8 26.1567098594848 13.5749496942078 439.3 115.21555621206 390 0
1995 9 19.564192254685 6.67209611517476 346.6 88.0044629411997 390 0
1995 10 16.6361986101571 5.85176117079209 255.1 188.704443783158 390 0
1995 11 4.75602136709478 -3.61994931034372 163.1 96.7693290448121 390 0
1995 12 -3.30881806160742 -11.2980022433491 125 68.4668184037524 390 0
1996 1 -2.90047564264536 -14.5199843353419 143.5 101.946991214543 390 0
1996 2 -1.74223320595129 -11.5810556413229 209.8 44.3558437162039 390 0
1996 3 3.35861315991552 -8.37527143595371 301.6 31.9778964528962 390 0
1996 4 10.9266861575899 -0.0713297001171808 391.2 143.437847502095 390 0
1996 5 17.7476540308354 5.51001804241466 461.6 134.19078330446 390 0
1996 6 23.6688657420069 12.7991658743376 512.7 108.436227167963 390 0
1996 7 24.9890356339248 14.0975982412782 503.7 170.535672789872 390 0
1996 8 25.4892907809654 13.6343743021215 439.3 62.8017015165699 390 0
1996 9 21.1258232117571 10.4823253796062 346.6 84.0762847962763 390 0
1996 10 13.2863284400832 2.72516688964153 255.1 108.761576686546 390 0
1996 11 4.11596365979065 -4.20837654017437 163.1 102.156890519871 390 0
1996 12 2.85171681807553 -3.56087294455526 125 114.753196140296 390 0
1997 1 -2.93752953463583 -13.6948783239911 143.5 60.8521532784438 390 0
1997 2 1.26169551087855 -10.0519857202539 209.8 55.2046709595034 390 0
1997 3 2.40429691551107 -8.75169195663827 301.6 84.2634651835623 390 0
1997 4 10.5693747876225 -1.62618287805516 391.2 62.9643654580689 390 0
1997 5 15.3500009991003 4.45413545822613 461.6 81.2346438357433 390 0
1997 6 25.3685097849238 11.6862962187145 512.7 62.8255944886734 390 0
1997 7 25.5732880139354 13.1073392820252 503.7 116.332077879212 390 0
1997 8 24.2478601339067 12.3949731893712 439.3 142.800077784018 390 0
1997 9 20.0406619017811 8.58998788586209 346.6 81.5996989726753 390 0
1997 10 13.4700443207273 1.67830329024185 255.1 54.8288612365723 390 0
1997 11 5.29768046809593 -3.53855463901365 163.1 116.43130184853 390 0
1997 12 0.317281347762022 -8.50663627262186 125 60.81295293802 390 0
1998 1 -0.574379884290737 -10.1605557397141 143.5 142.215896048661 390 0
1998 2 2.32660515955664 -8.07843102610931 209.8 54.8324637448788 390 0
1998 3 5.51706369699423 -4.69408664676522 301.6 95.1308654637111 390 0
1998 4 14.3103536236475 0.846813987977608 391.2 56.2767874887889 390 0
1998 5 22.9750569504075 9.33151565452929 461.6 63.3663190046329 390 0
1998 6 23.0821454085782 13.1533798121837 512.7 208.376264670774 390 0
1998 7 25.7896080545907 14.5810093933691 503.7 143.667208014739 390 0
1998 8 25.3848406397778 13.9702031946597 439.3 124.079026297024 390 0
1998 9 21.4326021077242 9.75757595439838 346.6 112.369601143436 390 0
1998 10 13.8709887862664 4.54513871969693 255.1 67.8569662323832 390 0
1998 11 6.38376018290972 -0.542898100200546 163.1 58.503928344373 390 0
1998 12 4.86451166795632 -5.58742419009993 125 32.1214697410179 390 0
1999 1 -2.12635337354784 -13.3660345433461 143.5 115.249971436887 390 0
1999 2 1.39474124671466 -10.2600054899016 209.8 26.5337527559327 390 0
1999 3 3.91577466293946 -6.07897039254094 301.6 84.2464818007193 390 0
1999 4 12.5777785045845 -0.167233290902295 391.2 21.3248256790302 390 0
1999 5 21.4590444278715 7.56572052798092 461.6 72.5864382519886 390 0
1999 6 26.8797873922461 13.7571114877778 512.7 58.1553147012261 390 0
1999 7 27.9645090716768 15.6513645604723 503.7 94.2620009728477 390 0
1999 8 25.0739297266676 12.8946229948146 439.3 55.8108250133724 390 0
1999 9 23.0473364418554 11.2622282321812 346.6 207.590975625118 390 0
1999 10 13.0097486012457 1.47961458912936 255.1 98.8653194801645 390 0
1999 11 10.1825423883851 0.634132972256668 163.1 72.222703941344 390 0
1999 12 1.52664588411544 -6.74977730931993 125 41.2543670919478 390 0
2000 1 -3.28459181222551 -14.086195911324 143.5 81.8471921022401 390 0
2000 2 0.296331474106752 -11.6827448283658 209.8 83.2590032274807 390 0
2000 3 7.79628283758621 -3.58762703990168 301.6 63.3721330355526 390 0
2000 4 10.3584088546231 0.442493450034435 391.2 147.170772533786 390 0
2000 5 18.53805299287 7.31853048261955 461.6 143.918438945656 390 0
2000 6 22.403051553454 11.3231347894232 512.7 84.8919593157671 390 0
2000 7 24.3251899095674 12.9102170844672 503.7 110.350075210934 390 0
2000 8 24.2130551825702 13.2186194259809 439.3 96.5317594083469 390 0
2000 9 20.0297987141452 8.19725630547517 346.6 63.2638443711119 390 0
2000 10 14.3250656912141 2.97129077692737 255.1 63.9402535367031 390 0
2000 11 6.05011243976765 -1.25327871610233 163.1 75.8469342401412 390 0
2000 12 -2.55445016772803 -12.7650110414135 125 112.720320343394 390 0
2001 1 -1.87478959266772 -12.2904408149889 143.5 37.7617820306984 390 0
2001 2 -0.395753972723907 -12.1236173544445 209.8 62.0704447117581 390 0
2001 3 1.82004555925824 -7.98551181356191 301.6 136.837133974135 390 0
2001 4 11.7915877141822 -0.705384332324854 391.2 18.9187950439858 390 0
2001 5 20.9208670015351 7.5047593047265 461.6 62.6976620212067 390 0
2001 6 24.7844386700815 12.4669339195923 512.7 101.00703379426 390 0
2001 7 24.8768471799525 13.124846801354 503.7 73.4738025217106 390 0
2001 8 28.0700794485112 14.6971913364693 439.3 63.4969262852694 390 0
2001 9 21.8161652005098 9.41363388735711 346.6 90.3172507770408 390 0
2001 10 16.1093298806424 4.30383783184216 255.1 49.0814831627128 390 0
2001 11 9.61685169598821 -0.0969058526351332 163.1 61.5665956703291 390 0
2001 12 4.20650066242146 -4.28623537971405 125 54.4888188037163 390 0
2002 1 1.37964343774178 -7.13683370061551 143.5 50.5155838808715 390 0
2002 2 2.50371206358713 -9.67148519620843 209.8 72.342991009618 390 0
2002 3 4.77461596151088 -5.48816489044476 301.6 79.1000120945471 390 0
2002 4 13.086418990142 1.59226972422187 391.2 107.745186945825 390 0
2002 5 16.8031146700248 4.94081400988334 461.6 107.149810630607 390 0
2002 6 23.1675659966514 11.2001481808525 512.7 177.059535207664 390 0
2002 7 26.6618164714279 14.6023355956992 503.7 81.6999416673087 390 0
2002 8 27.1427459965652 13.981177662752 439.3 41.7975965132579 390 0
2002 9 23.6577503954755 10.7012237539328 346.6 140.707395895923 390 0
2002 10 12.2697823160921 2.28777948328741 255.1 91.5636774068302 390 0
2002 11 5.39588453299464 -3.10820912197163 163.1 105.728207761186 390 0
2002 12 0.0604896785000187 -9.09668265926948 125 54.4867889451136 390 0
2003 1 -6.38579170614183 -16.9487196125985 143.5 45.0394806437575 390 0
2003 2 -3.2541403131715 -15.074993163889 209.8 39.5582963397308 390 0
2003 3 4.96509619964102 -7.88748316296445 301.6 64.6329275280658 390 0
2003 4 10.0511702697093 -1.1504691536916 391.2 72.3965351856136 390 0
2003 5 18.0823313546325 6.42040710010057 461.6 104.101834952902 390 0
2003 6 24.0126604758172 11.674361290701 512.7 80.869515863954 390 0
2003 7 26.2551522365799 14.807594656283 503.7 114.666243206924 390 0
2003 8 26.3101342156475 15.6186374392131 439.3 112.486879411722 390 0
2003 9 22.1175036374386 10.008286673253 346.6 98.8091815580513 390 0
2003 10 12.9044342119823 2.57518027802027 255.1 166.494203562393 390 0
2003 11 8.53116467678007 -1.24159951130205 163.1 119.255609264861 390 0
2003 12 0.280886209416046 -9.23794623252235 125 161.976729017761 390 0
2004 1 -8.23613021166848 -18.2010292547129 143.5 23.8472965650238 390 0
2004 2 -1.12687925675104 -14.1261355365491 209.8 26.90604006645 390 0
2004 3 6.01617161031847 -4.50966155013381 301.6 44.3410084821729 390 0
2004 4 11.8773198735223 0.233423984545219 391.2 73.8427774779898 390 0
2004 5 20.3682881437253 7.73767892346432 461.6 123.415394710166 390 0
2004 6 22.7975473803367 10.3351906373188 512.7 83.212891296394 390 0
2004 7 25.3313280128614 14.8296969580506 503.7 140.85742155664 390 0
2004 8 24.3562704706698 13.7031630799442 439.3 203.967965265583 390 0
2004 9 21.723535282445 9.97377154967446 346.6 70.2239688878997 390 0
2004 10 14.3392346739098 2.70380099236962 255.1 31.9739903262638 390 0
2004 11 7.56772931596965 -2.42192634983113 163.1 77.6549061777645 390 0
2004 12 0.0392031979926612 -9.91220840249093 125 104.982815234301 390 0
2005 1 -4.10950421596246 -14.927508256656 143.5 63.9940265796747 390 0
2005 2 0.32247915799738 -11.8446839854087 209.8 54.5420311401613 390 0
2005 3 2.76802827524492 -8.66855710371005 301.6 52.6785275787576 390 0
2005 4 14.1786665453009 1.05329186947503 391.2 117.98786968353 390 0
2005 5 16.3151478545288 5.11437138759589 461.6 53.9626905678529 390 0
2005 6 26.5544389207762 14.8321339208377 512.7 121.928995418828 390 0
2005 7 27.3746697068787 16.1858965568772 503.7 117.239795136303 390 0
2005 8 26.728060444291 15.2941297939837 439.3 90.0599294358975 390 0
2005 9 23.1372662572524 11.3716894301392 346.6 106.892623761644 390 0
2005 10 13.6907938412606 5.57984406676449 255.1 214.364904333666 390 0
2005 11 9.15290153681659 -1.03269742832006 163.1 118.401831612726 390 0
2005 12 -0.592598330343695 -8.79168076120219 125 77.4674822669193 390 0
2006 1 2.18189824725766 -7.35348947531682 143.5 96.9950503867482 390 0
2006 2 -0.592479198707967 -9.92834210004005 209.8 47.1457910903474 390 0
2006 3 4.33226041566679 -6.09193032573916 301.6 37.6565187136933 390 0
2006 4 13.6125016019729 1.00181485822766 391.2 81.9517565441466 390 0
2006 5 18.9346898817678 8.31126798048002 461.6 163.734666553176 390 0
2006 6 23.5292656983716 13.2568277019765 512.7 198.351291174714 390 0
2006 7 27.6133991756443 16.392552858 503.7 113.16340601979 390 0
2006 8 24.47133971282 13.0358658220302 439.3 107.761228940668 390 0
2006 9 20.1092040720823 9.49233768836437 346.6 74.1735569880193 390 0
2006 10 12.6157494565727 2.92780238574109 255.1 174.264832089499 390 0
2006 11 9.70990590482236 1.10684768722689 163.1 62.139703998039 390 0
2006 12 4.03854905468174 -4.17318860845003 125 101.384674960298 390 0
2007 1 -1.49339723460439 -11.5525887732349 143.5 77.3657671816044 390 0
2007 2 -5.10995098175078 -15.8765586002402 209.8 64.6986366960129 390 0
2007 3 3.23651311003323 -8.74019101380168 301.6 79.9210461145415 390 0
2007 4 9.81620049465231 0.19737359409396 391.2 114.816646537094 390 0
2007 5 19.7408688243589 6.03819234778399 461.6 62.5997965665688 390 0
2007 6 25.0769378642573 12.625004847932 512.7 76.8923417253581 390 0
2007 7 24.958422012536 13.8512165718843 503.7 152.84950425482 390 0
2007 8 25.6910854981987 13.241301490187 439.3 67.0874374758493 390 0
2007 9 22.7825264300364 9.85026564452059 346.6 82.5923415222399 390 0
2007 10 16.7487055506744 6.08654989129628 255.1 139.389059086942 390 0
2007 11 5.53856582761769 -3.12990683134654 163.1 116.820617629814 390 0
2007 12 -0.861792982569498 -9.26401365393999 125 109.986385158342 390 0
2008 1 0.0294758672940118 -10.0884306264831 143.5 57.391456543494 390 0
2008 2 -0.646378912713309 -11.1114370298993 209.8 119.665484914248 390 0
2008 3 2.63363809912806 -8.57970287649601 301.6 109.011936952459 390 0
2008 4 15.4459581583657 2.08627253260795 391.2 74.6854706192151 390 0
2008 5 18.0493435717024 4.52903946404533 461.6 38.5460149582415 390 0
2008 6 24.4960947998085 13.6395571022663 512.7 163.081693455954 390 0
2008 7 26.3269438532877 15.3324899790955 503.7 174.883893000776 390 0
2008 8 24.2967190090536 13.1628551477706 439.3 133.747031873241 390 0
2008 9 21.7035599502043 10.1011879836376 346.6 55.697581229084 390 0
2008 10 13.2084446761554 2.43915301750263 255.1 130.87763769003 390 0
2008 11 6.53659576525197 -1.4792825127697 163.1 56.4307721340314 390 0
2008 12 0.957282584752002 -9.4347039361252 125 113.969615703354 390 0
2009 1 -5.7947418816954 -16.4057692633435 143.5 59.5112021907502 390 0
2009 2 -0.147122949433718 -11.3096144101444 209.8 51.5401125357623 390 0
2009 3 5.44554555303914 -6.20478168408236 301.6 56.3905846537493 390 0
2009 4 13.4309265518402 0.966365147431058 391.2 56.4787091238208 390 0
2009 5 18.8472529629995 6.51200410020623 461.6 135.756874045797 390 0
2009 6 22.1438373628244 11.551827461515 512.7 107.359475562562 390 0
2009 7 24.3732013163867 14.0256021982603 503.7 159.533157377164 390 0
2009 8 25.6273957359633 14.7276767533432 439.3 98.4478541906333 390 0
2009 9 20.7067922045474 8.18215645071134 346.6 69.9153151400894 390 0
2009 10 11.1467839447175 2.47197350368477 255.1 99.6345971788883 390 0
2009 11 10.356657816466 0.037366777179888 163.1 93.1512955941053 390 0
2009 12 -0.765945561278757 -8.71418556778118 125 88.703459638657 390 0
2010 1 -2.00660688552751 -9.90840539340229 143.5 57.7240261215147 390 0
2010 2 -0.810694621554202 -8.09185405901734 209.8 67.2338165018656 390 0
2010 3 8.12673659132754 -2.40475396677758 301.6 87.8610074781102 390 0
2010 4 15.2714383027309 2.8403035712203 391.2 90.7450362450339 390 0
2010 5 21.7362462166743 7.75143520086041 461.6 53.5647327633394 390 0
2010 6 23.3218593201542 12.4346936346574 512.7 144.251091332953 390 0
2010 7 27.9829802604561 16.5093633341338 503.7 93.7527521766379 390 0
2010 8 25.8333778287036 14.1705177869451 439.3 113.35235035232 390 0
2010 9 21.5870770006091 10.8863830651703 346.6 83.2451302941271 390 0
2010 10 13.3955221415195 3.35602867417119 255.1 219.739043511204 390 0
2010 11 6.90354245635486 -1.80819706401273 163.1 70.3499867558526 390 0
2010 12 -1.72904489738625 -9.23254259751666 125 101.419844670355 390 0
2011 1 -3.55358598696049 -12.7052842403358 143.5 53.8208306706073 390 0
2011 2 -1.53902014522533 -13.2139876191919 209.8 82.2238318584944 390 0
2011 3 3.35159062257122 -7.07179193855523 301.6 114.160710836748 390 0
2011 4 11.8570767339137 1.22343177399809 391.2 174.848226582628 390 0
2011 5 19.7530599992205 9.13391609944602 461.6 198.615085750089 390 0
2011 6 23.810686356422 12.4297175293384 512.7 109.786456937221 390 0
2011 7 27.9538215565245 15.5099809106713 503.7 78.3036008967231 390 0
2011 8 25.9278387325452 14.7000686779822 439.3 232.663902486237 390 0
2011 9 22.3054434006737 11.9365518283366 346.6 140.18310794692 390 0
2011 10 14.4306078223048 5.111888310954 255.1 100.037719060043 390 0
2011 11 10.9027275131228 0.454279578529472 163.1 44.8988068561032 390 0
2011 12 3.01668057529338 -5.9886674067942 125 75.5199294804838 390 0
2012 1 -0.30981061421473 -10.0716473178068 143.5 63.069179634375 390 0
2012 2 2.025140487915 -8.02685515840413 209.8 32.6639888576311 390 0
2012 3 10.6010902115332 -1.23218653194209 301.6 43.6121053950082 390 0
2012 4 12.5287476305607 1.06563709010617 391.2 84.0315392574465 390 0
2012 5 21.5964976921911 9.39694787407195 461.6 124.370563059458 390 0
2012 6 24.2431863479625 12.3542834734596 512.7 87.1108666205742 390 0
2012 7 27.9745236943578 14.9550292294622 503.7 89.5939667444762 390 0
2012 8 27.3511152493922 14.6198093807284 439.3 77.0165483760717 390 0
2012 9 21.4982129649123 9.09391697541886 346.6 139.913500845684 390 0
2012 10 15.3172720991403 5.7596288738157 255.1 134.362918134695 390 0
2012 11 6.49999059321485 -3.2548321665189 163.1 35.1243959835866 390 0
2012 12 1.89672762013689 -5.72399602787471 125 118.321690479559 390 0
2013 1 -1.39773082924478 -12.0071743996811 143.5 33.1115338927013 390 0
2013 2 -1.09799859966995 -10.3192585596474 209.8 41.631486001735 390 0
2013 3 3.62095507918337 -5.05852430421266 301.6 61.9922894619371 390 0
2013 4 11.7233275845899 -0.0966726847582936 391.2 58.8242081387015 390 0
2013 5 20.8329958528855 7.48779710908901 461.6 157.432186862576 390 0
2013 6 23.3885568781204 12.3701808092648 512.7 205.750845529278 390 0
2013 7 27.3387001944176 16.5852581125158 503.7 155.813866629303 390 0
2013 8 24.8575172927773 13.5565441846971 439.3 75.1794075448258 390 0
2013 9 20.1559053376976 8.9853412664561 346.6 107.974720042512 390 0
2013 10 15.4540449954148 4.50420377455492 255.1 56.4772734256957 390 0
2013 11 6.10201825487659 -3.62250281032974 163.1 94.4683621313254 390 0
2013 12 -0.93995390067138 -9.53590596130105 125 80.0739772042061 390 0
2014 1 -4.525061 -12.886426 143.5 38.5234148 399 0
2014 2 4.212793 -5.7984204 209.8 66.096686025 399.92 0
2014 3 4.5316253 -6.111382 301.6 94.522007 400.9 0
2014 4 14.177263 1.9683251 391.2 68.917674 402.36 0
2014 5 22.906582 9.450263 461.6 86.6813072 402.9 0
2014 6 23.817284 11.699023 512.7 119.848131 402.35 0
2014 7 27.300764 13.813799 503.7 90.5673556 400.83 0
2014 8 25.845404 14.128388 439.3 146.06177 398.24 0
2014 9 21.850224 9.9282465 346.6 81.876711 397.24 0
2014 10 13.462937 3.3439872 255.1 93.8136353 397.1 0
2014 11 7.12489 -2.815409 163.1 60.12573 398.53 0
2014 12 3.2189107 -5.2022786 125 71.698164 399.74 0
2015 1 -1.5451043 -10.654096 143.5 38.6838863 401.63 0
2015 2 0.7131971 -10.563648 209.8 62.377469 402.55 0
2015 3 5.391272 -5.082739 301.6 70.4403328 403.53 0
2015 4 10.282846 -0.38927788 391.2 70.025295 404.99 0
2015 5 23.565079 8.457833 461.6 46.8173687 405.53 0
2015 6 26.914787 13.235861 512.7 93.53424 404.98 0
2015 7 29.307716 15.7542 503.7 80.6269452 403.46 0
2015 8 26.675667 13.400836 439.3 133.4787925 400.87 0
2015 9 20.441545 8.148459 346.6 80.009922 399.87 0
2015 10 16.800371 3.7499084 255.1 61.3119302 399.73 0
2015 11 6.2242527 -2.6364677 163.1 78.123579 401.16 0
2015 12 0.8847484 -7.465024 125 44.7132747 402.37 0
2016 1 -1.347489 -11.050702 143.5 69.100054 404.33 0
2016 2 0.47450468 -11.470928 209.8 50.51049715 405.25 0
2016 3 11.210212 0.07950157 301.6 46.7010939 406.23 0
2016 4 16.278128 2.7476118 391.2 19.5594852 407.69 0
2016 5 19.503765 5.3246064 461.6 60.1567431 408.23 0
2016 6 24.148226 12.44746 512.7 132.233478 407.68 0
2016 7 27.531244 15.64527 503.7 134.149865 406.16 0
2016 8 27.306166 14.121996 439.3 129.5331807 403.57 0
2016 9 24.754591 13.662928 346.6 127.82085 402.57 0
2016 10 15.826802 4.0426617 255.1 82.9252728 402.43 0
2016 11 10.895242 0.84208137 163.1 53.09799 403.86 0
2016 12 3.6315114 -4.9577427 125 29.7480712 405.07 0
2017 1 -0.7107948 -10.427675 143.5 61.292549 407.1 0
2017 2 -0.10803787 -11.080094 209.8 21.650050245 408.02 0
2017 3 5.1552505 -6.406638 301.6 82.7127678 409 0
2017 4 9.7291 -0.30916443 391.2 92.708136 410.46 0
2017 5 23.808071 9.903893 461.6 102.2221652 411 0
2017 6 28.015734 12.909914 512.7 62.750274 410.45 0
2017 7 28.962448 16.940641 503.7 106.7460045 408.93 0
2017 8 28.416813 17.02544 439.3 149.7904996 406.34 0
2017 9 23.624657 10.585583 346.6 56.461776 405.34 0
2017 10 20.205385 5.6127596 255.1 47.4017094 405.2 0
2017 11 7.336124 -1.544167 163.1 53.773575 406.63 0
2017 12 0.11508985 -10.61511 125 97.049282 407.84 0
2018 1 -1.049384 -10.191118 143.5 131.98312 409.93 0
2018 2 -1.5732101 -13.223986 209.8 74.5751071 410.85 0
2018 3 7.0018616 -4.9264884 301.6 77.3437755 411.83 0
2018 4 11.391952 0.82929796 391.2 68.455869 413.29 0
2018 5 19.092533 6.971927 461.6 147.9121135 413.83 0
2018 6 27.235695 13.490421 512.7 51.375141 413.28 0
2018 7 31.552925 15.796614 503.7 50.5503422 411.76 0
2018 8 28.317177 13.354012 439.3 63.5421136 409.17 0
2018 9 23.176165 10.832132 346.6 123.95016 408.17 0
2018 10 16.619623 2.9911952 255.1 34.4047269 408.03 0
2018 11 6.045483 -2.8367808 163.1 85.80621 409.46 0
2018 12 4.1263456 -5.096078 125 117.336829 410.67 0
2019 1 -4.875985 -15.887866 143.5 47.6295563 412.82 0
2019 2 -3.8598027 -14.435668 209.8 32.596869875 413.74 0
2019 3 4.639889 -6.4871564 301.6 100.352642 414.72 0
2019 4 14.526365 1.4489322 391.2 19.426035 416.18 0
2019 5 25.177275 11.049441 461.6 63.0273307 416.72 0
2019 6 25.856087 13.723273 512.7 95.91489 416.17 0
2019 7 27.820549 16.376692 503.7 170.949903 414.65 0
2019 8 26.767538 14.33469 439.3 115.72114 412.06 0
2019 9 25.103878 13.776971 346.6 111.232494 411.06 0
2019 10 15.404985 3.7672887 255.1 72.9032704 410.92 0
2019 11 11.435506 2.6339123 163.1 99.88122 412.35 0
2019 12 1.4629713 -7.9646025 125 129.3116144 413.56 0
2020 1 0.8023247 -8.739949 143.5 65.269942 415.78 0
2020 2 3.916483 -7.7531657 209.8 64.1958763 416.7 0
2020 3 8.579479 -2.8921714 301.6 82.7997941 417.68 0
2020 4 14.846154 1.540021 391.2 53.978994 419.14 0
2020 5 22.033989 8.632252 461.6 132.8872784 419.68 0
2020 6 26.878883 12.633222 512.7 64.457481 419.13 0
2020 7 30.138643 16.879108 503.7 100.864979 417.61 0
2020 8 28.602707 16.788322 439.3 96.9998773 415.02 0
2020 9 21.991411 10.719234 346.6 164.47815 414.02 0
2020 10 14.58102 3.922173 255.1 122.2945753 413.88 0
2020 11 9.47323 0.62017727 163.1 114.04818 415.31 0
2020 12 5.161844 -4.0014744 125 122.2008375 416.52 0
2021 1 0.7132262 -7.5065813 143.5 47.1415946 418.8 0
2021 2 1.1504655 -9.651893 209.8 69.765626525 419.72 0
2021 3 7.7441106 -3.690396 301.6 30.64967334 420.7 0
2021 4 12.290828 0.6939048 391.2 72.907032 422.16 0
2021 5 19.550331 7.444276 461.6 85.814975 422.7 0
2021 6 25.094095 12.189568 512.7 110.173638 422.15 0
2021 7 28.583485 15.881462 503.7 107.7263857 420.63 0
2021 8 28.400812 17.082167 439.3 124.4082173 418.04 0
2021 9 24.261919 11.977955 346.6 106.332594 417.04 0
2021 10 15.094418 4.5045366 255.1 86.893899 416.9 0
2021 11 11.49851 1.3733745 163.1 87.52233 418.33 0
2021 12 2.80179 -7.1153936 125 32.4210989 419.54 0
2022 1 -3.4380436 -17.070272 143.5 132.9184396 421.86 0
2022 2 -0.5047609 -12.639142 209.8 63.601465225 422.78 0
2022 3 6.929533 -4.6208253 301.6 52.7070401 423.76 0
2022 4 12.075945 -0.073296234 391.2 81.417711 425.22 0
2022 5 23.852472 8.28346 461.6 31.81499 425.76 0
2022 6 24.419333 12.076419 512.7 216.509601 425.21 0
2022 7 27.238419 14.440077 503.7 109.695267 423.69 0
2022 8 27.197887 14.693997 439.3 122.4239321 421.1 0
2022 9 22.563856 10.56578 346.6 115.364865 420.1 0
2022 10 12.865558 1.4701586 255.1 89.412091 419.96 0
2022 11 7.3336716 -1.7201523 163.1 77.722872 421.39 0
2022 12 0.73572725 -7.357265 125 189.3454673 422.6 0
2023 1 -3.9850578 -11.706482 143.5 96.7927074 424.99 0
2023 2 -1.2078136 -12.322405 209.8 56.021221825 425.91 0
2023 3 2.602308 -8.693058 301.6 71.0308921 426.89 0
2023 4 18.387999 3.8617682 391.2 65.429169 428.35 0
2023 5 19.261713 7.952056 461.6 116.0654167 428.89 0
2023 6 26.105247 12.215878 512.7 49.325592 428.34 0
2023 7 29.065187 15.774225 503.7 84.755054 426.82 0
2023 8 26.696415 14.832882 439.3 149.933484 424.23 0
2023 9 21.859737 10.041887 346.6 58.862499 423.23 0
2023 10 11.921446 2.0178332 255.1 110.9552961 423.09 0
2023 11 4.0131564 -2.9939954 163.1 130.880469 424.52 0
2023 12 0.7414378 -6.3780007 125 125.4457625 425.73 0
2024 1 -0.4969459 -10.784902 143.5 81.74545 428.2 0
2024 2 -0.91786164 -11.930108 209.8 66.16612735 429.12 0
2024 3 1.5433905 -9.510672 301.6 85.1671184 430.1 0
2024 4 14.548814 2.209269 391.2 31.682682 431.56 0
2024 5 19.053337 5.8762717 461.6 108.1315526 432.1 0
2024 6 26.855982 12.678714 512.7 52.879821 431.55 0
2024 7 31.760715 16.206797 503.7 111.3582527 430.03 0
2024 8 28.186226 15.25827 439.3 124.8379734 427.44 0
2024 9 23.657831 13.31874 346.6 128.54223 426.44 0
2024 10 17.671473 7.291677 255.1 83.5043342 426.3 0
2024 11 11.135109 1.6433843 163.1 120.023961 427.73 0
2024 12 4.5096974 -4.821237 125 143.5092796 428.94 0
2025 1 -0.23670748 -11.851621 143.5 58.7575333 431.47 0
2025 2 -0.31418416 -9.220859 209.8 55.846009675 432.39 0
2025 3 4.2952147 -6.087117 301.6 85.1272276 433.37 0
2025 4 9.935915 -1.2739238 391.2 57.202314 434.83 0
2025 5 21.54542 8.148251 461.6 64.66352 435.37 0
2025 6 26.911352 10.836663 512.7 41.837655 434.82 0
2025 7 29.062918 16.745401 503.7 101.0841397 433.3 0
2025 8 27.781939 14.126237 439.3 71.2684172 430.71 0
2025 9 21.747538 9.758604 346.6 105.687762 429.71 0
2025 10 16.931469 4.2923574 255.1 100.054019 429.57 0
2025 11 8.674783 -1.8819962 163.1 96.328641 431 0
2025 12 3.4435601 -5.4741054 125 49.9493514 432.21 0
2026 1 -3.1436663 -13.128816 143.5 165.8750976 434.83 0
2026 2 -1.2317076 -10.01798 209.8 65.0672984 435.75 0
2026 3 3.3836863 -6.2432566 301.6 74.3368189 436.73 0
2026 4 15.41761 3.6811674 391.2 70.68423 438.19 0
2026 5 22.938778 8.255221 461.6 38.6497367 438.73 0
2026 6 26.359974 12.387794 512.7 64.017849 438.18 0
2026 7 27.326462 15.481662 503.7 117.4656464 436.66 0
2026 8 28.696815 17.057426 439.3 94.887249 434.07 0
2026 9 22.876175 11.2307625 346.6 82.268106 433.07 0
2026 10 15.404485 4.1602817 255.1 105.4856437 432.93 0
2026 11 7.594403 -1.8227406 163.1 66.22233 434.36 0
2026 12 5.255548 -3.366521 125 119.5239286 435.57 0
2027 1 -0.1848868 -10.217978 143.5 71.753127 438.24 0
2027 2 -0.72032297 -12.160893 209.8 48.28561755 439.16 0
2027 3 5.0463347 -4.927499 301.6 38.8378354 440.14 0
2027 4 13.564772 1.6883134 391.2 94.05807 441.6 0
2027 5 20.818546 7.753678 461.6 51.4549966 442.14 0
2027 6 26.263834 13.177135 512.7 125.996202 441.59 0
2027 7 28.98085 15.419845 503.7 111.255683 440.07 0
2027 8 26.326614 13.957182 439.3 140.111537 437.48 0
2027 9 24.58866 9.813757 346.6 70.03098 436.48 0
2027 10 15.869856 4.5372944 255.1 96.4077432 436.34 0
2027 11 7.922781 -1.4994837 163.1 75.49338 437.77 0
2027 12 7.068577 -2.9571397 125 110.8065395 438.98 0
2028 1 -0.43005168 -10.900913 143.5 28.6017594 441.72 0
2028 2 1.5857275 -9.256376 209.8 74.451386225 442.64 0
2028 3 6.654292 -4.2065396 301.6 80.735439 443.62 0
2028 4 12.527802 2.1194112 391.2 131.740209 445.08 0
2028 5 20.319029 7.284579 461.6 67.7170603 445.62 0
2028 6 27.462673 13.83561 512.7 127.41723 445.07 0
2028 7 29.06919 17.930574 503.7 137.2717386 443.55 0
2028 8 26.63756 14.611824 439.3 181.796896 440.96 0
2028 9 22.686964 10.106873 346.6 75.0543 439.96 0
2028 10 15.392445 3.8976552 255.1 74.530696 439.82 0
2028 11 7.5780416 -0.5748885 163.1 111.443796 441.25 0
2028 12 -0.44833767 -11.593153 125 97.3559526 442.46 0
2029 1 -6.5480103 -17.420294 143.5 59.2531427 445.25 0
2029 2 -1.5218675 -12.227896 209.8 59.50629155 446.17 0
2029 3 5.6424384 -5.4252286 301.6 65.2398627 447.15 0
2029 4 12.093976 0.319319 391.2 24.209001 448.61 0
2029 5 24.670656 8.7260065 461.6 40.6483067 449.15 0
2029 6 26.906158 13.69156 512.7 93.703452 448.6 0
2029 7 29.435608 17.268312 503.7 129.075506 447.08 0
2029 8 26.94442 13.755138 439.3 97.3812827 444.49 0
2029 9 20.957653 9.746599 346.6 182.98014 443.49 0
2029 10 14.183566 3.3782074 255.1 101.2694608 443.35 0
2029 11 12.002777 2.4002488 163.1 137.404662 444.78 0
2029 12 -1.1503887 -7.988213 125 55.0456429 445.99 0
2030 1 2.40305 -7.2007604 143.5 83.9958113 448.83 0
2030 2 1.9672337 -7.609866 209.8 121.79640025 449.75 0
2030 3 10.440782 -0.17560792 301.6 63.4134047 450.73 0
2030 4 14.750069 1.3067635 391.2 80.210823 452.19 0
2030 5 20.587929 7.394026 461.6 62.4777162 452.73 0
2030 6 27.997978 13.132827 512.7 57.069849 452.18 0
2030 7 31.485664 17.316837 503.7 102.8294645 450.66 0
2030 8 27.206423 14.7735 439.3 157.5655693 448.07 0
2030 9 21.257061 10.102698 346.6 97.84446 447.07 0
2030 10 17.050608 4.6907697 255.1 55.6874049 446.93 0
2030 11 11.597387 1.9302847 163.1 98.1306 448.36 0
2030 12 4.1013947 -3.8823433 125 92.0809554 449.57 0
2031 1 3.1318147 -7.3165326 143.5 177.530428 452.47 0
2031 2 -0.85946894 -12.580677 209.8 64.90239185 453.39 0
2031 3 9.105306 -2.7315018 301.6 68.8505257 454.37 0
2031 4 16.747152 2.6411128 391.2 26.4396198 455.83 0
2031 5 24.419243 10.66649 461.6 126.9019627 456.37 0
2031 6 26.01391 13.660958 512.7 131.182965 455.82 0
2031 7 29.675932 15.617721 503.7 77.8609082 454.3 0
2031 8 27.815426 14.269719 439.3 81.8761522 451.71 0
2031 9 21.891497 11.1320505 346.6 145.77459 450.71 0
2031 10 15.451933 3.7707388 255.1 39.9864412 450.57 0
2031 11 9.527131 -0.95023733 163.1 97.98339 452 0
2031 12 2.3398345 -6.087982 125 177.9339767 453.21 0
2032 1 -3.806132 -17.593006 143.5 90.6352208 456.18 0
2032 2 0.37417093 -11.119111 209.8 125.110625275 457.1 0
2032 3 8.755157 -3.5173688 301.6 29.68175104 458.08 0
2032 4 10.671274 -0.115660295 391.2 86.934285 459.54 0
2032 5 25.304625 10.646558 461.6 67.498129 460.08 0
2032 6 26.000845 12.311364 512.7 76.42632 459.53 0
2032 7 27.688578 15.947047 503.7 109.8763783 458.01 0
2032 8 26.52214 13.242651 439.3 147.236825 455.42 0
2032 9 20.692451 6.542947 346.6 52.261803 454.42 0
2032 10 15.309551 3.474959 255.1 40.4222485 454.28 0
2032 11 12.0166025 2.105309 163.1 102.280368 455.71 0
2032 12 2.3135085 -5.4626126 125 154.48788 456.92 0
2033 1 -2.9485059 -13.484088 143.5 48.8224084 459.96 0
2033 2 2.38875 -8.72054 209.8 30.846138275 460.88 0
2033 3 8.819034 -2.5548854 301.6 78.7481592 461.86 0
2033 4 15.848252 3.004893 391.2 63.82821 463.32 0
2033 5 20.066738 6.2527075 461.6 95.3145065 463.86 0
2033 6 26.0457 12.803043 512.7 125.232339 463.31 0
2033 7 29.379982 16.301203 503.7 136.357437 461.79 0
2033 8 27.320395 14.622771 439.3 95.8001835 459.2 0
2033 9 22.012587 9.366189 346.6 93.56223 458.2 0
2033 10 15.252429 4.4248533 255.1 104.2032202 458.06 0
2033 11 9.327861 1.1906773 163.1 101.954934 459.49 0
2033 12 3.8900208 -4.531015 125 149.309826 460.7 0
2034 1 0.9418902 -8.800232 143.5 89.1670856 463.85 0
2034 2 1.4820061 -8.759061 209.8 63.601018875 464.77 0
2034 3 9.932658 -0.55243224 301.6 75.3825357 465.75 0
2034 4 15.339308 3.831349 391.2 110.71608 467.21 0
2034 5 22.52213 7.066894 461.6 55.397341 467.75 0
2034 6 27.271305 13.444791 512.7 119.479008 467.2 0
2034 7 28.400951 14.260347 503.7 85.8387861 465.68 0
2034 8 26.439383 13.943801 439.3 142.352031 463.09 0
2034 9 22.795633 10.179312 346.6 57.5874 462.09 0
2034 10 16.838762 4.99664 255.1 53.0929994 461.95 0
2034 11 5.8286257 -2.5066016 163.1 84.879369 463.38 0
2034 12 -3.0156076 -11.183887 125 28.6136882 464.59 0
2035 1 -1.8926127 -10.99674 143.5 61.3004168 467.85 0
2035 2 0.17230728 -10.612851 209.8 59.82227345 468.77 0
2035 3 7.773807 -3.7822123 301.6 95.7360507 469.75 0
2035 4 15.513434 2.5534856 391.2 58.921512 471.21 0
2035 5 19.239567 6.115855 461.6 65.6241573 471.75 0
2035 6 28.953197 15.705735 512.7 96.407691 471.2 0
2035 7 31.074635 17.823713 503.7 93.583823 469.68 0
2035 8 28.2957 17.193151 439.3 156.1798817 467.09 0
2035 9 23.622873 10.118774 346.6 75.349674 466.09 0
2035 10 17.398478 4.4466634 255.1 49.1810691 465.95 0
2035 11 10.236014 2.2035124 163.1 93.232362 467.38 0
2035 12 -0.27260435 -10.50492 125 34.490383 468.59 0
2036 1 1.2969211 -9.683177 143.5 80.8637728 471.96 0
2036 2 4.7774944 -5.868121 209.8 53.904969125 472.88 0
2036 3 6.4376264 -5.0753417 301.6 35.538524 473.86 0
2036 4 15.311667 3.0556622 391.2 50.911116 475.32 0
2036 5 19.471672 6.793354 461.6 111.5302345 475.86 0
2036 6 25.00316 12.529082 512.7 197.58768 475.31 0
2036 7 28.379549 15.020771 503.7 112.1975808 473.79 0
2036 8 26.547438 13.774197 439.3 100.211623 471.2 0
2036 9 22.964266 10.342351 346.6 59.610129 470.2 0
2036 10 17.095703 4.983209 255.1 36.7344947 470.06 0
2036 11 9.117947 -1.252054 163.1 33.607965 471.49 0
2036 12 1.8029501 -7.307724 125 29.3654599 472.7 0
2037 1 -2.4914112 -10.578331 143.5 121.0338828 476.18 0
2037 2 -0.054935604 -11.012813 209.8 54.71668485 477.1 0
2037 3 5.207136 -6.3986754 301.6 45.8511421 478.08 0
2037 4 16.859684 5.358884 391.2 93.842424 479.54 0
2037 5 23.890675 9.147153 461.6 35.1624289 480.08 0
2037 6 27.890554 12.740495 512.7 60.391317 479.53 0
2037 7 32.676815 16.613499 503.7 133.2821626 478.01 0
2037 8 27.759602 14.387713 439.3 153.1313975 475.42 0
2037 9 20.63025 7.1275334 346.6 135.557841 474.42 0
2037 10 17.771198 6.239672 255.1 118.69342 474.28 0
2037 11 6.1850867 -2.5098763 163.1 104.341644 475.71 0
2037 12 2.619967 -5.44473 125 70.2733544 476.92 0
2038 1 3.0574508 -5.974344 143.5 73.5382806 480.51 0
2038 2 4.0808144 -5.429475 209.8 52.2840265 481.43 0
2038 3 8.799174 -3.1816354 301.6 77.0764098 482.41 0
2038 4 10.647842 -0.2708757 391.2 164.934555 483.87 0
2038 5 19.549492 8.478806 461.6 97.0004756 484.41 0
2038 6 25.348633 11.74773 512.7 47.803104 483.86 0
2038 7 28.323761 15.491992 503.7 105.1212387 482.34 0
2038 8 27.939413 15.214624 439.3 87.2448314 479.75 0
2038 9 20.989109 9.129043 346.6 95.513685 478.75 0
2038 10 16.522688 5.7962255 255.1 81.8147412 478.61 0
2038 11 11.1399765 1.6716846 163.1 100.760592 480.04 0
2038 12 3.8286963 -5.753414 125 128.865512 481.25 0
2039 1 -2.2574756 -11.323781 143.5 57.3312543 484.93 0
2039 2 5.497952 -5.8364463 209.8 118.38374375 485.85 0
2039 3 6.2605968 -4.717734 301.6 35.5400523 486.83 0
2039 4 14.363251 1.1111937 391.2 23.352024 488.29 0
2039 5 23.494955 9.670591 461.6 128.318269 488.83 0
2039 6 27.122799 13.006257 512.7 64.688724 488.28 0
2039 7 28.987118 17.175253 503.7 129.6370834 486.76 0
2039 8 27.070404 15.025936 439.3 167.6260923 484.17 0
2039 9 24.557222 11.302719 346.6 102.926766 483.17 0
2039 10 19.519203 7.5387616 255.1 97.474447 483.03 0
2039 11 11.249177 0.8253861 163.1 38.994963 484.46 0
2039 12 4.149974 -3.572981 125 33.8362303 485.67 0
2040 1 -3.9370463 -15.351402 143.5 53.1660912 489.44 0
2040 2 0.9298334 -11.215539 209.8 14.629824675 490.36 0
2040 3 7.1200266 -3.862201 301.6 70.4821735 491.34 0
2040 4 15.168283 2.5261602 391.2 61.607631 492.8 0
2040 5 21.852339 9.56566 461.6 118.600699 493.34 0
2040 6 26.539364 13.221814 512.7 101.240952 492.79 0
2040 7 30.00597 16.735493 503.7 60.4954894 491.27 0
2040 8 27.7514 16.378366 439.3 128.3266483 488.68 0
2040 9 23.5772 11.893453 346.6 110.588322 487.68 0
2040 10 15.562125 5.3582478 255.1 84.846814 487.54 0
2040 11 6.5420284 -2.2750344 163.1 55.064136 488.97 0
2040 12 5.6081896 -2.1703553 125 62.1217308 490.18 0
2041 1 0.46501508 -8.273753 143.5 43.4201314 494.03 0
2041 2 4.5310774 -6.519412 209.8 45.643940275 494.95 0
2041 3 6.289779 -4.5670033 301.6 84.3574573 495.93 0
2041 4 15.330203 2.722622 391.2 71.139909 497.39 0
2041 5 18.968014 6.5820637 461.6 63.1676646 497.93 0
2041 6 27.890217 14.363154 512.7 94.805073 497.38 0
2041 7 32.796047 15.929451 503.7 69.137409 495.86 0
2041 8 29.39546 14.066944 439.3 125.1043905 493.27 0
2041 9 20.862751 7.38654 346.6 139.747095 492.27 0
2041 10 21.547407 7.3362665 255.1 57.6521136 492.13 0
2041 11 11.028204 1.5124274 163.1 101.332992 493.56 0
2041 12 4.4056582 -4.247152 125 69.949299 494.77 0
2042 1 0.706174 -8.57348 143.5 120.4443775 498.73 0
2042 2 3.186834 -7.518002 209.8 19.48499002 499.65 0
2042 3 6.4594445 -4.160158 301.6 75.2800466 500.63 0
2042 4 15.071392 2.091591 391.2 28.495176 502.09 0
2042 5 22.437622 8.990161 461.6 78.5999482 502.63 0
2042 6 27.73716 13.502064 512.7 75.38454 502.08 0
2042 7 30.266918 17.427368 503.7 125.0894144 500.56 0
2042 8 28.391308 14.436681 439.3 83.3042664 497.97 0
2042 9 23.120213 11.292125 346.6 74.093271 496.97 0
2042 10 16.078924 6.1318727 255.1 142.6764925 496.83 0
2042 11 5.9035625 -1.5595006 163.1 111.404766 498.26 0
2042 12 4.85493 -3.0511746 125 45.269548 499.47 0
2043 1 0.711811 -9.163729 143.5 66.5871568 503.53 0
2043 2 3.6476839 -6.63564 209.8 76.07869075 504.45 0
2043 3 8.157998 -2.8637204 301.6 83.1502832 505.43 0
2043 4 14.954249 2.52005 391.2 58.140153 506.89 0
2043 5 20.808916 6.3950777 461.6 42.4244269 507.43 0
2043 6 29.04748 14.958659 512.7 114.464049 506.88 0
2043 7 29.997505 16.656021 503.7 114.6137921 505.36 0
2043 8 27.687693 14.241168 439.3 129.2152633 502.77 0
2043 9 21.637104 10.187107 346.6 83.507538 501.77 0
2043 10 18.484146 4.869769 255.1 49.1211027 501.63 0
2043 11 9.926844 1.1325619 163.1 131.353842 503.06 0
2043 12 6.437825 -1.9683788 125 55.7229991 504.27 0
2044 1 -4.2311053 -15.332352 143.5 93.2290156 508.43 0
2044 2 2.1828845 -9.4793215 209.8 59.214901275 509.35 0
2044 3 8.246987 -3.247987 301.6 49.5171835 510.33 0
2044 4 13.968162 1.9657698 391.2 66.354774 511.79 0
2044 5 21.907251 8.445769 461.6 76.4963068 512.33 0
2044 6 23.894873 13.807703 512.7 191.77968 511.78 0
2044 7 29.476927 16.381296 503.7 84.3691133 510.26 0
2044 8 27.458267 13.664393 439.3 120.6813043 507.67 0
2044 9 23.00462 9.834516 346.6 55.40319 506.67 0
2044 10 14.25563 3.4840825 255.1 84.8352541 506.53 0
2044 11 10.404288 0.87679625 163.1 104.44215 507.96 0
2044 12 5.067961 -3.5776424 125 99.5979377 509.17 0
2045 1 1.0673785 -8.850804 143.5 62.198648 513.46 0
2045 2 2.3547394 -8.9283285 209.8 15.987152425 514.38 0
2045 3 7.234944 -4.3362246 301.6 79.3770283 515.36 0
2045 4 13.105525 2.9625301 391.2 152.032185 516.82 0
2045 5 18.563276 6.6882358 461.6 177.396415 517.36 0
2045 6 25.078531 13.35446 512.7 174.45162 516.81 0
2045 7 29.82476 17.973196 503.7 147.5345676 515.29 0
2045 8 27.703438 16.20004 439.3 140.1610037 512.7 0
2045 9 22.988863 9.63804 346.6 48.194829 511.7 0
2045 10 18.400156 4.878472 255.1 53.7926043 511.56 0
2045 11 6.694544 -2.1741302 163.1 79.336245 512.99 0
2045 12 3.4973824 -5.6336346 125 42.8713353 514.2 0
2046 1 -3.5507457 -14.73758 143.5 52.6148802 518.61 0
2046 2 4.859346 -5.2721176 209.8 71.532121625 519.53 0
2046 3 6.4250207 -5.2237763 301.6 80.0369966 520.51 0
2046 4 13.426228 3.1053839 391.2 160.70382 521.97 0
2046 5 23.34507 9.153889 461.6 159.893133 522.51 0
2046 6 28.521126 14.845747 512.7 137.935122 521.96 0
2046 7 29.06083 16.55639 503.7 79.3904048 520.44 0
2046 8 30.70915 18.040604 439.3 128.196687 517.85 0
2046 9 24.056677 12.716415 346.6 126.06744 516.85 0
2046 10 15.941319 4.9074607 255.1 87.6308403 516.71 0
2046 11 8.027719 1.1679914 163.1 163.96134 518.14 0
2046 12 -0.887215 -11.887096 125 142.3917327 519.35 0
2047 1 -4.152822 -15.336003 143.5 135.7229445 523.9 0
2047 2 4.119005 -6.2122903 209.8 86.076837525 524.82 0
2047 3 8.090638 -3.862592 301.6 74.6873111 525.8 0
2047 4 16.533045 4.0939794 391.2 79.472724 527.26 0
2047 5 22.546463 8.00558 461.6 122.9453304 527.8 0
2047 6 24.27885 13.363297 512.7 192.25728 527.25 0
2047 7 30.367603 16.893164 503.7 89.247667 525.73 0
2047 8 28.497208 14.950611 439.3 94.058805 523.14 0
2047 9 24.931337 12.650817 346.6 95.50287 522.14 0
2047 10 15.606527 3.6837986 255.1 84.8593938 522 0
2047 11 9.48885 -0.635165 163.1 51.87972 523.43 0
2047 12 3.7966514 -4.33291 125 72.1437952 524.64 0
2048 1 2.3942323 -7.0742235 143.5 134.998242 529.32 0
2048 2 -0.40920353 -11.103984 209.8 37.79076515 530.24 0
2048 3 7.072588 -4.221381 301.6 73.82836 531.22 0
2048 4 16.368288 3.0825484 391.2 62.326776 532.68 0
2048 5 21.715878 7.4235997 461.6 101.9538943 533.22 0
2048 6 28.558578 14.745503 512.7 106.074894 532.67 0
2048 7 28.540241 15.836281 503.7 87.73713 531.15 0
2048 8 28.479107 15.576221 439.3 153.757179 528.56 0
2048 9 22.296888 10.139234 346.6 112.952271 527.56 0
2048 10 16.153433 4.781962 255.1 58.9697159 527.42 0
2048 11 11.392147 2.670568 163.1 102.515043 528.85 0
2048 12 5.3660045 -2.805317 125 115.8797205 530.06 0
2049 1 -3.445341 -14.61939 143.5 55.1723213 534.88 0
2049 2 2.9156365 -6.7787557 209.8 82.7436624 535.8 0
2049 3 5.9157357 -5.4704404 301.6 80.940721 536.78 0
2049 4 16.20291 3.42681 391.2 93.19542 538.24 0
2049 5 18.902985 6.1212435 461.6 116.6059203 538.78 0
2049 6 26.416567 12.547316 512.7 60.907524 538.23 0
2049 7 29.552946 18.338566 503.7 121.141521 536.71 0
2049 8 27.771349 15.395495 439.3 135.1148144 534.12 0
2049 9 22.393425 10.40525 346.6 66.567 533.12 0
2049 10 14.663014 3.5964675 255.1 124.7070945 532.98 0
2049 11 9.2601595 -0.14446628 163.1 123.106542 534.41 0
2049 12 4.485246 -4.4090185 125 165.789612 535.62 0
2050 1 2.918538 -6.2550745 143.5 93.8873316 540.54 0
2050 2 4.7539682 -6.2552586 209.8 17.236474775 541.46 0
2050 3 7.1443014 -3.8302424 301.6 97.37968 542.44 0
2050 4 16.845201 5.2943697 391.2 83.038974 543.9 0
2050 5 21.748123 5.1541595 461.6 47.5484479 544.44 0
2050 6 28.376726 14.553548 512.7 93.695898 543.89 0
2050 7 29.924767 17.359295 503.7 118.352327 542.37 0
2050 8 28.413773 16.100134 439.3 136.6677625 539.78 0
2050 9 21.95748 10.709936 346.6 60.50616 538.78 0
2050 10 17.661324 4.4191566 255.1 87.1893197 538.64 0
2050 11 8.318908 -0.19117369 163.1 61.477368 540.07 0
2050 12 3.0126314 -4.7454987 125 53.3599466 541.28 0
2051 1 -0.5033133 -10.953698 143.5 91.484534 546.32 0
2051 2 0.31374556 -10.36487 209.8 47.059886775 547.24 0
2051 3 6.5099225 -5.1513534 301.6 35.9099908 548.22 0
2051 4 16.92318 3.4090717 391.2 33.105522 549.68 0
2051 5 23.510925 10.115691 461.6 115.1744147 550.22 0
2051 6 26.075674 13.689631 512.7 110.832945 549.67 0
2051 7 30.272055 17.79099 503.7 109.3235553 548.15 0
2051 8 28.41959 17.346888 439.3 118.9110245 545.56 0
2051 9 22.443817 10.728185 346.6 79.481355 544.56 0
2051 10 18.578543 5.605496 255.1 64.1303014 544.42 0
2051 11 10.235006 -0.000693 163.1 63.18591 545.85 0
2051 12 2.7732542 -5.718477 125 35.3016065 547.06 0
2052 1 -3.6650813 -13.248263 143.5 53.7031817 552.21 0
2052 2 2.8394418 -7.274698 209.8 140.79905655 553.13 0
2052 3 6.7732716 -3.8583345 301.6 66.487033 554.11 0
2052 4 14.74185 1.0246809 391.2 20.510976 555.57 0
2052 5 23.906363 9.948991 461.6 73.6061613 556.11 0
2052 6 27.134792 13.901226 512.7 112.581138 555.56 0
2052 7 29.7579 16.43973 503.7 103.3209664 554.04 0
2052 8 27.209959 15.442675 439.3 100.4350028 551.45 0
2052 9 22.19245 9.69998 346.6 87.612549 550.45 0
2052 10 17.48244 6.1230454 255.1 99.8238223 550.31 0
2052 11 12.458877 2.214866 163.1 101.034336 551.74 0
2052 12 7.343913 -2.1444328 125 96.7382218 552.95 0
2053 1 -1.6570702 -14.612377 143.5 95.541535 558.21 0
2053 2 -0.774908 -11.794 209.8 73.8105604 559.13 0
2053 3 10.126169 -2.1332924 301.6 62.2837337 560.11 0
2053 4 15.978992 3.2795084 391.2 74.747208 561.57 0
2053 5 21.996822 7.800712 461.6 119.820332 562.11 0
2053 6 28.694555 14.625386 512.7 106.019991 561.56 0
2053 7 30.022032 16.515417 503.7 77.425631 560.04 0
2053 8 31.262838 16.370829 439.3 107.4894527 557.45 0
2053 9 24.942003 11.429947 346.6 83.451426 556.45 0
2053 10 16.738129 5.498657 255.1 53.3517192 556.31 0
2053 11 11.557393 2.9007006 163.1 99.047892 557.74 0
2053 12 3.188082 -4.7423024 125 95.9768649 558.95 0
2054 1 5.390539 -4.0946155 143.5 127.104681 564.31 0
2054 2 3.4867792 -7.399194 209.8 35.6892985 565.23 0
2054 3 10.755362 -1.7945883 301.6 81.176755 566.21 0
2054 4 14.976878 1.4667466 391.2 54.131739 567.67 0
2054 5 20.443958 8.046682 461.6 103.5248162 568.21 0
2054 6 28.023739 14.127996 512.7 100.48134 567.66 0
2054 7 30.442915 17.358128 503.7 106.018171 566.14 0
2054 8 28.039915 15.638249 439.3 143.2616237 563.55 0
2054 9 23.329475 12.6327715 346.6 129.01881 562.55 0
2054 10 18.122175 6.550689 255.1 71.5582827 562.41 0
2054 11 12.692328 2.2565434 163.1 119.618691 563.84 0
2054 12 -0.17743593 -8.619814 125 107.5809244 565.05 0
2055 1 -3.833419 -15.803474 143.5 54.7677496 570.52 0
2055 2 1.1617614 -9.967802 209.8 47.66940595 571.44 0
2055 3 7.8443193 -3.2848384 301.6 88.4460659 572.42 0
2055 4 16.200167 3.741588 391.2 133.95423 573.88 0
2055 5 23.216482 10.519288 461.6 61.1542394 574.42 0
2055 6 27.460924 13.568 512.7 51.766971 573.87 0
2055 7 31.066912 17.588116 503.7 82.7550146 572.35 0
2055 8 27.906013 16.15584 439.3 160.4642367 569.76 0
2055 9 24.445093 13.111264 346.6 99.411651 568.76 0
2055 10 19.65806 7.760339 255.1 95.5446753 568.62 0
2055 11 7.077011 -1.2574149 163.1 96.673485 570.05 0
2055 12 -0.29377744 -8.279324 125 44.856535 571.26 0
2056 1 2.2407217 -6.4780717 143.5 136.325941 576.84 0
2056 2 3.6956065 -7.062216 209.8 62.6791677 577.76 0
2056 3 9.107701 -2.6656642 301.6 29.42323336 578.74 0
2056 4 15.026339 2.458427 391.2 67.339032 580.2 0
2056 5 23.861858 8.080003 461.6 43.0614893 580.74 0
2056 6 25.814693 13.033125 512.7 92.281593 580.19 0
2056 7 30.349127 17.370607 503.7 109.843602 578.67 0
2056 8 28.286707 17.935482 439.3 156.848034 576.08 0
2056 9 22.844433 10.996514 346.6 148.47993 575.08 0
2056 10 16.124035 4.3656116 255.1 106.340106 574.94 0
2056 11 8.675077 -1.5981935 163.1 65.024394 576.37 0
2056 12 4.789301 -3.370734 125 37.1593993 577.58 0
2057 1 3.0911233 -5.7956176 143.5 84.6329047 583.3 0
2057 2 0.23804882 -10.468202 209.8 55.469572775 584.22 0
2057 3 8.209859 -2.8945968 301.6 85.0582278 585.2 0
2057 4 15.733738 3.6755362 391.2 97.134711 586.66 0
2057 5 19.562971 6.0461073 461.6 39.675257 587.2 0
2057 6 28.280422 15.28531 512.7 94.39947 586.65 0
2057 7 30.701279 17.63209 503.7 162.4705164 585.13 0
2057 8 31.999939 16.836502 439.3 96.1619845 582.54 0
2057 9 26.302841 14.099909 346.6 178.700295 581.54 0
2057 10 14.92606 3.6307874 255.1 54.7808936 581.4 0
2057 11 8.824586 1.3979077 163.1 77.867982 582.83 0
2057 12 3.853358 -2.7773004 125 71.9873072 584.04 0
2058 1 4.844968 -3.15359 143.5 50.5739208 589.91 0
2058 2 2.21962 -8.01679 209.8 123.4776425 590.83 0
2058 3 8.879163 -2.6220949 301.6 75.1471186 591.81 0
2058 4 18.830944 5.4716396 391.2 83.655 593.27 0
2058 5 24.863192 10.859914 461.6 79.6556904 593.81 0
2058 6 27.3259 13.535568 512.7 136.228509 593.26 0
2058 7 31.779518 17.949104 503.7 114.576062 591.74 0
2058 8 29.301313 18.113104 439.3 163.805767 589.15 0
2058 9 25.124228 11.552675 346.6 51.384279 588.15 0
2058 10 18.953995 5.6724343 255.1 35.557775 588.01 0
2058 11 10.606028 -0.45993575 163.1 53.674965 589.44 0
2058 12 4.7415004 -3.1613245 125 79.0332662 590.65 0
2059 1 2.668925 -6.9306884 143.5 32.0145773 596.65 0
2059 2 1.4346393 -9.458657 209.8 64.69429105 597.57 0
2059 3 10.058892 -1.798379 301.6 66.6763438 598.55 0
2059 4 17.11607 4.913001 391.2 70.051497 600.01 0
2059 5 25.033163 8.949564 461.6 67.3615461 600.55 0
2059 6 29.970287 15.400026 512.7 103.794693 600 0
2059 7 30.916279 19.277706 503.7 120.0747862 598.48 0
2059 8 29.014978 15.051149 439.3 98.715811 595.89 0
2059 9 23.192526 11.414579 346.6 77.04735 594.89 0
2059 10 17.40077 5.184446 255.1 76.273051 594.75 0
2059 11 11.375095 1.6763023 163.1 69.220326 596.18 0
2059 12 3.2845516 -5.9729795 125 89.5187682 597.39 0
2060 1 2.6696856 -5.5880775 143.5 66.6734112 603.52 0
2060 2 1.8931276 -7.2102036 209.8 76.494107 604.44 0
2060 3 9.36551 -2.0180428 301.6 29.0153335 605.42 0
2060 4 17.164362 4.1047654 391.2 43.292739 606.88 0
2060 5 24.770657 10.386775 461.6 81.036883 607.42 0
2060 6 28.599964 14.231206 512.7 98.878077 606.87 0
2060 7 29.142607 15.251335 503.7 84.4462537 605.35 0
2060 8 29.914577 15.175925 439.3 88.667099 602.76 0
2060 9 22.922691 11.157482 346.6 116.075448 601.76 0
2060 10 19.447268 6.682841 255.1 49.7233738 601.62 0
2060 11 9.735086 -0.51825166 163.1 105.737151 603.05 0
2060 12 4.833558 -2.6036208 125 43.4418221 604.26 0
2061 1 1.4429982 -8.419683 143.5 57.0392467 610.52 0
2061 2 1.8094951 -8.625013 209.8 55.6555397 611.44 0
2061 3 13.360325 2.4410868 301.6 73.7862186 612.42 0
2061 4 12.456826 0.6573159 391.2 63.80127 613.88 0
2061 5 19.462255 4.9324417 461.6 106.364038 614.42 0
2061 6 28.090065 14.238362 512.7 107.883147 613.87 0
2061 7 34.016525 18.208382 503.7 79.7063475 612.35 0
2061 8 28.772573 16.247454 439.3 141.5338945 609.76 0
2061 9 24.27766 9.79552 346.6 30.028821 608.76 0
2061 10 17.594471 5.691884 255.1 107.1396766 608.62 0
2061 11 7.866013 -0.47656107 163.1 102.308049 610.05 0
2061 12 2.7091217 -5.223697 125 103.2187036 611.26 0
2062 1 -0.32100168 -8.678134 143.5 136.3916083 617.61 0
2062 2 0.407616 -10.732739 209.8 34.47431685 618.53 0
2062 3 8.057534 -3.2878728 301.6 38.1870958 619.51 0
2062 4 16.455658 2.9410632 391.2 52.426857 620.97 0
2062 5 23.893805 12.171289 461.6 163.1429622 621.51 0
2062 6 27.714918 13.136115 512.7 50.815563 620.96 0
2062 7 29.65291 18.124739 503.7 154.444263 619.44 0
2062 8 31.551804 18.005726 439.3 130.6425963 616.85 0
2062 9 25.30691 13.913558 346.6 96.641292 615.85 0
2062 10 16.738514 4.8517885 255.1 25.172775 615.71 0
2062 11 9.031238 -0.28443527 163.1 99.506292 617.14 0
2062 12 4.329083 -3.6835887 125 183.5971063 618.35 0
2063 1 0.40510038 -9.235481 143.5 41.9160393 624.76 0
2063 2 4.2863593 -5.835695 209.8 64.33211475 625.68 0
2063 3 5.8510494 -4.1864786 301.6 89.0461236 626.66 0
2063 4 17.177486 4.3771987 391.2 86.986971 628.12 0
2063 5 20.12793 8.978203 461.6 177.7861563 628.66 0
2063 6 29.806019 14.985292 512.7 42.26346 628.11 0
2063 7 30.611225 16.580368 503.7 91.5018723 626.59 0
2063 8 28.902338 15.199355 439.3 131.8293197 624 0
2063 9 23.498491 11.373737 346.6 56.251383 623 0
2063 10 20.71156 7.8034577 255.1 51.4201061 622.86 0
2063 11 8.001177 -0.35814604 163.1 150.61611 624.29 0
2063 12 0.34874654 -6.996801 125 28.6242468 625.5 0
2064 1 3.3050442 -5.5284953 143.5 54.3739318 631.99 0
2064 2 6.4995418 -3.9561274 209.8 86.175382 632.91 0
2064 3 7.755703 -3.7124045 301.6 71.7133974 633.89 0
2064 4 14.161245 1.0403209 391.2 57.077766 635.35 0
2064 5 21.732191 7.2139077 461.6 59.4648293 635.89 0
2064 6 27.667536 14.313286 512.7 93.854865 635.34 0
2064 7 31.983013 18.044592 503.7 84.9514638 633.82 0
2064 8 30.415966 15.797575 439.3 91.7871033 631.23 0
2064 9 24.659725 12.552731 346.6 81.793407 630.23 0
2064 10 16.278769 8.236388 255.1 152.3231965 630.09 0
2064 11 12.965724 3.5112176 163.1 97.594944 631.52 0
2064 12 4.31283 -4.0270085 125 260.506113 632.73 0
2065 1 0.142661 -9.734208 143.5 33.1770556 639.29 0
2065 2 0.6940764 -9.952258 209.8 40.237935525 640.21 0
2065 3 9.315333 -1.3119986 301.6 42.7183317 641.19 0
2065 4 13.074067 1.7675946 391.2 88.468638 642.65 0
2065 5 23.70258 11.683847 461.6 139.953654 643.19 0
2065 6 27.78825 14.534292 512.7 99.415404 642.64 0
2065 7 31.550562 18.450579 503.7 79.5872796 641.12 0
2065 8 29.767704 16.663176 439.3 103.8259998 638.53 0
2065 9 27.253357 12.456331 346.6 63.714708 637.53 0
2065 10 17.763866 8.134478 255.1 91.6040142 637.39 0
2065 11 8.257124 -0.7936345 163.1 58.223862 638.82 0
2065 12 6.869928 -1.165355 125 180.8131017 640.03 0
2066 1 1.070645 -7.5443716 143.5 27.6336635 646.65 0
2066 2 0.5506088 -9.944872 209.8 25.265102175 647.57 0
2066 3 9.471764 -0.96734685 301.6 77.3609247 648.55 0
2066 4 16.742268 3.8762267 391.2 73.48875 650.01 0
2066 5 24.238392 8.914067 461.6 40.0043778 650.55 0
2066 6 29.336182 14.826169 512.7 90.359616 650 0
2066 7 31.589128 17.249346 503.7 83.7380122 648.48 0
2066 8 29.661407 18.552011 439.3 143.235748 645.89 0
2066 9 23.023111 11.753856 346.6 108.69213 644.89 0
2066 10 20.727898 8.716225 255.1 27.74576074 644.75 0
2066 11 10.902127 1.2572238 163.1 95.335506 646.18 0
2066 12 5.8519464 -1.1953913 125 64.0145443 647.39 0
2067 1 -0.25080726 -9.894658 143.5 50.732647 654.1 0
2067 2 3.654596 -6.040286 209.8 83.51076855 655.02 0
2067 3 7.704066 -2.9479957 301.6 87.9947648 656 0
2067 4 19.357483 5.742085 391.2 65.438832 657.46 0
2067 5 25.748053 12.698245 461.6 182.0635797 658 0
2067 6 30.333849 18.214437 512.7 207.471312 657.45 0
2067 7 31.724768 17.212782 503.7 63.5031683 655.93 0
2067 8 31.906864 17.776869 439.3 122.6853086 653.34 0
2067 9 24.258312 10.966576 346.6 57.812694 652.34 0
2067 10 20.711985 8.120664 255.1 42.0389977 652.2 0
2067 11 11.787621 3.0093465 163.1 112.354416 653.63 0
2067 12 8.03969 -0.76167965 125 225.096487 654.84 0
2068 1 -2.0354085 -12.095711 143.5 86.2886674 661.64 0
2068 2 -0.48588625 -11.434931 209.8 132.17506605 662.56 0
2068 3 8.023566 -3.4350977 301.6 27.0465204 663.54 0
2068 4 19.90534 6.8829293 391.2 75.210036 665 0
2068 5 24.157398 10.94059 461.6 106.9309536 665.54 0
2068 6 28.542946 14.96239 512.7 186.32016 664.99 0
2068 7 32.618618 19.101646 503.7 119.0784462 663.47 0
2068 8 31.381104 18.092024 439.3 117.221943 660.88 0
2068 9 26.231903 14.520377 346.6 124.423041 659.88 0
2068 10 17.207739 6.6964693 255.1 99.5417533 659.74 0
2068 11 10.700769 2.5012946 163.1 45.702381 661.17 0
2068 12 6.6646256 -0.91673577 125 84.0796601 662.38 0
2069 1 2.056002 -5.9714074 143.5 104.3169158 669.3 0
2069 2 -0.9766899 -11.772884 209.8 60.9608784 670.22 0
2069 3 8.413309 -2.391379 301.6 94.3070654 671.2 0
2069 4 16.824593 4.2634616 391.2 82.561704 672.66 0
2069 5 23.827538 8.258781 461.6 34.8209453 673.2 0
2069 6 29.888 15.09772 512.7 52.721322 672.65 0
2069 7 34.107937 19.03548 503.7 90.239698 671.13 0
2069 8 33.35008 19.997528 439.3 133.104824 668.54 0
2069 9 24.59952 11.699157 346.6 73.40484 667.54 0
2069 10 18.475178 7.8679605 255.1 85.6158 667.4 0
2069 11 9.092414 1.5929296 163.1 71.760441 668.83 0
2069 12 4.673869 -2.6377904 125 35.2119328 670.04 0
2070 1 2.154994 -6.6645665 143.5 44.7080791 677.08 0
2070 2 2.4363985 -7.03681 209.8 82.4745303 678 0
2070 3 7.1284494 -3.4983454 301.6 70.3537684 678.98 0
2070 4 12.025533 1.279389 391.2 63.963069 680.44 0
2070 5 20.967607 8.887437 461.6 89.2795753 680.98 0
2070 6 28.066338 14.935691 512.7 129.751512 680.43 0
2070 7 32.845665 18.631962 503.7 147.3469835 678.91 0
2070 8 30.500221 16.410522 439.3 121.9730092 676.32 0
2070 9 23.601519 11.946731 346.6 158.059386 675.32 0
2070 10 17.098343 5.3616877 255.1 48.8940959 675.18 0
2070 11 8.969063 1.6975632 163.1 90.566355 676.61 0
2070 12 5.1437883 -2.7634182 125 102.658081 677.82 0
2071 1 0.7127991 -8.455198 143.5 92.7450498 684.95 0
2071 2 -0.6294698 -11.684134 209.8 52.1520312 685.87 0
2071 3 7.6281 -3.1705542 301.6 72.3722373 686.85 0
2071 4 15.66214 2.8087432 391.2 88.968186 688.31 0
2071 5 25.219793 10.605267 461.6 102.740758 688.85 0
2071 6 30.240587 15.872361 512.7 99.74004 688.3 0
2071 7 31.283993 17.001144 503.7 48.406097 686.78 0
2071 8 30.154232 15.93231 439.3 113.1628557 684.19 0
2071 9 23.79249 11.918753 346.6 79.634634 683.19 0
2071 10 17.761988 6.617286 255.1 102.8299388 683.05 0
2071 11 12.6597595 5.26778 163.1 85.779834 684.48 0
2071 12 6.9200673 -0.113858305 125 137.530415 685.69 0
2072 1 4.070791 -4.376232 143.5 46.2078684 692.9 0
2072 2 1.2554363 -9.1701565 209.8 84.58170345 693.82 0
2072 3 8.273277 -2.766053 301.6 54.1620995 694.8 0
2072 4 16.077257 3.5340402 391.2 35.593866 696.26 0
2072 5 20.29133 8.223056 461.6 115.6908654 696.8 0
2072 6 28.21194 15.568494 512.7 106.303461 696.25 0
2072 7 30.570225 17.706142 503.7 143.1327536 694.73 0
2072 8 30.84498 17.622345 439.3 93.2389046 692.14 0
2072 9 23.92737 12.621966 346.6 88.435092 691.14 0
2072 10 20.904585 8.704484 255.1 86.8872774 691 0
2072 11 16.40422 5.755509 163.1 67.112409 692.43 0
2072 12 6.5623846 -2.6056309 125 55.8311736 693.64 0
2073 1 4.0104065 -5.6899695 143.5 64.1136947 700.89 0
2073 2 0.77221614 -9.291962 209.8 52.8531849 701.81 0
2073 3 7.188087 -4.4109535 301.6 33.4495394 702.79 0
2073 4 13.7127 1.9870523 391.2 56.852883 704.25 0
2073 5 20.25433 8.5008745 461.6 139.8936597 704.79 0
2073 6 29.576933 15.276129 512.7 48.510969 704.24 0
2073 7 33.001865 18.313816 503.7 63.2329537 702.72 0
2073 8 30.613745 17.30119 439.3 112.2740919 700.13 0
2073 9 25.393015 13.2269535 346.6 128.08803 699.13 0
2073 10 18.696693 8.289275 255.1 104.3357483 698.99 0
2073 11 10.300464 3.3567946 163.1 101.61528 700.42 0
2073 12 5.5049267 -1.8385507 125 49.9429406 701.63 0
2074 1 2.6950645 -6.31695 143.5 71.165987 708.93 0
2074 2 1.1073734 -8.405723 209.8 128.61051495 709.85 0
2074 3 6.365343 -5.268402 301.6 96.9396722 710.83 0
2074 4 17.94115 6.0434537 391.2 66.4989 712.29 0
2074 5 25.46978 11.497492 461.6 55.7777482 712.83 0
2074 6 30.080975 14.252452 512.7 48.870405 712.28 0
2074 7 32.57554 17.161627 503.7 72.794541 710.76 0
2074 8 31.719439 18.89058 439.3 99.766184 708.17 0
2074 9 27.609152 14.935259 346.6 88.634454 707.17 0
2074 10 19.909927 5.6417513 255.1 45.6912658 707.03 0
2074 11 11.142117 3.4296 163.1 110.367816 708.46 0
2074 12 5.6997085 -2.365383 125 170.0767477 709.67 0
2075 1 3.375364 -4.8380513 143.5 91.6230823 717.02 0
2075 2 4.54321 -3.8932219 209.8 63.5797212 717.94 0
2075 3 7.5286393 -2.839212 301.6 99.2789136 718.92 0
2075 4 18.287098 4.238295 391.2 26.0804862 720.38 0
2075 5 21.911478 9.287667 461.6 109.6587056 720.92 0
2075 6 29.942154 17.567871 512.7 98.537106 720.37 0
2075 7 34.846714 18.750572 503.7 64.0448995 718.85 0
2075 8 33.666325 19.176575 439.3 80.6546158 716.26 0
2075 9 28.170362 14.698191 346.6 50.978634 715.26 0
2075 10 19.338053 6.8104744 255.1 86.749656 715.12 0
2075 11 10.640001 3.7208705 163.1 169.664841 716.55 0
2075 12 5.4069433 -0.71876395 125 56.9583336 717.76 0
2076 1 4.3795676 -4.068001 143.5 88.3060575 725.14 0
2076 2 2.6095965 -6.34973 209.8 52.518445 726.06 0
2076 3 6.597473 -4.61285 301.6 73.347643 727.04 0
2076 4 18.007095 5.1916475 391.2 65.148261 728.5 0
2076 5 24.218876 10.5391865 461.6 82.0958275 729.04 0
2076 6 29.455427 16.660877 512.7 126.471048 728.49 0
2076 7 33.17172 18.598042 503.7 67.5440307 726.97 0
2076 8 30.228966 17.26606 439.3 101.5836644 724.38 0
2076 9 26.580221 13.544088 346.6 61.134573 723.38 0
2076 10 19.396778 6.5710177 255.1 109.1265038 723.24 0
2076 11 8.622657 0.23170975 163.1 79.445637 724.67 0
2076 12 4.9684396 -2.3050294 125 64.164575 725.88 0
2077 1 1.0250785 -6.407451 143.5 56.7632165 733.31 0
2077 2 3.9375355 -4.8667436 209.8 160.74094625 734.23 0
2077 3 7.4355316 -4.201895 301.6 53.0133604 735.21 0
2077 4 16.326197 4.823563 391.2 137.16618 736.67 0
2077 5 25.632126 9.688489 461.6 49.1945045 737.21 0
2077 6 30.931835 17.005 512.7 138.491892 736.66 0
2077 7 32.926533 18.442732 503.7 80.161939 735.14 0
2077 8 31.728117 19.374182 439.3 129.0931946 732.55 0
2077 9 24.390165 11.301781 346.6 77.710677 731.55 0
2077 10 18.724274 6.5063148 255.1 71.4106328 731.41 0
2077 11 7.6932592 -0.49839717 163.1 80.851386 732.84 0
2077 12 -0.21573453 -7.526489 125 65.3455634 734.05 0
2078 1 1.0004435 -9.120182 143.5 93.5862596 741.52 0
2078 2 3.6186116 -7.4228706 209.8 38.8175792 742.44 0
2078 3 9.917539 -1.147347 301.6 86.9367534 743.42 0
2078 4 19.126783 7.1118526 391.2 143.450331 744.88 0
2078 5 21.954466 8.8861265 461.6 135.622644 745.42 0
2078 6 28.850935 15.526434 512.7 87.01047 744.87 0
2078 7 31.405504 18.483873 503.7 132.7612324 743.35 0
2078 8 30.033136 17.172823 439.3 176.2424493 740.76 0
2078 9 25.509382 12.812944 346.6 106.02039 739.76 0
2078 10 17.40576 5.775649 255.1 84.238811 739.62 0
2078 11 10.058932 1.7120478 163.1 234.11622 741.05 0
2078 12 0.9267074 -4.966342 125 121.0570398 742.26 0
2079 1 2.9626973 -3.7986908 143.5 150.8331164 749.8 0
2079 2 7.486033 -3.8996844 209.8 58.116654275 750.72 0
2079 3 11.7987385 1.5556817 301.6 97.769319 751.7 0
2079 4 15.8322525 4.3294425 391.2 164.71704 753.16 0
2079 5 27.978853 13.560261 461.6 66.7098548 753.7 0
2079 6 28.540495 14.840607 512.7 64.908549 753.15 0
2079 7 34.634148 18.966818 503.7 73.5008822 751.63 0
2079 8 31.06521 17.142962 439.3 90.9392626 749.04 0
2079 9 24.40734 11.55553 346.6 97.779981 748.04 0
2079 10 17.910896 6.226735 255.1 80.7293847 747.9 0
2079 11 14.561926 3.8316886 163.1 94.75914 749.33 0
2079 12 5.680922 -1.082194 125 29.28487044 750.54 0
2080 1 2.9756806 -4.4779205 143.5 135.8210967 758.18 0
2080 2 3.4227562 -7.936666 209.8 18.17146785 759.1 0
2080 3 9.3322 -2.350738 301.6 51.0428175 760.08 0
2080 4 19.109861 5.9536543 391.2 62.723838 761.54 0
2080 5 22.280447 9.866965 461.6 64.7777643 762.08 0
2080 6 30.560102 15.878006 512.7 94.17273 761.53 0
2080 7 33.00017 19.43537 503.7 127.3285568 760.01 0
2080 8 30.043623 17.777317 439.3 101.3698512 757.42 0
2080 9 25.625397 12.829412 346.6 105.68157 756.42 0
2080 10 20.636902 7.392587 255.1 83.5270758 756.28 0
2080 11 12.461729 3.4666474 163.1 123.00555 757.71 0
2080 12 5.388694 -2.1051562 125 107.244531 758.92 0
2081 1 -1.8893504 -12.616493 143.5 81.8200391 766.64 0
2081 2 3.6850445 -7.64268 209.8 73.72696865 767.56 0
2081 3 9.123585 -2.2929852 301.6 137.5064613 768.54 0
2081 4 18.533388 5.6132927 391.2 49.640142 770 0
2081 5 27.2771 12.458737 461.6 69.9952472 770.54 0
2081 6 33.80505 16.742998 512.7 43.778037 769.99 0
2081 7 33.014156 17.890608 503.7 98.1819166 768.47 0
2081 8 30.073175 17.346556 439.3 153.122733 765.88 0
2081 9 27.851166 14.505545 346.6 76.847205 764.88 0
2081 10 21.22389 8.120829 255.1 30.95915936 764.74 0
2081 11 8.761392 -0.11323925 163.1 126.076155 766.17 0
2081 12 5.55461 -1.3872558 125 61.508557 767.38 0
2082 1 1.2057102 -7.005332 143.5 55.7210616 775.17 0
2082 2 8.494644 -1.8187667 209.8 142.99988975 776.09 0
2082 3 11.1516075 0.5503405 301.6 86.3009465 777.07 0
2082 4 18.579775 5.8203683 391.2 195.54804 778.53 0
2082 5 22.866407 10.529014 461.6 115.3530832 779.07 0
2082 6 29.412058 15.938883 512.7 78.64068 778.52 0
2082 7 32.522495 19.371 503.7 81.0917344 777 0
2082 8 31.009813 17.118525 439.3 86.2278764 774.41 0
2082 9 26.389019 13.602643 346.6 94.338612 773.41 0
2082 10 18.965702 7.518823 255.1 46.0500567 773.27 0
2082 11 10.571367 0.6864991 163.1 48.857253 774.7 0
2082 12 3.8509846 -3.0518763 125 23.6470852 775.91 0
2083 1 2.929818 -5.5308185 143.5 60.2343919 783.75 0
2083 2 1.9334962 -9.226525 209.8 22.796396825 784.67 0
2083 3 8.406693 -2.3771927 301.6 65.635463 785.65 0
2083 4 17.356483 4.0848327 391.2 92.446641 787.11 0
2083 5 25.992579 12.57316 461.6 123.028305 787.65 0
2083 6 30.165901 16.078318 512.7 61.59876 787.1 0
2083 7 33.54407 19.225868 503.7 97.6822338 785.58 0
2083 8 32.40981 19.518318 439.3 106.1770088 782.99 0
2083 9 24.55059 12.549318 346.6 117.93957 781.99 0
2083 10 18.151825 6.823606 255.1 69.055538 781.85 0
2083 11 7.9356565 0.053580746 163.1 235.12428 783.28 0
2083 12 6.544371 -1.3478757 125 164.22219 784.49 0
2084 1 1.6668528 -8.258302 143.5 48.8264942 792.37 0
2084 2 2.9197533 -7.641479 209.8 51.3063618 793.29 0
2084 3 9.395322 -2.2521145 301.6 50.1113078 794.27 0
2084 4 20.847702 7.101128 391.2 55.756353 795.73 0
2084 5 22.952631 9.083924 461.6 82.7736983 796.27 0
2084 6 29.125288 15.646089 512.7 136.355595 795.72 0
2084 7 33.638817 19.121786 503.7 87.497655 794.2 0
2084 8 32.12298 17.21243 439.3 73.5926794 791.61 0
2084 9 26.688644 13.321028 346.6 64.048332 790.61 0
2084 10 18.657885 7.868807 255.1 103.5217193 790.47 0
2084 11 8.861853 -0.2597262 163.1 44.50635 791.9 0
2084 12 6.083873 -2.14404 125 190.891955 793.11 0
2085 1 3.7727628 -6.6781106 143.5 140.535028 801.02 0
2085 2 2.7325222 -7.2991357 209.8 50.62371185 801.94 0
2085 3 11.674704 0.6611834 301.6 89.5302103 802.92 0
2085 4 17.806606 4.898409 391.2 118.33818 804.38 0
2085 5 24.457962 9.54547 461.6 33.1147394 804.92 0
2085 6 32.689663 16.528982 512.7 46.003674 804.37 0
2085 7 32.11374 18.898308 503.7 98.69315 802.85 0
2085 8 31.675455 19.227789 439.3 129.6108884 800.26 0
2085 9 24.209026 11.06676 346.6 106.188126 799.26 0
2085 10 18.586973 7.1913815 255.1 66.387647 799.12 0
2085 11 10.414907 3.191274 163.1 88.02654 800.55 0
2085 12 3.5446496 -5.9763556 125 176.4765644 801.76 0
2086 1 -0.21436338 -10.557787 143.5 78.4158826 809.71 0
2086 2 1.6903925 -8.842134 209.8 44.0324388 810.63 0
2086 3 10.712004 -1.5972879 301.6 29.61665507 811.61 0
2086 4 15.412483 4.285168 391.2 128.658 813.07 0
2086 5 26.680655 12.136039 461.6 63.819111 813.61 0
2086 6 30.849632 15.916805 512.7 94.895397 813.06 0
2086 7 35.060085 19.628407 503.7 135.176678 811.54 0
2086 8 31.510498 18.385828 439.3 141.8337017 808.95 0
2086 9 25.833673 14.749443 346.6 109.65753 807.95 0
2086 10 20.33998 7.8605766 255.1 35.8483535 807.81 0
2086 11 11.510166 2.435637 163.1 85.928142 809.24 0
2086 12 3.942751 -4.1945286 125 67.4096488 810.45 0
2087 1 4.7196584 -2.747651 143.5 74.110863 818.42 0
2087 2 2.5787735 -7.868596 209.8 80.92128315 819.34 0
2087 3 11.957535 1.1975223 301.6 132.9166075 820.32 0
2087 4 16.385695 2.873046 391.2 60.37443 821.78 0
2087 5 26.680243 10.203509 461.6 34.0878821 822.32 0
2087 6 30.003012 16.45763 512.7 120.294171 821.77 0
2087 7 32.625114 18.109304 503.7 87.1992366 820.25 0
2087 8 32.569763 18.378876 439.3 123.177229 817.66 0
2087 9 28.846115 16.6931 346.6 92.1252 816.66 0
2087 10 20.48681 9.846204 255.1 128.2083027 816.52 0
2087 11 8.321547 -0.18294287 163.1 59.111295 817.95 0
2087 12 0.3678177 -7.703495 125 53.5502556 819.16 0
2088 1 2.9775534 -5.059101 143.5 82.792568 827.16 0
2088 2 2.9209723 -6.317985 209.8 58.2897505 828.08 0
2088 3 9.066602 -1.3763378 301.6 102.7741512 829.06 0
2088 4 16.11734 4.5577073 391.2 82.814721 830.52 0
2088 5 26.767817 13.740569 461.6 104.0598948 831.06 0
2088 6 29.230007 14.824363 512.7 98.99796 830.51 0
2088 7 32.56069 18.282898 503.7 89.0152073 828.99 0
2088 8 31.344404 20.040707 439.3 164.1734425 826.4 0
2088 9 26.541504 13.933824 346.6 54.902919 825.4 0
2088 10 20.553003 8.667195 255.1 146.152042 825.26 0
2088 11 9.023157 1.6774818 163.1 67.52475 826.69 0
2088 12 0.8235724 -7.9481297 125 42.1432228 827.9 0
2089 1 3.2955315 -5.8998966 143.5 36.911483 835.96 0
2089 2 4.9869676 -4.6743016 209.8 56.6851279 836.88 0
2089 3 10.251318 -2.0139596 301.6 28.62712546 837.86 0
2089 4 17.475903 4.2575173 391.2 21.455829 839.32 0
2089 5 23.44043 9.620157 461.6 84.7271168 839.86 0
2089 6 27.312157 14.316136 512.7 52.242987 839.31 0
2089 7 36.025394 20.384195 503.7 83.6043557 837.79 0
2089 8 31.623354 18.018799 439.3 143.7622117 835.2 0
2089 9 26.007015 13.639661 346.6 83.220762 834.2 0
2089 10 20.323095 8.717855 255.1 94.218734 834.06 0
2089 11 13.788269 3.8623056 163.1 77.441727 835.49 0
2089 12 4.147094 -3.9781632 125 151.299282 836.7 0
2090 1 7.253213 0.6416417 143.5 145.7487165 844.8 0
2090 2 6.5660586 -2.9417126 209.8 78.17837765 845.72 0
2090 3 9.059323 -2.202339 301.6 82.5937712 846.7 0
2090 4 13.607888 3.7629087 391.2 74.84241 848.16 0
2090 5 26.030346 10.286666 461.6 52.4016746 848.7 0
2090 6 30.585093 15.675768 512.7 74.417082 848.15 0
2090 7 32.60293 19.805317 503.7 133.8331163 846.63 0
2090 8 31.1116 18.164757 439.3 131.5556176 844.04 0
2090 9 25.936907 13.944568 346.6 158.097039 843.04 0
2090 10 22.762644 10.619732 255.1 56.3914614 842.9 0
2090 11 14.440841 3.9729486 163.1 97.138302 844.33 0
2090 12 3.7813532 -2.4682264 125 50.1162926 845.54 0
2091 1 1.0769063 -6.5236526 143.5 206.2618294 853.73 0
2091 2 6.3417516 -3.3766367 209.8 93.609694375 854.65 0
2091 3 8.142723 -2.0927022 301.6 87.9611422 855.63 0
2091 4 18.600971 5.977721 391.2 71.294004 857.09 0
2091 5 26.357986 11.899231 461.6 56.4139643 857.63 0
2091 6 32.119823 15.735138 512.7 92.54505 857.08 0
2091 7 32.94486 19.272398 503.7 79.4715194 855.56 0
2091 8 31.390451 18.339203 439.3 134.092546 852.97 0
2091 9 25.734806 13.957797 346.6 94.944786 851.97 0
2091 10 22.21725 9.910438 255.1 76.3778434 851.83 0
2091 11 10.627802 2.1144018 163.1 82.113876 853.26 0
2091 12 5.9319997 -1.9982394 125 188.312073 854.47 0
2092 1 2.424416 -6.6344824 143.5 37.0854643 862.73 0
2092 2 2.8999705 -6.456127 209.8 84.4517365 863.65 0
2092 3 7.220364 -3.9378834 301.6 43.1499912 864.63 0
2092 4 15.992991 3.9226425 391.2 130.3332 866.09 0
2092 5 25.960026 12.476207 461.6 114.798704 866.63 0
2092 6 27.0486 14.031291 512.7 106.049367 866.08 0
2092 7 32.365208 21.138666 503.7 146.72641 864.56 0
2092 8 33.5817 19.00163 439.3 79.6348243 861.97 0
2092 9 25.211311 13.289445 346.6 89.7327 860.97 0
2092 10 17.613668 6.4458876 255.1 128.309093 860.83 0
2092 11 9.195294 0.62902814 163.1 87.332505 862.26 0
2092 12 6.5621276 -1.1883113 125 52.4856412 863.47 0
2093 1 3.0120797 -6.0615478 143.5 48.0185722 871.78 0
2093 2 3.035238 -6.981177 209.8 95.002786625 872.7 0
2093 3 9.023872 -1.8708405 301.6 124.9090006 873.68 0
2093 4 18.632534 5.2331624 391.2 35.541549 875.14 0
2093 5 23.367195 8.468536 461.6 32.615751 875.68 0
2093 6 30.813965 17.214632 512.7 162.159762 875.13 0
2093 7 36.773426 20.77185 503.7 61.1070481 873.61 0
2093 8 33.397896 19.01466 439.3 83.0400844 871.02 0
2093 9 25.084394 13.856693 346.6 81.598371 870.02 0
2093 10 22.906029 10.513984 255.1 75.3879917 869.88 0
2093 11 13.608487 4.4481463 163.1 117.311661 871.31 0
2093 12 4.432545 -4.3068395 125 53.4643732 872.52 0
2094 1 1.03409 -8.391998 143.5 95.6127017 880.86 0
2094 2 3.3231668 -7.085055 209.8 88.424881475 881.78 0
2094 3 7.329397 -3.378606 301.6 89.2310386 882.76 0
2094 4 18.672207 5.6227775 391.2 75.604956 884.22 0
2094 5 27.149908 13.75547 461.6 127.981268 884.76 0
2094 6 30.727194 15.132592 512.7 46.700814 884.21 0
2094 7 36.09125 20.539007 503.7 137.828542 882.69 0
2094 8 32.325405 19.105478 439.3 138.9122834 880.1 0
2094 9 28.654839 15.408768 346.6 57.431619 879.1 0
2094 10 19.90247 9.669074 255.1 132.338163 878.96 0
2094 11 15.33064 5.6620536 163.1 111.083079 880.39 0
2094 12 1.5239314 -6.244523 125 118.1655272 881.6 0
2095 1 1.8103817 -6.959363 143.5 76.8824986 889.98 0
2095 2 7.454417 -2.7434983 209.8 49.959986575 890.9 0
2095 3 10.082272 -1.407746 301.6 92.3793583 891.88 0
2095 4 18.78611 4.7343454 391.2 64.353849 893.34 0
2095 5 27.6337 11.39707 461.6 47.4573761 893.88 0
2095 6 30.048439 16.419525 512.7 154.85211 893.33 0
2095 7 34.961952 20.364084 503.7 76.6371553 891.81 0
2095 8 34.20117 20.186302 439.3 109.1049433 889.22 0
2095 9 26.423029 13.553299 346.6 72.281772 888.22 0
2095 10 24.300772 11.56877 255.1 48.2754909 888.08 0
2095 11 10.328564 1.7526085 163.1 124.16418 889.51 0
2095 12 3.2911658 -3.3508368 125 105.8633508 890.72 0
2096 1 0.8572487 -7.679617 143.5 105.853902 899.12 0
2096 2 2.334999 -7.3949413 209.8 79.683851225 900.04 0
2096 3 7.655322 -2.4220629 301.6 92.1473915 901.02 0
2096 4 17.488304 4.5818872 391.2 74.5854 902.48 0
2096 5 28.54996 14.629256 461.6 87.8933886 903.02 0
2096 6 31.649374 16.3177 512.7 93.479526 902.47 0
2096 7 33.84597 20.85079 503.7 126.3562883 900.95 0
2096 8 33.07446 18.988283 439.3 87.7570196 898.36 0
2096 9 27.53065 14.937555 346.6 145.4229 897.36 0
2096 10 18.678507 8.100846 255.1 99.7915234 897.22 0
2096 11 12.4860935 4.2215495 163.1 140.58081 898.65 0
2096 12 5.2637267 -2.2185378 125 84.7756907 899.86 0
2097 1 2.752834 -5.8112874 143.5 80.0714686 908.29 0
2097 2 5.9336915 -3.773683 209.8 36.13754125 909.21 0
2097 3 7.779082 -3.7268212 301.6 34.403304 910.19 0
2097 4 16.448692 3.827764 391.2 71.416962 911.65 0
2097 5 23.371683 11.240235 461.6 88.7008828 912.19 0
2097 6 32.295265 16.376879 512.7 63.24873 911.64 0
2097 7 32.816067 21.274866 503.7 129.829116 910.12 0
2097 8 31.951979 18.806704 439.3 131.2684026 907.53 0
2097 9 26.870464 15.535478 346.6 100.50903 906.53 0
2097 10 20.974854 9.926092 255.1 97.208498 906.39 0
2097 11 15.488648 5.741746 163.1 68.669394 907.82 0
2097 12 5.4745536 -2.869996 125 183.236257 909.03 0
2098 1 -2.7583902 -13.8535385 143.5 52.4867138 917.47 0
2098 2 6.7441454 -2.9477742 209.8 107.35249165 918.39 0
2098 3 7.835677 -3.1410468 301.6 40.11276 919.37 0
2098 4 14.606529 2.2930367 391.2 97.533225 920.83 0
2098 5 25.793081 12.327684 461.6 201.005147 921.37 0
2098 6 28.325512 13.57336 512.7 41.734707 920.82 0
2098 7 32.548897 19.378212 503.7 170.739165 919.3 0
2098 8 31.71604 18.78748 439.3 101.6622897 916.71 0
2098 9 25.270763 13.282237 346.6 80.42205 915.71 0
2098 10 20.560205 10.794158 255.1 171.9270044 915.57 0
2098 11 15.619503 3.6711414 163.1 49.637097 917 0
2098 12 5.3631024 -2.5274508 125 140.804883 918.21 0
2099 1 4.444138 -3.7578657 143.5 82.0833655 926.67 0
2099 2 4.737562 -4.193172 209.8 51.5724655 927.59 0
2099 3 8.809626 -2.2784896 301.6 55.593199 928.57 0
2099 4 20.886911 6.9359965 391.2 86.24799 930.03 0
2099 5 24.881594 10.905909 461.6 72.1153403 930.57 0
2099 6 29.02986 14.952313 512.7 87.904221 930.02 0
2099 7 35.037636 20.30694 503.7 74.9151332 928.5 0
2099 8 32.929028 17.66406 439.3 83.0086132 925.91 0
2099 9 27.521929 15.243457 346.6 87.279081 924.91 0
2099 10 20.624569 8.958389 255.1 61.3194105 924.77 0
2099 11 15.713399 5.157699 163.1 81.802503 926.2 0
2099 12 6.603433 -0.96038586 125 100.8534749 927.41 0
2100-2200 1 4.444138 -3.7578657 143.5 82.0833655 926.67 0
2100-2200 2 4.737562 -4.193172 209.8 51.5724655 927.59 0
2100-2200 3 8.809626 -2.2784896 301.6 55.593199 928.57 0
2100-2200 4 20.886911 6.9359965 391.2 86.24799 930.03 0
2100-2200 5 24.881594 10.905909 461.6 72.1153403 930.57 0
2100-2200 6 29.02986 14.952313 512.7 87.904221 930.02 0
2100-2200 7 35.037636 20.30694 503.7 74.9151332 928.5 0
2100-2200 8 32.929028 17.66406 439.3 83.0086132 925.91 0
2100-2200 9 27.521929 15.243457 346.6 87.279081 924.91 0
2100-2200 10 20.624569 8.958389 255.1 61.3194105 924.77 0
2100-2200 11 15.713399 5.157699 163.1 81.802503 926.2 0
2100-2200 12 6.603433 -0.96038586 125 100.8534749 927.41 0
