Year Month Tmax Tmin PAR Prec CO2 O3
1200-1980 1 -2.59764650107016 -12.9859310536297 143.5 63.7337103479364 390 0
1200-1980 2 -0.617014414337111 -11.7112368788428 209.8 56.0903904943367 390 0
1200-1980 3 4.50856182745697 -6.4514887307218 301.6 69.9824471322626 390 0
1200-1980 4 12.2649787838209 0.604689197019744 391.2 83.5208397313246 390 0
1200-1980 5 19.2960870618978 6.76312138750785 461.6 99.4222678096802 390 0
1200-1980 6 23.9365685082274 11.9728579275668 512.7 106.98602956062 390 0
1200-1980 7 26.4096415415786 14.6351292009785 503.7 109.313498848032 390 0
1200-1980 8 25.3375061488165 13.6384930310227 439.3 111.425454903707 390 0
1200-1980 9 20.8974942261222 9.37203246222694 346.6 99.0424747545682 390 0
1200-1980 10 13.8640804801434 3.34658942843113 255.1 104.276006652436 390 0
1200-1980 11 7.21270652664626 -1.80488530084917 163.1 88.0303883764398 390 0
1200-1980 12 0.460345296414254 -8.45006613989872 125 79.4739883355716 390 0
1981 1 -6.96649928359743 -19.2710936075977 143.5 16.4911132000342 390 0
1981 2 4.35641517396298 -5.90764014255254 209.8 137.051537993988 390 0
1981 3 4.75460306689624 -5.2311838052959 301.6 33.3295988709938 390 0
1981 4 13.6822344201796 1.53670407950734 391.2 77.3862055741908 390 0
1981 5 20.4819369974299 6.81686167917293 461.6 91.5726478173182 390 0
1981 6 24.0154150701353 11.7924107362615 512.7 91.7326237577064 390 0
1981 7 26.4399471395697 14.7608032734081 503.7 110.407011194455 390 0
1981 8 24.2435461273789 12.2861546698463 439.3 128.572631983983 390 0
1981 9 18.8948259778039 9.34017648311134 346.6 154.017435485851 390 0
1981 10 11.2909342256685 1.15988919186648 255.1 139.763231026669 390 0
1981 11 6.3173281234125 -1.94266277338844 163.1 67.3668878593062 390 0
1981 12 -0.20490419549615 -7.43421658417914 125 73.9219434519143 390 0
1982 1 -6.67199349069032 -19.0667466663585 143.5 59.3626296675619 390 0
1982 2 -1.65626178501645 -12.6452335690886 209.8 69.8602700347485 390 0
1982 3 3.94341158629246 -7.36571498169102 301.6 60.0428461442525 390 0
1982 4 10.9498714030258 -1.40083017720301 391.2 72.8798791332862 390 0
1982 5 20.7709151024638 7.09446709079706 461.6 43.3761470202973 390 0
1982 6 21.4955147187323 10.6657769972022 512.7 143.5305956689 390 0
1982 7 27.0437437410212 13.023131597605 503.7 56.097757609216 390 0
1982 8 23.5903006435107 11.1594081631729 439.3 97.3711071367478 390 0
1982 9 21.2293899602428 9.06113982944612 346.6 70.1021981828072 390 0
1982 10 14.7865880871142 2.9548096971475 255.1 50.3506638206714 390 0
1982 11 9.28941430184743 -0.592749250191998 163.1 96.9937554658756 390 0
1982 12 4.02941721247274 -6.32110045072264 125 52.5439078974907 390 0
1983 1 -1.48208012960069 -11.6030151525773 143.5 79.564278365613 390 0
1983 2 -0.0456454074855425 -10.9686049589914 209.8 49.1054320568096 390 0
1983 3 4.73260051220203 -4.23225491636302 301.6 84.8264264497132 390 0
1983 4 9.89788350160822 0.562526472929047 391.2 146.193620555156 390 0
1983 5 16.7839409277653 6.14119644313193 461.6 164.03765782501 390 0
1983 6 25.1945236796016 11.4645023236578 512.7 60.2447552726045 390 0
1983 7 27.1676388930688 14.2460784234692 503.7 65.3806381322473 390 0
1983 8 25.5849523550454 13.6927162812599 439.3 156.295708305992 390 0
1983 9 22.7260950189668 10.1524050490201 346.6 66.4080888172275 390 0
1983 10 14.1784080001677 3.08169003576613 255.1 86.5674892959149 390 0
1983 11 6.46362110812474 -1.38500153938873 163.1 169.571153973413 390 0
1983 12 -1.77278496078666 -10.4281439951484 125 148.099138152301 390 0
1984 1 -3.86888003307201 -14.2726674722738 143.5 31.0386541291505 390 0
1984 2 3.28611674573663 -6.79131740847911 209.8 62.4335880684525 390 0
1984 3 0.0900617615599066 -10.7279645738686 301.6 59.5285997400456 390 0
1984 4 12.285241674783 1.01338245343901 391.2 76.6370501853986 390 0
1984 5 16.7273362093077 5.70397632840471 461.6 188.15732618068 390 0
1984 6 24.9302389469915 11.5878006752817 512.7 70.9172377218729 390 0
1984 7 26.05608564363 14.3488055490961 503.7 127.178569962352 390 0
1984 8 26.2499774279379 14.944801173427 439.3 96.2511155914255 390 0
1984 9 19.2101076055088 7.26792127310944 346.6 60.4014100633959 390 0
1984 10 15.2238499936023 4.04182192029319 255.1 60.4364989279532 390 0
1984 11 7.18229246969952 -2.19422625973528 163.1 88.9829432110421 390 0
1984 12 2.77629681922284 -6.1323289986034 125 89.214211029442 390 0
1985 1 -5.73604969669938 -15.2886728002085 143.5 39.4333932470533 390 0
1985 2 -0.776167549714915 -10.3054718424306 209.8 52.6274619861031 390 0
1985 3 5.25072736705489 -6.0908914725354 301.6 71.5317047262113 390 0
1985 4 11.8576357291197 0.665961718506185 391.2 59.4199588955857 390 0
1985 5 19.6192671903 6.21611807475774 461.6 85.1794294758678 390 0
1985 6 21.0298090123735 10.501648374046 512.7 97.6740234265155 390 0
1985 7 26.3323301338648 13.6721947344074 503.7 77.0481569619736 390 0
1985 8 24.5758791743162 12.7832869721477 439.3 91.1303641964971 390 0
1985 9 21.1963697794906 9.63782828248392 346.6 114.723339500853 390 0
1985 10 14.711195680697 3.85886689295208 255.1 93.3879946695067 390 0
1985 11 6.3758674482656 -1.48255932833413 163.1 100.550052056824 390 0
1985 12 -2.18600492393811 -10.9911580981415 125 53.9423543105305 390 0
1986 1 -1.7789490011096 -12.9048809672621 143.5 99.4870905753812 390 0
1986 2 -2.60325866491528 -14.1264073672435 209.8 44.1839955061841 390 0
1986 3 5.85865271889195 -5.4341791622599 301.6 83.0341008194484 390 0
1986 4 15.3498000060118 2.46233826423508 391.2 36.1073713994691 390 0
1986 5 20.459352096683 7.94328948812616 461.6 111.735452599076 390 0
1986 6 22.1868796804377 10.1646557783641 512.7 119.154058066772 390 0
1986 7 24.6610578598171 14.051835462637 503.7 132.677653275295 390 0
1986 8 23.6224503671398 13.0088097641158 439.3 136.809754023147 390 0
1986 9 18.8752489447299 8.26578086651387 346.6 100.067160235657 390 0
1986 10 13.3912562588207 3.23897843653841 255.1 64.8968412421364 390 0
1986 11 5.26216645033289 -3.41827996725742 163.1 89.0314737727744 390 0
1986 12 0.790608519059237 -7.05141281009704 125 61.0810461539446 390 0
1987 1 -3.03587537321229 -13.236557130372 143.5 77.5262669581581 390 0
1987 2 -3.41229105449685 -15.5267560371913 209.8 14.6897702213684 390 0
1987 3 6.12541295918496 -5.50048578394008 301.6 43.1347120112579 390 0
1987 4 15.0129802579846 2.83911248617305 391.2 60.0571835250622 390 0
1987 5 19.1809511205694 6.36624558064631 461.6 53.4493153158598 390 0
1987 6 23.8917090474582 12.6580259050865 512.7 138.249442378248 390 0
1987 7 26.9908649706591 14.9609310496364 503.7 102.715231422721 390 0
1987 8 24.2742496730457 11.8569093507418 439.3 74.4273737593428 390 0
1987 9 19.4622722608336 9.8742466277431 346.6 129.653881575622 390 0
1987 10 13.3680020336933 1.92696258096142 255.1 127.56478273163 390 0
1987 11 6.8466517339135 -2.76878281890785 163.1 73.0915769934815 390 0
1987 12 1.09843767857511 -5.96380109797439 125 50.9342467968006 390 0
1988 1 -2.04313478552123 -13.0963448242888 143.5 32.9614141833474 390 0
1988 2 -0.510343488334857 -12.2203270452878 209.8 57.3325375738495 390 0
1988 3 3.98156260266995 -7.10071005443388 301.6 44.4070931842132 390 0
1988 4 11.6811864382607 1.46877225541359 391.2 85.0229477939348 390 0
1988 5 20.2247870983995 7.85191603845977 461.6 56.6796534305284 390 0
1988 6 23.7866463166951 9.84912981485822 512.7 57.1714088654004 390 0
1988 7 27.4093790775328 15.8839557451276 503.7 95.6628009184387 390 0
1988 8 26.1996182266819 15.0343663485277 439.3 145.989325942329 390 0
1988 9 19.7224929717854 7.71425275235654 346.6 53.162340811446 390 0
1988 10 11.100100821868 2.09445073707826 255.1 61.5757012000207 390 0
1988 11 7.58973595424516 -1.16666473743018 163.1 136.133205725125 390 0
1988 12 -0.658655400178548 -11.1202433571578 125 35.8948599939975 390 0
1989 1 0.545495116482118 -10.9606891889594 143.5 30.8417317262824 390 0
1989 2 -2.09852291677496 -12.7434595644795 209.8 37.6301029269141 390 0
1989 3 3.41462780095954 -8.50622653801189 301.6 68.9322529321764 390 0
1989 4 9.9230975993336 -1.27741219355424 391.2 65.3099875095179 390 0
1989 5 20.4692678954004 8.34919174607661 461.6 127.725948915301 390 0
1989 6 24.0805867536731 12.7596509241511 512.7 104.482647200346 390 0
1989 7 26.9502851287954 14.3193668212876 503.7 83.0841652397016 390 0
1989 8 24.5575230551314 13.0823639105451 439.3 141.90525216426 390 0
1989 9 20.9768345002766 9.62773383495143 346.6 131.044595011009 390 0
1989 10 14.961879002006 3.52632234498391 255.1 106.264217612646 390 0
1989 11 6.51509638786207 -3.17720963258277 163.1 94.5128534374198 390 0
1989 12 -8.46073834025243 -20.3878933998469 125 34.6254317618852 390 0
1990 1 2.55958373962408 -6.56697924789023 143.5 83.7405743951912 390 0
1990 2 0.852843071715879 -11.4223307829743 209.8 75.2483153228779 390 0
1990 3 6.44289987561977 -5.94121007780073 301.6 67.6500578728084 390 0
1990 4 12.4393218112607 1.76821852609695 391.2 99.1117524963402 390 0
1990 5 17.1756232695886 4.93686896436638 461.6 121.940295266201 390 0
1990 6 23.6512557481606 11.9095245583871 512.7 104.726881368922 390 0
1990 7 26.2451975745593 14.1963961042244 503.7 96.060493256681 390 0
1990 8 25.7780390724918 14.2216132281712 439.3 164.387654239972 390 0
1990 9 19.7929658578503 8.89089325374206 346.6 65.4111374036415 390 0
1990 10 14.5688790185094 4.64859178837586 255.1 167.041642645426 390 0
1990 11 8.07830355524177 -1.38341307559346 163.1 92.253745019026 390 0
1990 12 3.03268404885334 -6.69391143954779 125 128.080378411489 390 0
1991 1 -2.77350136171487 -13.2614943653904 143.5 54.9863020295558 390 0
1991 2 1.63802356547717 -9.28697581823979 209.8 29.4382760308636 390 0
1991 3 5.14555431017713 -4.29118649811658 301.6 81.2645664632356 390 0
1991 4 14.486239920706 2.35186384949557 391.2 83.3352892663292 390 0
1991 5 21.4137139014753 7.82478106018166 461.6 84.1143566623596 390 0
1991 6 24.8861529895127 11.5100986908165 512.7 56.7121198923557 390 0
1991 7 26.6141691203131 13.7134369794047 503.7 64.1432890886184 390 0
1991 8 26.1574614018433 14.6250675819116 439.3 123.833773013286 390 0
1991 9 19.3687446852525 7.47525474580517 346.6 129.804508552237 390 0
1991 10 15.5190414954319 4.09563178810476 255.1 108.539942164371 390 0
1991 11 6.85459263577159 -1.89955621234407 163.1 52.6573346614134 390 0
1991 12 0.53696277890815 -10.2737398121677 125 64.8883006606059 390 0
1992 1 -2.36819997193959 -13.4712988959436 143.5 53.5095590272 390 0
1992 2 -1.15494809418328 -12.741596294926 209.8 50.6410749853605 390 0
1992 3 1.85396030861365 -9.83666496155202 301.6 70.2699789890456 390 0
1992 4 10.2612178705722 -0.535640691955069 391.2 73.6920855258262 390 0
1992 5 20.2327927729952 5.34582901848739 461.6 55.5654958126177 390 0
1992 6 23.0786868705192 10.7321910385656 512.7 66.0196965293099 390 0
1992 7 23.6790633220323 12.2505652249433 503.7 98.6271456364837 390 0
1992 8 23.9093753222358 12.8113452944743 439.3 95.4503560153699 390 0
1992 9 20.7737012721534 8.88745697678514 346.6 101.88944343915 390 0
1992 10 11.3079825869485 1.64635693502187 255.1 80.3282712703357 390 0
1992 11 5.56484852411893 -2.363807050252 163.1 108.604028584289 390 0
1992 12 1.17980121069107 -7.89560165593599 125 41.8523089112249 390 0
1993 1 -1.39476906466903 -11.2738994092317 143.5 70.0348615908889 390 0
1993 2 -5.09459588992946 -19.3041347536909 209.8 62.8465540895059 390 0
1993 3 3.21132331375228 -9.72856162343483 301.6 72.6592108763533 390 0
1993 4 12.1616120593735 0.560258825083052 391.2 110.499037008987 390 0
1993 5 19.0490425795424 6.57015792470752 461.6 58.7078171600997 390 0
1993 6 23.1452593468264 10.7678524875587 512.7 100.468431101715 390 0
1993 7 26.9225019279965 14.864103756304 503.7 90.9609654719237 390 0
1993 8 26.1350537455189 14.0113256581887 439.3 84.3484369348133 390 0
1993 9 19.4402578141305 9.09127139064407 346.6 110.700429745274 390 0
1993 10 12.2482081224884 1.59522546074914 255.1 82.6889858053264 390 0
1993 11 6.58154866189075 -2.88876042835133 163.1 79.9150303623543 390 0
1993 12 -0.590832702743921 -9.33539401884303 125 60.311082239028 390 0
1994 1 -8.04936021860247 -21.08435022058 143.5 86.2528953999631 390 0
1994 2 -4.09251119665093 -16.2962170510186 209.8 33.8589573577175 390 0
1994 3 2.87709544699777 -6.91998886297279 301.6 89.5648972203769 390 0
1994 4 12.2608098624995 0.151043165045994 391.2 96.509609189522 390 0
1994 5 17.9604294762175 5.06616033259116 461.6 101.72063016516 390 0
1994 6 25.1431650325362 12.9876147039219 512.7 103.518950412907 390 0
1994 7 27.1506686631962 15.7948099641037 503.7 110.578243968815 390 0
1994 8 24.0299103601572 12.3554202700167 439.3 125.96315413219 390 0
1994 9 19.4066460471753 9.03249381810666 346.6 83.4651553375287 390 0
1994 10 14.6292504576364 3.20890680795474 255.1 20.4831971933867 390 0
1994 11 9.49723162827995 -0.771051914585638 163.1 77.4165957913726 390 0
1994 12 2.31723563776525 -6.96355570195047 125 54.3410690817136 390 0
1995 1 0.736280872746991 -7.75206483795134 143.5 65.7222565839226 390 0
1995 2 -2.71838112561793 -13.8112988861812 209.8 47.6263260305519 390 0
1995 3 6.41572811380498 -4.58101616732126 301.6 52.0580578641686 390 0
1995 4 9.08122493181872 -1.94377507565095 391.2 55.5783770283059 390 0
1995 5 18.1710029771593 5.8973949503275 461.6 55.728727288609 390 0
1995 6 26.6614816050565 11.863479909397 512.7 36.5887095727533 390 0
1995 7 28.1918013210327 15.8134566227359 503.7 115.74495378994 390 0
1995 8 26.1567098594848 13.5749496942078 439.3 115.21555621206 390 0
1995 9 19.564192254685 6.67209611517476 346.6 88.0044629411997 390 0
1995 10 16.6361986101571 5.85176117079209 255.1 188.704443783158 390 0
1995 11 4.75602136709478 -3.61994931034372 163.1 96.7693290448121 390 0
1995 12 -3.30881806160742 -11.2980022433491 125 68.4668184037524 390 0
1996 1 -2.90047564264536 -14.5199843353419 143.5 101.946991214543 390 0
1996 2 -1.74223320595129 -11.5810556413229 209.8 44.3558437162039 390 0
1996 3 3.35861315991552 -8.37527143595371 301.6 31.9778964528962 390 0
1996 4 10.9266861575899 -0.0713297001171808 391.2 143.437847502095 390 0
1996 5 17.7476540308354 5.51001804241466 461.6 134.19078330446 390 0
1996 6 23.6688657420069 12.7991658743376 512.7 108.436227167963 390 0
1996 7 24.9890356339248 14.0975982412782 503.7 170.535672789872 390 0
1996 8 25.4892907809654 13.6343743021215 439.3 62.8017015165699 390 0
1996 9 21.1258232117571 10.4823253796062 346.6 84.0762847962763 390 0
1996 10 13.2863284400832 2.72516688964153 255.1 108.761576686546 390 0
1996 11 4.11596365979065 -4.20837654017437 163.1 102.156890519871 390 0
1996 12 2.85171681807553 -3.56087294455526 125 114.753196140296 390 0
1997 1 -2.93752953463583 -13.6948783239911 143.5 60.8521532784438 390 0
1997 2 1.26169551087855 -10.0519857202539 209.8 55.2046709595034 390 0
1997 3 2.40429691551107 -8.75169195663827 301.6 84.2634651835623 390 0
1997 4 10.5693747876225 -1.62618287805516 391.2 62.9643654580689 390 0
1997 5 15.3500009991003 4.45413545822613 461.6 81.2346438357433 390 0
1997 6 25.3685097849238 11.6862962187145 512.7 62.8255944886734 390 0
1997 7 25.5732880139354 13.1073392820252 503.7 116.332077879212 390 0
1997 8 24.2478601339067 12.3949731893712 439.3 142.800077784018 390 0
1997 9 20.0406619017811 8.58998788586209 346.6 81.5996989726753 390 0
1997 10 13.4700443207273 1.67830329024185 255.1 54.8288612365723 390 0
1997 11 5.29768046809593 -3.53855463901365 163.1 116.43130184853 390 0
1997 12 0.317281347762022 -8.50663627262186 125 60.81295293802 390 0
1998 1 -0.574379884290737 -10.1605557397141 143.5 142.215896048661 390 0
1998 2 2.32660515955664 -8.07843102610931 209.8 54.8324637448788 390 0
1998 3 5.51706369699423 -4.69408664676522 301.6 95.1308654637111 390 0
1998 4 14.3103536236475 0.846813987977608 391.2 56.2767874887889 390 0
1998 5 22.9750569504075 9.33151565452929 461.6 63.3663190046329 390 0
1998 6 23.0821454085782 13.1533798121837 512.7 208.376264670774 390 0
1998 7 25.7896080545907 14.5810093933691 503.7 143.667208014739 390 0
1998 8 25.3848406397778 13.9702031946597 439.3 124.079026297024 390 0
1998 9 21.4326021077242 9.75757595439838 346.6 112.369601143436 390 0
1998 10 13.8709887862664 4.54513871969693 255.1 67.8569662323832 390 0
1998 11 6.38376018290972 -0.542898100200546 163.1 58.503928344373 390 0
1998 12 4.86451166795632 -5.58742419009993 125 32.1214697410179 390 0
1999 1 -2.12635337354784 -13.3660345433461 143.5 115.249971436887 390 0
1999 2 1.39474124671466 -10.2600054899016 209.8 26.5337527559327 390 0
1999 3 3.91577466293946 -6.07897039254094 301.6 84.2464818007193 390 0
1999 4 12.5777785045845 -0.167233290902295 391.2 21.3248256790302 390 0
1999 5 21.4590444278715 7.56572052798092 461.6 72.5864382519886 390 0
1999 6 26.8797873922461 13.7571114877778 512.7 58.1553147012261 390 0
1999 7 27.9645090716768 15.6513645604723 503.7 94.2620009728477 390 0
1999 8 25.0739297266676 12.8946229948146 439.3 55.8108250133724 390 0
1999 9 23.0473364418554 11.2622282321812 346.6 207.590975625118 390 0
1999 10 13.0097486012457 1.47961458912936 255.1 98.8653194801645 390 0
1999 11 10.1825423883851 0.634132972256668 163.1 72.222703941344 390 0
1999 12 1.52664588411544 -6.74977730931993 125 41.2543670919478 390 0
2000 1 -3.28459181222551 -14.086195911324 143.5 81.8471921022401 390 0
2000 2 0.296331474106752 -11.6827448283658 209.8 83.2590032274807 390 0
2000 3 7.79628283758621 -3.58762703990168 301.6 63.3721330355526 390 0
2000 4 10.3584088546231 0.442493450034435 391.2 147.170772533786 390 0
2000 5 18.53805299287 7.31853048261955 461.6 143.918438945656 390 0
2000 6 22.403051553454 11.3231347894232 512.7 84.8919593157671 390 0
2000 7 24.3251899095674 12.9102170844672 503.7 110.350075210934 390 0
2000 8 24.2130551825702 13.2186194259809 439.3 96.5317594083469 390 0
2000 9 20.0297987141452 8.19725630547517 346.6 63.2638443711119 390 0
2000 10 14.3250656912141 2.97129077692737 255.1 63.9402535367031 390 0
2000 11 6.05011243976765 -1.25327871610233 163.1 75.8469342401412 390 0
2000 12 -2.55445016772803 -12.7650110414135 125 112.720320343394 390 0
2001 1 -1.87478959266772 -12.2904408149889 143.5 37.7617820306984 390 0
2001 2 -0.395753972723907 -12.1236173544445 209.8 62.0704447117581 390 0
2001 3 1.82004555925824 -7.98551181356191 301.6 136.837133974135 390 0
2001 4 11.7915877141822 -0.705384332324854 391.2 18.9187950439858 390 0
2001 5 20.9208670015351 7.5047593047265 461.6 62.6976620212067 390 0
2001 6 24.7844386700815 12.4669339195923 512.7 101.00703379426 390 0
2001 7 24.8768471799525 13.124846801354 503.7 73.4738025217106 390 0
2001 8 28.0700794485112 14.6971913364693 439.3 63.4969262852694 390 0
2001 9 21.8161652005098 9.41363388735711 346.6 90.3172507770408 390 0
2001 10 16.1093298806424 4.30383783184216 255.1 49.0814831627128 390 0
2001 11 9.61685169598821 -0.0969058526351332 163.1 61.5665956703291 390 0
2001 12 4.20650066242146 -4.28623537971405 125 54.4888188037163 390 0
2002 1 1.37964343774178 -7.13683370061551 143.5 50.5155838808715 390 0
2002 2 2.50371206358713 -9.67148519620843 209.8 72.342991009618 390 0
2002 3 4.77461596151088 -5.48816489044476 301.6 79.1000120945471 390 0
2002 4 13.086418990142 1.59226972422187 391.2 107.745186945825 390 0
2002 5 16.8031146700248 4.94081400988334 461.6 107.149810630607 390 0
2002 6 23.1675659966514 11.2001481808525 512.7 177.059535207664 390 0
2002 7 26.6618164714279 14.6023355956992 503.7 81.6999416673087 390 0
2002 8 27.1427459965652 13.981177662752 439.3 41.7975965132579 390 0
2002 9 23.6577503954755 10.7012237539328 346.6 140.707395895923 390 0
2002 10 12.2697823160921 2.28777948328741 255.1 91.5636774068302 390 0
2002 11 5.39588453299464 -3.10820912197163 163.1 105.728207761186 390 0
2002 12 0.0604896785000187 -9.09668265926948 125 54.4867889451136 390 0
2003 1 -6.38579170614183 -16.9487196125985 143.5 45.0394806437575 390 0
2003 2 -3.2541403131715 -15.074993163889 209.8 39.5582963397308 390 0
2003 3 4.96509619964102 -7.88748316296445 301.6 64.6329275280658 390 0
2003 4 10.0511702697093 -1.1504691536916 391.2 72.3965351856136 390 0
2003 5 18.0823313546325 6.42040710010057 461.6 104.101834952902 390 0
2003 6 24.0126604758172 11.674361290701 512.7 80.869515863954 390 0
2003 7 26.2551522365799 14.807594656283 503.7 114.666243206924 390 0
2003 8 26.3101342156475 15.6186374392131 439.3 112.486879411722 390 0
2003 9 22.1175036374386 10.008286673253 346.6 98.8091815580513 390 0
2003 10 12.9044342119823 2.57518027802027 255.1 166.494203562393 390 0
2003 11 8.53116467678007 -1.24159951130205 163.1 119.255609264861 390 0
2003 12 0.280886209416046 -9.23794623252235 125 161.976729017761 390 0
2004 1 -8.23613021166848 -18.2010292547129 143.5 23.8472965650238 390 0
2004 2 -1.12687925675104 -14.1261355365491 209.8 26.90604006645 390 0
2004 3 6.01617161031847 -4.50966155013381 301.6 44.3410084821729 390 0
2004 4 11.8773198735223 0.233423984545219 391.2 73.8427774779898 390 0
2004 5 20.3682881437253 7.73767892346432 461.6 123.415394710166 390 0
2004 6 22.7975473803367 10.3351906373188 512.7 83.212891296394 390 0
2004 7 25.3313280128614 14.8296969580506 503.7 140.85742155664 390 0
2004 8 24.3562704706698 13.7031630799442 439.3 203.967965265583 390 0
2004 9 21.723535282445 9.97377154967446 346.6 70.2239688878997 390 0
2004 10 14.3392346739098 2.70380099236962 255.1 31.9739903262638 390 0
2004 11 7.56772931596965 -2.42192634983113 163.1 77.6549061777645 390 0
2004 12 0.0392031979926612 -9.91220840249093 125 104.982815234301 390 0
2005 1 -4.10950421596246 -14.927508256656 143.5 63.9940265796747 390 0
2005 2 0.32247915799738 -11.8446839854087 209.8 54.5420311401613 390 0
2005 3 2.76802827524492 -8.66855710371005 301.6 52.6785275787576 390 0
2005 4 14.1786665453009 1.05329186947503 391.2 117.98786968353 390 0
2005 5 16.3151478545288 5.11437138759589 461.6 53.9626905678529 390 0
2005 6 26.5544389207762 14.8321339208377 512.7 121.928995418828 390 0
2005 7 27.3746697068787 16.1858965568772 503.7 117.239795136303 390 0
2005 8 26.728060444291 15.2941297939837 439.3 90.0599294358975 390 0
2005 9 23.1372662572524 11.3716894301392 346.6 106.892623761644 390 0
2005 10 13.6907938412606 5.57984406676449 255.1 214.364904333666 390 0
2005 11 9.15290153681659 -1.03269742832006 163.1 118.401831612726 390 0
2005 12 -0.592598330343695 -8.79168076120219 125 77.4674822669193 390 0
2006 1 2.18189824725766 -7.35348947531682 143.5 96.9950503867482 390 0
2006 2 -0.592479198707967 -9.92834210004005 209.8 47.1457910903474 390 0
2006 3 4.33226041566679 -6.09193032573916 301.6 37.6565187136933 390 0
2006 4 13.6125016019729 1.00181485822766 391.2 81.9517565441466 390 0
2006 5 18.9346898817678 8.31126798048002 461.6 163.734666553176 390 0
2006 6 23.5292656983716 13.2568277019765 512.7 198.351291174714 390 0
2006 7 27.6133991756443 16.392552858 503.7 113.16340601979 390 0
2006 8 24.47133971282 13.0358658220302 439.3 107.761228940668 390 0
2006 9 20.1092040720823 9.49233768836437 346.6 74.1735569880193 390 0
2006 10 12.6157494565727 2.92780238574109 255.1 174.264832089499 390 0
2006 11 9.70990590482236 1.10684768722689 163.1 62.139703998039 390 0
2006 12 4.03854905468174 -4.17318860845003 125 101.384674960298 390 0
2007 1 -1.49339723460439 -11.5525887732349 143.5 77.3657671816044 390 0
2007 2 -5.10995098175078 -15.8765586002402 209.8 64.6986366960129 390 0
2007 3 3.23651311003323 -8.74019101380168 301.6 79.9210461145415 390 0
2007 4 9.81620049465231 0.19737359409396 391.2 114.816646537094 390 0
2007 5 19.7408688243589 6.03819234778399 461.6 62.5997965665688 390 0
2007 6 25.0769378642573 12.625004847932 512.7 76.8923417253581 390 0
2007 7 24.958422012536 13.8512165718843 503.7 152.84950425482 390 0
2007 8 25.6910854981987 13.241301490187 439.3 67.0874374758493 390 0
2007 9 22.7825264300364 9.85026564452059 346.6 82.5923415222399 390 0
2007 10 16.7487055506744 6.08654989129628 255.1 139.389059086942 390 0
2007 11 5.53856582761769 -3.12990683134654 163.1 116.820617629814 390 0
2007 12 -0.861792982569498 -9.26401365393999 125 109.986385158342 390 0
2008 1 0.0294758672940118 -10.0884306264831 143.5 57.391456543494 390 0
2008 2 -0.646378912713309 -11.1114370298993 209.8 119.665484914248 390 0
2008 3 2.63363809912806 -8.57970287649601 301.6 109.011936952459 390 0
2008 4 15.4459581583657 2.08627253260795 391.2 74.6854706192151 390 0
2008 5 18.0493435717024 4.52903946404533 461.6 38.5460149582415 390 0
2008 6 24.4960947998085 13.6395571022663 512.7 163.081693455954 390 0
2008 7 26.3269438532877 15.3324899790955 503.7 174.883893000776 390 0
2008 8 24.2967190090536 13.1628551477706 439.3 133.747031873241 390 0
2008 9 21.7035599502043 10.1011879836376 346.6 55.697581229084 390 0
2008 10 13.2084446761554 2.43915301750263 255.1 130.87763769003 390 0
2008 11 6.53659576525197 -1.4792825127697 163.1 56.4307721340314 390 0
2008 12 0.957282584752002 -9.4347039361252 125 113.969615703354 390 0
2009 1 -5.7947418816954 -16.4057692633435 143.5 59.5112021907502 390 0
2009 2 -0.147122949433718 -11.3096144101444 209.8 51.5401125357623 390 0
2009 3 5.44554555303914 -6.20478168408236 301.6 56.3905846537493 390 0
2009 4 13.4309265518402 0.966365147431058 391.2 56.4787091238208 390 0
2009 5 18.8472529629995 6.51200410020623 461.6 135.756874045797 390 0
2009 6 22.1438373628244 11.551827461515 512.7 107.359475562562 390 0
2009 7 24.3732013163867 14.0256021982603 503.7 159.533157377164 390 0
2009 8 25.6273957359633 14.7276767533432 439.3 98.4478541906333 390 0
2009 9 20.7067922045474 8.18215645071134 346.6 69.9153151400894 390 0
2009 10 11.1467839447175 2.47197350368477 255.1 99.6345971788883 390 0
2009 11 10.356657816466 0.037366777179888 163.1 93.1512955941053 390 0
2009 12 -0.765945561278757 -8.71418556778118 125 88.703459638657 390 0
2010 1 -2.00660688552751 -9.90840539340229 143.5 57.7240261215147 390 0
2010 2 -0.810694621554202 -8.09185405901734 209.8 67.2338165018656 390 0
2010 3 8.12673659132754 -2.40475396677758 301.6 87.8610074781102 390 0
2010 4 15.2714383027309 2.8403035712203 391.2 90.7450362450339 390 0
2010 5 21.7362462166743 7.75143520086041 461.6 53.5647327633394 390 0
2010 6 23.3218593201542 12.4346936346574 512.7 144.251091332953 390 0
2010 7 27.9829802604561 16.5093633341338 503.7 93.7527521766379 390 0
2010 8 25.8333778287036 14.1705177869451 439.3 113.35235035232 390 0
2010 9 21.5870770006091 10.8863830651703 346.6 83.2451302941271 390 0
2010 10 13.3955221415195 3.35602867417119 255.1 219.739043511204 390 0
2010 11 6.90354245635486 -1.80819706401273 163.1 70.3499867558526 390 0
2010 12 -1.72904489738625 -9.23254259751666 125 101.419844670355 390 0
2011 1 -3.55358598696049 -12.7052842403358 143.5 53.8208306706073 390 0
2011 2 -1.53902014522533 -13.2139876191919 209.8 82.2238318584944 390 0
2011 3 3.35159062257122 -7.07179193855523 301.6 114.160710836748 390 0
2011 4 11.8570767339137 1.22343177399809 391.2 174.848226582628 390 0
2011 5 19.7530599992205 9.13391609944602 461.6 198.615085750089 390 0
2011 6 23.810686356422 12.4297175293384 512.7 109.786456937221 390 0
2011 7 27.9538215565245 15.5099809106713 503.7 78.3036008967231 390 0
2011 8 25.9278387325452 14.7000686779822 439.3 232.663902486237 390 0
2011 9 22.3054434006737 11.9365518283366 346.6 140.18310794692 390 0
2011 10 14.4306078223048 5.111888310954 255.1 100.037719060043 390 0
2011 11 10.9027275131228 0.454279578529472 163.1 44.8988068561032 390 0
2011 12 3.01668057529338 -5.9886674067942 125 75.5199294804838 390 0
2012 1 -0.30981061421473 -10.0716473178068 143.5 63.069179634375 390 0
2012 2 2.025140487915 -8.02685515840413 209.8 32.6639888576311 390 0
2012 3 10.6010902115332 -1.23218653194209 301.6 43.6121053950082 390 0
2012 4 12.5287476305607 1.06563709010617 391.2 84.0315392574465 390 0
2012 5 21.5964976921911 9.39694787407195 461.6 124.370563059458 390 0
2012 6 24.2431863479625 12.3542834734596 512.7 87.1108666205742 390 0
2012 7 27.9745236943578 14.9550292294622 503.7 89.5939667444762 390 0
2012 8 27.3511152493922 14.6198093807284 439.3 77.0165483760717 390 0
2012 9 21.4982129649123 9.09391697541886 346.6 139.913500845684 390 0
2012 10 15.3172720991403 5.7596288738157 255.1 134.362918134695 390 0
2012 11 6.49999059321485 -3.2548321665189 163.1 35.1243959835866 390 0
2012 12 1.89672762013689 -5.72399602787471 125 118.321690479559 390 0
2013 1 -1.39773082924478 -12.0071743996811 143.5 33.1115338927013 390 0
2013 2 -1.09799859966995 -10.3192585596474 209.8 41.631486001735 390 0
2013 3 3.62095507918337 -5.05852430421266 301.6 61.9922894619371 390 0
2013 4 11.7233275845899 -0.0966726847582936 391.2 58.8242081387015 390 0
2013 5 20.8329958528855 7.48779710908901 461.6 157.432186862576 390 0
2013 6 23.3885568781204 12.3701808092648 512.7 205.750845529278 390 0
2013 7 27.3387001944176 16.5852581125158 503.7 155.813866629303 390 0
2013 8 24.8575172927773 13.5565441846971 439.3 75.1794075448258 390 0
2013 9 20.1559053376976 8.9853412664561 346.6 107.974720042512 390 0
2013 10 15.4540449954148 4.50420377455492 255.1 56.4772734256957 390 0
2013 11 6.10201825487659 -3.62250281032974 163.1 94.4683621313254 390 0
2013 12 -0.93995390067138 -9.53590596130105 125 80.0739772042061 390 0
2014 1 -7.1836767 -18.726896 143.5 49.2489839 399 0
2014 2 -3.0259306 -15.199044 209.8 65.701485475 399.92 0
2014 3 4.140477 -6.327288 301.6 80.945557 400.9 0
2014 4 12.140376 0.6694879 391.2 109.35267 402.36 0
2014 5 18.465837 5.86455 461.6 158.772266 402.9 0
2014 6 25.657402 12.736408 512.7 103.942638 402.35 0
2014 7 27.897621 15.754595 503.7 104.1891307 400.83 0
2014 8 27.779331 14.407678 439.3 92.709344 398.24 0
2014 9 21.188282 10.3945 346.6 111.120765 397.24 0
2014 10 13.814526 3.1985724 255.1 89.7513395 397.1 0
2014 11 5.4745483 -2.7495975 163.1 108.212241 398.53 0
2014 12 2.9592402 -5.5829754 125 60.4805164 399.74 0
2015 1 -2.0905142 -11.5332985 143.5 79.6186082 401.63 0
2015 2 3.8048327 -6.221874 209.8 108.02524845 402.55 0
2015 3 6.696786 -3.7217596 301.6 120.172957 403.53 0
2015 4 12.4401245 1.3331839 391.2 78.590919 404.99 0
2015 5 23.603468 11.422007 461.6 118.9557544 405.53 0
2015 6 25.686647 12.837891 512.7 108.998931 404.98 0
2015 7 28.57603 15.167735 503.7 110.7697332 403.46 0
2015 8 27.179594 14.780386 439.3 146.0597116 400.87 0
2015 9 23.824394 9.566395 346.6 80.779788 399.87 0
2015 10 15.195331 4.1416736 255.1 82.6184813 399.73 0
2015 11 9.368052 0.62941396 163.1 54.979971 401.16 0
2015 12 -3.137224 -14.755285 125 79.1127192 402.37 0
2016 1 -3.0557904 -13.750296 143.5 85.2513733 404.33 0
2016 2 -2.1232498 -12.113921 209.8 63.55780485 405.25 0
2016 3 6.581031 -4.083829 301.6 75.898199 406.23 0
2016 4 10.135448 -0.24340296 391.2 93.61923 407.69 0
2016 5 19.437777 7.457778 461.6 148.876012 408.23 0
2016 6 26.033289 13.223031 512.7 129.042735 407.68 0
2016 7 28.867105 15.722149 503.7 108.368591 406.16 0
2016 8 28.50185 14.00086 439.3 58.4161923 403.57 0
2016 9 21.849302 9.806605 346.6 121.72347 402.57 0
2016 10 14.092428 4.030336 255.1 78.6196735 402.43 0
2016 11 7.899305 -0.0754654 163.1 189.349665 403.86 0
2016 12 6.345131 -3.4375598 125 93.5319817 405.07 0
2017 1 2.8275604 -5.805275 143.5 79.0308916 407.1 0
2017 2 0.8812747 -9.922967 209.8 46.259225275 408.02 0
2017 3 9.544443 -1.7766204 301.6 73.0259405 409 0
2017 4 15.32948 3.7142396 391.2 100.069092 410.46 0
2017 5 18.447445 4.5856256 461.6 105.3378977 411 0
2017 6 24.962568 12.314854 512.7 117.735879 410.45 0
2017 7 27.633242 15.417524 503.7 120.4768686 408.93 0
2017 8 26.192022 13.8213415 439.3 102.9148912 406.34 0
2017 9 21.242714 9.914282 346.6 83.214312 405.34 0
2017 10 14.528672 3.2246025 255.1 63.100221 405.2 0
2017 11 9.522112 0.59872955 163.1 96.69387 406.63 0
2017 12 0.9834091 -8.342601 125 75.0989291 407.84 0
2018 1 -3.1773443 -13.295231 143.5 70.346254 409.93 0
2018 2 5.1374407 -5.696434 209.8 52.783777475 410.85 0
2018 3 8.069148 -3.473945 301.6 41.1734405 411.83 0
2018 4 10.807415 -0.33330488 391.2 87.699939 413.29 0
2018 5 18.076065 5.0106654 461.6 105.6924726 413.83 0
2018 6 25.7611 12.464104 512.7 69.959349 413.28 0
2018 7 27.198492 15.159491 503.7 147.6736956 411.76 0
2018 8 27.660616 15.797932 439.3 148.377997 409.17 0
2018 9 21.189991 8.361525 346.6 102.73842 408.17 0
2018 10 16.95512 4.0335426 255.1 68.2315766 408.03 0
2018 11 9.890811 0.3006841 163.1 93.156744 409.46 0
2018 12 2.4669406 -6.517493 125 32.8144579 410.67 0
2019 1 -3.6692421 -12.984852 143.5 41.7582741 412.82 0
2019 2 5.587749 -4.996264 209.8 46.936202625 413.74 0
2019 3 8.846903 -2.299386 301.6 76.6623366 414.72 0
2019 4 13.220758 0.87279177 391.2 79.95078 416.18 0
2019 5 19.581285 6.3061557 461.6 170.510943 416.72 0
2019 6 25.550966 13.056779 512.7 121.57293 416.17 0
2019 7 27.50557 15.565638 503.7 127.4223163 414.65 0
2019 8 25.28701 14.868038 439.3 164.1404647 412.06 0
2019 9 22.204098 10.569558 346.6 61.1373 411.06 0
2019 10 18.87612 7.4265213 255.1 76.9032748 410.92 0
2019 11 10.41433 0.5823722 163.1 159.414798 412.35 0
2019 12 2.5648715 -6.74415 125 113.7789094 413.56 0
2020 1 -3.66672 -12.3660345 143.5 29.1425761 415.78 0
2020 2 -1.8643944 -14.611456 209.8 60.78534985 416.7 0
2020 3 7.0041347 -4.681804 301.6 109.2235772 417.68 0
2020 4 13.673782 -0.37272674 391.2 63.959664 419.14 0
2020 5 20.911139 6.350282 461.6 95.2693767 419.68 0
2020 6 25.817139 13.565959 512.7 119.5254 419.13 0
2020 7 27.434565 16.18504 503.7 144.0331517 417.61 0
2020 8 28.334856 14.77989 439.3 77.201315 415.02 0
2020 9 21.441666 9.707814 346.6 192.334815 414.02 0
2020 10 16.94389 2.8558943 255.1 16.0914831 413.88 0
2020 11 10.336522 1.8876802 163.1 117.32079 415.31 0
2020 12 6.0095787 -2.4427807 125 50.7870458 416.52 0
2021 1 0.0840164 -8.885417 143.5 18.6735754 418.8 0
2021 2 2.9107032 -5.997841 209.8 62.192262 419.72 0
2021 3 9.063818 -2.0856223 301.6 54.407511 420.7 0
2021 4 15.028565 2.1092193 391.2 108.612678 422.16 0
2021 5 24.355366 10.090038 461.6 59.5855743 422.7 0
2021 6 27.305603 14.948621 512.7 127.71051 422.15 0
2021 7 28.87858 15.530178 503.7 87.0042621 420.63 0
2021 8 25.876833 14.858007 439.3 141.353521 418.04 0
2021 9 19.875158 9.665678 346.6 114.885198 417.04 0
2021 10 17.296154 4.9641685 255.1 77.2008934 416.9 0
2021 11 10.400153 -0.5631571 163.1 112.841535 418.33 0
2021 12 4.089904 -5.458663 125 126.596963 419.54 0
2022 1 -1.4361149 -11.186753 143.5 125.0929174 421.86 0
2022 2 0.09462215 -10.850069 209.8 54.89254675 422.78 0
2022 3 8.611511 -1.0923569 301.6 81.3795663 423.76 0
2022 4 14.962426 2.2839155 391.2 55.295544 425.22 0
2022 5 23.07639 8.135899 461.6 58.3044187 425.76 0
2022 6 26.86926 14.363292 512.7 146.316591 425.21 0
2022 7 28.42714 15.179627 503.7 88.8487559 423.69 0
2022 8 26.319487 13.991978 439.3 123.724255 421.1 0
2022 9 23.28838 11.016161 346.6 105.783018 420.1 0
2022 10 16.627882 3.1004233 255.1 66.8449094 419.96 0
2022 11 8.48176 -0.25868303 163.1 108.16932 421.39 0
2022 12 2.1194012 -4.7924414 125 107.9999917 422.6 0
2023 1 0.09179876 -9.886891 143.5 90.044925 424.99 0
2023 2 0.8704387 -11.714789 209.8 53.9197806 425.91 0
2023 3 7.81721 -3.9313803 301.6 45.6291542 426.89 0
2023 4 15.286381 3.7977617 391.2 108.670842 428.35 0
2023 5 23.525513 9.489936 461.6 119.8361606 428.89 0
2023 6 27.392267 13.451712 512.7 90.754773 428.34 0
2023 7 27.815996 15.593447 503.7 146.1690393 426.82 0
2023 8 27.243196 14.68585 439.3 84.0451292 424.23 0
2023 9 24.060804 10.002539 346.6 66.016866 423.23 0
2023 10 18.035734 7.1568923 255.1 59.8681393 423.09 0
2023 11 10.551396 1.5391755 163.1 119.050134 424.52 0
2023 12 1.9368232 -6.645046 125 32.6246635 425.73 0
2024 1 -2.666464 -11.364352 143.5 54.3138941 428.2 0
2024 2 2.4979682 -7.457443 209.8 54.883874 429.12 0
2024 3 6.465689 -3.2865205 301.6 109.8639442 430.1 0
2024 4 13.223164 1.7922966 391.2 94.167567 431.56 0
2024 5 19.395304 8.802292 461.6 152.36376 432.1 0
2024 6 26.48537 13.798621 512.7 109.554006 431.55 0
2024 7 28.942476 17.177542 503.7 126.7026885 430.03 0
2024 8 30.010176 16.685987 439.3 70.2198887 427.44 0
2024 9 23.088762 9.325347 346.6 115.975578 426.44 0
2024 10 18.494259 6.069772 255.1 132.6852824 426.3 0
2024 11 10.226098 1.1043586 163.1 169.40112 427.73 0
2024 12 7.431237 -1.6545122 125 73.4655236 428.94 0
2025 1 4.1409135 -5.2600193 143.5 25.64041 431.47 0
2025 2 1.0666609 -10.219004 209.8 69.0091226 432.39 0
2025 3 8.661065 -2.0683413 301.6 79.0346705 433.37 0
2025 4 11.362081 0.7387975 391.2 149.97144 434.83 0
2025 5 22.85891 8.494488 461.6 129.722507 435.37 0
2025 6 23.84363 10.947771 512.7 59.437833 434.82 0
2025 7 25.28691 13.020177 503.7 141.4696346 433.3 0
2025 8 27.62129 14.868252 439.3 129.261661 430.71 0
2025 9 22.389042 10.746652 346.6 121.70478 429.71 0
2025 10 15.475505 4.9706655 255.1 137.0906614 429.57 0
2025 11 8.255217 -1.1822197 163.1 101.87874 431 0
2025 12 0.4172789 -12.301449 125 86.537027 432.21 0
2026 1 -0.8092352 -10.733991 143.5 91.0528187 434.83 0
2026 2 2.861102 -9.305194 209.8 15.4844513025 435.75 0
2026 3 7.541176 -3.2796474 301.6 76.929879 436.73 0
2026 4 15.761084 2.408749 391.2 96.936465 438.19 0
2026 5 21.504498 10.14628 461.6 108.816665 438.73 0
2026 6 25.889788 15.192256 512.7 206.257695 438.18 0
2026 7 28.387917 15.783819 503.7 93.2484092 436.66 0
2026 8 27.091032 17.59401 439.3 130.117447 434.07 0
2026 9 22.487831 10.406097 346.6 126.96444 433.07 0
2026 10 18.470654 7.100142 255.1 88.8806394 432.93 0
2026 11 10.577881 0.2020305 163.1 94.444005 434.36 0
2026 12 4.1180515 -5.1065316 125 82.6894992 435.57 0
2027 1 -1.5137889 -12.375913 143.5 31.9581046 438.24 0
2027 2 5.4703918 -5.432768 209.8 56.146143325 439.16 0
2027 3 9.659051 -3.3768828 301.6 28.51833003 440.14 0
2027 4 14.272937 1.323345 391.2 122.44854 441.6 0
2027 5 20.860163 7.3807077 461.6 118.1732865 442.14 0
2027 6 26.281767 13.083346 512.7 202.91055 441.59 0
2027 7 29.599155 17.10318 503.7 94.4950184 440.07 0
2027 8 28.794476 15.630935 439.3 106.940979 437.48 0
2027 9 24.88097 12.397134 346.6 90.099672 436.48 0
2027 10 17.5511 5.117483 255.1 89.5298786 436.34 0
2027 11 10.973858 0.16895567 163.1 91.995069 437.77 0
2027 12 5.4280615 -2.8698518 125 89.817974 438.98 0
2028 1 1.331072 -9.263008 143.5 102.4837463 441.72 0
2028 2 -1.2040147 -12.712907 209.8 53.803879325 442.64 0
2028 3 6.064643 -5.349038 301.6 58.5052925 443.62 0
2028 4 16.374659 3.4437745 391.2 49.516623 445.08 0
2028 5 23.332369 7.965722 461.6 60.8587567 445.62 0
2028 6 29.131111 13.31856 512.7 55.681956 445.07 0
2028 7 27.908766 14.8063545 503.7 114.8644364 443.55 0
2028 8 29.134785 15.30608 439.3 67.0413626 440.96 0
2028 9 23.721518 10.882281 346.6 101.44536 439.96 0
2028 10 14.408809 3.4124336 255.1 91.8382502 439.82 0
2028 11 9.432846 -0.25020716 163.1 132.519879 441.25 0
2028 12 1.280308 -7.7243557 125 91.7802678 442.46 0
2029 1 -7.2836742 -19.269712 143.5 84.582694 445.25 0
2029 2 -4.7120895 -16.710407 209.8 47.1805962 446.17 0
2029 3 7.9518676 -2.8141968 301.6 78.030193 447.15 0
2029 4 16.547306 4.439909 391.2 92.466573 448.61 0
2029 5 20.949476 10.555359 461.6 205.7629526 449.15 0
2029 6 26.54676 13.121427 512.7 126.69873 448.6 0
2029 7 28.410511 17.043234 503.7 148.3889183 447.08 0
2029 8 27.759306 14.677756 439.3 83.1452953 444.49 0
2029 9 25.312284 13.980717 346.6 98.038209 443.49 0
2029 10 21.276688 11.227587 255.1 172.247811 443.35 0
2029 11 7.022066 -1.5143571 163.1 78.278475 444.78 0
2029 12 2.7044172 -4.3146014 125 76.6397066 445.99 0
2030 1 -2.4728715 -13.369214 143.5 61.6698531 448.83 0
2030 2 0.43861726 -9.44239 209.8 82.462272625 449.75 0
2030 3 6.266862 -3.3094578 301.6 84.2500764 450.73 0
2030 4 14.024323 2.127208 391.2 58.409847 452.19 0
2030 5 23.63504 8.409954 461.6 85.4645603 452.73 0
2030 6 26.579344 13.441753 512.7 100.339938 452.18 0
2030 7 29.923717 16.63357 503.7 80.5724131 450.66 0
2030 8 27.217335 14.127121 439.3 150.3873643 448.07 0
2030 9 23.659172 12.651843 346.6 86.840571 447.07 0
2030 10 16.270788 4.240486 255.1 45.885704 446.93 0
2030 11 10.281796 0.9407296 163.1 160.76763 448.36 0
2030 12 0.3171711 -6.160852 125 65.8318356 449.57 0
2031 1 -1.9458799 -13.288211 143.5 48.7751024 452.47 0
2031 2 1.2166536 -10.419996 209.8 31.798055925 453.39 0
2031 3 9.718612 -0.916846 301.6 57.0496286 454.37 0
2031 4 10.564921 -0.39921406 391.2 140.874525 455.83 0
2031 5 20.050423 6.768243 461.6 65.4001358 456.37 0
2031 6 28.165081 12.684066 512.7 33.178023 455.82 0
2031 7 28.51466 16.347633 503.7 105.725221 454.3 0
2031 8 26.550156 14.045982 439.3 84.3342724 451.71 0
2031 9 23.373556 12.119508 346.6 115.153671 450.71 0
2031 10 16.559324 3.7690513 255.1 21.6531063 450.57 0
2031 11 9.523987 -0.9415863 163.1 128.30361 452 0
2031 12 2.8725984 -5.1294513 125 64.9154725 453.21 0
2032 1 -5.4031677 -18.324308 143.5 20.22450385 456.18 0
2032 2 0.6417519 -10.824028 209.8 73.020235575 457.1 0
2032 3 6.6917777 -3.4837856 301.6 64.4044313 458.08 0
2032 4 14.1331415 1.7306978 391.2 90.298554 459.54 0
2032 5 22.678743 7.8821707 461.6 106.540149 460.08 0
2032 6 26.354277 13.145428 512.7 68.647005 459.53 0
2032 7 28.359222 16.146305 503.7 88.2370267 458.01 0
2032 8 28.328224 17.347713 439.3 134.1793708 455.42 0
2032 9 22.623713 9.048908 346.6 88.902069 454.42 0
2032 10 16.275934 4.9970284 255.1 76.213934 454.28 0
2032 11 5.7356386 -2.1930385 163.1 117.504258 455.71 0
2032 12 0.8754632 -7.5279527 125 82.5992768 456.92 0
2033 1 -6.703389 -18.434317 143.5 82.4372088 459.96 0
2033 2 0.476388 -10.234826 209.8 43.7769684 460.88 0
2033 3 4.317331 -7.3485875 301.6 51.5258161 461.86 0
2033 4 13.096707 0.5320766 391.2 91.39857 463.32 0
2033 5 21.259798 10.743729 461.6 142.960499 463.86 0
2033 6 25.136633 12.285251 512.7 120.171534 463.31 0
2033 7 28.401024 14.223565 503.7 56.7061982 461.79 0
2033 8 27.280632 13.722029 439.3 70.403108 459.2 0
2033 9 23.001368 10.578962 346.6 120.871569 458.2 0
2033 10 16.701496 5.6566873 255.1 89.309481 458.06 0
2033 11 9.075205 -0.14889199 163.1 174.263376 459.49 0
2033 12 2.2424371 -6.9001994 125 42.201974 460.7 0
2034 1 0.9843757 -10.136752 143.5 27.1179134 463.85 0
2034 2 1.6488377 -9.137498 209.8 67.528831075 464.77 0
2034 3 7.35277 -2.628695 301.6 90.3824623 465.75 0
2034 4 13.683545 2.805786 391.2 89.187807 467.21 0
2034 5 20.838934 9.719602 461.6 143.9775873 467.75 0
2034 6 27.64928 13.478519 512.7 106.439274 467.2 0
2034 7 29.507128 16.335337 503.7 89.4439218 465.68 0
2034 8 27.30665 15.2503605 439.3 137.573846 463.09 0
2034 9 21.87989 10.272516 346.6 114.962355 462.09 0
2034 10 19.443216 5.3012705 255.1 53.0551112 461.95 0
2034 11 10.209836 1.9878602 163.1 89.325729 463.38 0
2034 12 3.954241 -4.9682913 125 52.3233903 464.59 0
2035 1 3.6953359 -5.837738 143.5 58.8375536 467.85 0
2035 2 6.8985286 -3.9249103 209.8 63.1594855 468.77 0
2035 3 9.016898 -2.1533232 301.6 50.3418455 469.75 0
2035 4 13.595641 0.5995434 391.2 102.516054 471.21 0
2035 5 22.785078 7.49023 461.6 73.20774 471.75 0
2035 6 28.352898 13.982988 512.7 56.449806 471.2 0
2035 7 34.695076 17.295902 503.7 56.5038581 469.68 0
2035 8 31.759825 15.007361 439.3 48.4425592 467.09 0
2035 9 27.416044 13.653131 346.6 87.738069 466.09 0
2035 10 15.588317 4.1797476 255.1 70.802047 465.95 0
2035 11 9.18294 0.76237696 163.1 145.360251 467.38 0
2035 12 5.9927754 -3.4515016 125 150.6021633 468.59 0
2036 1 -1.8296891 -12.089495 143.5 48.7691008 471.96 0
2036 2 0.4725352 -9.378125 209.8 32.9821462 472.88 0
2036 3 5.098874 -6.2973804 301.6 71.6006349 473.86 0
2036 4 13.916387 2.2301567 391.2 102.56361 475.32 0
2036 5 23.761734 10.543082 461.6 90.6291975 475.86 0
2036 6 24.183853 13.515481 512.7 199.626975 475.31 0
2036 7 28.072573 15.006587 503.7 97.931914 473.79 0
2036 8 28.15162 15.039983 439.3 124.8429117 471.2 0
2036 9 22.786423 12.174708 346.6 141.468072 470.2 0
2036 10 18.983429 8.241686 255.1 148.795722 470.06 0
2036 11 8.603457 -0.7644127 163.1 129.382581 471.49 0
2036 12 5.9452915 -3.5938041 125 39.3176596 472.7 0
2037 1 -0.15077884 -10.67531 143.5 85.6970076 476.18 0
2037 2 2.8902698 -5.3862967 209.8 108.443989725 477.1 0
2037 3 7.699 -3.772284 301.6 56.7043661 478.08 0
2037 4 16.651478 3.0924592 391.2 37.786803 479.54 0
2037 5 21.290733 9.634759 461.6 164.89737 480.08 0
2037 6 27.19557 13.827751 512.7 119.537694 479.53 0
2037 7 30.222 17.900259 503.7 102.8158524 478.01 0
2037 8 29.564207 15.062184 439.3 72.7881922 475.42 0
2037 9 24.01821 13.556055 346.6 107.564691 474.42 0
2037 10 16.621647 4.918082 255.1 55.3252319 474.28 0
2037 11 6.6734715 -0.30250162 163.1 197.48832 475.71 0
2037 12 0.49827418 -8.5423155 125 58.0215251 476.92 0
2038 1 -0.8555199 -10.984161 143.5 107.7644289 480.51 0
2038 2 3.791905 -6.4291816 209.8 15.57886365 481.43 0
2038 3 8.910813 -2.6837666 301.6 78.9978859 482.41 0
2038 4 16.235891 2.839608 391.2 88.720959 483.87 0
2038 5 20.949503 7.552826 461.6 144.2215635 484.41 0
2038 6 27.170034 13.674702 512.7 98.934861 483.86 0
2038 7 30.774147 17.623713 503.7 88.2232782 482.34 0
2038 8 27.862066 15.839198 439.3 90.1627374 479.75 0
2038 9 23.769014 9.182564 346.6 94.53786 478.75 0
2038 10 20.577179 7.1885753 255.1 68.63214 478.61 0
2038 11 10.008248 1.3222722 163.1 131.591049 480.04 0
2038 12 2.5139363 -5.862614 125 46.2229716 481.25 0
2039 1 -4.1425304 -13.455637 143.5 55.5163376 484.93 0
2039 2 8.126604 -2.060504 209.8 88.530666425 485.85 0
2039 3 6.8597155 -4.4651074 301.6 101.9420306 486.83 0
2039 4 16.826239 4.9689994 391.2 112.195251 488.29 0
2039 5 21.002998 5.9526105 461.6 67.4023142 488.83 0
2039 6 27.863808 14.446589 512.7 75.61305 488.28 0
2039 7 29.127234 15.546435 503.7 83.1917612 486.76 0
2039 8 27.91071 16.147566 439.3 131.99924 484.17 0
2039 9 26.155352 12.395205 346.6 51.26997 483.17 0
2039 10 16.60669 5.0571346 255.1 71.1243137 483.03 0
2039 11 9.316326 0.35339972 163.1 55.526691 484.46 0
2039 12 -0.3964989 -12.931601 125 62.764026 485.67 0
2040 1 0.7138572 -9.119616 143.5 61.5167472 489.44 0
2040 2 5.342335 -3.8952441 209.8 50.053477125 490.36 0
2040 3 9.465991 -2.183737 301.6 64.1206046 491.34 0
2040 4 15.356546 1.9337734 391.2 57.148626 492.8 0
2040 5 21.025476 6.4070506 461.6 79.3402065 493.34 0
2040 6 28.432184 13.332841 512.7 69.477018 492.79 0
2040 7 28.074055 15.605572 503.7 95.297069 491.27 0
2040 8 28.979195 14.790577 439.3 98.7968822 488.68 0
2040 9 25.932535 14.443908 346.6 70.7298 487.68 0
2040 10 18.329659 7.214354 255.1 203.397913 487.54 0
2040 11 9.936671 0.3356635 163.1 46.324776 488.97 0
2040 12 -1.9536421 -10.081334 125 98.9523224 490.18 0
2041 1 -2.128214 -9.798676 143.5 96.5357918 494.03 0
2041 2 1.171704 -8.423494 209.8 49.05251465 494.95 0
2041 3 10.01117 -0.4923401 301.6 66.4966027 495.93 0
2041 4 12.945944 0.55265725 391.2 93.982644 497.39 0
2041 5 19.315115 4.08154 461.6 107.1266814 497.93 0
2041 6 27.721111 13.69797 512.7 92.877852 497.38 0
2041 7 29.42148 17.711046 503.7 162.105293 495.86 0
2041 8 27.649483 14.925751 439.3 66.9886502 493.27 0
2041 9 22.376352 12.556968 346.6 181.915212 492.27 0
2041 10 15.224055 4.6373367 255.1 63.6065037 492.13 0
2041 11 9.1584635 0.6619858 163.1 97.773822 493.56 0
2041 12 1.6323025 -8.319062 125 70.9649892 494.77 0
2042 1 -4.444024 -16.450264 143.5 88.9550363 498.73 0
2042 2 3.3851283 -6.450472 209.8 110.99113685 499.65 0
2042 3 5.0470724 -5.7304287 301.6 83.1504444 500.63 0
2042 4 17.211412 4.2737274 391.2 59.603706 502.09 0
2042 5 24.69328 8.668669 461.6 37.5252334 502.63 0
2042 6 28.397211 13.626021 512.7 115.665759 502.08 0
2042 7 28.44188 17.744144 503.7 143.1957394 500.56 0
2042 8 27.66085 17.029276 439.3 154.759874 497.97 0
2042 9 24.231993 12.2608 346.6 61.799784 496.97 0
2042 10 20.407385 7.216726 255.1 77.5423646 496.83 0
2042 11 9.108081 0.68276876 163.1 108.385842 498.26 0
2042 12 2.8046792 -4.2614784 125 41.3545828 499.47 0
2043 1 5.927561 -1.4109763 143.5 141.9743053 503.53 0
2043 2 6.8524632 -2.887624 209.8 57.306043125 504.45 0
2043 3 9.237475 -1.9232957 301.6 38.0609165 505.43 0
2043 4 12.986608 2.3196712 391.2 163.38174 506.89 0
2043 5 23.41024 9.57287 461.6 102.6939883 507.43 0
2043 6 29.136831 14.3394165 512.7 57.632214 506.88 0
2043 7 29.12974 15.655475 503.7 113.1000187 505.36 0
2043 8 26.595276 12.157231 439.3 45.7898551 502.77 0
2043 9 26.477587 10.730143 346.6 49.097025 501.77 0
2043 10 15.679352 4.9456306 255.1 101.8659194 501.63 0
2043 11 6.8858075 -0.8980046 163.1 164.88426 503.06 0
2043 12 4.607632 -3.0303524 125 31.9663444 504.27 0
2044 1 3.0298908 -7.1792297 143.5 48.5089054 508.43 0
2044 2 5.6268716 -2.3863184 209.8 88.10410555 509.35 0
2044 3 5.618524 -5.4419465 301.6 71.3808263 510.33 0
2044 4 13.657961 3.111349 391.2 166.79985 511.79 0
2044 5 23.511951 11.3917675 461.6 174.6140534 512.33 0
2044 6 28.32338 14.173833 512.7 78.656952 511.78 0
2044 7 29.946795 16.84558 503.7 93.3719504 510.26 0
2044 8 27.518442 14.878235 439.3 68.5646437 507.67 0
2044 9 21.819313 10.879823 346.6 150.175782 506.67 0
2044 10 16.490616 5.0917516 255.1 151.0665805 506.53 0
2044 11 9.202882 -0.64818186 163.1 75.898284 507.96 0
2044 12 7.223971 -1.3372792 125 151.816455 509.17 0
2045 1 6.4440975 -2.15251 143.5 104.1685126 513.46 0
2045 2 -0.24959905 -9.16604 209.8 72.40934345 514.38 0
2045 3 4.4426394 -5.8713546 301.6 97.24421 515.36 0
2045 4 14.108725 0.73808247 391.2 76.023324 516.82 0
2045 5 23.583107 11.0728 461.6 122.639658 517.36 0
2045 6 27.367496 14.140566 512.7 111.202956 516.81 0
2045 7 29.854925 16.712725 503.7 108.2083148 515.29 0
2045 8 27.613352 14.654598 439.3 151.93596 512.7 0
2045 9 26.29135 14.462878 346.6 90.053493 511.7 0
2045 10 19.292595 5.2458053 255.1 31.8253037 511.56 0
2045 11 9.5894575 0.018607887 163.1 47.008101 512.99 0
2045 12 6.399268 -0.28035575 125 75.6149675 514.2 0
2046 1 2.0452633 -7.9336157 143.5 77.7052107 518.61 0
2046 2 4.5209694 -5.772918 209.8 103.337011225 519.53 0
2046 3 9.45038 -1.8907439 301.6 57.8697832 520.51 0
2046 4 18.014795 3.7356164 391.2 76.677546 521.97 0
2046 5 22.486563 7.5421705 461.6 54.7297746 522.51 0
2046 6 28.12567 13.821433 512.7 41.770401 521.96 0
2046 7 29.4373 17.225069 503.7 151.220666 520.44 0
2046 8 28.762323 16.324146 439.3 145.9047674 517.85 0
2046 9 23.252022 10.433848 346.6 57.82122 516.85 0
2046 10 17.085907 5.086916 255.1 51.4692783 516.71 0
2046 11 7.315094 -1.1308236 163.1 76.327008 518.14 0
2046 12 7.6508894 -0.10142582 125 194.785648 519.35 0
2047 1 4.6985297 -4.6925564 143.5 57.2186313 523.9 0
2047 2 6.4821696 -2.6366336 209.8 77.950877575 524.82 0
2047 3 9.4291725 -2.0955415 301.6 99.056222 525.8 0
2047 4 14.279313 2.423214 391.2 104.366934 527.26 0
2047 5 22.09406 8.19494 461.6 107.8975677 527.8 0
2047 6 29.767984 16.27474 512.7 129.680142 527.25 0
2047 7 30.935263 18.073704 503.7 74.1189912 525.73 0
2047 8 29.377892 18.086481 439.3 121.0153231 523.14 0
2047 9 23.790634 13.888578 346.6 159.99423 522.14 0
2047 10 20.840122 6.00656 255.1 59.7767451 522 0
2047 11 10.315668 1.7495481 163.1 119.778249 523.43 0
2047 12 0.8193305 -4.6793475 125 166.593907 524.64 0
2048 1 -4.4686847 -14.439684 143.5 18.0884783 529.32 0
2048 2 1.8679775 -8.825418 209.8 50.383781775 530.24 0
2048 3 6.754817 -4.95623 301.6 40.2482641 531.22 0
2048 4 15.414432 2.6961734 391.2 107.887344 532.68 0
2048 5 23.305819 9.655566 461.6 81.4014895 533.22 0
2048 6 27.151234 14.213817 512.7 90.310794 532.67 0
2048 7 29.218704 16.515347 503.7 109.969772 531.15 0
2048 8 30.497982 18.349373 439.3 90.7262461 528.56 0
2048 9 24.903671 12.072633 346.6 105.487869 527.56 0
2048 10 17.421083 5.5084133 255.1 84.0990537 527.42 0
2048 11 9.769815 1.4216704 163.1 175.136748 528.85 0
2048 12 6.5637407 -0.91034114 125 65.6177341 530.06 0
2049 1 0.2503361 -8.651924 143.5 76.0363722 534.88 0
2049 2 2.3883626 -7.7533746 209.8 76.374101 535.8 0
2049 3 7.054513 -4.8802915 301.6 73.9979796 536.78 0
2049 4 15.307107 3.1732595 391.2 81.199164 538.24 0
2049 5 17.924185 7.409876 461.6 81.0991155 538.78 0
2049 6 26.610289 14.312306 512.7 128.44269 538.23 0
2049 7 27.9423 15.7575245 503.7 137.202621 536.71 0
2049 8 27.069511 15.909729 439.3 157.050557 534.12 0
2049 9 24.600477 12.547798 346.6 116.19021 533.12 0
2049 10 16.885498 8.023992 255.1 110.808477 532.98 0
2049 11 11.201509 2.6832206 163.1 107.579442 534.41 0
2049 12 8.584492 -0.20457128 125 166.73939 535.62 0
2050 1 0.5010964 -9.055852 143.5 51.4576254 540.54 0
2050 2 4.6376023 -5.7776356 209.8 54.633802175 541.46 0
2050 3 10.585317 -1.4642936 301.6 77.198339 542.44 0
2050 4 17.200247 3.7190855 391.2 71.912499 543.9 0
2050 5 25.834694 9.833194 461.6 87.4810855 544.44 0
2050 6 27.486275 14.507928 512.7 108.710469 543.89 0
2050 7 30.76076 16.594152 503.7 73.6641933 542.37 0
2050 8 30.865261 16.308525 439.3 93.0252774 539.78 0
2050 9 22.692091 9.358552 346.6 58.478037 538.78 0
2050 10 19.373875 8.048586 255.1 100.3990397 538.64 0
2050 11 12.261638 2.0043097 163.1 147.446979 540.07 0
2050 12 4.658259 -3.68782 125 45.8009128 541.28 0
2051 1 -1.0831239 -11.755903 143.5 38.3230711 546.32 0
2051 2 -0.32151064 -10.399871 209.8 51.484317025 547.24 0
2051 3 9.314959 -1.5129659 301.6 81.2612238 548.22 0
2051 4 14.205239 2.254447 391.2 57.51876 549.68 0
2051 5 24.985699 11.022512 461.6 150.120135 550.22 0
2051 6 24.241905 12.056886 512.7 143.679999 549.67 0
2051 7 28.238611 16.35541 503.7 111.9990134 548.15 0
2051 8 27.197163 13.582224 439.3 123.1137193 545.56 0
2051 9 25.775478 12.413752 346.6 92.949165 544.56 0
2051 10 17.712578 5.9243064 255.1 43.8043733 544.42 0
2051 11 11.573018 1.242972 163.1 156.40533 545.85 0
2051 12 0.5738979 -6.595611 125 49.0429269 547.06 0
2052 1 3.671825 -6.951244 143.5 26.28073794 552.21 0
2052 2 2.339275 -8.783045 209.8 64.654755175 553.13 0
2052 3 11.095209 -0.18747126 301.6 49.8206921 554.11 0
2052 4 12.051611 0.7047581 391.2 104.830662 555.57 0
2052 5 23.114044 10.271368 461.6 239.212089 556.11 0
2052 6 28.27857 14.872264 512.7 67.209099 555.56 0
2052 7 29.938189 17.47935 503.7 132.311565 554.04 0
2052 8 30.473888 18.27964 439.3 138.5073335 551.45 0
2052 9 23.802132 11.873383 346.6 150.197181 550.45 0
2052 10 19.06115 5.5444884 255.1 68.7578295 550.31 0
2052 11 12.22802 2.785382 163.1 114.81132 551.74 0
2052 12 0.5210532 -9.621287 125 37.806391 552.95 0
2053 1 -1.3089266 -10.469934 143.5 61.651312 558.21 0
2053 2 7.27897 -3.709342 209.8 92.9601732 559.13 0
2053 3 8.798817 -2.7021341 301.6 82.6988426 560.11 0
2053 4 14.591232 1.6152186 391.2 116.850585 561.57 0
2053 5 22.233137 9.445365 461.6 128.472897 562.11 0
2053 6 26.899357 13.146727 512.7 87.21789 561.56 0
2053 7 30.045774 17.84311 503.7 135.107548 560.04 0
2053 8 29.578957 14.686607 439.3 69.3014331 557.45 0
2053 9 22.456455 12.7807665 346.6 230.91897 556.45 0
2053 10 17.271448 5.8198752 255.1 69.7977028 556.31 0
2053 11 9.1157465 0.027969975 163.1 45.984312 557.74 0
2053 12 5.268529 -2.7111266 125 69.2089229 558.95 0
2054 1 6.419067 -2.981754 143.5 110.2482016 564.31 0
2054 2 3.1201823 -7.6803894 209.8 65.9460429 565.23 0
2054 3 6.911759 -4.434643 301.6 61.097001 566.21 0
2054 4 14.648772 2.3158529 391.2 118.333818 567.67 0
2054 5 21.141768 8.659093 461.6 97.4289545 568.21 0
2054 6 29.02561 14.92144 512.7 129.35325 567.66 0
2054 7 30.004654 18.37878 503.7 129.71702 566.14 0
2054 8 29.57719 16.95262 439.3 99.5229487 563.55 0
2054 9 23.441582 10.823929 346.6 97.403769 562.55 0
2054 10 19.937428 6.3009386 255.1 80.995808 562.41 0
2054 11 11.361411 1.251514 163.1 117.873309 563.84 0
2054 12 7.9189634 -0.7651426 125 65.3755683 565.05 0
2055 1 5.1785107 -3.5518959 143.5 105.5134104 570.52 0
2055 2 1.3159171 -10.05796 209.8 31.425924325 571.44 0
2055 3 8.007797 -3.637156 301.6 44.5122955 572.42 0
2055 4 15.956095 3.2842255 391.2 115.671681 573.88 0
2055 5 25.680206 9.868404 461.6 37.6766467 574.42 0
2055 6 29.219223 16.3865 512.7 121.53522 573.87 0
2055 7 31.8676 18.097282 503.7 77.43025 572.35 0
2055 8 32.29959 19.217073 439.3 104.9522205 569.76 0
2055 9 26.30457 12.316456 346.6 87.102606 568.76 0
2055 10 17.112383 6.0184116 255.1 59.2629821 568.62 0
2055 11 13.667091 3.2223604 163.1 46.169592 570.05 0
2055 12 6.3226213 -1.1124833 125 83.149037 571.26 0
2056 1 1.8404608 -7.0967393 143.5 85.8606287 576.84 0
2056 2 1.9809809 -7.5704656 209.8 88.285897125 577.76 0
2056 3 8.357956 -3.3517992 301.6 52.6278475 578.74 0
2056 4 16.24755 2.849001 391.2 54.318564 580.2 0
2056 5 23.477365 9.630978 461.6 89.1955994 580.74 0
2056 6 27.357805 14.150352 512.7 103.312476 580.19 0
2056 7 30.756832 19.291216 503.7 149.2888886 578.67 0
2056 8 30.073305 17.53572 439.3 90.167716 576.08 0
2056 9 25.23984 12.659658 346.6 73.246944 575.08 0
2056 10 21.431828 6.577833 255.1 35.8221244 574.94 0
2056 11 11.384657 2.8013654 163.1 215.129499 576.37 0
2056 12 6.440149 -1.4025067 125 60.8188411 577.58 0
2057 1 -1.341745 -11.629023 143.5 87.9687713 583.3 0
2057 2 -2.3772507 -11.898669 209.8 96.879162925 584.22 0
2057 3 5.1345963 -6.516002 301.6 47.0950667 585.2 0
2057 4 16.534956 3.2586632 391.2 87.470268 586.66 0
2057 5 20.543873 9.368392 461.6 164.722282 587.2 0
2057 6 29.260393 15.1622925 512.7 102.996876 586.65 0
2057 7 31.777346 19.811058 503.7 118.7413367 585.13 0
2057 8 30.086336 16.274275 439.3 74.4412672 582.54 0
2057 9 24.58836 13.292126 346.6 111.24375 581.54 0
2057 10 15.684819 6.474379 255.1 146.765997 581.4 0
2057 11 11.703525 2.3769674 163.1 152.669649 582.83 0
2057 12 4.9814634 -1.8671063 125 72.7486827 584.04 0
2058 1 2.460062 -5.520278 143.5 59.6230905 589.91 0
2058 2 10.199586 -0.032154635 209.8 73.7822652 590.83 0
2058 3 7.738381 -4.2477765 301.6 59.5791759 591.81 0
2058 4 15.024102 1.510578 391.2 126.090675 593.27 0
2058 5 25.26209 11.524303 461.6 108.1677234 593.81 0
2058 6 28.008326 15.566348 512.7 130.44192 593.26 0
2058 7 30.821777 18.069286 503.7 88.525429 591.74 0
2058 8 30.713747 17.547522 439.3 100.2620786 589.15 0
2058 9 22.82823 12.485827 346.6 127.904019 588.15 0
2058 10 15.864148 2.8613765 255.1 64.0581427 588.01 0
2058 11 12.174577 2.5449553 163.1 58.262391 589.44 0
2058 12 4.638184 -2.8628926 125 68.1654722 590.65 0
2059 1 0.33529967 -7.838134 143.5 26.20861706 596.65 0
2059 2 -0.96045506 -13.447147 209.8 66.063077 597.57 0
2059 3 7.464257 -3.8343923 301.6 78.5915131 598.55 0
2059 4 18.013409 6.0175 391.2 115.620696 600.01 0
2059 5 21.667124 9.333408 461.6 114.571443 600.55 0
2059 6 28.472755 15.023074 512.7 149.00205 600 0
2059 7 31.336695 18.110361 503.7 114.7641545 598.48 0
2059 8 30.832243 17.870434 439.3 148.0228455 595.89 0
2059 9 25.15079 13.41919 346.6 84.716226 594.89 0
2059 10 15.3466 4.274128 255.1 45.3252302 594.75 0
2059 11 10.999202 2.8714733 163.1 78.34992 596.18 0
2059 12 7.3320417 -0.06688829 125 35.7639653 597.39 0
2060 1 2.8623712 -6.1280084 143.5 86.1319717 603.52 0
2060 2 3.4520314 -5.7311177 209.8 88.918951375 604.44 0
2060 3 10.298727 -0.5861621 301.6 72.0569456 605.42 0
2060 4 17.316973 4.0711985 391.2 85.50666 606.88 0
2060 5 23.960196 9.45608 461.6 80.1722155 607.42 0
2060 6 29.554144 14.89855 512.7 99.634359 606.87 0
2060 7 33.795265 18.49797 503.7 62.2330456 605.35 0
2060 8 30.470768 17.78485 439.3 127.7092213 602.76 0
2060 9 24.84294 13.36515 346.6 162.833418 601.76 0
2060 10 19.957436 5.5000052 255.1 28.49697196 601.62 0
2060 11 7.4136515 -0.0970434 163.1 58.071159 603.05 0
2060 12 1.0959413 -5.0419345 125 61.3304744 604.26 0
2061 1 0.40316385 -7.50389 143.5 103.0037961 610.52 0
2061 2 -2.306271 -13.739664 209.8 33.40752905 611.44 0
2061 3 5.01735 -5.7421618 301.6 73.4822357 612.42 0
2061 4 14.098401 1.5271827 391.2 87.31899 613.88 0
2061 5 21.200312 9.236727 461.6 102.3205747 614.42 0
2061 6 28.651743 15.187366 512.7 125.365362 613.87 0
2061 7 29.557362 17.083483 503.7 118.189515 612.35 0
2061 8 30.170954 17.780571 439.3 94.3730365 609.76 0
2061 9 25.050924 12.177577 346.6 77.11071 608.76 0
2061 10 17.974781 7.146615 255.1 201.7669906 608.62 0
2061 11 8.209756 0.8055361 163.1 95.226666 610.05 0
2061 12 2.650649 -4.4172697 125 41.1650333 611.26 0
2062 1 3.0632823 -5.7427216 143.5 83.6505488 617.61 0
2062 2 1.3520038 -8.8364935 209.8 95.883802425 618.53 0
2062 3 6.861827 -5.3254185 301.6 73.2700624 619.51 0
2062 4 16.73178 4.34958 391.2 111.888678 620.97 0
2062 5 26.094927 11.376818 461.6 78.5628505 621.51 0
2062 6 28.46392 14.537444 512.7 85.86294 620.96 0
2062 7 30.532537 17.31285 503.7 132.0035707 619.44 0
2062 8 30.745693 17.923975 439.3 151.889398 616.85 0
2062 9 27.231089 15.299898 346.6 123.1947 615.85 0
2062 10 18.123663 5.452742 255.1 52.061865 615.71 0
2062 11 11.095623 3.3555696 163.1 197.829738 617.14 0
2062 12 4.6996593 -3.6797523 125 123.6102897 618.35 0
2063 1 9.4694195 1.4153013 143.5 127.1757113 624.76 0
2063 2 5.3528523 -2.9051342 209.8 116.4539015 625.68 0
2063 3 9.263149 -1.7661977 301.6 76.127041 626.66 0
2063 4 17.365883 3.742233 391.2 64.786962 628.12 0
2063 5 29.411121 14.503762 461.6 64.582982 628.66 0
2063 6 29.40857 15.8954 512.7 101.051466 628.11 0
2063 7 31.40525 19.385084 503.7 110.6701891 626.59 0
2063 8 30.550653 18.28116 439.3 98.8707924 624 0
2063 9 29.836178 15.379812 346.6 46.994865 623 0
2063 10 20.599504 6.217358 255.1 33.7013276 622.86 0
2063 11 11.555769 2.7699177 163.1 127.675968 624.29 0
2063 12 8.267255 -0.6209257 125 33.1100398 625.5 0
2064 1 1.5978596 -6.776968 143.5 61.0489851 631.99 0
2064 2 -2.7313976 -14.264451 209.8 113.01776925 632.91 0
2064 3 6.7545586 -4.4990377 301.6 75.6176056 633.89 0
2064 4 15.9605665 2.7067053 391.2 81.788913 635.35 0
2064 5 25.70717 12.13659 461.6 115.7138364 635.89 0
2064 6 29.021864 15.067841 512.7 117.183336 635.34 0
2064 7 29.790411 18.178959 503.7 138.859478 633.82 0
2064 8 31.028515 20.10323 439.3 129.6213106 631.23 0
2064 9 24.328178 12.322075 346.6 101.24982 630.23 0
2064 10 22.723997 10.581803 255.1 45.715204 630.09 0
2064 11 8.6964 -0.003180484 163.1 124.142862 631.52 0
2064 12 8.376793 -0.1317741 125 109.0476863 632.73 0
2065 1 2.1509266 -6.1593165 143.5 134.0989413 639.29 0
2065 2 6.947292 -4.6715198 209.8 30.07396125 640.21 0
2065 3 8.077801 -2.9337676 301.6 71.1193847 641.19 0
2065 4 16.787191 4.693169 391.2 83.197359 642.65 0
2065 5 24.287518 10.314604 461.6 128.125449 643.19 0
2065 6 31.106346 17.31042 512.7 73.67961 642.64 0
2065 7 30.112413 17.789265 503.7 143.968619 641.12 0
2065 8 29.251425 18.137135 439.3 182.5218496 638.53 0
2065 9 24.912094 12.561037 346.6 203.06724 637.53 0
2065 10 18.141407 5.7373533 255.1 15.8068752 637.39 0
2065 11 10.251588 1.7789137 163.1 71.947752 638.82 0
2065 12 3.9401963 -4.295722 125 117.9394814 640.03 0
2066 1 0.6335417 -6.375102 143.5 97.353423 646.65 0
2066 2 4.405687 -7.253186 209.8 17.013531425 647.57 0
2066 3 11.017667 -1.2476891 301.6 48.721429 648.55 0
2066 4 14.46063 2.6554942 391.2 132.1182 650.01 0
2066 5 24.374937 10.116208 461.6 80.1098063 650.55 0
2066 6 27.74393 14.081323 512.7 88.678071 650 0
2066 7 31.297024 18.942112 503.7 147.3982637 648.48 0
2066 8 29.959028 17.94212 439.3 137.4942504 645.89 0
2066 9 24.70446 13.800044 346.6 111.59139 644.89 0
2066 10 18.531395 7.8665366 255.1 133.708208 644.75 0
2066 11 8.843277 0.67487913 163.1 117.69213 646.18 0
2066 12 0.9344404 -8.433166 125 72.1889715 647.39 0
2067 1 -0.49258468 -8.945067 143.5 65.1191611 654.1 0
2067 2 6.255623 -5.367972 209.8 16.516653475 655.02 0
2067 3 9.574685 -2.5860322 301.6 89.528992 656 0
2067 4 17.17608 5.180918 391.2 83.57406 657.46 0
2067 5 24.656233 11.118165 461.6 117.2907165 658 0
2067 6 29.058352 15.6095085 512.7 116.657016 657.45 0
2067 7 32.53708 19.736324 503.7 106.717469 655.93 0
2067 8 29.141441 17.690939 439.3 156.804851 653.34 0
2067 9 25.681295 12.699038 346.6 45.570204 652.34 0
2067 10 21.2987 9.086332 255.1 54.0048334 652.2 0
2067 11 10.040323 1.0225202 163.1 143.473848 653.63 0
2067 12 0.7880938 -8.074913 125 89.8362547 654.84 0
2068 1 -0.76730543 -12.341478 143.5 52.0931626 661.64 0
2068 2 -0.19726136 -10.872188 209.8 21.880803025 662.56 0
2068 3 9.464111 -2.9223042 301.6 94.6904207 663.54 0
2068 4 15.635608 3.5781841 391.2 146.959692 665 0
2068 5 26.431025 13.796475 461.6 112.2603651 665.54 0
2068 6 29.136587 15.30559 512.7 99.86298 664.99 0
2068 7 32.57576 17.419184 503.7 62.0972935 663.47 0
2068 8 31.98807 17.058125 439.3 85.8625631 660.88 0
2068 9 28.410906 14.346791 346.6 56.904816 659.88 0
2068 10 20.64363 11.281699 255.1 84.8930753 659.74 0
2068 11 10.669627 2.2230191 163.1 122.59485 661.17 0
2068 12 8.335162 0.66529334 125 54.5501544 662.38 0
2069 1 2.5796125 -5.0571685 143.5 59.7714069 669.3 0
2069 2 4.667886 -5.362453 209.8 85.84269305 670.22 0
2069 3 8.882383 -1.5047904 301.6 93.487785 671.2 0
2069 4 15.141401 3.3077488 391.2 90.157599 672.66 0
2069 5 25.38397 10.907854 461.6 69.1277773 673.2 0
2069 6 30.02433 16.316175 512.7 76.010457 672.65 0
2069 7 31.705647 17.50913 503.7 89.3253995 671.13 0
2069 8 31.577066 16.87568 439.3 56.72721 668.54 0
2069 9 28.484118 14.156781 346.6 68.049873 667.54 0
2069 10 20.29105 8.5675335 255.1 104.943401 667.4 0
2069 11 10.497778 1.2593049 163.1 100.569564 668.83 0
2069 12 8.976197 0.141291 125 83.048938 670.04 0
2070 1 5.2728343 -0.002242213 143.5 125.207574 677.08 0
2070 2 6.4594555 -3.0514386 209.8 56.38108445 678 0
2070 3 10.445536 -0.79346055 301.6 96.786061 678.98 0
2070 4 19.855503 5.2690206 391.2 62.390571 680.44 0
2070 5 26.437 13.29217 461.6 147.934356 680.98 0
2070 6 29.221714 17.166658 512.7 149.4402 680.43 0
2070 7 31.93296 18.86744 503.7 99.0925137 678.91 0
2070 8 31.29572 20.330456 439.3 123.4352265 676.32 0
2070 9 27.762468 14.890558 346.6 73.657236 675.32 0
2070 10 19.198172 9.276723 255.1 131.315876 675.18 0
2070 11 8.983319 1.3496184 163.1 174.71562 676.61 0
2070 12 8.698374 0.30488607 125 179.601166 677.82 0
2071 1 4.6970716 -4.28274 143.5 131.174857 684.95 0
2071 2 3.70635 -5.714248 209.8 53.60067425 685.87 0
2071 3 12.355867 1.5531487 301.6 80.8326271 686.85 0
2071 4 15.713702 4.1155305 391.2 152.959599 688.31 0
2071 5 25.95197 13.2701845 461.6 73.9599147 688.85 0
2071 6 29.175377 14.858377 512.7 78.245379 688.3 0
2071 7 30.216995 18.475405 503.7 141.963322 686.78 0
2071 8 32.010654 21.031385 439.3 145.38721 684.19 0
2071 9 26.034801 13.924657 346.6 124.59105 683.19 0
2071 10 19.070173 6.785952 255.1 41.3660807 683.05 0
2071 11 11.305297 1.8489004 163.1 179.996568 684.48 0
2071 12 10.015329 1.0185425 125 132.707838 685.69 0
2072 1 3.2322865 -4.765288 143.5 55.3849069 692.9 0
2072 2 8.856852 -1.5966038 209.8 42.7806135 693.82 0
2072 3 10.284438 -1.4178575 301.6 79.1086613 694.8 0
2072 4 15.5954075 3.641374 391.2 139.020639 696.26 0
2072 5 25.516666 11.387699 461.6 107.5506498 696.8 0
2072 6 31.718187 19.066317 512.7 107.650644 696.25 0
2072 7 34.739048 20.866035 503.7 92.261859 694.73 0
2072 8 29.964924 17.810461 439.3 130.905901 692.14 0
2072 9 27.672106 15.544487 346.6 79.923564 691.14 0
2072 10 21.61953 6.6418195 255.1 54.5249483 691 0
2072 11 12.360465 3.0628288 163.1 110.29107 692.43 0
2072 12 -0.22532934 -10.280801 125 76.3756176 693.64 0
2073 1 5.1745486 -3.5291452 143.5 26.20822336 700.89 0
2073 2 2.09049 -8.809462 209.8 69.275234775 701.81 0
2073 3 9.530416 -2.4521987 301.6 69.5581813 702.79 0
2073 4 16.170189 2.3655088 391.2 91.14186 704.25 0
2073 5 23.76501 9.543731 461.6 54.3339511 704.79 0
2073 6 30.392996 17.48441 512.7 117.03654 704.24 0
2073 7 31.486805 19.611507 503.7 138.52908 702.72 0
2073 8 29.976562 15.95224 439.3 105.9310362 700.13 0
2073 9 26.194153 12.217716 346.6 86.27418 699.13 0
2073 10 20.485714 6.30355 255.1 46.0676027 698.99 0
2073 11 12.348615 0.9741105 163.1 101.440308 700.42 0
2073 12 0.05193045 -9.087684 125 60.5818368 701.63 0
2074 1 2.7672067 -6.0315876 143.5 122.1661299 708.93 0
2074 2 7.498164 -2.7783642 209.8 55.0450798 709.85 0
2074 3 9.037032 -3.2462142 301.6 42.5293278 710.83 0
2074 4 16.425417 4.0206885 391.2 144.58065 712.29 0
2074 5 25.090157 9.662158 461.6 75.8661791 712.83 0
2074 6 29.598095 16.584547 512.7 96.40596 712.28 0
2074 7 32.77872 18.73995 503.7 91.4990327 710.76 0
2074 8 31.108711 19.148703 439.3 132.333482 708.17 0
2074 9 27.954681 12.831183 346.6 74.047293 707.17 0
2074 10 17.093878 6.3568516 255.1 134.398268 707.03 0
2074 11 13.606847 4.8797565 163.1 149.73477 708.46 0
2074 12 5.624527 -1.423762 125 29.2536181 709.67 0
2075 1 1.513003 -4.936989 143.5 139.4251877 717.02 0
2075 2 5.8502245 -4.2979336 209.8 71.6770978 717.94 0
2075 3 10.540456 -0.8505093 301.6 79.1424668 718.92 0
2075 4 16.85276 4.242833 391.2 145.94163 720.38 0
2075 5 20.65304 10.350546 461.6 158.810272 720.92 0
2075 6 29.984552 16.232264 512.7 103.164009 720.37 0
2075 7 32.318554 19.740442 503.7 90.0244588 718.85 0
2075 8 33.592747 19.438883 439.3 84.0281815 716.26 0
2075 9 27.601849 14.22373 346.6 55.489734 715.26 0
2075 10 22.075623 5.9001107 255.1 31.8439595 715.12 0
2075 11 14.501395 4.1706862 163.1 44.186859 716.55 0
2075 12 9.5212145 0.5383133 125 87.5294145 717.76 0
2076 1 8.62321 0.15714926 143.5 92.489523 725.14 0
2076 2 -1.7573218 -13.061438 209.8 48.18092305 726.06 0
2076 3 8.490921 -2.7745278 301.6 83.0984636 727.04 0
2076 4 16.441416 4.2257986 391.2 114.256698 728.5 0
2076 5 24.20264 10.344754 461.6 111.0106032 729.04 0
2076 6 30.023422 16.363274 512.7 111.773529 728.49 0
2076 7 32.391575 20.410528 503.7 135.946997 726.97 0
2076 8 30.867414 20.1075 439.3 133.9103373 724.38 0
2076 9 28.127607 16.463657 346.6 88.698099 723.38 0
2076 10 21.354872 7.4624496 255.1 21.0920962 723.24 0
2076 11 10.704275 2.5607154 163.1 100.35807 724.67 0
2076 12 4.261899 -3.57842 125 37.6114227 725.88 0
2077 1 -2.8882322 -12.628787 143.5 25.2650186 733.31 0
2077 2 6.446247 -4.5200906 209.8 96.039152 734.23 0
2077 3 9.702329 -1.3895575 301.6 104.9233502 735.21 0
2077 4 15.686649 2.3771133 391.2 82.64532 736.67 0
2077 5 25.128262 9.096103 461.6 65.2059177 737.21 0
2077 6 31.0763 17.234766 512.7 91.131678 736.66 0
2077 7 32.321842 19.370995 503.7 109.4970654 735.14 0
2077 8 31.2456 20.059439 439.3 140.5341166 732.55 0
2077 9 22.756334 13.307432 346.6 177.114372 731.55 0
2077 10 16.939817 3.940045 255.1 79.268581 731.41 0
2077 11 13.531226 3.6688607 163.1 52.657581 732.84 0
2077 12 8.199683 0.5897513 125 127.0187986 734.05 0
2078 1 2.1568446 -5.282763 143.5 82.9555319 741.52 0
2078 2 2.2442844 -8.011915 209.8 62.410691 742.44 0
2078 3 8.704843 -2.6580937 301.6 93.7264292 743.42 0
2078 4 20.856657 7.2349257 391.2 72.504381 744.88 0
2078 5 27.305557 12.541598 461.6 104.185234 745.42 0
2078 6 31.065145 16.312777 512.7 69.549279 744.87 0
2078 7 32.44566 19.749931 503.7 134.572178 743.35 0
2078 8 30.393106 17.466406 439.3 139.575454 740.76 0
2078 9 26.869638 11.879751 346.6 36.272628 739.76 0
2078 10 18.8966 5.8026147 255.1 62.4595192 739.62 0
2078 11 13.000947 3.37203 163.1 90.463635 741.05 0
2078 12 6.77993 -0.096682504 125 123.4721351 742.26 0
2079 1 6.654045 -1.2957217 143.5 106.565011 749.8 0
2079 2 7.8199253 -2.0341642 209.8 80.7152785 750.72 0
2079 3 11.09513 0.796256 301.6 108.8506193 751.7 0
2079 4 21.329252 6.5887423 391.2 92.54655 753.16 0
2079 5 24.554544 9.253483 461.6 50.1687849 753.7 0
2079 6 28.875252 16.49626 512.7 115.321548 753.15 0
2079 7 33.234932 19.762285 503.7 138.455331 751.63 0
2079 8 30.191599 16.4126 439.3 134.075403 749.04 0
2079 9 26.188362 12.771996 346.6 85.705875 748.04 0
2079 10 18.973848 7.404392 255.1 137.263722 747.9 0
2079 11 13.497394 4.199884 163.1 123.693351 749.33 0
2079 12 5.411863 -0.9756872 125 59.9582036 750.54 0
2080 1 2.5672524 -6.0815883 143.5 52.0695282 758.18 0
2080 2 10.515551 -1.2721962 209.8 81.61363415 759.1 0
2080 3 9.671489 -2.5015748 301.6 22.0675236 760.08 0
2080 4 16.565279 2.8147037 391.2 94.85253 761.54 0
2080 5 26.287098 11.876204 461.6 85.4127562 762.08 0
2080 6 29.15794 16.611143 512.7 167.181501 761.53 0
2080 7 32.691868 20.77527 503.7 140.132958 760.01 0
2080 8 31.852186 19.057966 439.3 124.481306 757.42 0
2080 9 28.528698 15.311711 346.6 96.125844 756.42 0
2080 10 19.809906 6.3356633 255.1 56.4425525 756.28 0
2080 11 11.14497 2.215347 163.1 80.339964 757.71 0
2080 12 7.4277406 -0.8586636 125 51.9825143 758.92 0
2081 1 5.3237257 -3.5066252 143.5 65.1999967 766.64 0
2081 2 5.352684 -6.9050045 209.8 49.683707225 767.56 0
2081 3 8.986935 -1.231183 301.6 81.412355 768.54 0
2081 4 14.255533 2.7884574 391.2 122.044686 770 0
2081 5 25.660816 12.52942 461.6 163.0165194 770.54 0
2081 6 30.163807 16.55835 512.7 107.036019 769.99 0
2081 7 31.366627 17.451633 503.7 85.845665 768.47 0
2081 8 32.276295 19.484798 439.3 111.189777 765.88 0
2081 9 27.624435 14.051758 346.6 49.141407 764.88 0
2081 10 20.403605 9.046661 255.1 55.0782115 764.74 0
2081 11 14.186103 3.1477244 163.1 106.563312 766.17 0
2081 12 3.7335427 -7.2034864 125 190.141507 767.38 0
2082 1 4.226613 -5.2161007 143.5 81.6987392 775.17 0
2082 2 1.7705946 -6.9183598 209.8 64.0965832 776.09 0
2082 3 8.956959 -2.86065 301.6 77.6014413 777.07 0
2082 4 20.981485 7.1203218 391.2 54.717318 778.53 0
2082 5 26.267073 10.745949 461.6 80.7817933 779.07 0
2082 6 30.278076 16.608164 512.7 121.590471 778.52 0
2082 7 33.44165 20.776186 503.7 120.0113726 777 0
2082 8 32.347286 19.268833 439.3 86.458752 774.41 0
2082 9 25.203457 12.653709 346.6 79.777242 773.41 0
2082 10 19.315239 8.912613 255.1 135.7161896 773.27 0
2082 11 10.906499 2.2270858 163.1 84.943299 774.7 0
2082 12 8.325342 1.0238646 125 95.7188364 775.91 0
2083 1 2.6823468 -5.7571096 143.5 69.8121519 783.75 0
2083 2 9.8761215 -0.7403021 209.8 87.6279179 784.67 0
2083 3 8.915739 -2.3812308 301.6 74.1303496 785.65 0
2083 4 18.427557 4.690978 391.2 99.538086 787.11 0
2083 5 25.210184 11.103499 461.6 149.781553 787.65 0
2083 6 31.543966 16.19542 512.7 74.414235 787.1 0
2083 7 33.160397 19.647928 503.7 78.8189787 785.58 0
2083 8 31.965052 19.823198 439.3 241.791351 782.99 0
2083 9 28.679914 16.400658 346.6 102.252495 781.99 0
2083 10 19.450047 9.213056 255.1 175.5983995 781.85 0
2083 11 13.626298 4.4379044 163.1 89.4114 783.28 0
2083 12 5.1645846 -1.4993579 125 31.3668819 784.49 0
2084 1 -3.287128 -14.379473 143.5 32.1087243 792.37 0
2084 2 6.309334 -4.964157 209.8 53.170214875 793.29 0
2084 3 10.017575 -1.3714169 301.6 85.7437556 794.27 0
2084 4 15.480559 2.7453365 391.2 86.540229 795.73 0
2084 5 20.292723 8.037818 461.6 127.1462644 796.27 0
2084 6 31.533567 15.663046 512.7 33.619422 795.72 0
2084 7 33.17404 19.467514 503.7 105.9733202 794.2 0
2084 8 30.489998 16.849613 439.3 121.122921 791.61 0
2084 9 26.82466 15.300675 346.6 137.874414 790.61 0
2084 10 17.545092 7.6464267 255.1 101.6584612 790.47 0
2084 11 15.923789 4.914784 163.1 42.869748 791.9 0
2084 12 8.2645 1.4504861 125 90.9412156 793.11 0
2085 1 -1.9053228 -12.574065 143.5 57.4117644 801.02 0
2085 2 3.5452392 -7.6537614 209.8 81.70558225 801.94 0
2085 3 10.881914 0.32099533 301.6 98.4070324 802.92 0
2085 4 15.175496 2.9594133 391.2 111.099285 804.38 0
2085 5 26.791267 12.267758 461.6 128.3444144 804.92 0
2085 6 32.996693 15.812039 512.7 40.294194 804.37 0
2085 7 32.46121 18.234215 503.7 100.9728838 802.85 0
2085 8 33.07259 22.064089 439.3 154.647282 800.26 0
2085 9 28.194054 16.888458 346.6 124.356309 799.26 0
2085 10 17.225523 5.367033 255.1 60.6902965 799.12 0
2085 11 12.158597 2.531512 163.1 65.713083 800.55 0
2085 12 9.790686 1.6908118 125 61.9035776 801.76 0
2086 1 3.924782 -6.267075 143.5 185.050594 809.71 0
2086 2 4.6192813 -5.1487403 209.8 45.002580525 810.63 0
2086 3 10.4326105 -1.2280844 301.6 77.3223142 811.61 0
2086 4 16.053661 3.2036805 391.2 162.295089 813.07 0
2086 5 25.874516 9.58043 461.6 47.1415822 813.61 0
2086 6 29.391521 13.906516 512.7 97.370538 813.06 0
2086 7 32.77503 18.825935 503.7 141.0142787 811.54 0
2086 8 31.440063 20.428326 439.3 154.0234318 808.95 0
2086 9 29.148188 17.168232 346.6 105.397038 807.95 0
2086 10 23.265299 9.793746 255.1 28.3122876 807.81 0
2086 11 10.631417 3.0637531 163.1 161.64414 809.24 0
2086 12 6.510768 0.14629029 125 97.5924578 810.45 0
2087 1 0.080396555 -7.2881355 143.5 79.8355276 818.42 0
2087 2 4.918997 -3.1734538 209.8 79.45948125 819.34 0
2087 3 8.936338 -2.7121882 301.6 35.3413516 820.32 0
2087 4 18.606543 6.1109657 391.2 92.227056 821.78 0
2087 5 26.365591 13.826307 461.6 136.9122874 822.32 0
2087 6 30.964062 18.207476 512.7 108.173004 821.77 0
2087 7 32.50292 19.49105 503.7 90.0520736 820.25 0
2087 8 33.414917 20.63714 439.3 88.7476246 817.66 0
2087 9 29.611395 17.886719 346.6 95.527482 816.66 0
2087 10 22.17633 9.814271 255.1 103.29882 816.52 0
2087 11 13.97853 3.993013 163.1 82.655754 817.95 0
2087 12 4.5923405 -2.1698384 125 102.5322303 819.16 0
2088 1 4.9182563 -4.6911626 143.5 68.2657448 827.16 0
2088 2 6.5812235 -3.2962096 209.8 22.8183838 828.08 0
2088 3 11.06978 -1.9000772 301.6 81.1468834 829.06 0
2088 4 15.627719 2.930177 391.2 73.937358 830.52 0
2088 5 25.65192 11.801146 461.6 104.3215255 831.06 0
2088 6 30.98869 16.319424 512.7 109.074618 830.51 0
2088 7 31.466208 18.797817 503.7 81.5767945 828.99 0
2088 8 33.066776 20.717009 439.3 151.5095953 826.4 0
2088 9 29.35436 15.030112 346.6 43.3356 825.4 0
2088 10 22.385355 8.385893 255.1 87.4448992 825.26 0
2088 11 11.715471 2.0957894 163.1 69.323409 826.69 0
2088 12 9.660787 1.7576848 125 87.5869226 827.9 0
2089 1 5.836127 -4.6896224 143.5 134.397121 835.96 0
2089 2 7.648939 -2.3753266 209.8 66.3353392 836.88 0
2089 3 10.903378 -0.7780757 301.6 73.4715624 837.86 0
2089 4 18.855732 6.3589444 391.2 117.068175 839.32 0
2089 5 25.783314 10.494266 461.6 111.6582893 839.86 0
2089 6 30.630983 16.623936 512.7 126.9135 839.31 0
2089 7 31.706932 20.367071 503.7 153.339051 837.79 0
2089 8 33.626198 22.322453 439.3 73.0020302 835.2 0
2089 9 26.484907 15.395065 346.6 77.669469 834.2 0
2089 10 21.539057 10.112466 255.1 75.03085 834.06 0
2089 11 13.417204 3.5354211 163.1 101.220732 835.49 0
2089 12 2.1276326 -7.1284027 125 60.4204849 836.7 0
2090 1 1.4083841 -6.0413494 143.5 143.225828 844.8 0
2090 2 0.6493628 -9.645991 209.8 64.022644475 845.72 0
2090 3 11.0174465 -0.98025167 301.6 87.117998 846.7 0
2090 4 16.749619 5.307247 391.2 142.2702 848.16 0
2090 5 24.088745 11.573858 461.6 141.023092 848.7 0
2090 6 33.409473 19.08846 512.7 98.514582 848.15 0
2090 7 37.22145 20.587353 503.7 58.6690655 846.63 0
2090 8 31.669588 19.889566 439.3 116.0461564 844.04 0
2090 9 25.991196 15.76135 346.6 85.957869 843.04 0
2090 10 18.31579 7.648638 255.1 165.395478 842.9 0
2090 11 14.276381 4.8017545 163.1 116.339766 844.33 0
2090 12 6.5912685 -0.6319123 125 125.420513 845.54 0
2091 1 3.3858469 -4.5671706 143.5 62.668918 853.73 0
2091 2 8.229449 -2.5790634 209.8 59.868046925 854.65 0
2091 3 13.509242 2.5189948 301.6 82.7705425 855.63 0
2091 4 15.052975 2.2147942 391.2 53.21403 857.09 0
2091 5 27.998493 10.893765 461.6 96.6685927 857.63 0
2091 6 30.540092 14.760098 512.7 44.751897 857.08 0
2091 7 33.177746 21.664495 503.7 131.4727205 855.56 0
2091 8 33.43785 21.098564 439.3 125.6305814 852.97 0
2091 9 26.466413 15.007864 346.6 63.520695 851.97 0
2091 10 22.798359 10.022898 255.1 60.9867371 851.83 0
2091 11 13.886609 4.828025 163.1 99.328593 853.26 0
2091 12 3.6100361 -5.1546416 125 34.3168326 854.47 0
2092 1 0.28400168 -8.510406 143.5 85.4080473 862.73 0
2092 2 6.8702927 -3.3264313 209.8 66.3605834 863.65 0
2092 3 11.460164 -0.68067515 301.6 124.0995875 864.63 0
2092 4 17.815859 6.1051226 391.2 193.3776 866.09 0
2092 5 23.104568 11.620448 461.6 115.8605315 866.63 0
2092 6 31.047441 17.805647 512.7 122.63517 866.08 0
2092 7 33.935116 20.820787 503.7 97.4782135 864.56 0
2092 8 35.802883 20.22011 439.3 48.2803641 861.97 0
2092 9 23.766996 12.414166 346.6 78.119388 860.97 0
2092 10 23.437943 9.7765875 255.1 84.81259 860.83 0
2092 11 14.06573 4.856662 163.1 102.273051 862.26 0
2092 12 8.261381 1.985484 125 63.7228281 863.47 0
2093 1 3.2504148 -5.264311 143.5 173.8453464 871.78 0
2093 2 11.093291 0.43313506 209.8 50.6876981 872.7 0
2093 3 11.229711 -0.46671945 301.6 92.8215888 873.68 0
2093 4 18.029 6.036047 391.2 179.168688 875.14 0
2093 5 28.062326 13.550097 461.6 100.6770942 875.68 0
2093 6 28.59598 18.317915 512.7 169.80555 875.13 0
2093 7 34.328243 20.718996 503.7 85.6062954 873.61 0
2093 8 33.766533 20.051502 439.3 157.7010176 871.02 0
2093 9 29.23387 16.102713 346.6 107.20884 870.02 0
2093 10 22.060541 8.003649 255.1 63.4963762 869.88 0
2093 11 14.35391 3.7566724 163.1 46.640793 871.31 0
2093 12 7.842371 1.0376855 125 146.1720866 872.52 0
2094 1 3.124264 -5.143706 143.5 114.935941 880.86 0
2094 2 6.527981 -3.6485603 209.8 78.602661575 881.78 0
2094 3 12.401623 -0.014418423 301.6 37.4761573 882.76 0
2094 4 16.491055 2.760106 391.2 76.959651 884.22 0
2094 5 24.73822 11.533322 461.6 91.708013 884.76 0
2094 6 31.20808 17.236385 512.7 151.975092 884.21 0
2094 7 32.1091 20.078949 503.7 150.883014 882.69 0
2094 8 34.147156 23.018759 439.3 138.895934 880.1 0
2094 9 26.277252 12.873649 346.6 76.04331 879.1 0
2094 10 21.397243 8.448233 255.1 74.9114442 878.96 0
2094 11 11.495166 3.0633981 163.1 105.514275 880.39 0
2094 12 8.360166 2.116261 125 121.0101647 881.6 0
2095 1 5.2447844 -4.2195272 143.5 19.51274385 889.98 0
2095 2 8.354313 -1.2732923 209.8 61.15930075 890.9 0
2095 3 10.162214 -1.339909 301.6 93.384183 891.88 0
2095 4 15.174934 2.4025524 391.2 67.740354 893.34 0
2095 5 27.031237 11.563518 461.6 114.5778507 893.88 0
2095 6 29.348406 16.039448 512.7 103.334712 893.33 0
2095 7 33.01095 22.515003 503.7 162.370715 891.81 0
2095 8 33.29926 21.647846 439.3 133.2222985 889.22 0
2095 9 28.593746 15.638785 346.6 95.804394 888.22 0
2095 10 17.893417 7.2838864 255.1 183.258639 888.08 0
2095 11 13.303384 4.1693707 163.1 83.797947 889.51 0
2095 12 8.299954 0.19862075 125 145.2181174 890.72 0
2096 1 3.5745833 -4.9533873 143.5 139.455608 899.12 0
2096 2 2.3610332 -8.208815 209.8 112.824779375 900.04 0
2096 3 12.06063 0.35232177 301.6 100.5183432 901.02 0
2096 4 17.74467 3.7333004 391.2 95.766999 902.48 0
2096 5 28.64559 12.363749 461.6 45.7673956 903.02 0
2096 6 32.471172 17.398634 512.7 103.914513 902.47 0
2096 7 34.99705 21.569519 503.7 119.4374634 900.95 0
2096 8 34.246643 20.4245 439.3 121.8944583 898.36 0
2096 9 25.562078 14.963184 346.6 200.548512 897.36 0
2096 10 18.09376 7.679592 255.1 82.8181461 897.22 0
2096 11 13.928881 4.4621787 163.1 89.96913 898.65 0
2096 12 7.5742073 1.0711137 125 37.7155517 899.86 0
2097 1 3.4021373 -4.9606104 143.5 70.7027323 908.29 0
2097 2 6.0381665 -2.9017088 209.8 80.1694659 909.21 0
2097 3 10.743327 -1.3585461 301.6 102.5184167 910.19 0
2097 4 16.566595 3.2904575 391.2 83.88927 911.65 0
2097 5 27.80977 12.482242 461.6 64.3113352 912.19 0
2097 6 31.805603 16.553328 512.7 100.120596 911.64 0
2097 7 33.971867 21.217836 503.7 79.444878 910.12 0
2097 8 32.368885 20.37663 439.3 135.762516 907.53 0
2097 9 26.558186 14.86884 346.6 164.770845 906.53 0
2097 10 20.049074 9.698135 255.1 95.7629897 906.39 0
2097 11 14.154523 4.123399 163.1 163.08111 907.82 0
2097 12 6.9819174 0.5160519 125 152.129524 909.03 0
2098 1 5.2568264 -4.2323246 143.5 63.841679 917.47 0
2098 2 10.731816 1.0977769 209.8 96.293741 918.39 0
2098 3 14.264566 1.5851535 301.6 33.0995835 919.37 0
2098 4 20.599829 7.1697426 391.2 87.80061 920.83 0
2098 5 27.080324 12.21607 461.6 140.7735823 921.37 0
2098 6 32.60273 17.705496 512.7 117.85827 920.82 0
2098 7 36.106647 21.692965 503.7 91.0030327 919.3 0
2098 8 34.01823 22.020182 439.3 135.123575 916.71 0
2098 9 30.085674 16.855206 346.6 91.23651 915.71 0
2098 10 20.200678 8.600627 255.1 65.3179486 915.57 0
2098 11 13.672428 3.979669 163.1 104.530284 917 0
2098 12 8.76277 2.053297 125 44.7911591 918.21 0
2099 1 0.54913497 -8.206926 143.5 78.6173888 926.67 0
2099 2 8.846826 0.14761125 209.8 92.50442725 927.59 0
2099 3 12.277716 0.0613409 301.6 81.360182 928.57 0
2099 4 18.458515 5.801403 391.2 85.73514 930.03 0
2099 5 24.581459 9.994799 461.6 45.153453 930.57 0
2099 6 32.356953 19.084154 512.7 124.67712 930.02 0
2099 7 33.659874 21.196987 503.7 153.4949004 928.5 0
2099 8 34.18686 20.446365 439.3 119.3017702 925.91 0
2099 9 28.286333 14.616593 346.6 82.194114 924.91 0
2099 10 25.082083 11.891824 255.1 57.8554519 924.77 0
2099 11 15.691587 4.6290517 163.1 47.57133 926.2 0
2099 12 6.4936886 -1.6980814 125 111.3098648 927.41 0
2100-2200 1 0.54913497 -8.206926 143.5 78.6173888 926.67 0
2100-2200 2 8.846826 0.14761125 209.8 92.50442725 927.59 0
2100-2200 3 12.277716 0.0613409 301.6 81.360182 928.57 0
2100-2200 4 18.458515 5.801403 391.2 85.73514 930.03 0
2100-2200 5 24.581459 9.994799 461.6 45.153453 930.57 0
2100-2200 6 32.356953 19.084154 512.7 124.67712 930.02 0
2100-2200 7 33.659874 21.196987 503.7 153.4949004 928.5 0
2100-2200 8 34.18686 20.446365 439.3 119.3017702 925.91 0
2100-2200 9 28.286333 14.616593 346.6 82.194114 924.91 0
2100-2200 10 25.082083 11.891824 255.1 57.8554519 924.77 0
2100-2200 11 15.691587 4.6290517 163.1 47.57133 926.2 0
2100-2200 12 6.4936886 -1.6980814 125 111.3098648 927.41 0
